Simulation began at: 2022-12-02 20:44:03.105548

Box details:
	cell parameters = 52.79450 54.79430 45.19530
	cell volume = 130742.65416 Å^3
	Ca number density = 0.01239075

Lennard-Jones parameters set:
	eps = 0.00950718 eV
	sigma = 3.75849720 Å

Gaussian parameters set:
	eps = 0.03968365 eV
	H = -0.05979992 eV # See LAMMPS documentation
	r0 = 5.99124646 Å
	sigma = 0.60117255 Å

Gaussian (II) parameters set:
	eps = -0.03112717 eV
	H = 0.07261839 eV # See LAMMPS documentation
	r0 = 5.91965995 Å
	sigma = 0.93071570 Å

Performing Monte-Carlo simulation.
	Max moves = 8000000
	Max accepted moves = 4000000
	Temperature = 300 K
	Max translation = 0.1 Å
	Energy(start) = 778781728.28681 eV
	Number of cores = 48


Tracking simulation progress:
nmoves, naccept, nboltzmann, nhardspherereject, nreject | curr_e, hs_violations
-------------------------------------------------------------------------------
         0          0          0          0          0 | 778781728.28681386            -
     10000       5701        772          0       4299 | 233635.10383479            -
     20000      11497       1759          0       8503 | 8546.75905361            -
     30000      17497       2991          0      12503 | 312.97875728            -
     40000      23699       4470          0      16301 |  18.81641385            -
     50000      30148       6192          0      19852 |   4.21691861            -
     60000      36766       8303          0      23234 |   0.99234712            -
     70000      43735      10671          0      26265 |   0.41286481            -
     80000      50924      13401          0      29076 |   0.17087113            -
     90000      58345      16393          0      31655 |   0.09576604            -
    100000      66001      19639          0      33999 |   0.05974113            -
    110000      73950      23143          0      36050 |   0.04079172            -
    120000      82025      26871          0      37975 |   0.03142998            -
    130000      90155      30630          0      39845 |   0.02512800            -
    140000      98425      34537          0      41575 |   0.02039830            -
    150000     106689      38505          0      43311 |   0.01766051            -
    160000     115033      42572          0      44967 |   0.01530820            -
    170000     123486      46759          0      46514 |   0.01400312            -
    180000     131934      50880          0      48066 |   0.01267472            -
    190000     140376      55046          0      49624 |   0.01211809            -
    200000     148832      59195          0      51168 |   0.01053032            -
    210000     157387      63431          0      52613 |   0.00982234            -
    220000     165917      67684          0      54083 |   0.00938579            -
    230000     174446      71946          0      55554 |   0.00930962            -
    240000     183017      76180          0      56983 |   0.00886759            -
    250000     191590      80382          0      58410 |   0.00805611            -
    260000     200145      84605          0      59855 |   0.00704518            -
    270000     208770      88946          0      61230 |   0.00720161            -
    280000     217431      93195          0      62569 |   0.00641002            -
    290000     226069      97524          0      63931 |   0.00614153            -
    300000     234652     101789          0      65348 |   0.00525258            -
    310000     243261     106028          0      66739 |   0.00485606            -
    320000     251865     110355          0      68135 |   0.00498153            -
    330000     260551     114614          0      69449 |   0.00435298            -
    340000     269255     118978          0      70745 |   0.00407989            -
    350000     277984     123342          0      72016 |   0.00386954            -
    360000     286680     127647          0      73320 |   0.00388111            -
    370000     295411     132060          0      74589 |   0.00392918            -
    380000     304140     136392          0      75860 |   0.00375496            -
    390000     312813     140743          0      77187 |   0.00392981            -
    400000     321542     145136          0      78458 |   0.00394223            -
    410000     330251     149530          0      79749 |   0.00420675            -
    420000     338914     153810          0      81086 |   0.00382302            -
    430000     347554     158152          0      82446 |   0.00354488            -
    440000     356287     162426          0      83713 |   0.00292637            -
    450000     364934     166724          0      85066 |   0.00199456            -
    460000     373682     171054          0      86318 |   0.00236517            -
    470000     382451     175435          0      87549 |   0.00175341            -
    480000     391242     179778          0      88758 |   0.00165364            -
    490000     399977     184136          0      90023 |   0.00151799            -
    500000     408763     188524          0      91237 |   0.00159810            -
    510000     417477     192876          0      92523 |   0.00188478            -
    520000     426141     197218          0      93859 |   0.00147677            -
    530000     434853     201509          0      95147 |   0.00148345            -
    540000     443589     205882          0      96411 |   0.00101399            -
    550000     452400     210183          0      97600 |   0.00062087            -
    560000     461165     214685          0      98835 |   0.00131748            -
    570000     469906     219045          0     100094 |   0.00122722            -
    580000     478686     223422          0     101314 |   0.00092997            -
    590000     487420     227712          0     102580 |   0.00022780            -
    600000     496153     232074          0     103847 |   0.00006432            -
    610000     504928     236444          0     105072 |   0.00004431            -
    620000     513697     240800          0     106303 |   0.00004889            -
    630000     522496     245260          0     107504 |   0.00054924            -
    640000     531271     249655          0     108729 |   0.00062137            -
    650000     539961     253985          0     110039 |   0.00087187            -
    660000     548730     258385          0     111270 |   0.00104662            -
    670000     557471     262746          0     112529 |   0.00096825            -
    680000     566242     267106          0     113758 |   0.00008293            -
    690000     575021     271524          0     114979 |   0.00065191            -
    700000     583758     275856          0     116242 |  -0.00007751            -
    710000     592567     280228          0     117433 |  -0.00030777            -
    720000     601316     284619          0     118684 |  -0.00062760            -
    730000     610093     289044          0     119907 |  -0.00035460            -
    740000     618831     293432          0     121169 |  -0.00029845            -
    750000     627574     297812          0     122426 |  -0.00033547            -
    760000     636329     302208          0     123671 |   0.00015222            -
    770000     645049     306512          0     124951 |  -0.00044067            -
    780000     653847     310922          0     126153 |  -0.00071568            -
    790000     662559     315289          0     127441 |  -0.00083796            -
    800000     671345     319729          0     128655 |  -0.00016507            -
    810000     680174     324093          0     129826 |  -0.00042084            -
    820000     688946     328469          0     131054 |  -0.00042928            -
    830000     697768     332919          0     132232 |  -0.00024206            -
    840000     706512     337321          0     133488 |   0.00056145            -
    850000     715242     341704          0     134758 |   0.00042696            -
    860000     723948     346051          0     136052 |   0.00028471            -
    870000     732698     350425          0     137302 |   0.00004392            -
    880000     741485     354869          0     138515 |   0.00012209            -
    890000     750266     359220          0     139734 |  -0.00025720            -
    900000     759062     363670          0     140938 |   0.00020427            -
    910000     767787     368053          0     142213 |   0.00031071            -
    920000     776558     372454          0     143442 |   0.00015889            -
    930000     785377     376828          0     144623 |  -0.00007296            -
    940000     794170     381202          0     145830 |   0.00026413            -
    950000     802996     385688          0     147004 |   0.00067230            -
    960000     811717     390061          0     148283 |   0.00073940            -
    970000     820479     394450          0     149521 |   0.00086283            -
    980000     829269     398847          0     150731 |   0.00103542            -
    990000     838027     403132          0     151973 |   0.00019009            -
   1000000     846889     407580          0     153111 |   0.00005161            -
   1010000     855751     411996          0     154249 |  -0.00067818            -
   1020000     864596     416460          0     155404 |  -0.00037881            -
   1030000     873487     420924          0     156513 |  -0.00085794            -
   1040000     882305     425382          0     157695 |  -0.00045397            -
   1050000     891082     429714          0     158918 |  -0.00063248            -
   1060000     899940     434146          0     160060 |  -0.00044173            -
   1070000     908724     438529          0     161276 |  -0.00045709            -
   1080000     917561     442955          0     162439 |  -0.00058467            -
   1090000     926370     447344          0     163630 |  -0.00027372            -
   1100000     935173     451807          0     164827 |   0.00043535            -
   1110000     943887     456178          0     166113 |  -0.00020029            -
   1120000     952675     460530          0     167325 |  -0.00040346            -
   1130000     961442     464879          0     168558 |  -0.00074788            -
   1140000     970298     469281          0     169702 |  -0.00096980            -
   1150000     979104     473738          0     170896 |  -0.00055261            -
   1160000     988023     478174          0     171977 |  -0.00050388            -
   1170000     996842     482500          0     173158 |  -0.00088353            -
   1180000    1005670     486903          0     174330 |  -0.00089134            -
   1190000    1014482     491236          0     175518 |  -0.00136575            -
   1200000    1023320     495715          0     176680 |  -0.00089190            -
   1210000    1032120     500165          0     177880 |  -0.00040316            -
   1220000    1040938     504580          0     179062 |  -0.00078921            -
   1230000    1049749     509033          0     180251 |  -0.00077640            -
   1240000    1058594     513417          0     181406 |  -0.00092842            -
   1250000    1067449     517768          0     182551 |  -0.00105412            -
   1260000    1076291     522120          0     183709 |  -0.00158505            -
   1270000    1085105     526559          0     184895 |  -0.00132690            -
   1280000    1093951     531003          0     186049 |  -0.00088119            -
   1290000    1102752     535426          0     187248 |  -0.00030406            -
   1300000    1111519     539841          0     188481 |  -0.00018510            -
   1310000    1120305     544139          0     189695 |  -0.00041099            -
   1320000    1129108     548442          0     190892 |  -0.00107173            -
   1330000    1137909     552792          0     192091 |  -0.00110605            -
   1340000    1146678     557215          0     193322 |  -0.00102817            -
   1350000    1155515     561599          0     194485 |  -0.00181286            -
   1360000    1164324     566050          0     195676 |  -0.00105521            -
   1370000    1173113     570508          0     196887 |  -0.00090055            -
   1380000    1181951     574982          0     198049 |  -0.00023154            -
   1390000    1190787     579373          0     199213 |  -0.00022963            -
   1400000    1199607     583786          0     200393 |  -0.00011174            -
   1410000    1208420     588196          0     201580 |  -0.00045082            -
   1420000    1217225     592524          0     202775 |  -0.00084018            -
   1430000    1225951     596882          0     204049 |  -0.00094527            -
   1440000    1234786     601338          0     205214 |  -0.00080262            -
   1450000    1243633     605722          0     206367 |  -0.00084036            -
   1460000    1252425     610095          0     207575 |  -0.00104554            -
   1470000    1261246     614462          0     208754 |  -0.00117042            -
   1480000    1270034     618883          0     209966 |  -0.00067869            -
   1490000    1278840     623285          0     211160 |  -0.00049285            -
   1500000    1287608     627657          0     212392 |  -0.00089598            -
   1510000    1296380     632084          0     213620 |  -0.00038977            -
   1520000    1305195     636489          0     214805 |  -0.00120470            -
   1530000    1313954     640918          0     216046 |  -0.00032114            -
   1540000    1322769     645357          0     217231 |   0.00006265            -
   1550000    1331590     649665          0     218410 |  -0.00114514            -
   1560000    1340377     654017          0     219623 |  -0.00175507            -
   1570000    1349177     658411          0     220823 |  -0.00168962            -
   1580000    1357995     662810          0     222005 |  -0.00179190            -
   1590000    1366805     667182          0     223195 |  -0.00187364            -
   1600000    1375535     671567          0     224465 |  -0.00170144            -
   1610000    1384309     675958          0     225691 |  -0.00169393            -
   1620000    1393161     680372          0     226839 |  -0.00231176            -
   1630000    1401973     684915          0     228027 |  -0.00124878            -
   1640000    1410757     689269          0     229243 |  -0.00176737            -
   1650000    1419562     693600          0     230438 |  -0.00247571            -
   1660000    1428354     698063          0     231646 |  -0.00207945            -
   1670000    1437163     702498          0     232837 |  -0.00203755            -
   1680000    1445980     706899          0     234020 |  -0.00192770            -
   1690000    1454791     711298          0     235209 |  -0.00207085            -
   1700000    1463597     715730          0     236403 |  -0.00190796            -
   1710000    1472445     720161          0     237555 |  -0.00169837            -
   1720000    1481255     724510          0     238745 |  -0.00182586            -
   1730000    1490065     728940          0     239935 |  -0.00164240            -
   1740000    1498881     733398          0     241119 |  -0.00143469            -
   1750000    1507709     737811          0     242291 |  -0.00148697            -
   1760000    1516511     742233          0     243489 |  -0.00141439            -
   1770000    1525313     746585          0     244687 |  -0.00112150            -
   1780000    1534195     751030          0     245805 |  -0.00071912            -
   1790000    1543010     755495          0     246990 |  -0.00064377            -
   1800000    1551879     759921          0     248121 |  -0.00089688            -
   1810000    1560690     764269          0     249310 |  -0.00155250            -
   1820000    1569497     768649          0     250503 |  -0.00192522            -
   1830000    1578292     773036          0     251708 |  -0.00149047            -
   1840000    1587030     777401          0     252970 |  -0.00143577            -
   1850000    1595831     781832          0     254169 |  -0.00138372            -
   1860000    1604728     786350          0     255272 |  -0.00092663            -
   1870000    1613652     790733          0     256348 |  -0.00190018            -
   1880000    1622532     795194          0     257468 |  -0.00161980            -
   1890000    1631320     799518          0     258680 |  -0.00167599            -
   1900000    1640101     803922          0     259899 |  -0.00162047            -
   1910000    1648941     808330          0     261059 |  -0.00168737            -
   1920000    1657706     812771          0     262294 |  -0.00115941            -
   1930000    1666529     817122          0     263471 |  -0.00162750            -
   1940000    1675361     821532          0     264639 |  -0.00204247            -
   1950000    1684234     826024          0     265766 |  -0.00187708            -
   1960000    1693118     830462          0     266882 |  -0.00196349            -
   1970000    1701950     834897          0     268050 |  -0.00177416            -
   1980000    1710826     839393          0     269174 |  -0.00155143            -
   1990000    1719654     843809          0     270346 |  -0.00188017            -
   2000000    1728435     848224          0     271565 |  -0.00190033            -
   2010000    1737357     852652          0     272643 |  -0.00196497            -
   2020000    1746189     857070          0     273811 |  -0.00190300            -
   2030000    1755016     861470          0     274984 |  -0.00190313            -
   2040000    1763876     865940          0     276124 |  -0.00138454            -
   2050000    1772636     870348          0     277364 |  -0.00098867            -
   2060000    1781468     874810          0     278532 |  -0.00079582            -
   2070000    1790270     879199          0     279730 |  -0.00048685            -
   2080000    1799068     883565          0     280932 |  -0.00077104            -
   2090000    1807894     887903          0     282106 |  -0.00127405            -
   2100000    1816721     892315          0     283279 |  -0.00128294            -
   2110000    1825536     896671          0     284464 |  -0.00089389            -
   2120000    1834349     901053          0     285651 |  -0.00096080            -
   2130000    1843159     905402          0     286841 |  -0.00162265            -
   2140000    1851983     909855          0     288017 |  -0.00164422            -
   2150000    1860779     914232          0     289221 |  -0.00165549            -
   2160000    1869573     918653          0     290427 |  -0.00140285            -
   2170000    1878427     923188          0     291573 |  -0.00086896            -
   2180000    1887233     927502          0     292767 |  -0.00171775            -
   2190000    1896023     931827          0     293977 |  -0.00270328            -
   2200000    1904817     936279          0     295183 |  -0.00186540            -
   2210000    1913654     940787          0     296346 |  -0.00153419            -
   2220000    1922493     945116          0     297507 |  -0.00191835            -
   2230000    1931287     949486          0     298713 |  -0.00184910            -
   2240000    1940069     953848          0     299931 |  -0.00201022            -
   2250000    1948795     958227          0     301205 |  -0.00185621            -
   2260000    1957631     962684          0     302369 |  -0.00133364            -
   2270000    1966482     967006          0     303518 |  -0.00191537            -
   2280000    1975336     971484          0     304664 |  -0.00194700            -
   2290000    1984165     975840          0     305835 |  -0.00247331            -
   2300000    1992996     980255          0     307004 |  -0.00240284            -
   2310000    2001745     984620          0     308255 |  -0.00210031            -
   2320000    2010601     989040          0     309399 |  -0.00222364            -
   2330000    2019392     993466          0     310608 |  -0.00197143            -
   2340000    2028262     997944          0     311738 |  -0.00195737            -
   2350000    2037100    1002364          0     312900 |  -0.00167729            -
   2360000    2045913    1006746          0     314087 |  -0.00151915            -
   2370000    2054740    1011215          0     315260 |  -0.00141568            -
   2380000    2063598    1015645          0     316402 |  -0.00128431            -
   2390000    2072404    1019947          0     317596 |  -0.00199401            -
   2400000    2081151    1024370          0     318849 |  -0.00156688            -
   2410000    2089987    1028726          0     320013 |  -0.00206055            -
   2420000    2098831    1033185          0     321169 |  -0.00170875            -
   2430000    2107659    1037593          0     322341 |  -0.00183521            -
   2440000    2116421    1042029          0     323579 |  -0.00133167            -
   2450000    2125253    1046433          0     324747 |  -0.00171241            -
   2460000    2134088    1050839          0     325912 |  -0.00205006            -
   2470000    2142908    1055236          0     327092 |  -0.00174331            -
   2480000    2151729    1059581          0     328271 |  -0.00280122            -
   2490000    2160586    1064018          0     329414 |  -0.00293548            -
   2500000    2169433    1068470          0     330567 |  -0.00246470            -
   2510000    2178242    1072876          0     331758 |  -0.00226253            -
   2520000    2187113    1077217          0     332887 |  -0.00312906            -
   2530000    2195930    1081583          0     334070 |  -0.00308586            -
   2540000    2204749    1086007          0     335251 |  -0.00298483            -
   2550000    2213600    1090461          0     336400 |  -0.00239009            -
   2560000    2222364    1094807          0     337636 |  -0.00251186            -
   2570000    2231176    1099198          0     338824 |  -0.00257166            -
   2580000    2239987    1103628          0     340013 |  -0.00247048            -
   2590000    2248841    1108005          0     341159 |  -0.00291531            -
   2600000    2257704    1112428          0     342296 |  -0.00308736            -
   2610000    2266531    1116863          0     343469 |  -0.00291516            -
   2620000    2275301    1121319          0     344699 |  -0.00277461            -
   2630000    2284157    1125633          0     345843 |  -0.00363906            -
   2640000    2293004    1130059          0     346996 |  -0.00284070            -
   2650000    2301846    1134447          0     348154 |  -0.00352436            -
   2660000    2310663    1138942          0     349337 |  -0.00257431            -
   2670000    2319563    1143350          0     350437 |  -0.00293960            -
   2680000    2328361    1147786          0     351639 |  -0.00265794            -
   2690000    2337233    1152194          0     352767 |  -0.00274472            -
   2700000    2346096    1156645          0     353904 |  -0.00274952            -
   2710000    2354942    1161052          0     355058 |  -0.00265997            -
   2720000    2363809    1165472          0     356191 |  -0.00249822            -
   2730000    2372565    1169879          0     357435 |  -0.00180416            -
   2740000    2381364    1174243          0     358636 |  -0.00236035            -
   2750000    2390221    1178659          0     359779 |  -0.00235295            -
   2760000    2399034    1183077          0     360966 |  -0.00220992            -
   2770000    2407809    1187419          0     362191 |  -0.00270505            -
   2780000    2416603    1191884          0     363397 |  -0.00239437            -
   2790000    2425438    1196286          0     364562 |  -0.00239127            -
   2800000    2434283    1200699          0     365717 |  -0.00245030            -
   2810000    2443147    1205137          0     366853 |  -0.00223801            -
   2820000    2451983    1209586          0     368017 |  -0.00240869            -
   2830000    2460846    1213914          0     369154 |  -0.00274077            -
   2840000    2469690    1218343          0     370310 |  -0.00337819            -
   2850000    2478561    1222843          0     371439 |  -0.00295901            -
   2860000    2487411    1227285          0     372589 |  -0.00265407            -
   2870000    2496278    1231767          0     373722 |  -0.00213351            -
   2880000    2505083    1236113          0     374917 |  -0.00246077            -
   2890000    2513918    1240483          0     376082 |  -0.00291715            -
   2900000    2522751    1244940          0     377249 |  -0.00252269            -
   2910000    2531542    1249299          0     378458 |  -0.00283851            -
   2920000    2540395    1253791          0     379605 |  -0.00259264            -
   2930000    2549232    1258309          0     380768 |  -0.00207245            -
   2940000    2558060    1262629          0     381940 |  -0.00254420            -
   2950000    2566863    1266979          0     383137 |  -0.00329913            -
   2960000    2575710    1271453          0     384290 |  -0.00261510            -
   2970000    2584544    1275878          0     385456 |  -0.00241512            -
   2980000    2593359    1280297          0     386641 |  -0.00212995            -
   2990000    2602200    1284699          0     387800 |  -0.00214572            -
   3000000    2611092    1289104          0     388908 |  -0.00263313            -
   3010000    2619910    1293479          0     390090 |  -0.00263932            -
   3020000    2628700    1297839          0     391300 |  -0.00315850            -
   3030000    2637628    1302309          0     392372 |  -0.00269730            -
   3040000    2646486    1306739          0     393514 |  -0.00236048            -
   3050000    2655295    1311142          0     394705 |  -0.00247312            -
   3060000    2664114    1315568          0     395886 |  -0.00233386            -
   3070000    2672959    1319965          0     397041 |  -0.00215835            -
   3080000    2681740    1324360          0     398260 |  -0.00240800            -
   3090000    2690606    1328764          0     399394 |  -0.00265107            -
   3100000    2699428    1333188          0     400572 |  -0.00236317            -
   3110000    2708307    1337622          0     401693 |  -0.00251766            -
   3120000    2717155    1342026          0     402845 |  -0.00287470            -
   3130000    2726017    1346438          0     403983 |  -0.00308941            -
   3140000    2734871    1350921          0     405129 |  -0.00305394            -
   3150000    2743721    1355407          0     406279 |  -0.00322303            -
   3160000    2752603    1359816          0     407397 |  -0.00367983            -
   3170000    2761505    1364308          0     408495 |  -0.00349062            -
   3180000    2770403    1368774          0     409597 |  -0.00320105            -
   3190000    2779296    1373267          0     410704 |  -0.00330684            -
   3200000    2788155    1377625          0     411845 |  -0.00357328            -
   3210000    2797032    1382051          0     412968 |  -0.00338445            -
   3220000    2805912    1386502          0     414088 |  -0.00378367            -
   3230000    2814793    1390979          0     415207 |  -0.00378402            -
   3240000    2823678    1395507          0     416322 |  -0.00291214            -
   3250000    2832455    1399889          0     417545 |  -0.00276647            -
   3260000    2841249    1404298          0     418751 |  -0.00308600            -
   3270000    2850125    1408706          0     419875 |  -0.00353400            -
   3280000    2858976    1413122          0     421024 |  -0.00362537            -
   3290000    2867807    1417590          0     422193 |  -0.00352471            -
   3300000    2876680    1422010          0     423320 |  -0.00314599            -
   3310000    2885510    1426460          0     424490 |  -0.00313333            -
   3320000    2894287    1430831          0     425713 |  -0.00353279            -
   3330000    2903067    1435230          0     426933 |  -0.00312772            -
   3340000    2911911    1439686          0     428089 |  -0.00320575            -
   3350000    2920749    1444063          0     429251 |  -0.00371569            -
   3360000    2929559    1448503          0     430441 |  -0.00361313            -
   3370000    2938428    1452930          0     431572 |  -0.00364572            -
   3380000    2947253    1457330          0     432747 |  -0.00362273            -
   3390000    2956071    1461782          0     433929 |  -0.00312536            -
   3400000    2964910    1466185          0     435090 |  -0.00314343            -
   3410000    2973780    1470553          0     436220 |  -0.00346497            -
   3420000    2982672    1475052          0     437328 |  -0.00306404            -
   3430000    2991537    1479389          0     438463 |  -0.00391191            -
   3440000    3000395    1483913          0     439605 |  -0.00308065            -
   3450000    3009213    1488276          0     440787 |  -0.00331846            -
   3460000    3018029    1492689          0     441971 |  -0.00330074            -
   3470000    3026870    1497107          0     443130 |  -0.00300495            -
   3480000    3035637    1501468          0     444363 |  -0.00332825            -
   3490000    3044455    1506004          0     445545 |  -0.00242815            -
   3500000    3053261    1510342          0     446739 |  -0.00338634            -
   3510000    3062093    1514797          0     447907 |  -0.00271230            -
   3520000    3070911    1519189          0     449089 |  -0.00244665            -
   3530000    3079748    1523526          0     450252 |  -0.00278963            -
   3540000    3088550    1527958          0     451450 |  -0.00271728            -
   3550000    3097316    1532350          0     452684 |  -0.00253990            -
   3560000    3106162    1536804          0     453838 |  -0.00238457            -
   3570000    3115004    1541118          0     454996 |  -0.00309151            -
   3580000    3123772    1545438          0     456228 |  -0.00371997            -
   3590000    3132576    1549900          0     457424 |  -0.00342657            -
   3600000    3141412    1554340          0     458588 |  -0.00325736            -
   3610000    3150253    1558723          0     459747 |  -0.00334621            -
   3620000    3159148    1563081          0     460852 |  -0.00345696            -
   3630000    3167963    1567550          0     462037 |  -0.00281395            -
   3640000    3176744    1571979          0     463256 |  -0.00276724            -
   3650000    3185556    1576364          0     464444 |  -0.00321619            -
   3660000    3194436    1580773          0     465564 |  -0.00384850            -
   3670000    3203265    1585204          0     466735 |  -0.00372325            -
   3680000    3212149    1589591          0     467851 |  -0.00425793            -
   3690000    3221012    1594066          0     468988 |  -0.00363630            -
   3700000    3229825    1598513          0     470175 |  -0.00295293            -
   3710000    3238629    1602909          0     471371 |  -0.00269681            -
   3720000    3247493    1607348          0     472507 |  -0.00254581            -
   3730000    3256324    1611723          0     473676 |  -0.00287501            -
   3740000    3265180    1616113          0     474820 |  -0.00308738            -
   3750000    3274015    1620521          0     475985 |  -0.00342335            -
   3760000    3282961    1624958          0     477039 |  -0.00353943            -
   3770000    3291799    1629439          0     478201 |  -0.00270432            -
   3780000    3300634    1633835          0     479366 |  -0.00312422            -
   3790000    3309514    1638271          0     480486 |  -0.00268548            -
   3800000    3318377    1642655          0     481623 |  -0.00272385            -
   3810000    3327236    1647058          0     482764 |  -0.00291962            -
   3820000    3336061    1651484          0     483939 |  -0.00284149            -
   3830000    3344917    1655955          0     485083 |  -0.00261286            -
   3840000    3353772    1660360          0     486228 |  -0.00296616            -
   3850000    3362603    1664792          0     487397 |  -0.00284298            -
   3860000    3371433    1669221          0     488567 |  -0.00241044            -
   3870000    3380308    1673685          0     489692 |  -0.00236251            -
   3880000    3389147    1678090          0     490853 |  -0.00238020            -
   3890000    3398008    1682549          0     491992 |  -0.00226076            -
   3900000    3406816    1686929          0     493184 |  -0.00257542            -
   3910000    3415665    1691341          0     494335 |  -0.00269659            -
   3920000    3424549    1695739          0     495451 |  -0.00267356            -
   3930000    3433406    1700118          0     496594 |  -0.00289552            -
   3940000    3442225    1704525          0     497775 |  -0.00239627            -
   3950000    3451087    1708858          0     498913 |  -0.00290883            -
   3960000    3459880    1713289          0     500120 |  -0.00279500            -
   3970000    3468779    1717762          0     501221 |  -0.00278984            -
   3980000    3477651    1722214          0     502349 |  -0.00253189            -
   3990000    3486431    1726606          0     503569 |  -0.00267108            -
   4000000    3495222    1731005          0     504778 |  -0.00273535            -
   4010000    3503988    1735390          0     506012 |  -0.00219968            -
   4020000    3512883    1739825          0     507117 |  -0.00244004            -
   4030000    3521700    1744236          0     508300 |  -0.00263849            -
   4040000    3530568    1748703          0     509432 |  -0.00199932            -
   4050000    3539406    1753101          0     510594 |  -0.00243523            -
   4060000    3548212    1757537          0     511788 |  -0.00263278            -
   4070000    3557019    1761919          0     512981 |  -0.00253726            -
   4080000    3565866    1766286          0     514134 |  -0.00301362            -
   4090000    3574690    1770726          0     515310 |  -0.00245612            -
   4100000    3583554    1775111          0     516446 |  -0.00305004            -
   4110000    3592367    1779479          0     517633 |  -0.00326685            -
   4120000    3601233    1783969          0     518767 |  -0.00254022            -
   4130000    3610091    1788385          0     519909 |  -0.00233466            -
   4140000    3618956    1792701          0     521044 |  -0.00298385            -
   4150000    3627776    1797149          0     522224 |  -0.00285788            -
   4160000    3636588    1801526          0     523412 |  -0.00280425            -
   4170000    3645438    1805914          0     524562 |  -0.00305232            -
   4180000    3654243    1810343          0     525757 |  -0.00277615            -
   4190000    3663066    1814716          0     526934 |  -0.00300377            -
   4200000    3671930    1819161          0     528070 |  -0.00255365            -
   4210000    3680772    1823520          0     529228 |  -0.00282652            -
   4220000    3689501    1827891          0     530499 |  -0.00286253            -
   4230000    3698283    1832305          0     531717 |  -0.00250806            -
   4240000    3707076    1836714          0     532924 |  -0.00258699            -
   4250000    3715941    1841093          0     534059 |  -0.00273981            -
   4260000    3724745    1845507          0     535255 |  -0.00256572            -
   4270000    3733591    1849843          0     536409 |  -0.00381498            -
   4280000    3742410    1854334          0     537590 |  -0.00297933            -
   4290000    3751219    1858716          0     538781 |  -0.00333568            -
   4300000    3760047    1863122          0     539953 |  -0.00310179            -
   4310000    3768915    1867556          0     541085 |  -0.00287808            -
   4320000    3777762    1871910          0     542238 |  -0.00337807            -
   4330000    3786597    1876405          0     543403 |  -0.00249957            -
   4340000    3795416    1880798          0     544584 |  -0.00276428            -
   4350000    3804262    1885267          0     545738 |  -0.00272048            -
   4360000    3813111    1889680          0     546889 |  -0.00298133            -
   4370000    3821945    1894117          0     548055 |  -0.00244025            -
   4380000    3830760    1898543          0     549240 |  -0.00273907            -
   4390000    3839606    1902882          0     550394 |  -0.00341494            -
   4400000    3848436    1907367          0     551564 |  -0.00297320            -
   4410000    3857242    1911821          0     552758 |  -0.00282417            -
   4420000    3866059    1916207          0     553941 |  -0.00312764            -
   4430000    3874894    1920746          0     555106 |  -0.00230844            -
   4440000    3883770    1925178          0     556230 |  -0.00288641            -
   4450000    3892657    1929639          0     557343 |  -0.00244111            -
   4460000    3901497    1934053          0     558503 |  -0.00233236            -
   4470000    3910356    1938498          0     559644 |  -0.00249974            -
   4480000    3919150    1942903          0     560850 |  -0.00232424            -
   4490000    3927965    1947311          0     562035 |  -0.00223375            -
   4500000    3936754    1951633          0     563246 |  -0.00244258            -
   4510000    3945575    1956102          0     564425 |  -0.00164000            -
   4520000    3954407    1960575          0     565593 |  -0.00179993            -
   4530000    3963209    1964942          0     566791 |  -0.00214143            -
   4540000    3972012    1969293          0     567988 |  -0.00256057            -
   4550000    3980792    1973674          0     569208 |  -0.00278265            -
   4560000    3989577    1978071          0     570423 |  -0.00317297            -
   4570000    3998407    1982445          0     571593 |  -0.00338405            -
   4571784    4000000    1983253          0     571784 |  -0.00301536            -


Monte Carlo simulation results:
	Total accepted moves = 4000000
	E_start, E_last, E_diff = 778781728.28681, -0.00302, -778781728.28983 eV

Simulation ended at: 2022-12-03 06:11:09.398346
Elapsed time = 9:27:06.292798

