0.81773888 0.52392201 0.47431324
0.07169981 0.50467535 0.70681299
0.29009797 0.48648578 0.93075795
0.76637403 0.54846269 0.94054439
0.40050571 0.53723567 0.22186912
0.11344892 0.25544332 0.68675183
0.52366342 0.92420231 0.56370114
0.95681276 0.49018249 0.56500662
0.77643384 0.36388795 0.92943297
0.83216121 0.82749561 0.16002533
0.84669307 -0.00630157 0.06746075
0.57451791 0.99822686 0.97327812
0.56715282 0.17055088 0.95961732
0.11812473 -0.05106984 0.77050347
0.51065555 0.83328010 0.06119450
0.91652614 0.91888683 0.13381946
0.51359688 0.53377705 0.68323204
0.29584235 0.02623730 0.43196065
0.72278565 0.32269755 0.44614017
0.44158434 1.00426384 0.78569020
0.45432662 0.65651164 0.77539835
-0.01189814 0.15572071 0.65969182
0.85964508 0.70564742 0.53710758
0.84591725 0.11867182 0.95020945
0.58746122 0.33556929 0.27072601
0.13073457 0.58884354 0.08491199
0.05685467 1.01070090 0.94331243
0.49752001 0.08983148 0.77046653
0.26437986 0.64006112 0.30438090
0.45444563 0.45197741 0.16323904
0.25603239 0.52959903 -0.02465706
0.82723525 0.05073563 0.45255666
0.85491651 0.51214657 0.39692288
0.59807461 0.80891243 0.29568205
0.30073030 0.38040943 0.78322660
0.79697310 0.98558638 0.33605695
0.20647359 0.72065829 0.24401198
0.88943041 0.15636882 0.34957771
1.04940857 0.81420267 0.29443905
0.12885092 0.51483134 0.95413734
0.94585492 0.99088521 0.24110896
0.41762249 0.60368019 0.18575186
0.27305939 0.33951669 0.24708656
0.54779992 0.51588082 0.95143845
0.77681551 0.42121645 0.00251756
0.83455029 0.85774470 0.28601253
0.89339348 0.82709447 0.27768837
0.78564541 0.24788624 0.30540528
0.15527782 0.73167708 0.50264066
0.33143500 0.56133103 0.86859924
0.67899159 0.92156867 0.61274428
0.85610834 0.26975181 0.42224148
0.39142000 0.80909047 0.50903351
0.68806273 0.88786483 0.06992792
0.23730605 0.63943343 0.58095692
0.95706172 0.85125139 0.28024235
0.93483250 0.57818469 0.40396715
0.41386078 0.95776061 0.89018834
0.63567157 0.55199453 0.00054370
0.06208577 0.17894081 0.79745032
0.18002399 0.75563862 0.85336345
0.39000411 0.74498027 0.45880998
0.59127276 0.39675026 0.49611509
0.03518303 0.80706269 0.02643599
0.91775889 0.14731959 0.43377910
0.96350249 0.35596505 0.36791715
0.42339789 0.83617294 0.78412137
0.78594941 0.07183980 0.32294850
0.87238519 0.95405922 0.47517497
0.93502972 0.62759096 0.01279136
0.75320091 0.86867355 0.91584167
0.59036230 0.74313809 0.41379182
0.94921392 0.28206243 0.21003275
0.22919214 -0.00778313 0.01351915
0.51120673 0.48131290 0.63544114
0.82034411 0.34315078 0.38769712
0.40639658 0.65455184 0.43523423
0.64248112 0.23133040 0.20726137
0.53620194 0.30989835 0.46524697
0.44479046 0.10945307 0.83565057
0.92558287 0.91381203 0.76847277
0.51759464 0.36927796 0.55853736
0.58405980 0.60477694 0.84745457
0.56837372 0.42752854 -0.02844202
0.33872492 0.90725052 0.49580787
0.67136714 0.30439988 0.83640582
0.21095368 0.40171898 0.61467814
0.32123432 1.00425387 0.50338762
0.48993260 0.21526275 0.45387043
0.29679656 0.42998037 0.55516641
0.39132725 0.55344757 0.36119266
0.23218592 0.07868373 0.19077295
0.49835452 0.62931650 0.44211384
0.31216699 0.50725830 0.03850094
0.08961101 0.18856685 0.59835313
0.44121918 0.28590088 0.26318130
0.99306459 0.67659464 0.63718547
0.12337223 0.53430140 0.60024779
0.24133268 0.10157103 0.61311616
0.13406355 0.04435493 0.86506907
0.48224768 0.70993397 0.83898843
0.90062592 1.01217343 0.72114158
0.55020809 0.13728354 0.75198242
0.51552807 0.31470615 0.35527341
0.01004744 0.42838219 0.48580105
0.86877111 0.92906909 0.80861746
0.61051854 0.86561735 0.04734212
0.32761300 0.75046422 0.20526479
0.97221024 0.28511845 0.36949452
0.69288382 0.13949429 0.10082282
0.68409872 0.08393702 0.56297166
0.27632155 0.04476250 0.83017131
0.53816266 0.94027009 0.48523264
0.62556332 0.41233191 0.85563124
0.66857213 0.05274997 0.31863142
0.39882195 0.38521400 0.82270965
0.20441061 0.48652625 0.93339214
0.39467820 0.56226552 0.50134410
0.40440689 -0.04613249 0.96879886
0.14325476 0.31771629 0.76760432
0.59213585 0.53674268 0.87355598
0.02332519 0.18303977 0.05941354
0.18270141 0.07951793 0.72618394
0.42678795 0.77768269 0.27854116
0.35049750 0.44333852 0.05803628
0.55427159 0.63536348 0.78825633
0.39162572 0.58611995 -0.01466383
0.21825413 0.02696909 0.53324120
0.47172852 0.12775479 0.22848819
0.36601240 0.47373910 0.56478019
0.10004253 0.95550113 0.92361553
0.06692501 0.87812983 0.32740844
0.58793497 0.65897708 0.33751532
0.11887361 0.35586560 0.64476626
0.14980546 0.97866725 0.08753825
0.00115458 0.70190518 0.06212884
0.73809094 0.91401752 0.16202502
0.44459297 0.40326513 0.05585775
0.08104654 0.24288312 0.89037127
0.38502989 0.70916893 0.19895461
0.19963306 0.26099899 0.08868065
0.87177782 0.68369638 0.68591944
0.94911234 0.55615807 0.50370036
0.88981621 0.66349907 0.79221467
0.45631331 0.51482498 0.35395420
0.89252821 0.48934795 0.33235444
0.23177206 0.42702580 0.21322619
0.09054329 0.03567501 0.31111839
0.20966689 0.84888664 0.13800748
0.40159156 0.68072462 0.71813231
0.23765560 0.91912605 0.05507370
0.17142478 0.95377333 0.53794350
0.87676082 0.48696762 0.69798892
0.54182197 1.06472310 0.51085380
0.37255272 0.37863206 0.47397348
0.04055366 0.47699477 0.44339600
0.11367570 0.32882196 0.25824958
0.70623662 0.43294430 0.50438096
0.32738339 0.33902363 0.43451550
0.29633914 0.14822654 0.30839017
0.24399738 0.86492929 0.98344386
0.25395120 0.78640108 0.02891298
0.16618610 0.40854126 0.99492669
0.09378458 0.84710370 0.04732925
0.52890444 0.12091149 0.85214042
0.96795295 0.88578640 0.65644183
0.88975941 0.48821426 0.46789280
0.33559851 0.67636248 0.91485637
0.93461159 0.46731858 0.16800213
0.20923346 0.05382744 0.34735485
0.02332241 0.21087943 0.63108997
0.76734246 0.88063649 0.67494225
0.42937130 0.12867104 0.72344408
0.46755597 0.70339532 0.36512143
0.76059728 0.81958560 0.18261573
0.71822573 0.02301183 0.88652896
0.85817618 0.42950254 0.13930773
0.84489302 0.91418497 0.59122408
0.22361466 0.45971702 0.57411543
0.05472243 0.36720311 0.79254459
0.48525313 0.41950959 0.51556850
0.78811688 0.15589622 0.91292107
0.47066112 0.52401939 0.99658024
-0.00237182 0.48635166 0.37779704
0.84255321 0.40529451 0.93247343
0.26971926 0.62285441 0.85028652
0.35161935 0.26470785 0.12536613
0.72378895 0.62743584 0.00772788
0.63774492 0.66412567 0.49466097
0.66553908 0.58470774 0.27863383
0.12690529 0.09954544 0.30256001
0.51639243 0.12661734 0.04929433
0.84590676 0.44439564 0.39109199
0.15711533 0.38469729 0.44453848
1.04008538 0.56250140 0.45563352
0.76313230 0.41411694 0.39012086
0.85667504 0.90303946 0.68269477
0.95231280 0.86239007 0.08949363
0.04786367 0.03937854 0.48325694
0.18615334 0.65559399 0.68513595
0.47482847 0.03161877 0.85431795
0.80900033 0.92146346 0.88623468
0.65645086 0.78810813 0.59003547
0.28107570 0.96300638 0.25332333
0.91735399 0.85824781 0.41186483
0.60082200 0.09659404 0.14506707
0.36072765 0.84703104 0.56597802
0.31119680 0.11962755 0.65605314
0.19553490 0.19409191 0.06931408
0.08302146 0.12395043 0.74739087
0.07739220 0.31602822 0.51913179
0.34989759 0.05003914 0.37982598
0.35304737 0.66950239 0.06542967
0.32650961 0.84436792 0.45858147
0.77256606 0.16237415 0.39959534
0.04147823 0.41841203 0.55705156
0.37953940 0.18350025 0.23465903
0.85587900 0.83270703 0.80758000
0.06586377 0.61614510 0.87688594
0.21363048 0.47191817 0.02763519
0.99738208 0.33159612 1.03070947
0.11441872 0.51688490 0.04491884
0.41951185 0.34407363 0.21325289
0.08482500 0.22164991 0.36124998
1.03750013 0.12462469 0.20115384
0.91485037 0.28266356 0.00754616
0.46936633 -0.00051872 0.10866515
0.01592886 0.62501536 0.04120538
0.49163080 0.21551481 0.68040435
0.09729267 0.15620627 0.23086430
0.86257168 0.54486156 0.05206590
0.98722622 0.28319827 0.45136964
0.81900161 1.00339976 0.97534667
0.42823302 0.09488041 0.54078251
0.18824461 0.51262442 0.41516412
0.01623535 0.92888049 0.46958454
0.83210475 0.22151330 0.50129324
0.82951131 0.38486886 0.64548220
0.05222268 0.45952948 0.30802879
0.77685770 0.46309084 0.30922578
-0.00973085 0.90182080 0.55633212
0.70548589 0.55498435 0.90290557
0.03326895 0.29432914 0.77173669
0.39192429 0.83160923 0.17769639
0.54234230 0.18666564 0.83117525
0.68705666 0.58019793 0.52316242
0.64881104 0.66363810 0.09071479
0.21424235 1.00881463 0.44893452
0.24327394 0.97069272 0.67175024
0.99498826 0.74526941 0.63937813
0.32808002 0.34082225 0.08857227
0.32658825 0.93238997 0.81369453
0.76918759 0.84835541 0.82715045
0.34416367 0.61623378 0.10548301
0.63437974 0.78141764 0.84197011
0.80838656 0.52151085 0.33247286
0.13793510 0.02918103 0.55956543
0.06167935 0.74443272 0.54921091
0.73103212 0.13850705 0.78753888
0.61917528 0.05697430 0.80893354
0.85576443 0.15254343 0.47603706
0.80351382 0.68611941 0.37654250
0.44807245 0.54198144 0.77824292
0.14681711 0.42682934 0.77409951
0.73405491 0.18605376 0.33298722
0.83459386 0.20016010 0.32297423
0.13134605 0.60019137 0.71627273
0.51644744 0.29325117 0.78450485
0.76683215 0.97400242 0.26391500
0.73955009 0.75281055 0.42708855
0.27870066 0.20169489 0.24995222
0.94097915 0.43855265 0.49363792
0.81022882 0.90941139 0.36063809
0.35423653 0.88529633 0.76193535
0.63334852 0.67251192 0.82184102
0.17691653 1.02220131 0.98212762
0.89781830 1.02055020 0.53425952
0.83846237 0.59381877 0.31856783
0.22148112 0.18404854 0.87783141
0.87023840 0.49459621 0.94698099
0.66249460 0.39584944 0.26347837
0.41329813 0.72091570 0.11930899
0.88595448 0.18214599 0.86752509
0.67286777 0.76847683 0.24318632
0.87284946 0.26493959 0.32425913
0.97112654 0.38579341 0.83242129
0.64682288 0.64011150 0.57325465
0.74945120 -0.02525502 0.94800958
0.28230309 0.29227871 0.31130067
0.57064011 0.79352005 0.75198054
0.81891008 0.62737669 0.43712084
0.27708306 0.56135256 0.33810632
0.69506481 0.69262692 0.34115897
0.17046750 -0.01225085 0.82312217
0.81073379 0.01740355 0.64464620
0.46214152 0.59331230 0.72184125
0.25084998 0.30546159 0.08119249
0.94838950 0.71960905 0.34543659
0.53604910 0.31955620 -0.02549393
0.58334145 0.11821305 0.53185814
0.85423241 0.64876059 0.01486224
0.44817738 0.67005305 0.50303712
0.93224014 0.69469493 0.08876713
0.11199669 0.39973501 0.16414359
0.69431153 0.88259106 0.69519024
0.62815569 0.41443242 0.71351542
0.84039355 0.15422784 0.70435875
0.93456218 0.24856735 0.91155782
0.79764951 0.06326615 0.83853511
0.20645901 0.51031447 0.76278449
0.20803516 0.22436463 0.34765997
0.62236060 0.18566397 0.29924419
0.99026902 0.03516210 0.89718592
0.36497879 0.87075953 0.07189384
0.52199595 0.44503829 0.12198156
0.69737830 0.61971363 0.33187990
0.45203067 0.28582516 0.68270494
0.04796471 0.28759193 0.63035739
0.74691427 0.92178013 0.77800266
0.57447185 0.86935730 0.17984787
0.82499019 0.69124442 0.93438679
0.61878023 0.03675397 0.10772875
0.68664080 0.85707617 0.35259538
0.49322171 0.88113723 0.18609315
0.28573898 0.52542069 0.76521773
0.38924561 0.33822253 0.61618370
0.18999392 0.22648475 0.68675429
0.31888988 0.71014741 0.78084774
0.34443730 0.22427517 -0.03251702
0.36247047 0.29877026 0.93144109
0.11702843 0.04237560 0.70019398
0.73014780 0.75786797 0.32317388
0.14189012 0.16378324 0.46344087
0.53510105 0.86336374 0.26520155
0.18735736 0.78398172 0.98197511
0.21858422 0.13537649 0.33277739
0.98544768 0.14310512 0.77170604
0.82766719 0.43601624 0.49002904
1.00237081 0.56795392 0.90154252
0.43708132 0.83170634 1.01147976
0.25720309 0.94052302 0.74402780
0.43864228 0.01539048 0.53861440
0.07198196 0.95835005 0.29954521
0.10749549 0.25636819 0.29980635
0.65108628 -0.03433629 0.33019989
0.02625126 0.02669465 0.19592265
0.87100561 0.36732749 0.57808353
0.76359729 0.74693342 0.61815251
0.50295560 0.24635482 0.52728786
0.28670222 0.44471656 0.69935659
0.09082170 0.21591657 0.45131460
0.70683584 0.56253248 0.44039311
0.27658308 0.19490299 0.66880454
0.32017830 0.61636055 0.35334828
0.46906828 0.37505646 0.84051010
0.72213299 0.14099278 0.68665231
0.89959246 0.40717916 0.68096072
0.55183208 0.65478127 0.57127162
0.51856368 0.35537395 0.04454803
0.11905346 0.99586776 0.48719624
0.22920544 0.35261355 0.84260219
0.52432338 0.41675024 0.85540056
0.12366211 0.85325581 0.28425440
0.58713151 0.97373601 0.56302617
0.50550955 0.47475185 0.55221050
0.69140765 0.38336423 0.84103082
0.55056067 0.19350969 0.17223178
0.76809736 0.84302567 0.37209612
0.21130668 0.58075298 0.33650352
0.04171096 0.51551122 0.20359820
0.81282451 0.36592187 0.75189270
0.68361807 0.45052658 0.67098303
0.04271460 0.80494080 0.57941204
0.75108036 0.47636126 0.69017852
0.72296401 0.30128916 0.67921512
0.88507714 0.77215687 0.71258587
0.17687760 0.19247725 0.55013284
0.67077848 0.99430749 0.62410388
0.29949213 0.86812134 0.69479610
0.63850544 0.49773952 0.81713709
0.25288130 0.47544280 0.37468867
0.50772394 0.54253115 0.19613427
0.66999303 0.64404385 0.21933886
0.28241030 0.71432715 0.27678208
0.46481441 0.22242216 0.37272661
0.49638567 0.09343253 0.95081565
0.93249444 0.45486990 0.40846609
0.37923695 0.14077350 0.65057601
0.27164105 0.23001038 0.59356121
0.96683890 0.14150390 0.15930243
0.65160198 0.29193236 0.55231018
0.45519502 0.81099320 0.13917946
0.27913520 0.12894681 1.01979485
0.62240953 0.79178040 0.03369256
0.20735388 0.90166621 0.76705525
0.30363000 0.69405217 0.48602634
0.39628716 0.14929097 0.41809206
0.49255366 -0.05379623 0.89065297
0.82275568 0.85966905 0.02461045
0.04988253 0.73526806 0.69601363
0.58832721 0.23088948 0.63175222
0.17328573 0.28563498 0.35338317
0.54033037 0.05525831 1.00468741
0.41042071 0.34408409 0.09829952
0.72820308 0.22518924 0.89033892
0.27340743 0.23833538 0.11182196
0.98796389 0.75938697 0.09660661
0.75026936 0.21380571 0.58173429
0.71307751 0.78446856 0.67163217
0.98660573 0.60082316 0.54200233
0.72390684 0.86422982 0.24026919
0.39915444 0.60365539 0.85513179
0.30167151 0.78637436 0.88131058
0.97146578 0.77752896 -0.00181201
0.45527081 0.78628245 0.94388564
0.27291893 0.96699879 0.35769593
0.60572754 0.86685932 0.53538550
0.09764834 0.64187766 0.37924421
0.61647510 0.57959217 0.49994338
0.79163950 0.57683196 0.37624492
0.12412739 0.29153189 0.59782842
-0.03229618 0.25471316 0.67829333
0.95315554 1.00678130 0.05080412
0.63435539 0.70470484 0.29160715
0.81348899 0.74781663 0.68150937
0.16270605 0.89190668 0.56215803
0.56601664 0.88752513 0.92518711
0.97876600 0.47488247 0.68671707
0.61094738 0.40114679 0.21255709
0.10178693 0.48315054 0.40010748
0.16233091 0.05290053 0.47166512
0.23337544 0.97102937 0.59248236
0.05202238 0.31857503 0.22024067
0.04143303 0.41713526 0.15391826
0.73800889 0.37380434 0.19070671
0.62683116 0.74472550 0.71171101
0.30965274 0.49628899 0.33171711
0.79532065 0.13089837 0.17684813
0.99899838 0.22938873 0.86323911
0.20179588 0.50150487 0.12269531
0.25969738 0.62648733 0.03697279
0.35239440 0.24674202 0.78852511
0.12671897 0.48362721 0.74277828
0.66311385 0.73544713 0.11721019
0.16377381 0.79363465 0.20742788
0.72300290 0.44773418 0.09346275
0.74807312 0.06343105 0.98823308
0.12692558 0.91381728 0.14009726
1.07773515 0.08771749 0.43142464
0.22233717 0.96677280 0.12362453
0.88571640 0.79264160 0.90070196
0.71909617 0.98589507 0.12527996
0.20146531 0.67435355 0.35191143
0.31668886 0.31343090 0.99265800
0.92321380 0.33405842 0.25589430
0.56716981 0.93594063 0.23400190
0.73012016 0.08809981 0.85504918
0.90478176 0.91959768 0.54992033
0.93637318 0.85471016 0.73660427
0.38123291 0.74097197 0.53401318
0.63902108 0.32972026 0.43028888
0.38271906 0.65769545 0.32590023
0.36029347 0.79741123 0.25298913
0.02944963 0.35907973 0.33871177
0.40933543 0.33474237 0.39949106
0.00416995 0.63592060 0.90452056
0.66229807 0.20162676 0.71995269
0.88092925 0.27674373 0.23684326
0.88384805 0.77004290 0.34064577
0.41260207 0.34253450 -0.00349084
0.32582025 0.24930976 0.70466843
0.07461501 0.91289313 0.51954991
0.01506965 0.01514297 0.76644430
0.78265286 0.82375350 0.09311512
0.32456711 0.90922060 0.62589654
0.92437793 0.20587819 0.11086348
0.95409310 0.53833571 0.68264185
0.33158439 0.00171940 0.81262768
0.66258127 0.88271221 -0.00996475
0.61166027 0.89400761 0.82977086
0.68487790 0.50381213 0.47431106
0.74646109 0.86540930 0.46855011
0.83722248 0.10682363 0.03470893
0.15263538 0.78976568 0.58423027
0.50622854 0.59779382 0.37182541
0.50965039 0.23552165 0.31205548
0.68518451 0.31123826 0.37195883
0.92664362 0.08166882 0.32434812
0.83298959 0.75535662 0.06802327
0.35967116 0.12837079 0.95971266
0.25910500 0.67497624 0.64340591
0.63675736 0.32805631 0.64404397
0.79242354 0.28295343 0.15973076
0.09545138 0.71161149 0.23160233
0.07504105 0.97358166 0.57045606
0.47216907 0.82965378 0.23484975
0.65828160 -0.03448204 0.92689614
0.20838756 0.65107221 0.92546165
0.71322010 0.29019426 0.91227165
0.22004207 0.10921767 0.92707072
0.58104682 0.47726696 0.22415641
0.49572398 0.87454660 0.47155806
0.58127081 0.07245267 0.71333579
0.74401061 0.35216505 0.03951196
0.51932206 0.80246093 0.69039416
0.52018222 0.46467958 0.91270588
0.49581706 0.71534439 0.61481854
0.44495158 0.91929774 0.56148717
0.84651534 0.27966256 0.94897504
0.22427669 0.38383820 0.69658893
0.01745197 0.81218825 0.79248975
0.59666314 0.29349237 0.96397530
0.08172705 0.70411359 0.03497925
0.37254503 0.93546691 0.57958845
0.79989927 0.05070354 0.04526937
0.81103677 0.96124397 0.41286220
0.40605797 0.18618550 0.75651780
0.06769364 0.23026636 0.52875866
0.53371001 0.36959340 0.12718096
0.76647269 0.18996518 1.05876895
0.54124730 0.98934783 0.37454191
0.47810522 0.89717226 0.39163697
0.79485341 0.30444173 0.61895720
0.55940302 0.94227906 0.83866483
0.41884915 0.76806638 0.36808785
0.78297759 0.40390127 0.12567310
0.71554934 0.54948215 0.59538118
0.48675453 0.38718454 0.62531909
0.08108894 0.92261884 0.21988426
0.33976123 0.04434168 0.61558982
0.78933876 0.07531015 0.92175030
0.45668464 0.60004015 0.51119381
0.87963097 0.79272894 0.51096846
0.37358918 0.46848269 0.30953334
0.82304846 0.53192135 0.65618438
0.57685452 0.37807927 0.89137015
0.55831581 0.75175552 -0.01758433
0.94050499 0.15373853 0.84141437
0.33523019 0.58866326 0.02776939
0.19985542 0.82630571 0.29570514
0.08309548 0.18482400 0.11590721
0.74396030 0.94942585 0.70305561
0.84613609 0.13472808 0.82093983
0.36778617 0.18561114 0.04278186
0.58913598 0.75653210 0.50462775
0.11635206 0.09722590 0.51551768
0.24500431 0.27788965 0.69652046
0.61807219 0.56635673 0.35556757
0.83600169 0.26791012 0.02747521
0.11189113 0.87700836 0.79443194
0.19039770 1.02624728 0.28573893
0.42388026 0.81554500 0.69339929
0.98062807 0.74602082 0.74355471
0.87898783 0.59153311 0.91363199
0.56930399 0.15079054 0.09055452
0.30493700 -0.03140185 0.97425394
0.46535732 0.15034013 0.42657333
0.25195794 0.71306932 0.81211002
0.55282486 0.34656631 0.71225550
0.42219282 0.77853547 0.58843707
0.91260214 0.53310658 0.58855962
0.06590631 0.42502284 -0.00150795
0.93347824 0.69420337 0.71798099
0.87650055 0.06395945 0.83278512
0.96804517 0.18262560 0.99189553
0.79179772 0.17901634 0.63683243
0.78499621 0.08497342 0.11727498
0.28292507 0.16234755 0.94894918
0.33557217 0.46585420 0.14485323
0.64536803 0.52924355 0.55829980
0.97479570 0.99246671 0.13751319
0.68687118 0.09103223 0.17549996
0.62133046 0.29085801 0.17374007
0.41339544 0.37321040 0.33336392
0.58679627 0.37700240 0.57978162
0.72138134 0.59925881 0.19214515
0.26583164 0.51459035 0.51464142
0.09028533 0.79587516 0.77678759
0.67223634 0.18201350 0.54805057
0.97351540 0.82469888 0.57913998
0.57061161 0.41207960 0.66176310
0.24938995 0.55356334 0.85443484
0.15426872 0.84751159 0.62063921
0.97305353 0.40991121 0.66304814
0.18315956 0.58130438 0.13682022
0.91751168 0.77437138 0.80393744
0.54598332 0.93420341 -0.01114631
0.33478195 0.19757086 0.13869818
0.37446928 0.27505891 0.43231209
0.30566593 0.94912139 0.54668118
0.58077110 0.03199175 0.18811044
0.08588309 0.85736010 0.41365330
0.57514525 0.46700502 0.53338057
0.50966118 0.65516568 0.88703638
0.82771829 0.88342568 0.75956110
0.49917059 0.45030650 0.28903002
0.93790263 0.92391255 0.44414993
0.02295656 0.80358457 0.68446274
0.91634622 1.01832795 0.88001880
0.34038733 0.57193279 0.74166422
0.53975534 0.53089171 0.57449874
0.92529383 0.82693576 0.34829119
0.29168015 0.55329747 0.67411239
0.55737784 0.56850637 0.32123127
0.25064308 0.59679094 0.94590699
0.10398028 0.82281471 0.70206771
0.29321164 0.87022232 0.87036188
0.86380258 0.60264171 0.75997302
0.50453812 0.65639295 0.02578090
0.45877744 0.17200921 0.63258222
0.07107099 0.86067770 0.65462644
0.78597776 0.02864789 0.51431772
0.98666335 0.80789628 0.45083163
0.80207215 0.29198603 0.70907148
0.19749659 0.43388419 0.86617792
0.61923755 0.74605380 0.91795971
0.61230023 0.81432247 0.67835534
0.37594135 0.86168123 0.89219390
0.20066885 0.17804867 0.41457799
0.98059850 0.45748277 -0.04050429
0.28288624 0.27981955 0.78883965
0.33953141 0.63943705 0.51626838
0.86228488 0.38055430 0.50584699
0.30890789 0.38266523 0.20528108
0.32943494 0.18513164 0.77211575
0.43356630 0.41151582 0.44784202
0.58328762 0.98978103 0.43513739
0.47962270 0.36046931 0.48510493
0.06075736 0.62403948 0.56164696
0.43095802 0.86354196 0.61488791
0.43089370 0.64093903 0.03699869
0.22618077 0.31603454 0.95663169
0.26452447 0.41367954 0.02606492
0.86846961 0.10421608 0.23679297
0.30277147 0.84191361 0.01177679
0.48614238 0.69101919 0.28039114
0.76415288 0.09171906 0.55766780
0.13584647 0.49007535 0.13940792
0.41518321 0.90501720 0.68113106
0.66144907 0.72208268 0.77800429
0.51554713 0.60007311 0.67168866
0.42200984 0.75042255 0.73189712
0.86300427 0.35570543 0.09770512
0.08365800 0.63326017 0.46596192
0.94256956 0.42448152 0.30765555
0.45478269 0.61747865 0.63087822
0.77469398 0.75505675 0.19825518
0.06234103 0.52716528 0.98716299
0.96144594 0.65789603 0.48642916
0.31689283 0.75646782 0.66004158
0.32333566 0.33244050 0.58849873
0.78844389 0.03583714 0.23536132
0.86662112 0.63936083 0.22095967
0.40527775 -0.00861591 0.20436390
0.26714465 0.33895399 0.14755277
0.65895142 0.14733764 0.78137570
0.45604242 0.07270178 0.46761126
0.18123953 0.53859469 0.50484492
0.69721796 0.63675419 0.67609929
0.91421923 0.23662081 0.39698719
0.71175932 0.27208093 0.01831578
0.14627509 0.42940283 0.35646067
0.63143567 0.92348420 0.50109965
0.32518040 0.60916385 -0.05644802
0.90220086 0.53664282 0.83695979
0.14845611 0.12606277 0.15325552
0.93628706 0.50320424 0.24937824
0.08385260 0.87869436 0.92936509
0.08722179 0.14326812 0.33929270
0.42733036 0.05968465 0.67301910
0.16447438 0.13944890 0.84215204
0.54550485 0.03654411 0.80592839
0.93346703 0.32734629 0.46230441
0.07578846 0.40372136 0.36060607
0.46627677 0.96452041 0.43673176
0.63028702 0.55152954 0.68396535
0.33260303 0.63059604 0.80906882
0.89715847 0.86662420 0.17710328
0.77212214 0.26209636 -0.03564438
0.45829943 0.45343420 0.39332763
-0.01409709 0.71252767 -0.01928034
0.25928503 0.81928095 0.61854630
0.08114293 0.08194216 0.23125677
0.48066416 0.26903527 0.12394056
0.06933915 0.34597335 -0.00080118
0.47486037 1.02881539 0.40605290
0.92792810 0.73499480 0.27214455
0.39261489 0.98597945 0.63979841
0.37901039 0.46698659 0.74407333
1.02544902 0.58375960 0.38566383
0.92213375 0.44933145 0.06857987
0.08110614 0.71997216 0.62072051
0.89490738 0.33483696 0.34835787
0.20879622 0.72279850 0.67476876
0.80569580 0.11777881 0.64541813
0.35559228 0.81510743 0.69620955
0.64961311 0.01633641 0.86238986
0.51113658 0.47334315 0.19681129
0.59004361 0.58017144 -0.05549546
0.59527255 0.11724867 0.01342931
0.10987328 0.26539233 0.04168678
0.62862036 0.13354275 0.59875635
0.27636312 0.59155846 0.49787796
0.48284883 0.38252310 0.21924289
0.50738975 0.58648289 0.01632529
0.21119816 0.15458497 0.70312071
0.43087639 0.24126075 0.47148614
0.75283493 0.19792869 0.72310788
0.21782274 0.64207718 0.76339808
0.38012320 0.54853605 0.09577513
1.01064967 0.17822612 0.93115754
0.70334564 0.77623550 0.52933120
1.00171732 0.34954298 0.68528574
0.40583740 0.04876591 0.14505807
0.59425909 0.38038927 0.03460833
0.47506701 0.37936640 0.39178400
0.29681241 0.69884093 0.56689965
0.59522276 0.04428481 0.91394477
0.47486164 0.29680758 0.42559830
0.88710419 0.14786901 0.58940501
0.59712696 0.36321736 0.79341173
0.34955609 0.51311605 0.48969329
0.07666883 0.04149357 0.58397892
0.98024781 0.79796942 0.91399314
0.18050580 0.77541519 0.70473143
0.76290496 0.01782870 0.42441069
0.57430550 0.45048854 0.05122719
0.64698273 0.43483443 0.05880625
0.36920666 0.36562137 0.26784873
0.80164773 0.96218354 0.52338823
0.32447537 0.76080858 0.34473006
0.41431418 0.21726040 0.10921991
0.68470457 0.48495865 0.59673589
0.13138599 0.70895047 0.71859732
0.77872071 0.59613753 0.82826997
0.62158861 0.51417683 0.29666850
0.56066565 0.82727143 -0.00596099
0.62680874 0.60106154 0.63599178
0.17848369 0.64937710 0.18466151
0.08909659 0.38808072 0.45633128
0.88726348 0.04595121 0.64630670
0.08210434 1.00158747 0.23353414
0.06914083 1.00656648 0.02934852
0.31974874 0.21409118 0.34420480
0.59640231 0.31726079 0.86022167
0.87542837 0.33733550 0.78792609
0.72608643 0.37095069 0.51575786
0.58237962 0.73589772 0.64644354
0.69565618 0.13188451 0.27472866
0.22809319 0.61438802 0.22690256
0.80713627 0.47610239 0.61440348
0.32866356 0.01162999 0.03748952
0.82295565 0.35486054 0.87215967
0.49639502 0.82401811 0.89715654
0.90008326 0.91523684 0.89506545
0.37658533 0.39866879 -0.00111081
0.79752972 0.17209122 0.78720046
0.48172875 0.91704270 0.73261346
0.75875373 0.93576067 0.60912210
0.20929466 0.32065291 0.19826955
0.57752755 0.59103085 0.57447446
0.71766739 0.72165148 0.24149887
0.51197894 0.18781704 0.01873691
0.20075261 0.43315217 0.40437642
0.17181930 0.19314146 0.78360289
0.15814885 0.14427420 0.96264988
0.19326002 0.11825255 0.55923569
0.75290736 0.50040721 0.50634184
0.70393555 0.94726119 0.53271303
0.30224446 0.07882363 0.27584071
0.13454956 0.32716850 0.07425945
0.73657626 0.85209861 0.75227488
0.07470534 0.37934854 0.71515062
0.98411716 0.90695055 0.31149387
0.20303675 0.24228669 0.89220444
0.25992750 0.77631579 0.29469318
0.34089538 0.82732959 0.32922979
0.50771475 0.94042819 0.06858566
0.54185782 0.40779842 0.43112219
0.32269389 0.29058570 0.20927309
0.97530650 0.23640625 0.07218553
0.61921141 0.58716609 0.76564228
0.80654833 0.86308642 0.51631173
0.51777275 0.84431463 0.62665037
0.24398016 0.24009646 0.19231558
0.62778325 0.38132601 -0.03921107
0.64911587 0.26547175 0.06076824
0.75898131 0.52117251 0.39318157
0.21065117 0.14816108 0.13424807
0.36311142 0.15811478 0.57750293
0.54956942 0.24525773 0.70370778
0.12834757 0.19632716 0.17022145
0.30592177 0.62536315 0.69298502
0.57094520 0.67859976 0.43748630
0.29722945 0.07424219 0.52048628
0.59410517 0.55364513 0.20335641
0.02150214 0.32487014 0.93050361
0.67647836 0.77531497 0.43194191
0.61715966 0.44289555 0.29038756
0.31402906 0.41085009 0.37703593
0.15771702 0.13937918 0.05973013
0.21732000 0.38993427 0.48445022
0.71329833 0.66137394 0.58779613
0.73545155 0.95253610 0.45642789
0.32063804 0.40221556 0.10693636
0.50786221 0.48561334 0.04219133
0.77927594 0.45899837 0.44516530
0.35941437 0.11517686 0.77599815
0.29686103 0.05659225 0.12315243
0.86710924 0.84022909 0.71448836
0.74726427 0.66794873 0.06926734
0.33296159 0.89393310 0.32639434
0.42900195 0.97149553 0.28495853
0.27940536 0.39757306 0.86539337
0.14587671 0.58252288 0.37275970
0.91276829 0.97739322 0.34777827
1.03166399 0.69084494 0.74816874
0.74635146 0.24357830 0.44709804
0.94064371 0.51376897 -0.00999655
0.73861042 -0.02281850 0.82179705
0.75657937 0.29135980 0.09070088
0.25793043 0.75545757 0.94476939
0.87450384 0.55351539 0.52374405
0.45338409 0.61568243 0.11679140
0.37679478 0.14837480 0.84592306
0.58168853 0.11347032 0.26602572
0.94601139 0.37989581 0.05815516
0.47995777 0.20048840 0.19701725
0.21450650 0.36448943 1.06013862
0.97816642 0.52312394 0.16503692
0.50123130 0.02605843 0.57973642
0.96733046 0.94613182 0.82159214
0.28214933 0.44707942 0.78739883
0.66688419 0.20065073 0.37044730
0.20663238 0.67201122 0.11227248
0.93449594 0.59521213 0.74496098
0.89904821 0.65350138 0.60320699
0.79224097 0.56893863 0.04807856
0.24273358 0.21157595 0.51564673
0.94695034 1.01732584 -0.03033364
0.76796804 0.93750826 0.08603696
0.58175371 0.99224604 0.70988154
0.06529611 0.11493986 0.12601196
0.81401594 0.32905152 0.03353923
0.91387920 0.58797372 0.62922126
0.71597028 0.16222066 0.87341701
0.91653811 0.32699086 0.89111944
0.16618119 0.88880973 0.07865174
0.00301994 0.67997867 0.34889526
0.08077865 0.84730613 0.12881615
0.65300279 0.15938305 0.91708773
0.14220714 0.36316091 0.31579706
0.27417377 0.64969563 0.16116588
0.28060339 0.04154459 0.34571823
0.70421835 0.44659984 0.31054937
0.31110516 0.27717447 0.45850413
0.22045939 0.81376066 0.45493880
0.10913225 0.19573083 0.72143507
0.94680774 0.37730613 0.58070398
0.55764783 0.77726168 0.09216079
0.12838577 0.94643135 1.01794106
0.39921840 0.24504443 0.55799076
0.94079265 -0.00318743 0.44396913
0.17267104 0.81781752 -0.09499565
0.21312517 0.93776592 0.84403415
0.23052090 0.76882269 0.57788329
0.10021919 0.64252710 0.18629492
0.47318872 0.79881924 0.54056174
0.87167733 0.40463576 0.77050660
0.35893626 0.92261709 0.13359523
0.43211152 0.80741393 0.44300335
0.38722159 0.53137125 0.90366355
0.05854188 0.69239393 0.94275635
0.25721485 0.36138251 0.36694781
0.54368637 0.29418858 0.15543679
0.37506374 0.45629012 0.47401419
0.54873076 0.50766489 0.81596706
1.07049270 0.29739207 0.44053123
0.29389096 0.31560159 0.66525162
0.16319195 0.56994911 0.22859952
0.18027071 0.72058534 0.93134447
0.68757562 0.94140530 0.26707506
0.52250795 0.11348761 0.16366896
0.72519464 0.65036636 0.92920506
0.02362883 0.69305516 0.48349517
0.80007030 0.49202242 0.88658781
0.49843045 0.77359292 0.18632557
0.73493734 -0.02072331 0.02959104
0.78360830 0.64645616 0.57241814
0.14050826 0.65833160 0.87236248
0.86735453 0.76744096 0.22149180
0.85142942 0.07292848 0.74771749
0.22766095 0.25926984 0.26861563
0.30524648 0.39224219 0.29532007
0.78327426 0.74736073 0.54051767
0.21267423 0.03194837 0.09322135
0.93125726 0.72196716 0.85594290
0.06829157 0.91384855 0.60382454
0.43134631 0.18111634 0.85951198
0.40131268 0.39333745 0.57091084
0.15939647 0.08185321 0.62580240
-0.00791254 0.97736406 0.57620570
0.95259477 0.95581437 0.63761352
0.57626869 0.30137028 0.05769627
0.72172719 0.74927095 0.82688281
0.46679137 0.26603183 0.59636871
0.69699342 0.52484811 0.32545807
0.60452798 0.66524145 0.18568803
0.85001055 0.39264471 0.03002366
0.41956437 0.07377806 0.38764103
0.35581874 0.11993403 0.04014439
1.01746223 0.05049896 0.08009734
0.70175280 0.71368461 0.66239828
0.52482305 0.25746865 0.94944878
0.95379254 0.98127806 0.73745655
0.87008825 0.62557791 0.84857934
0.11958346 0.55685033 0.47255499
0.32475649 0.95437026 0.68637149
0.26322100 0.89133487 0.59021023
0.84627105 0.90322812 0.12250886
0.78707226 0.35983450 0.55860280
0.57058688 0.54257528 0.02661720
0.46413745 0.03815250 0.31912081
0.05853965 0.23216798 0.22398728
0.34811614 0.32256513 0.34275086
0.23694324 0.10474147 0.75210853
0.21514722 0.89026017 0.42645080
0.48730472 0.61072989 0.21248414
0.83606255 0.22664509 0.20147918
0.95046720 0.21960970 0.26676883
0.28147876 0.23753223 0.88923392
0.75231844 0.08733996 0.23593034
0.34105319 0.12398540 0.22638317
0.46725120 0.62435927 0.29451264
0.55985389 0.20151653 0.41286455
0.92943108 0.65860223 0.37218222
0.94896652 0.30741232 0.08881462
0.82805848 0.88131010 0.43454259
0.90992456 0.45848138 0.61688891
0.42862798 0.56483183 0.28285976
0.41308034 0.52223405 0.67166758
0.15294996 0.73330314 0.00757163
0.72337682 0.70422469 0.50461270
0.40003011 0.99058817 0.47392112
0.02838056 0.86403002 0.23401857
0.53119359 0.11360685 0.45208887
0.30216308 0.78464129 0.73834438
0.27620219 0.03353618 0.58297738
0.47357181 0.00290478 0.71056848
0.82096935 0.30012715 0.27879118
0.01881895 0.68985272 0.56180125
0.18411771 0.54676626 0.65172293
0.92677748 0.03737153 0.17317646
0.99945790 0.53740241 0.02838408
0.52274278 0.37879139 0.77475642
0.11036375 0.64810739 0.94705017
0.01619876 0.37200570 0.23686322
0.35672190 0.06571525 0.48485605
0.35763207 0.81857215 0.97660758
0.44968991 0.29253263 0.76186582
0.39195524 0.26293031 0.64756341
0.88878670 0.33662500 0.96723498
0.62639409 0.25310611 0.75845654
0.50740794 0.87652732 0.83828564
0.29370098 0.12058749 0.15797199
0.85745147 0.89745682 0.23489452
0.27567980 0.92408766 0.92284292
0.48748985 0.29058702 0.04633443
0.88506200 0.93339836 1.04546916
0.86349314 0.65508147 0.32990683
0.11582537 0.39591586 0.56813185
0.54751169 0.90128221 0.36366811
0.01734037 0.28368651 0.55634711
0.49237356 0.71732328 0.95049346
1.00774858 0.50098872 0.85934634
0.07049703 0.30582270 0.33196063
0.30688038 0.18191371 0.47293243
0.53918517 0.00121395 0.89087265
0.01642096 0.26370074 0.29537315
0.17976570 0.32294334 0.65440613
0.81569772 0.21570878 0.41209285
0.43934316 0.13663991 0.96481007
0.72107071 0.35409764 0.74773420
0.80265012 0.48217886 0.76573976
0.42070101 0.32877077 0.51425652
0.82953731 0.60180278 0.10116858
0.05071536 0.92075084 0.10570540
0.08971898 0.57991044 0.15956115
0.87368241 0.28764693 0.08398314
0.39154808 0.03009517 0.84425534
0.11482803 0.02144574 0.13172944
0.10862139 0.19504316 1.03121217
0.78676001 0.48999775 -0.02680713
0.78647026 0.86593411 0.59665063
0.89449696 0.62496491 0.13527472
0.64163828 0.84560917 0.24836269
0.05028564 0.75586867 0.41592079
0.33349569 0.77444531 0.11804947
0.38688426 0.22168883 0.38098637
0.11737273 0.39939154 0.84653074
0.34834005 0.29584565 0.53124035
0.33058837 0.11963173 0.42790237
0.07532359 0.69276927 0.81776581
0.27316095 0.92020509 0.42977578
0.78961328 0.67130272 0.13397234
0.91567340 0.92794821 0.23360089
0.27075479 0.05497542 1.05026963
0.07285817 0.52414059 0.52662280
0.79660194 0.99518656 0.88811498
0.66380917 0.81832400 -0.02628217
0.62549722 0.47712817 0.98142789
0.90463367 0.19883804 0.02144877
0.73132777 0.91182332 0.98045783
0.89122575 0.71617427 0.39681466
0.01000610 0.05219908 0.64295342
0.83681469 0.56773991 0.98234080
0.02099012 0.61497447 0.12528362
0.72217927 0.73029348 0.74135520
0.27145722 0.68786213 0.88566212
0.21561511 0.55190046 0.04439321
0.10849042 0.73632956 0.31176737
0.20467978 0.60706373 0.82649239
0.95494772 0.51936280 0.43561042
0.70888292 0.38857791 0.97547119
0.35685348 0.69971473 0.60599293
0.46234429 0.12314546 0.10522487
0.64521599 0.18733049 0.08093030
0.41799844 0.76791919 0.88361029
0.23827176 0.95322817 0.19555112
0.71869507 0.18274377 0.46099352
0.81434984 0.39548845 0.21154179
0.86640992 0.82402820 0.07136875
0.80977151 0.39662333 0.30704263
0.40038440 0.05413936 0.58842442
0.54345245 0.69810980 0.21106923
0.60490753 0.25287454 0.86430292
0.45186424 -0.07096809 0.01823500
0.03979765 0.25024803 0.04819718
0.50308145 0.83771750 0.35085461
0.89667685 0.85244275 0.58020763
0.85637516 0.97580373 0.15556148
0.14709146 0.28818638 0.91339430
0.03187170 0.41863886 0.89119038
0.09773190 0.82402838 0.21674859
0.48644282 0.74965826 0.42647352
0.80974643 0.76856923 0.33274593
0.98078030 0.22543336 0.15763867
0.94551560 0.47340019 0.77270002
0.40767211 0.23167490 0.92524996
0.34046962 0.20601064 0.87586153
0.38805205 0.70826224 0.00733682
0.49001832 0.67782144 0.13729588
0.96138204 0.38232476 0.97549391
0.43791783 0.28982303 0.34316055
0.76957944 0.67846322 0.68682010
0.39866370 -0.01572975 0.11143460
0.95218386 0.51375396 0.06921101
0.90753929 0.76342152 0.09701534
0.69261358 0.80186522 0.05320444
0.27024456 0.07700994 0.96986886
0.13736822 0.68635987 0.12105302
0.68455192 0.89644774 0.86801919
0.90193552 0.73701012 0.01564958
0.66518200 0.73010338 -0.01967624
0.23351485 0.68731848 -0.00444685
0.26451583 0.29829954 0.52442181
0.25937514 0.47053520 0.14842322
1.00905596 0.07786614 0.29143222
0.50467968 0.97281160 0.78352387
0.57155503 0.69293789 0.92444563
0.17645181 0.14324210 0.27169512
0.42684328 0.87253233 0.50768160
0.68773416 0.48025145 0.38639751
0.81989995 0.69693465 0.62359639
0.69043140 0.07698371 0.78491334
0.15743669 0.86049692 0.48159881
0.45585500 0.52361697 0.90404452
0.51220858 0.37054218 0.92788106
0.85768629 0.67493856 0.10252228
0.19731234 0.75130978 0.39320578
0.75259792 0.57161883 0.74524509
0.47256629 0.34758399 0.29115474
0.86826433 0.02381471 0.31331568
0.95877201 0.61418838 0.26813771
0.04307142 0.76904505 0.84565603
0.99981163 0.57537806 0.62298067
0.73758712 0.14529724 0.00548067
0.80197076 0.15316288 0.25388184
0.61520018 0.85427450 0.76628847
0.80540261 0.60903481 0.21274335
0.94967050 0.95776912 0.91740293
0.16345698 -0.00164055 0.21776768
0.65424623 0.82138189 0.48399860
0.29203575 0.85841561 0.38468438
0.90882504 0.17145060 0.22612041
0.18057839 0.68979658 0.80208888
0.57280564 0.67101342 0.04904149
0.55449506 0.18760307 0.27908162
0.88520196 0.37111103 0.17996593
0.66917431 0.54405663 0.21041137
0.46371238 0.95401651 0.17652980
0.79777507 0.14769528 0.51746961
0.28309222 0.43941148 0.43999352
0.85451676 1.00961371 0.23476658
0.43968369 0.86305231 0.86962360
0.57438652 0.25210798 0.52154962
0.63281822 0.08833610 0.94339016
0.69696282 0.34506334 0.11442577
0.21327366 0.10251740 0.07070310
0.51426583 0.30991338 0.24541808
0.88466177 0.27773598 0.15938985
0.82143165 0.28065858 0.53619113
0.76387131 0.03225966 0.77346907
0.91070563 0.23076827 0.51252500
0.64501693 0.89535858 0.30894158
0.13868190 0.54795272 0.76577669
0.56062703 0.80098137 0.18011427
0.88685412 0.85923958 0.48965146
0.33402154 0.63323581 0.26851464
0.25997922 0.57749292 0.11496090
0.99687462 0.35313039 0.47902439
0.51488109 -0.00298518 0.19102294
0.74252550 0.63967367 0.38950062
0.38368497 0.33505452 0.74046560
0.23155071 0.62682975 0.42981167
0.64564403 0.49928707 0.91053906
0.24785218 0.28315063 0.39432727
0.64377524 0.71854163 0.59595072
0.54999150 0.77565028 0.34992903
0.60378134 0.51351651 0.46653942
0.53978276 0.17478247 0.51554038
0.86133124 0.94786116 0.96495431
0.85927807 0.57241817 0.42502813
0.69876858 0.82055864 0.81137522
0.07604010 0.27074842 0.95715362
0.69881352 0.52165782 0.14487812
0.07605048 0.60642038 0.00205752
0.04368950 0.56370019 0.25838463
0.61458007 0.04847522 0.60160475
0.82654315 0.10830154 0.38537223
-0.00149072 0.70031633 0.83433546
0.07061594 0.63254891 0.28213722
0.86721902 0.86157717 0.95475006
0.89619311 0.05873735 0.10533083
0.21805128 0.46414672 0.48025533
0.22848909 0.56153927 0.58020256
0.70973042 0.96829159 0.37112645
0.41377253 0.67540120 0.88817682
0.12993276 0.59402054 0.82800613
0.30108509 0.22112959 1.02670593
0.16669762 0.76293421 0.29342417
0.68621344 0.90201195 0.44041779
0.74186777 0.66108662 0.24683516
0.88039035 0.08650012 0.49551250
0.41903484 0.71114254 0.64928700
0.04879658 0.37689170 0.62216782
0.44810575 0.67200786 0.58299950
0.03471197 0.88223460 0.77727581
0.99000174 0.17144542 0.35858798
0.17328806 0.36127194 0.55582883
0.76121768 0.08208286 0.46626426
0.73915553 0.50710630 0.77705772
0.29895271 0.51944460 0.40606639
0.61096363 0.64607784 0.69138103
0.23995428 0.82411138 0.86015504
0.50360936 0.52440053 0.45937270
0.69591171 0.16481662 0.18668926
0.70853857 0.38499968 0.34249045
0.17703854 0.90434956 0.97973132
0.38012720 0.41176353 0.19518888
0.64778140 0.85524750 0.61712291
0.93134906 0.84137135 0.83465209
0.57456870 0.60550917 0.25244335
0.83012906 0.32979650 0.19926619
0.54929947 0.27580833 0.59202746
0.93483461 0.09273006 0.81391947
0.22912769 0.78599291 0.78310399
0.46409285 0.36759310 0.14096288
0.94484221 0.67541644 0.92831010
0.38158770 0.38157627 0.68421462
0.77286892 0.41736429 0.59536861
0.84447798 0.19261723 0.13354091
0.47991863 0.57218030 0.84614394
0.60190026 0.49870595 0.62745420
0.03910536 0.45134399 0.80440329
0.87145803 0.49768248 0.10919851
0.50400675 0.07309744 0.64678298
0.15719783 0.39052281 0.90712334
0.98471189 0.06925010 0.47522908
0.60600460 0.20472513 0.80975339
0.83757051 0.08632303 0.57290051
0.59266753 0.52027493 0.10557900
0.56848723 0.09508543 0.34268182
0.61774234 0.58141858 0.13579718
0.55747302 0.54581912 0.74899264
0.70585447 0.57112160 0.67702286
0.95219579 0.20900173 0.78803749
0.73281128 0.73507310 -0.00045160
0.78015842 0.52690373 0.56749385
0.52453623 0.50573843 0.36366807
0.93461526 0.71234464 0.58239412
0.39303721 0.49848650 1.02369111
0.70772034 0.23016558 0.08054008
0.25471519 0.00485457 0.76305238
0.80876517 0.43130966 0.71779485
1.00675657 1.00248237 0.27436992
0.95999349 0.58238261 0.10643239
0.66729229 0.90851467 0.77806023
0.54450336 0.62854672 0.96980728
0.01923423 0.21578359 0.39553366
0.76147204 0.09865614 0.72866886
0.37067577 0.43998524 0.38265946
0.01609666 0.96539659 0.87595253
0.59761308 0.18422685 0.71015574
0.21735790 0.24666789 0.76335451
0.94941275 0.57024807 0.95889696
0.19791345 0.90714907 0.63310399
0.29648463 0.48817311 0.85029258
0.33436315 0.87318309 0.20032676
0.18462495 0.94691581 0.27195324
0.08445821 0.55216981 0.38239859
0.05056518 0.83375371 0.47804385
0.62750649 0.17191614 0.17311223
0.02540765 0.11479243 0.04588717
0.03091028 0.86715063 0.85854404
0.34914299 0.24069446 0.25960061
0.19375045 -0.00072715 0.73165530
0.39565656 0.79314611 0.07471493
0.13514258 0.41933722 0.09208717
0.79925442 0.76182045 0.76851463
0.02923822 0.69049197 0.16643901
0.87856358 0.12384989 0.11314805
0.58596409 1.07878535 0.41890339
0.53208009 0.97874632 0.65752380
0.23416412 0.69503375 0.44561536
0.37384990 0.53128572 0.79676503
0.18443118 0.87290328 0.84765436
0.26452939 0.87932962 0.26947187
0.55381790 0.91705761 0.75611669
0.49915538 0.01394684 0.49162932
0.49777301 0.95331595 0.31425511
0.60702185 0.98939360 0.80001210
0.85464173 0.20614876 0.93360549
0.19382111 0.37566700 0.24567910
0.27259293 0.37075560 0.62978621
0.51078176 0.45212777 0.73838239
0.68141810 0.41969893 0.58057402
0.60309341 0.30112312 0.71180796
0.26153654 0.02693405 0.24740783
0.95603552 0.29855416 0.57596455
0.57008710 0.75171783 0.26888948
0.13808214 0.60981379 0.57332150
0.27721051 0.79172942 0.50305207
0.40166064 0.89595647 0.31092055
0.01440485 0.08631214 0.76189065
0.97699112 0.64417465 0.71157971
0.09783595 0.69083498 0.50442480
0.81017498 0.93213661 0.18813238
0.30640771 0.71171742 0.13447290
0.14891750 0.46954632 0.28471700
0.82917086 0.59699145 0.61201024
0.34652164 0.61117993 0.18879503
0.74410928 0.19692930 0.14857029
0.07612932 0.07374845 0.79903727
0.49812378 0.41382445 -0.00015145
0.19529210 0.65839602 0.52149181
0.92943826 0.84546772 0.00325645
0.78738709 0.28295349 0.80060477
0.80757459 0.79609144 0.88165404
0.13011643 0.52070521 0.83880729
0.24053631 0.25718681 0.97946303
0.58023501 0.32829481 0.52370656
0.64014715 0.08187337 0.48396738
0.23262706 0.39989916 0.13525186
0.70317015 0.01626541 0.53558262
0.21323807 0.04647496 0.86198117
0.45377789 0.71766244 0.21723832
0.96902480 0.21318915 0.47485154
0.04008169 0.05253172 0.36896616
0.24277222 0.07732474 0.41315381
0.66469325 0.21067966 0.85496533
0.14402918 0.96093431 0.39874780
0.94383430 0.71802307 0.17801618
0.73333440 1.04513793 0.36147279
0.60644564 0.97333953 0.04648802
0.92513072 0.72010001 0.47992167
0.08979701 0.64276867 0.65666200
0.52627810 0.73980736 0.52930613
0.36052003 0.10272113 0.12362769
0.80059854 0.62700760 0.93392506
0.84803239 0.46266030 0.02731596
0.12378802 0.44473985 0.47642329
0.57668419 0.26423166 0.38910751
1.01865754 0.89395186 0.38405774
0.81827686 0.70163563 0.82747870
0.42507721 0.28160286 0.17353924
0.63467123 0.33203645 0.08984075
0.74604221 0.43721166 0.88371029
0.76631515 0.61451496 0.30450141
0.71476412 0.54802296 0.99761059
0.62456614 0.19604932 0.99242619
0.57906540 0.35646757 0.37773793
0.70901442 0.48660713 0.86036779
0.51494721 0.59049004 0.91440011
0.16786698 0.29937980 0.14080303
0.08695331 0.09505994 0.92441106
0.16438184 0.23201511 0.97704815
0.06170530 0.47148332 0.59006024
0.46284048 0.46769400 0.82258119
1.03845354 0.92389140 0.68206547
0.02333864 0.55130526 0.73268879
0.72046855 0.24963537 0.35198104
0.69879498 0.47282320 -0.03462696
0.95892502 0.78117646 0.51762856
0.65428613 0.99876193 0.41532861
0.53701122 0.77193902 0.59964584
0.82820575 0.81200765 0.40169424
0.21511083 0.39350442 0.78271321
0.81711944 0.76090641 -0.01359509
0.48971814 0.17109725 0.92394102
0.77029004 0.38453183 0.81307315
0.20063321 0.49992207 0.85131912
0.45915752 0.53971685 0.61154548
0.21927938 0.76922907 0.12536451
0.72279877 0.60323422 0.09803215
0.27378395 -0.02049338 0.87010761
0.73320298 0.30918558 0.23000679
0.90828774 0.61683233 0.50813054
0.33590315 0.30429926 0.84660988
0.08928263 0.39662857 0.25854681
0.64996580 0.42340281 0.38586341
0.06743254 0.97384764 0.41879753
0.26954425 0.36752529 0.53651031
0.58267715 0.82185517 0.58961898
0.37754998 0.72778294 0.30262769
0.68394139 -0.00618772 0.21222452
0.58694059 0.23180044 0.11421936
0.78063206 0.80703830 0.48631678
1.04027733 0.58480105 0.80470910
0.45585289 0.53002604 0.08248220
0.02169921 0.17521619 0.26635376
0.13349440 0.82501936 0.83323418
0.58793410 0.80706668 0.91588479
0.71429966 0.34482997 0.61451664
0.63087393 0.64018227 0.38774554
0.25062796 0.82572804 0.70234708
0.13096907 0.45843166 0.62521217
0.49933382 0.69017457 0.73834582
0.33632894 0.42376827 0.62952547
-0.02772647 0.42547108 0.20978059
0.80402466 0.80333230 0.25052893
0.19662852 0.83385540 0.04130231
0.59928561 0.90732221 0.60829124
1.00939778 0.29955198 0.85911163
0.14332746 0.57650744 -0.07424828
0.18833802 0.71077384 0.57377602
0.88607413 0.71854494 0.92409705
0.35696219 0.05752492 0.70930650
0.08714218 0.14623554 0.87121849
0.33692189 0.58877556 0.57220655
0.68263060 0.69543043 0.43212841
0.35332063 0.94362418 0.22031310
0.35337121 0.56101816 0.29150677
1.01314968 0.90098676 0.92619745
0.63472310 0.06806750 1.03121070
0.65012823 0.05973103 0.69275357
0.33106892 0.68471246 0.39301494
0.06980024 0.34947004 0.87613601
0.96623948 0.12085455 0.24637141
0.11997471 0.95367309 0.68317401
0.97201298 0.77933581 0.22564467
0.60609133 0.12654865 0.83107900
0.54900564 0.47433920 0.43594197
0.68096713 0.21639793 0.27533336
0.46896817 0.14029212 0.50714691
0.74156946 0.32051119 0.84686864
0.13589375 0.79599934 0.50199327
0.55836601 0.57894654 0.44669571
0.78235046 0.47370605 0.13497473
1.05375854 0.07990237 0.98443572
0.64184939 0.12192848 0.22614771
0.52006384 0.22182109 0.08155772
0.73665222 0.44074841 0.78162069
0.56351940 0.70001775 0.78390696
0.34342683 0.41687101 0.93055772
0.88745349 0.43829535 0.87147244
0.42514239 0.91280010 0.09647646
0.13567285 0.11456860 0.38833657
0.06798446 0.34392989 0.13708684
0.74732679 0.72720238 0.92164923
0.29127805 0.02837289 0.67827973
0.55489437 0.37074901 0.21948496
0.59506432 0.44421660 0.79588242
0.43585606 0.84190146 0.36081526
0.00241702 0.88284044 0.04445922
0.83676404 0.31936089 0.45896449
0.62432303 0.02808919 0.25238989
0.44813865 0.30389304 0.89701642
0.07120393 0.18901248 0.96048291
0.87493915 0.28744181 0.60423343
0.17456049 0.96163843 0.92644570
0.74611499 0.65717192 0.84022010
0.53736535 1.00031898 0.08147689
0.12197864 0.73617239 0.42086306
0.32039164 0.79195617 0.59413061
1.00686339 0.88235056 0.14925875
0.26977322 0.50844514 0.59821825
0.72194717 0.27697193 0.57235017
0.52118643 0.30886476 0.86140190
1.00216414 0.25037999 0.94917295
0.46379445 0.78230201 0.78760558
0.67263138 0.50842649 0.73717723
0.47818281 0.92799007 0.63543839
0.19420878 0.50726594 0.32851928
0.43830543 0.61083564 0.92771210
0.51228307 0.21774822 0.76178384
0.13758978 0.65993927 0.30895501
0.36756134 0.35771737 0.87930753
0.71882079 0.22817584 0.79531364
0.86828116 0.47672634 0.22457264
0.07115985 0.49127271 0.09886593
0.24979905 0.44499897 0.30088540
0.67245954 0.11434315 0.35813799
0.60874173 0.17006984 0.46166793
0.42488042 0.42481859 0.28383490
0.60742439 0.26790419 0.32086872
0.34174881 0.53287741 0.61989746
0.41392772 0.50573531 0.14659239
0.35742175 0.48294227 0.21900178
1.01713307 0.15914025 0.51571105
0.09399532 0.84194762 0.55200595
0.81974709 -0.01074718 0.73571396
0.55565671 1.02234122 0.30994392
0.97351155 0.23177709 0.57618815
0.46623592 0.04685111 0.21016373
0.63744468 0.99697138 0.50413317
0.29073924 0.52102210 0.25234546
0.42193114 0.07204974 0.91308340
0.45708552 0.00425321 0.92754480
0.94406055 0.07416762 0.54513867
0.15895240 0.16874262 0.64949430
0.22898422 0.29399561 0.61128285
0.06765824 0.44557992 0.67468023
0.33931859 0.68965021 0.69662192
0.56564043 0.16808699 0.59815510
0.17547941 0.61386825 0.46394803
0.86432871 0.69994521 0.26380381
0.11788104 0.23131913 0.81241656
0.54993207 0.12421228 0.66701858
0.61995125 0.92916401 0.17278838
0.10360048 0.93752015 0.84824274
0.35799408 0.90167620 0.40052538
0.43279748 0.44277556 -0.08410557
0.88969563 0.54411609 0.16403233
0.68225303 0.25305180 0.48442423
0.70308712 -0.01332957 0.75110084
0.45124545 0.44360878 0.63207889
0.38517888 0.07375763 0.24654233
0.35318343 0.49284717 0.95624052
0.90715328 0.18591353 0.73492743
0.95453999 0.11897511 0.04330165
0.79457385 0.62682213 0.74501671
0.28286462 0.14191609 0.53718983
0.17639576 0.29113024 0.01979263
0.87675885 0.41989217 0.28436670
0.14285707 0.18993783 0.90214123
0.84061254 0.54133428 0.79211084
0.38502057 0.15571675 0.50376028
0.21308398 0.46679821 0.67744191
0.64082264 0.72738511 0.36344025
0.70580206 0.20206071 0.98236500
0.98777678 0.79002132 0.32780956
0.70276878 0.10143997 0.93553343
0.87636490 0.91845321 0.37364431
0.30168888 0.83125367 0.12489582
0.93396003 0.31074269 0.70837178
0.61898018 0.74459537 0.18140584
0.69820741 0.28244806 0.16641639
0.39825381 0.72323526 0.81019948
0.11295868 0.75469123 0.11707064
0.86368744 0.76148880 0.60110320
0.78198710 0.80745614 0.66848808
0.74760778 0.06378792 0.64030307
0.10341957 0.65211593 0.75095940
0.39922664 0.59301369 0.68658595
0.96089011 0.27179374 0.77165008
0.23554891 0.60217664 0.65451505
0.59783062 0.88760151 0.69259985
0.13995750 0.04266826 0.37407217
0.16103440 0.47259674 0.54354021
0.87855190 1.03599922 0.95012046
0.24947822 0.79742067 0.20168634
0.90965066 0.57221604 0.25152345
0.77493943 0.49066147 0.05641347
0.44552257 0.42515737 0.74431490
0.87665904 -0.01474017 0.60167263
0.73649384 0.15142862 0.58708731
0.96943133 1.01687318 0.37366601
0.30035283 0.68746281 0.00373500
0.18250089 0.86327284 0.70539886
0.63935228 0.44404547 0.49373240
0.72338170 0.05974118 0.11026756
0.60333629 0.47941638 0.36642716
0.62665212 0.48015465 0.16177978
0.41554801 0.27602028 0.81979610
0.22308356 0.91062367 0.50465376
0.43670927 0.51003495 0.46535075
0.28448179 0.36685369 0.97794285
0.21357287 0.51089374 0.24449820
0.53645827 0.24280114 0.22476144
0.76234355 0.35565868 0.27431657
0.44499398 0.37615679 0.93652780
0.78101302 0.47400898 0.22428748
0.37144425 -0.02010545 0.38851304
0.04210803 0.70854953 0.29805714
0.04729780 0.11233264 0.57698616
0.69461112 0.45986126 0.17787063
0.41837565 0.27596444 0.04314727
0.19737435 0.11511909 0.46393569
0.20711975 0.56835367 0.72463419
0.14053952 0.65955683 1.04318607
0.39611931 0.09832964 0.32119783
0.06835318 0.55773196 0.64932170
0.64783103 0.35115885 0.51526243
0.12305803 0.76645364 0.65028014
0.28679548 0.55748484 0.19224091
1.00814643 0.98035956 0.99593220
0.66007587 0.60876865 0.91047410
1.04161206 0.96324702 0.16474785
0.08413814 0.75240867 -0.02475698
0.42628015 0.11918842 0.03760641
0.37211035 0.16331337 0.33376853
0.69189943 0.86490499 0.53031050
0.70065090 0.81396464 0.89568820
0.44182001 -0.06347092 0.81872118
0.68891364 1.02383295 -0.01968842
0.96271405 0.35873332 0.75650047
0.24483901 0.81417417 0.36459937
0.43018023 0.45758832 0.54464781
0.66071404 0.68149769 0.90378971
0.32078212 0.12263432 0.88529154
0.31415727 -0.02808130 0.09955277
0.73145185 0.43156638 0.23584445
0.97338033 0.09539590 0.68580129
0.65332753 0.94539501 0.69761882
0.81766885 0.43581796 0.84581984
0.90552246 0.11243363 0.72378714
0.00604661 0.51545181 0.50261652
0.52282411 0.51966061 0.11733693
0.35405708 0.75202188 0.95584203
0.15789166 0.43446789 0.21428177
0.65079462 0.65533851 0.00585093
0.39914576 -0.04090461 0.72216750
0.54635552 0.40194539 0.32568341
0.50578905 0.24097364 0.87524631
0.65178107 0.35068930 0.73888311
0.88974235 0.38981185 0.39628309
0.45577970 0.23646145 -0.00715358
0.11337565 0.91292495 0.44855516
0.18983396 0.62860471 0.99820639
0.48417700 0.76704958 0.01443947
0.39437492 0.04124792 0.04219871
0.24317109 0.72379703 0.07292713
0.88963965 0.34443381 0.65981654
0.66338160 0.64634797 0.75261184
0.18170637 0.89164614 0.34822335
-0.02747077 0.13510107 0.58475442
0.38403604 0.88619887 0.99529193
0.46895402 0.03157943 1.01225250
0.33952263 0.98714686 0.30905126
0.48330955 0.85022125 0.73769629
0.50750515 0.86958842 0.96509975
0.28391598 0.87894503 0.78240433
0.17456001 0.01448321 0.62640248
1.00576214 0.10047083 0.91435506
0.19573209 0.28674517 0.52094764
0.44699073 0.14869821 0.31308199
0.63119870 0.89172490 0.91437638
0.74914459 0.99630636 0.64306996
0.47629237 0.73361949 0.08715906
0.79144980 0.21984755 0.85664470
0.39024477 0.46213148 0.84614883
0.83968253 0.73835054 0.14473500
0.49601851 0.11295150 0.35261767
0.99426817 0.07449250 0.15829635
0.39392051 0.61547530 0.77424009
0.08537325 0.09456543 0.65197133
0.73385197 0.72689240 0.13534588
0.76747681 0.37867418 0.67855373
0.13542049 0.32461969 0.47315311
0.95797052 0.36145143 0.15362771
0.38800143 0.62079709 0.60476277
-0.00450602 0.51983439 0.28619690
0.57490015 0.71388919 0.10941964
0.87824846 0.20380635 0.66141026
0.35730841 0.60837087 0.42242491
0.34697116 0.77602654 0.82386581
0.97543221 0.63424011 0.80907898
0.22251162 0.18493995 0.98480402
0.08111347 0.46643536 0.92255868
0.65970557 0.93767192 0.11224126
0.62308254 0.84988007 0.42072131
0.30167408 0.44869160 0.23638801
0.74503771 0.53761655 0.26708799
0.67610068 0.81185325 0.73203994
0.16194970 0.24207581 0.46432735
0.26876917 0.18024295 0.80864102
0.05405077 0.15531103 0.66928060
0.15304735 0.07131725 0.22804632
0.84654187 0.22959051 0.79804845
0.56165636 0.82535875 0.84076181
0.40563063 0.14742372 0.15869321
0.91506989 0.11190208 0.91116453
0.75623134 0.80860418 1.01476028
0.65939624 0.23483920 0.61726963
0.32637111 0.02349930 0.95278477
0.31096461 0.52515673 0.12542815
0.31584732 0.77238702 0.42773344
0.04692133 0.26544023 0.13763526
0.52245717 0.80766961 0.47419138
