0.81606489 0.52682032 0.47590431
0.07016961 0.50578854 0.70597820
0.28996002 0.48639317 0.93147557
0.76739136 0.54997264 0.93894542
0.40061690 0.53704901 0.22285991
0.11524676 0.25465034 0.68469346
0.52309614 0.92395358 0.56393468
0.95984602 0.48739966 0.56586651
0.77636315 0.36555055 0.93069895
0.83253958 0.82694379 0.15898790
0.84595388 -0.00680119 0.06683585
0.57274447 0.99699026 0.96982582
0.56524914 0.16901434 0.95626187
0.11691167 -0.05304647 0.77181103
0.50649292 0.83117906 0.06230404
0.91883385 0.92078773 0.13264320
0.51447617 0.53294599 0.68349602
0.29644360 0.02842997 0.43419219
0.72134531 0.32267817 0.44411809
0.44016653 1.00313843 0.78729422
0.45466349 0.65838271 0.77554838
-0.00951460 0.15399489 0.66196032
0.85694514 0.70274465 0.54078776
0.84481632 0.11761434 0.94874948
0.58596816 0.33470343 0.26797966
0.13176333 0.58891236 0.09012000
0.05588050 1.00947313 0.94339797
0.49596423 0.08988094 0.77108967
0.26499553 0.64052715 0.30418920
0.45433056 0.45122817 0.16307652
0.25466679 0.52964209 -0.02355277
0.82861793 0.05266184 0.45517041
0.85365634 0.51018199 0.39678417
0.59925162 0.80675208 0.29568688
0.30172848 0.37944029 0.78291365
0.79647043 0.98655321 0.33502394
0.20540031 0.72117853 0.24540769
0.88603742 0.15669945 0.34651543
1.05028833 0.81438936 0.29283740
0.13018750 0.51204644 0.95626937
0.94662533 0.99363050 0.23909914
0.41813724 0.60266580 0.18610626
0.27068365 0.34024492 0.24588354
0.54732682 0.51786750 0.94839182
0.77756253 0.42178745 0.00282280
0.83289933 0.85527640 0.28768170
0.89333797 0.82622955 0.27715945
0.78553746 0.24930783 0.30406195
0.15313849 0.73170861 0.50337639
0.33029721 0.56084774 0.86803021
0.67768295 0.92081809 0.61146805
0.85909389 0.27038549 0.42126915
0.39068517 0.80823276 0.50865577
0.68854447 0.88875614 0.07459580
0.23434398 0.63870700 0.58031585
0.95822896 0.85325342 0.27941726
0.93545287 0.57926081 0.40541942
0.41652921 0.95828176 0.89041200
0.63574629 0.55064694 0.00185591
0.06270572 0.18302840 0.80058916
0.18117335 0.75547480 0.85220871
0.39007181 0.74547839 0.45764615
0.58885770 0.39687880 0.49489121
0.03284971 0.80266281 0.02523960
0.91663596 0.14701878 0.43122786
0.96291774 0.35715679 0.36661382
0.42927414 0.83730998 0.78583179
0.78481191 0.07165328 0.32250848
0.87136815 0.95277601 0.47560422
0.93634462 0.62767994 0.01099071
0.75363965 0.86847117 0.91824198
0.59126817 0.74353044 0.41670912
0.94919038 0.28493382 0.21109246
0.23051526 -0.00616485 0.01096237
0.50934779 0.48220426 0.63478869
0.82193007 0.34401321 0.38781832
0.40726490 0.65616526 0.43460169
0.64332674 0.22967340 0.21020951
0.53832988 0.30839543 0.46583221
0.44143489 0.10613924 0.83790263
0.92729477 0.91439285 0.76741629
0.51854651 0.37179282 0.55717490
0.58693722 0.60188035 0.84769300
0.56701628 0.42556132 -0.02862517
0.33975940 0.90859209 0.49531322
0.67252436 0.30119136 0.83630449
0.21070165 0.40223083 0.61096633
0.32140609 1.00388892 0.50421280
0.48845331 0.21388828 0.45347907
0.29715337 0.43141519 0.55756079
0.39262312 0.55477138 0.36105410
0.23196229 0.07936915 0.19224839
0.49749135 0.63044178 0.44472844
0.31648613 0.50714446 0.04070324
0.08983471 0.18931433 0.59802540
0.44079223 0.28574997 0.26208113
0.99248921 0.67579388 0.63567404
0.12366695 0.53415665 0.59914748
0.24135613 0.10041734 0.61541754
0.13469020 0.04319282 0.86688001
0.48463873 0.70995579 0.83663289
0.90057295 1.01365905 0.72168641
0.54786431 0.13578029 0.75356560
0.51508983 0.31332896 0.35493090
0.01152050 0.42778943 0.48466664
0.86775324 0.93105974 0.80646549
0.60973454 0.86842638 0.05039809
0.32834852 0.75178390 0.20857666
0.97373114 0.28618936 0.37109480
0.69300019 0.13949100 0.09697069
0.68234461 0.08290374 0.56621074
0.27512857 0.04427754 0.82819799
0.53625925 0.94063129 0.48382200
0.62773860 0.41332769 0.85471156
0.66955824 0.05309206 0.31849437
0.40084414 0.38635638 0.82082592
0.20281173 0.48652149 0.93479683
0.39338800 0.56240334 0.50258785
0.40293480 -0.04700822 0.97033468
0.13882883 0.31982396 0.77050777
0.58853557 0.53642083 0.87237223
0.02368188 0.18247716 0.05923551
0.18329053 0.07611651 0.72560258
0.43046921 0.77725479 0.27696064
0.35138209 0.44581925 0.06095967
0.55448062 0.63715997 0.79213435
0.39047067 0.58607032 -0.01498787
0.21998875 0.02714490 0.53397949
0.47116823 0.12591990 0.22409106
0.36541415 0.47318318 0.56423889
0.10012312 0.95519873 0.92458994
0.06476935 0.87854847 0.32615026
0.58719847 0.65969212 0.33553830
0.11877547 0.35611118 0.64229706
0.15097981 0.98158971 0.08597467
0.00052471 0.70169912 0.06193535
0.73720725 0.91520228 0.16430732
0.44491029 0.40016378 0.05466421
0.07986859 0.24326069 0.88994053
0.38372701 0.70871614 0.20092799
0.19947032 0.26170354 0.08791070
0.87061640 0.68400333 0.68770055
0.95086465 0.55725583 0.50408459
0.89077562 0.66133748 0.78934209
0.45403479 0.51272909 0.35382857
0.89232192 0.49098310 0.33190376
0.23172601 0.42619362 0.21576205
0.09345247 0.03943789 0.31204475
0.20905431 0.84966406 0.13906172
0.40066477 0.67997611 0.71706414
0.23759684 0.91757607 0.05649004
0.17070947 0.95179714 0.53763240
0.87769547 0.48376403 0.69643391
0.54327468 1.06522137 0.51048457
0.37350536 0.38046193 0.47587718
0.04091023 0.47638225 0.44014759
0.11211568 0.32867523 0.25510246
0.70922175 0.43411155 0.50614532
0.32804547 0.33936258 0.43192837
0.29564806 0.14830150 0.30943676
0.24468052 0.86606698 0.98623778
0.25314268 0.78636390 0.02752839
0.16203720 0.40938389 0.99832295
0.09310891 0.84645017 0.04506194
0.52677021 0.12001732 0.85381673
0.97027419 0.88542288 0.65532639
0.89100143 0.48773058 0.46690525
0.33526493 0.67630338 0.91278605
0.93276627 0.46575957 0.16963432
0.21442187 0.05642033 0.34561797
0.02600606 0.21203947 0.63074161
0.76742881 0.88276486 0.67379999
0.43049070 0.13047709 0.72203295
0.46658696 0.70338712 0.36542275
0.75867313 0.81955939 0.18289860
0.71593349 0.02544270 0.88442281
0.85739793 0.42781997 0.13675636
0.84651837 0.91343559 0.58966486
0.22620034 0.45887980 0.57132060
0.05433189 0.36655198 0.78861916
0.48500145 0.42014632 0.51524005
0.78462181 0.15489315 0.91179151
0.47017822 0.52281867 0.99785436
-0.00233770 0.48968089 0.37376276
0.84135643 0.40539496 0.92994358
0.27023032 0.62398703 0.84815160
0.34951662 0.26570051 0.12565887
0.72396943 0.62643846 0.00700037
0.63748291 0.66496972 0.49079178
0.66538151 0.58260764 0.27572116
0.12713551 0.10238094 0.30492198
0.51903043 0.12819685 0.05001273
0.84778535 0.44287632 0.38944526
0.15634187 0.38593840 0.44414827
1.04065283 0.56244060 0.45535678
0.76532900 0.41536011 0.38742199
0.85697697 0.90466003 0.68189227
0.95236330 0.86217406 0.08865329
0.04825868 0.04037520 0.48110655
0.18715542 0.65535421 0.68593894
0.47771544 0.03031899 0.85336694
0.80774180 0.92274154 0.88768496
0.65716733 0.78916995 0.58839406
0.28286738 0.96183034 0.25278441
0.91932737 0.85792603 0.41547398
0.60202734 0.09774642 0.14382241
0.35973564 0.84667136 0.56507575
0.31378420 0.11973475 0.65497658
0.19680956 0.19562187 0.06854237
0.08391436 0.12395689 0.74880361
0.07793785 0.31387094 0.51981830
0.35295774 0.04806946 0.37597939
0.35478391 0.67185040 0.06424945
0.32515983 0.84228062 0.45890591
0.77027654 0.16276866 0.40186506
0.04074061 0.41764022 0.55960393
0.37803091 0.18245264 0.23330499
0.85835447 0.83304877 0.80815863
0.06642950 0.61544404 0.87599532
0.21221586 0.47246367 0.02776153
0.99887037 0.33206690 1.03072265
0.11347469 0.51686871 0.04535169
0.41844086 0.34276645 0.21296854
0.08366107 0.22012991 0.36110145
1.03868477 0.12627760 0.20133460
0.91500449 0.28253830 0.01197269
0.46994148 -0.00044623 0.10967226
0.01602825 0.62570375 0.03815006
0.49129237 0.21681996 0.67950228
0.09488607 0.15467370 0.23088899
0.86284855 0.54647388 0.05415553
0.98916303 0.27992180 0.45073515
0.82060538 1.00353405 0.97626465
0.42792091 0.09602698 0.54245711
0.18660048 0.51348695 0.41590497
0.01486118 0.92813526 0.46763149
0.83437091 0.22104605 0.50138896
0.83163637 0.38390923 0.64598812
0.05199265 0.46084414 0.30897926
0.77662656 0.46491067 0.30589195
-0.00709896 0.89979870 0.55388085
0.70289516 0.55210385 0.90199548
0.03468161 0.29439337 0.76934655
0.39288565 0.83375595 0.17924298
0.54455476 0.18697164 0.83030308
0.68838599 0.57991746 0.52240221
0.64699812 0.66369887 0.09126629
0.21494625 1.00824696 0.45023619
0.24421744 0.96842306 0.67183267
0.99406150 0.74564498 0.64033252
0.32797943 0.33965632 0.08947738
0.32664018 0.93285888 0.81549440
0.76822853 0.85196662 0.82820491
0.34394338 0.61831344 0.10777111
0.63527045 0.78189215 0.84338225
0.80870391 0.52327219 0.33142105
0.13797667 0.03034680 0.55981937
0.06183293 0.74431107 0.55142379
0.72887503 0.14015712 0.78812124
0.61725233 0.05671697 0.80632330
0.85831246 0.15392534 0.47072457
0.80222973 0.68899490 0.37633294
0.44988236 0.54265970 0.77896143
0.14687821 0.42759549 0.77301169
0.73512736 0.18273781 0.33385360
0.83383028 0.20087918 0.32401635
0.13228133 0.60089804 0.71689817
0.51741674 0.29352978 0.78298672
0.76765688 0.97210609 0.26376770
0.74230006 0.75060210 0.42684063
0.27978947 0.20424769 0.25174684
0.94051953 0.44007870 0.49451972
0.80817596 0.91040387 0.36174736
0.35612263 0.88437384 0.76226779
0.63410092 0.67100417 0.82173746
0.17560567 1.02364760 0.98006146
0.89836385 1.02143553 0.53159559
0.83736456 0.59559738 0.32231459
0.22221104 0.18296800 0.87738325
0.86783237 0.49259141 0.94709967
0.66205380 0.39692754 0.26329702
0.41013806 0.72005637 0.12180822
0.88506674 0.18356380 0.86552377
0.67420015 0.76724109 0.24359738
0.87418325 0.26479682 0.32349262
0.96956474 0.38068870 0.83277918
0.64750836 0.63876753 0.57024159
0.74732736 -0.02475305 0.94795297
0.28410621 0.29380776 0.31233778
0.57272453 0.79739489 0.75161405
0.81807883 0.62794487 0.44280881
0.27625597 0.56487664 0.34024008
0.69616336 0.69157277 0.34123005
0.16997868 -0.01229168 0.82310607
0.81467578 0.01666027 0.64038376
0.46298808 0.59199583 0.72177855
0.25210596 0.30453498 0.07835518
0.94650083 0.71973521 0.34461708
0.53646961 0.31928436 -0.02760376
0.58122954 0.11970405 0.53041807
0.85411521 0.65113207 0.01334763
0.44839345 0.66837630 0.50221682
0.93226774 0.69363221 0.08600083
0.11142205 0.40199421 0.16753597
0.69588935 0.88382778 0.69646658
0.63072032 0.41550221 0.71477797
0.83889837 0.15448263 0.70330550
0.93261101 0.24878289 0.91218770
0.79817275 0.06405054 0.83880604
0.20846632 0.50827487 0.76087284
0.21005347 0.22530119 0.35067530
0.62456702 0.18604494 0.29918936
0.99143419 0.03615099 0.89781693
0.36503472 0.87000858 0.07437958
0.52152266 0.44475246 0.12037304
0.69568810 0.61738489 0.33170233
0.45039145 0.28493734 0.68178745
0.04778657 0.28597105 0.62842410
0.74570239 0.92397018 0.77720282
0.57398519 0.87024333 0.17834567
0.82649213 0.68926531 0.93305894
0.61936850 0.03661146 0.10826097
0.68321502 0.85878313 0.35241827
0.49360198 0.88314846 0.18476740
0.28204294 0.52550705 0.76415098
0.38937229 0.33922300 0.61614082
0.18763495 0.22706014 0.68522253
0.31791773 0.71029960 0.77952117
0.34281975 0.22446288 -0.03604513
0.36187855 0.29814698 0.93386748
0.11527413 0.04264504 0.69888882
0.72957620 0.75911159 0.32392024
0.13977452 0.16283189 0.46465114
0.53585203 0.86385012 0.26479250
0.18818565 0.78261413 0.98068189
0.21981911 0.13441195 0.33319705
0.98559496 0.14190135 0.77376720
0.82751683 0.43440518 0.48784485
1.00190429 0.56855652 0.89944107
0.43366647 0.83318082 1.01025674
0.25689892 0.93851680 0.74250333
0.44154201 0.01435880 0.54055998
0.07104614 0.96173712 0.30200211
0.10657544 0.25737740 0.30037557
0.65064308 -0.03434931 0.32680700
0.02749968 0.02763774 0.19422955
0.86870325 0.36875936 0.57636062
0.76305100 0.74227448 0.61748704
0.50304111 0.24688917 0.52526840
0.28554033 0.44535714 0.69864007
0.09013516 0.21845981 0.44969249
0.70665133 0.56388446 0.44133913
0.27616988 0.19606842 0.67427604
0.32577955 0.61446143 0.35273449
0.46971752 0.37799037 0.83773688
0.72516632 0.14172887 0.68417206
0.89933307 0.40853060 0.68253846
0.54959401 0.65507905 0.57297656
0.51864203 0.35556903 0.04699693
0.12066190 0.99415732 0.48746460
0.22796079 0.35073267 0.84659572
0.52570709 0.41642162 0.85619913
0.12271784 0.85433112 0.28614647
0.58714351 0.97445363 0.56318859
0.50436948 0.47521608 0.55478898
0.68898211 0.38419400 0.83713089
0.55055914 0.19118244 0.16634894
0.77152241 0.84294254 0.37225860
0.20936399 0.58002514 0.33706043
0.04167759 0.51550800 0.20046513
0.81113426 0.36684420 0.75301929
0.68345153 0.45149123 0.66902186
0.04243897 0.80449360 0.57881586
0.75101289 0.47493669 0.69080756
0.72062912 0.29995083 0.67889806
0.88490987 0.77130029 0.71183321
0.17544456 0.18954445 0.55310048
0.67081793 0.99387424 0.62791993
0.30130944 0.86793570 0.69354304
0.63641419 0.49766744 0.81545814
0.25346393 0.47625764 0.37701135
0.50988722 0.54319367 0.19535071
0.66923947 0.64508913 0.21973224
0.28223948 0.71500431 0.27847293
0.46553565 0.22399033 0.37133142
0.49670417 0.09297962 0.95190484
0.93271637 0.45717429 0.40893625
0.38195755 0.14073142 0.64855639
0.27150594 0.22801994 0.59152508
0.96856272 0.14136992 0.15658796
0.65240841 0.29273185 0.55324987
0.45480179 0.81164323 0.14086817
0.27930631 0.12828896 1.02169926
0.62134306 0.79483165 0.03576308
0.20657046 0.89948695 0.76793726
0.30079571 0.69374160 0.48489034
0.39692169 0.14867307 0.41707639
0.49485816 -0.05337173 0.89183705
0.82217073 0.86042906 0.02766128
0.04885913 0.73554113 0.69822594
0.58842015 0.23257805 0.63241466
0.17306282 0.28754978 0.35271345
0.54162381 0.05705804 1.00310621
0.40955966 0.34448952 0.09783436
0.72896618 0.22546002 0.89076392
0.27184550 0.23861118 0.11138055
0.98702846 0.76061882 0.09475943
0.75143811 0.21516190 0.58348760
0.71010424 0.78393290 0.66794746
0.98800103 0.60200331 0.54382022
0.72095685 0.86487355 0.24166832
0.39929728 0.60164113 0.85513143
0.30312754 0.78676905 0.88246563
0.97202215 0.77599163 -0.00219375
0.45578841 0.78747167 0.94527397
0.26952864 0.96920670 0.35833985
0.60664228 0.86630840 0.53063515
0.09675735 0.64162368 0.37836261
0.61618570 0.57988508 0.49611855
0.79133540 0.57703470 0.37979251
0.12414266 0.28965429 0.59549303
-0.03059796 0.25520339 0.67698965
0.95678981 1.00517923 0.05197374
0.63395034 0.70382960 0.29023449
0.81418482 0.74596328 0.67652032
0.16604618 0.89105800 0.56470891
0.56574739 0.88750181 0.92413877
0.97609695 0.47588908 0.68643016
0.61159293 0.40186528 0.21113941
0.09987983 0.48355696 0.40088008
0.16297966 0.05436481 0.47014833
0.23247232 0.97020684 0.59150522
0.05141106 0.31975019 0.21841999
0.04293373 0.41795931 0.15539809
0.73794691 0.37319931 0.19191460
0.62644419 0.74373841 0.71097800
0.31100442 0.49604594 0.33039665
0.79157266 0.13036372 0.17533024
0.99365100 0.22871877 0.86484483
0.20355703 0.50029991 0.12124215
0.26241304 0.62512435 0.03605508
0.35473462 0.24681548 0.78835460
0.12533769 0.48576469 0.74281058
0.65966229 0.73348814 0.11743232
0.16378729 0.79511350 0.20855559
0.72128474 0.44640326 0.09071420
0.74876225 0.06168141 0.98698864
0.12713903 0.91490505 0.13863827
1.07884984 0.08693862 0.43224197
0.22016677 0.96498616 0.12404075
0.88521164 0.79287065 0.89938152
0.72188354 0.98507785 0.12257011
0.20286285 0.67263061 0.35117319
0.31524159 0.31291534 0.99624781
0.92062590 0.33285860 0.25715253
0.56718432 0.93736354 0.23447442
0.72993711 0.08431418 0.85323832
0.90721357 0.92017753 0.54967883
0.93808234 0.85548591 0.73647686
0.38345366 0.74153695 0.53499248
0.63840387 0.32813921 0.43186204
0.38471267 0.65686123 0.32184229
0.35832643 0.79794027 0.25231860
0.02737472 0.36078584 0.33834971
0.40823762 0.33680828 0.40047517
0.00482558 0.63663127 0.90342752
0.66262646 0.20167529 0.72037807
0.88078084 0.27647324 0.23836315
0.88284708 0.77053042 0.34065939
0.41297839 0.34385591 -0.00298271
0.32405702 0.25011175 0.70828964
0.07632718 0.91224143 0.51751046
0.01390085 0.01479253 0.76879866
0.78108564 0.82475526 0.09282078
0.32520354 0.90562642 0.62821539
0.92580211 0.20209276 0.10969596
0.95559412 0.53840465 0.68154225
0.33024824 0.00036263 0.81265065
0.66546490 0.88297935 -0.00795998
0.61318998 0.89432640 0.83092541
0.68445895 0.50294890 0.47528173
0.74624352 0.86404380 0.46943224
0.83906393 0.10396058 0.03448441
0.15465601 0.78990061 0.58698423
0.50557581 0.59746864 0.37368478
0.51177221 0.23665813 0.31450389
0.68606874 0.31195737 0.36982582
0.92712780 0.08029538 0.32444906
0.83392851 0.75278187 0.06800824
0.36143249 0.12527004 0.95759634
0.25699003 0.67662558 0.64078108
0.63412137 0.33022711 0.64726968
0.79240439 0.28323686 0.15875044
0.09265446 0.70996981 0.23263906
0.07533147 0.97368767 0.56954292
0.47305378 0.82977462 0.23562847
0.66151962 -0.03361284 0.92661475
0.20837294 0.65240027 0.92538810
0.71227599 0.29255998 0.91416156
0.21957967 0.10931859 0.92582503
0.58050959 0.47743428 0.21889347
0.49747538 0.87184404 0.47212495
0.58233456 0.07213433 0.71323728
0.74415685 0.35131838 0.04266101
0.51765926 0.80129082 0.68978485
0.51862870 0.46404797 0.91258984
0.49966282 0.71708720 0.61209602
0.44366120 0.92041733 0.56341389
0.84533983 0.27801895 0.95386576
0.22145561 0.38464229 0.69483167
0.01634886 0.81400138 0.79156477
0.59715125 0.29219678 0.96311687
0.08512687 0.70391782 0.03375207
0.36866275 0.93572897 0.58212103
0.79867567 0.05210215 0.04484640
0.80993002 0.96331003 0.41400919
0.40487044 0.18389976 0.75763489
0.07093512 0.23139874 0.53020892
0.53309524 0.36931336 0.12862283
0.76864545 0.19074091 1.05910904
0.54170833 0.98845525 0.37169882
0.47553573 0.89509595 0.39195416
0.79397333 0.30749120 0.62143918
0.56172978 0.94064855 0.83747409
0.42221659 0.76607935 0.36547374
0.78337121 0.40471527 0.12675023
0.71505605 0.54999682 0.59611049
0.48472781 0.38780635 0.62230659
0.08044186 0.92271064 0.21966396
0.33910063 0.04241708 0.61489044
0.79000366 0.07625097 0.92353616
0.45852233 0.59696456 0.51129258
0.87820268 0.79115254 0.51538637
0.37468838 0.46797206 0.30852288
0.82611631 0.53009876 0.65701626
0.57733190 0.37756680 0.89084373
0.55746824 0.75078395 -0.01865812
0.94141862 0.15206139 0.84074666
0.33624928 0.58836617 0.02841048
0.19968881 0.82527874 0.29488708
0.08559208 0.18402993 0.11581239
0.74358518 0.94930687 0.70109581
0.84702776 0.13411209 0.81924618
0.36815676 0.18710063 0.04215697
0.58895388 0.75551612 0.50272085
0.11409307 0.09681504 0.51335831
0.24334532 0.27777952 0.69516458
0.61562103 0.56724433 0.35503017
0.83537331 0.26638538 0.02894986
0.10978771 0.87744078 0.79583881
0.18978712 1.02351907 0.28540509
0.42332506 0.81513032 0.69453571
0.98037069 0.74825277 0.74363025
0.87940296 0.58975791 0.91407547
0.56929880 0.15211638 0.08964255
0.30455200 -0.02833727 0.97357211
0.46802830 0.15272993 0.42406139
0.25421638 0.71433824 0.81601830
0.54929467 0.34555601 0.71344760
0.41894674 0.77955358 0.59209834
0.91157460 0.53279107 0.58628373
0.06465499 0.42840764 -0.00280282
0.93561048 0.69338019 0.71912790
0.87518018 0.06420785 0.83173569
0.96716948 0.18387044 0.99158077
0.79255881 0.17850751 0.63800372
0.78488409 0.08142340 0.11610341
0.28177643 0.16315051 0.94862301
0.33379414 0.46522392 0.14692303
0.64582906 0.52929808 0.55736109
0.97404333 0.99088432 0.13599971
0.68782143 0.08989167 0.17774324
0.62170957 0.28973726 0.17470116
0.41179803 0.37504220 0.33100697
0.58453251 0.37723423 0.58340978
0.72261147 0.59587992 0.19137219
0.26622888 0.51664432 0.51162771
0.08889658 0.79372338 0.77914098
0.67382711 0.18194505 0.54874894
0.97204837 0.82176623 0.57901161
0.57175124 0.41022485 0.66272877
0.24910928 0.55499440 0.85419949
0.15258232 0.84791714 0.62161353
0.97097895 0.40783560 0.66105806
0.18626005 0.58046358 0.13848044
0.91949704 0.77194286 0.80322505
0.54783305 0.93375817 -0.01359630
0.33340057 0.19511545 0.13863196
0.37580191 0.27731003 0.43184052
0.30438443 0.94796308 0.55159903
0.58077917 0.03011905 0.18797277
0.08553116 0.85665805 0.41847136
0.57456489 0.46647385 0.53313248
0.51124744 0.65746209 0.88467800
0.82815777 0.88540671 0.75980166
0.49991623 0.45100172 0.28897373
0.93662568 0.92585868 0.44555168
0.01933244 0.80374554 0.68660703
0.91590990 1.01901452 0.88229648
0.34340318 0.57371630 0.73885715
0.54099956 0.53286299 0.57145369
0.92773818 0.82836159 0.34596343
0.29349212 0.55477850 0.67350314
0.55635926 0.56359085 0.31801469
0.24907168 0.59854355 0.94401338
0.10444996 0.82128013 0.70667206
0.29280313 0.87044564 0.86834574
0.86438027 0.60216452 0.75505765
0.50403447 0.65687083 0.02481630
0.46010039 0.17397204 0.63059048
0.07235662 0.85868515 0.65712535
0.78556555 0.02737297 0.51420552
0.98837133 0.80713951 0.44893697
0.80109953 0.29152798 0.70834025
0.20072513 0.43183757 0.86545580
0.62156017 0.74564063 0.92059195
0.61337950 0.81433254 0.67882908
0.37375777 0.86319974 0.89545854
0.20269620 0.17961393 0.41418424
0.98140525 0.45929302 -0.04050968
0.28308320 0.28074081 0.78747320
0.33967068 0.64216466 0.51818687
0.86245025 0.38212380 0.50253667
0.31166032 0.38137877 0.20976543
0.33092253 0.18557885 0.77022046
0.43423288 0.41274729 0.45032794
0.58464823 0.98972742 0.43713185
0.48179411 0.36058618 0.48381651
0.06002744 0.62555198 0.56295890
0.43207700 0.86452222 0.61597229
0.43008531 0.64402880 0.03689032
0.22517752 0.31651469 0.95649938
0.26487669 0.41335048 0.03029439
0.87104004 0.10422194 0.23706009
0.30379601 0.84234046 0.01242403
0.48682509 0.69130365 0.27938261
0.76564174 0.09146893 0.55848638
0.13478311 0.48871531 0.13935149
0.41405444 0.90263476 0.68042703
0.66159729 0.72002375 0.77775647
0.51475482 0.60182091 0.67237044
0.42084442 0.74973374 0.73360994
0.86302731 0.35504074 0.09923111
0.08490075 0.63437044 0.46462163
0.94117617 0.42614815 0.30529784
0.45654425 0.61687162 0.62768770
0.77516895 0.75537602 0.19778052
0.06096704 0.52530445 0.98409714
0.96308050 0.65878616 0.48719520
0.31913811 0.75562306 0.66106783
0.32323758 0.33053454 0.58862637
0.78937207 0.03589513 0.23514807
0.86424059 0.63967304 0.22023315
0.40346072 -0.00969904 0.20242390
0.26741740 0.33957929 0.14677125
0.65794433 0.14349240 0.77976705
0.46027345 0.07231629 0.46906049
0.17862313 0.53749087 0.50799660
0.69819647 0.63933402 0.67850073
0.91634751 0.23522848 0.39493589
0.70935901 0.27373529 0.01364844
0.14554299 0.42829545 0.35329857
0.63367573 0.92400143 0.50159919
0.32432773 0.60709767 -0.05596272
0.90459888 0.53653392 0.83350683
0.14883104 0.12612619 0.15383549
0.93585252 0.50374846 0.24992568
0.08746109 0.87616764 0.92601567
0.08584310 0.14220242 0.33870699
0.42467124 0.06113711 0.67511684
0.16415258 0.14099392 0.84253214
0.54403123 0.03525920 0.80613596
0.93226539 0.32349538 0.46263361
0.07815468 0.40331897 0.36187580
0.46397725 0.96578651 0.43688725
0.62965145 0.55186949 0.68685272
0.33463155 0.63122140 0.80684843
0.89787444 0.86432203 0.17874359
0.77062335 0.26393706 -0.03343256
0.46200730 0.45230846 0.39359164
-0.01500366 0.71217767 -0.02213788
0.25816718 0.82187326 0.61795401
0.07993786 0.08091182 0.23261990
0.48047918 0.26811013 0.12450317
0.06932866 0.34400713 0.00013663
0.47755855 1.02550193 0.40351061
0.92650580 0.73727991 0.26835864
0.39141908 0.98315316 0.64151237
0.37993850 0.46880757 0.74457825
1.02213478 0.58447759 0.38563590
0.92245663 0.45052347 0.06573414
0.08153201 0.72090156 0.61806015
0.89394382 0.33184664 0.34473686
0.20721872 0.72059948 0.67756471
0.80604606 0.11556230 0.64349628
0.35739662 0.81651391 0.69830239
0.64772956 0.01471447 0.86298471
0.51154786 0.47230151 0.19530819
0.59065559 0.58229226 -0.05436647
0.59673833 0.11692091 0.01279385
0.10935706 0.26892693 0.04328521
0.62899790 0.13462229 0.59745853
0.27371225 0.59405304 0.49656347
0.48349368 0.37791369 0.21774990
0.50577869 0.58722953 0.01513081
0.21217976 0.15722264 0.70381260
0.42780196 0.24328581 0.46839170
0.75222927 0.19862216 0.72393901
0.21833763 0.64312940 0.76436471
0.38077835 0.55090392 0.09592675
1.01252861 0.17894085 0.93085168
0.70417917 0.77341311 0.52632121
1.00328189 0.35007319 0.68443691
0.40699251 0.04639942 0.14357639
0.59313289 0.38066192 0.03381265
0.47430540 0.37939148 0.39450795
0.29575509 0.69728969 0.56573786
0.59437195 0.04566795 0.91042230
0.47421030 0.29858447 0.42301408
0.88905366 0.15006904 0.59019067
0.60030530 0.36574152 0.79187538
0.34869942 0.51185217 0.49070992
0.07781620 0.04099768 0.58081305
0.97676918 0.80168391 0.91654651
0.17723514 0.77423837 0.70600570
0.76409666 0.01745892 0.42234747
0.57487788 0.44969346 0.05032884
0.64867124 0.43257234 0.05757778
0.36887997 0.36787486 0.26773587
0.80439667 0.96196565 0.52282606
0.32293670 0.76158769 0.34217900
0.41654356 0.21820757 0.10731155
0.68706033 0.48498469 0.59891893
0.12747990 0.70822914 0.71695514
0.77879257 0.59770787 0.82695175
0.62366404 0.51374624 0.29625224
0.55844935 0.82691357 -0.00540144
0.62564686 0.59976542 0.63425323
0.17967552 0.65011550 0.18010614
0.08640722 0.38922069 0.45601381
0.88824732 0.04576849 0.64286737
0.08137819 1.00300155 0.23453896
0.07046492 1.00389392 0.03481653
0.32329023 0.21464421 0.34273279
0.59626715 0.31520905 0.85958034
0.87416029 0.33747539 0.78485556
0.72453106 0.36981132 0.51728359
0.58043239 0.73400143 0.64758670
0.69593743 0.13173207 0.27369208
0.22833629 0.61490025 0.22364449
0.80556159 0.47548495 0.61567811
0.32751975 0.01296632 0.03796828
0.82008849 0.35645191 0.87271563
0.49774228 0.82393279 0.89870667
0.89950466 0.91285012 0.89680772
0.37590471 0.39873136 0.00119993
0.79803419 0.17170380 0.78829013
0.48075610 0.91883396 0.73426482
0.75932750 0.93589909 0.60715825
0.20968712 0.32030916 0.20115462
0.57656385 0.59239979 0.57094507
0.71993138 0.72028383 0.24134718
0.51291481 0.18810268 0.02057121
0.20045695 0.43374777 0.40380946
0.17295169 0.19378181 0.78246713
0.15441223 0.14476584 0.96323309
0.19535550 0.11743263 0.55780577
0.75165457 0.49933700 0.50593564
0.70641972 0.94577505 0.53338104
0.30243539 0.07877068 0.27369640
0.13596760 0.33260583 0.07626282
0.73593873 0.85117674 0.74907944
0.07561785 0.37972671 0.71235338
0.98594574 0.90770781 0.31629807
0.20353157 0.24414173 0.89048087
0.25704005 0.77531468 0.29581286
0.34008658 0.82885855 0.32923322
0.50787265 0.94048694 0.06870234
0.54225845 0.40818572 0.43263979
0.32151264 0.29113799 0.20972904
0.97447682 0.23493441 0.07110149
0.61816988 0.58842396 0.76281860
0.80625891 0.86287386 0.51775393
0.51752357 0.84520487 0.62805566
0.24070988 0.23970003 0.19315349
0.63184562 0.37859260 -0.03908020
0.64956324 0.26462813 0.06045002
0.75727706 0.52289283 0.39241864
0.20980046 0.15051975 0.13406676
0.36469955 0.15884711 0.57395269
0.54856622 0.24795253 0.70197320
0.12522422 0.19933666 0.17489398
0.30416245 0.62514434 0.69019802
0.57081582 0.67836478 0.43624010
0.29878299 0.07685951 0.52077022
0.59236097 0.55474762 0.20356996
0.02318304 0.32653525 0.93258410
0.67926259 0.77569921 0.43326210
0.61474240 0.44269975 0.29169142
0.31388498 0.41154152 0.38014104
0.15737438 0.14111578 0.05869412
0.21724541 0.38874499 0.48582528
0.71341503 0.65902762 0.58525316
0.73672129 0.95231789 0.45757889
0.32410926 0.40060764 0.10628101
0.50783074 0.48372920 0.04390361
0.78104988 0.46032996 0.44328247
0.35887590 0.11678117 0.77350603
0.29635274 0.05410767 0.12243338
0.87139457 0.84121197 0.71242920
0.74765244 0.66627270 0.06808465
0.33312312 0.89508771 0.32430260
0.43052420 0.97195195 0.28174165
0.28120227 0.39601094 0.86692075
0.14645450 0.58333292 0.37507961
0.91264971 0.97601845 0.34680255
1.03258796 0.68918808 0.75070919
0.75081124 0.24422449 0.44513879
0.93746482 0.51263650 -0.01182670
0.73810819 -0.02275000 0.82144562
0.75810592 0.29342217 0.09234056
0.26151266 0.75444575 0.94408038
0.87817928 0.55410905 0.52426212
0.45068725 0.61584159 0.11782273
0.37853562 0.14861376 0.84734508
0.58305055 0.11532968 0.26670985
0.94454848 0.38109338 0.05741802
0.48253955 0.20183938 0.19368724
0.21799895 0.36451243 1.05923636
0.97646066 0.52196685 0.16414878
0.50229196 0.02572596 0.58114650
0.96472373 0.94507370 0.82069154
0.28292159 0.44725637 0.78577511
0.66740579 0.20111865 0.37095394
0.21022971 0.67171394 0.11174907
0.93773306 0.59570306 0.74061896
0.89886419 0.65477170 0.60371351
0.79163555 0.56714380 0.04821068
0.24078918 0.21064650 0.51262745
0.94559395 1.01814760 -0.02929337
0.76678692 0.93992937 0.08751628
0.57959990 0.99436258 0.70784987
0.06667360 0.11240857 0.12496263
0.81481372 0.33203587 0.03282540
0.91591504 0.59061871 0.63096417
0.71386256 0.16101469 0.87379780
0.91461772 0.32720199 0.89157804
0.16492447 0.88965909 0.07661127
0.00154266 0.67663761 0.34925434
0.08087872 0.84726256 0.12798200
0.65185479 0.15701027 0.91592120
0.14307525 0.36469880 0.31234266
0.27455777 0.65072868 0.16141090
0.28284422 0.03798830 0.34483396
0.70444329 0.44636244 0.31157708
0.30826692 0.27697218 0.45698251
0.21858656 0.81184638 0.45621560
0.10968150 0.19599169 0.72363147
0.94519530 0.37936587 0.57876610
0.55606084 0.77716909 0.09285143
0.12728600 0.94530018 1.01557773
0.39723882 0.24209957 0.55868191
0.93961438 -0.00183761 0.43973459
0.17284578 0.81886607 -0.09145417
0.21341994 0.93850728 0.83974071
0.23119135 0.76772887 0.57702894
0.10087283 0.64136562 0.18583469
0.47197063 0.79951850 0.54009360
0.87179351 0.40593746 0.77505010
0.35848014 0.92138035 0.13551741
0.43009192 0.80799492 0.44237123
0.38777212 0.53126515 0.90446278
0.05672924 0.69260099 0.94405741
0.25382528 0.36438412 0.36690521
0.54332361 0.29468394 0.15350540
0.37331888 0.45437269 0.47460425
0.54849574 0.50896377 0.81663499
1.06836615 0.29519375 0.44032264
0.29503845 0.31480665 0.66569623
0.16445807 0.57003061 0.22994758
0.18073841 0.71960826 0.93387498
0.68564413 0.94350199 0.26582289
0.52432686 0.11210669 0.16681269
0.72421333 0.65026464 0.93306249
0.02448523 0.69360722 0.48320632
0.80133644 0.49088563 0.88743099
0.49910490 0.77302190 0.18477665
0.73756835 -0.02290031 0.02726031
0.78429783 0.64577739 0.57259610
0.14154288 0.65657870 0.87070946
0.86515988 0.76375868 0.21874244
0.85388118 0.07647325 0.74687532
0.22546844 0.26106708 0.26884548
0.30364919 0.39356890 0.29647582
0.78283439 0.74615277 0.54131924
0.21241520 0.03082323 0.09204250
0.93137722 0.72166896 0.85445806
0.06622887 0.91378470 0.60091082
0.43178167 0.18008858 0.85834416
0.40425818 0.39184138 0.57227405
0.15740207 0.08398967 0.62981179
-0.00690714 0.97506466 0.57966202
0.95016997 0.95647430 0.63630767
0.57561461 0.30060433 0.05577660
0.72017685 0.74800588 0.82652940
0.46754046 0.26891399 0.59605059
0.69573639 0.52376340 0.32295136
0.60395516 0.66310967 0.18526039
0.84827615 0.39517230 0.02985841
0.42055941 0.07322322 0.38981438
0.35362691 0.11853272 0.03890884
1.01637620 0.04946347 0.08070404
0.70080907 0.71055108 0.66351834
0.52361001 0.25543576 0.95184085
0.95508560 0.98031013 0.73496193
0.87145515 0.62458627 0.84903839
0.11946308 0.55856973 0.47086864
0.32319384 0.95545106 0.68637906
0.26595436 0.88942506 0.58936874
0.84560070 0.90266687 0.12176046
0.78503634 0.35744378 0.55532697
0.57039234 0.54042412 0.02652882
0.46568124 0.03900382 0.31730694
0.05538144 0.23350895 0.22383725
0.35165413 0.32546143 0.34110882
0.23573424 0.10555089 0.74962958
0.21028263 0.89169959 0.42670353
0.48725692 0.61147609 0.21568595
0.83927166 0.22734301 0.20110379
0.95341793 0.22149271 0.26575780
0.28324947 0.23640793 0.88389402
0.75285318 0.08623246 0.24111525
0.34224390 0.12328862 0.22333755
0.46562067 0.62384085 0.29325467
0.56088520 0.19971073 0.41598506
0.92670458 0.65852238 0.37077849
0.94966811 0.30837305 0.08586972
0.82809660 0.88076379 0.43099835
0.90995100 0.45778481 0.61375479
0.43051279 0.56434629 0.28407699
0.41215815 0.52390681 0.67121695
0.15466514 0.73190617 0.00893538
0.72290863 0.70330790 0.50050940
0.40006234 0.99320140 0.47508793
0.02622052 0.86297971 0.23473100
0.53145447 0.11282364 0.44982698
0.30036635 0.78684973 0.73864613
0.27534004 0.03409860 0.58312892
0.47538204 0.00325569 0.70611808
0.82105801 0.30104398 0.27838391
0.01911616 0.68984848 0.56393351
0.18125032 0.54802700 0.65136338
0.92744532 0.03945444 0.16994950
0.99898873 0.53851716 0.02684230
0.52125512 0.38098231 0.77455599
0.10972576 0.65047056 0.94509759
0.01362182 0.37272888 0.24080470
0.35938135 0.06471704 0.48538287
0.35591261 0.82065544 0.97542002
0.44887267 0.29077596 0.76374266
0.39111217 0.26317414 0.64750463
0.88546238 0.33776455 0.96585256
0.63006427 0.25327390 0.75768294
0.50805337 0.87581932 0.83734711
0.29396270 0.11996484 0.15818611
0.85892625 0.89754584 0.23563433
0.27570470 0.92280100 0.92228706
0.48740948 0.29168530 0.04660458
0.88659422 0.93277803 1.04267727
0.86307062 0.65625723 0.33363746
0.11647391 0.39483612 0.57095983
0.54684888 0.89959133 0.36212426
0.01969849 0.28215813 0.55456568
0.49217096 0.71775772 0.95030722
1.00741319 0.49951356 0.86058153
0.07046573 0.30716087 0.32975363
0.31137429 0.18423356 0.47478828
0.53967798 0.00097614 0.89030558
0.01712552 0.26089649 0.29484514
0.17946266 0.32132633 0.65690132
0.81579437 0.21505862 0.41023052
0.44007018 0.13441732 0.96647181
0.72037278 0.35477828 0.74616508
0.80479061 0.48151427 0.76511309
0.41983524 0.32712228 0.50972816
0.83014354 0.59981250 0.10228536
0.05163406 0.92199760 0.10643540
0.09029256 0.57637912 0.15774520
0.87531786 0.28803497 0.08528534
0.39071594 0.02811138 0.84158492
0.11523059 0.01886595 0.13291182
0.10695310 0.19394503 1.02894698
0.78611760 0.49139333 -0.02692452
0.78534663 0.86751239 0.59761166
0.89574725 0.62644884 0.13726644
0.64101224 0.84574502 0.25059368
0.05290885 0.75322440 0.41664662
0.33395589 0.77503887 0.11997160
0.38882431 0.22195193 0.38116756
0.11515025 0.39487173 0.84349133
0.34990880 0.29462261 0.52888789
0.33434595 0.11833398 0.43000027
0.07468467 0.69126669 0.81703951
0.27040905 0.92098057 0.43031068
0.79178965 0.67132613 0.13220414
0.91591210 0.92608999 0.23480707
0.26993573 0.05391968 1.05111796
0.07044361 0.52592894 0.52351078
0.79413682 0.99513667 0.88841361
0.66091202 0.81754775 -0.02346588
0.62383024 0.47830405 0.97910249
0.90571431 0.19898626 0.02323214
0.73310394 0.90944959 0.97925593
0.89030988 0.71631395 0.39533857
0.01409427 0.05704440 0.64082937
0.83635193 0.56961725 0.98285087
0.02255695 0.61468641 0.12199933
0.72344248 0.72983252 0.74190901
0.27132186 0.68739409 0.89067473
0.21664758 0.55438066 0.04586946
0.10681132 0.73581346 0.30910419
0.20243130 0.60695586 0.82532714
0.95384730 0.51929312 0.43636935
0.71158334 0.38777693 0.97411699
0.35599301 0.69945525 0.60741163
0.46193108 0.12271002 0.10426454
0.64802683 0.18736391 0.08175018
0.41761223 0.76951045 0.88236840
0.24177491 0.95507323 0.19258147
0.71805092 0.18487280 0.46468518
0.81283564 0.39493210 0.20806537
0.86428820 0.82384639 0.06978658
0.80808265 0.39468057 0.30681284
0.39993181 0.05258867 0.58643662
0.54502839 0.69918366 0.21239781
0.60642253 0.25193732 0.86445131
0.45172174 -0.06904717 0.02073090
0.03916311 0.25113127 0.05080723
0.50006698 0.83732439 0.34938680
0.89564056 0.85244581 0.57858380
0.85513025 0.97603513 0.15646709
0.14763156 0.28738199 0.91527511
0.02985501 0.41814115 0.89140025
0.09939417 0.82618344 0.21433668
0.48448224 0.74939047 0.42528553
0.81119085 0.76833952 0.33532894
0.98101205 0.22694243 0.15529913
0.94583242 0.47118562 0.77403576
0.40736528 0.23061519 0.92270455
0.34081359 0.20826452 0.87593060
0.38765964 0.70849399 0.00846702
0.49109512 0.67860012 0.13992259
0.96060674 0.38139026 0.97779221
0.43920582 0.29038347 0.34146548
0.77108331 0.67990391 0.68651913
0.39888170 -0.01519139 0.11107996
0.95336379 0.51251945 0.07082700
0.90463845 0.76530934 0.09118256
0.69213496 0.80298197 0.05453365
0.26910486 0.07923395 0.96824667
0.13906112 0.68798903 0.12048954
0.68653652 0.89697300 0.86726393
0.90151440 0.73569427 0.01524457
0.66565139 0.72783299 -0.01724241
0.23516264 0.68732338 -0.00311769
0.26514411 0.29892095 0.52331117
0.25795398 0.46984567 0.14650739
1.01000739 0.07806197 0.29214118
0.50409550 0.97172806 0.78224616
0.57188002 0.69336845 0.92287496
0.17984232 0.14431923 0.27264662
0.42650482 0.87256123 0.50949032
0.68679162 0.48235795 0.38871544
0.81954571 0.69375025 0.62576160
0.69050177 0.07504205 0.78419456
0.15801078 0.85950551 0.48470563
0.45474633 0.52586386 0.90111768
0.51213704 0.37019450 0.92928709
0.85885211 0.67521757 0.10572357
0.19451214 0.75083384 0.39352819
0.75168134 0.57293000 0.74487128
0.47078509 0.34553443 0.29029544
0.86732363 0.02462750 0.31408699
0.95941294 0.61497034 0.26643320
0.04094285 0.77030085 0.84365183
1.00052252 0.57456975 0.62348962
0.73978774 0.14442041 0.00431405
0.80452200 0.15011229 0.24878647
0.61731659 0.85337098 0.76532687
0.80599920 0.60816856 0.21003584
0.95098288 0.95800599 0.91657906
0.16184931 -0.00318963 0.21683623
0.65559183 0.81985698 0.48543318
0.29138609 0.85935461 0.38382748
0.90952926 0.17361424 0.22724414
0.17808136 0.69047726 0.80420407
0.57076701 0.67077277 0.04763739
0.55691602 0.18471089 0.28005107
0.88374138 0.37122574 0.17957049
0.66751949 0.54583972 0.20918055
0.46484445 0.95293996 0.17712852
0.80122873 0.14514642 0.51858496
0.28248525 0.44150195 0.43814272
0.85436340 1.00862374 0.23688173
0.43995972 0.86432996 0.87109731
0.57621512 0.25267808 0.52341309
0.63422221 0.09027600 0.94437908
0.69655996 0.34461563 0.11591987
0.21345320 0.10068579 0.07094163
0.51693513 0.30973125 0.24527882
0.88688290 0.27600115 0.15824919
0.82434750 0.28100881 0.53406046
0.76539937 0.03283737 0.76992366
0.90980460 0.22971952 0.51164176
0.64521890 0.89611962 0.30705221
0.14086120 0.54864169 0.76576378
0.55931371 0.80093438 0.18029819
0.88574787 0.85766740 0.48854841
0.33183344 0.63088542 0.26714837
0.26035187 0.57718130 0.11576265
0.99418445 0.35251206 0.47848291
0.51326539 -0.00516159 0.19248855
0.74262009 0.64163954 0.39051013
0.38663946 0.33580457 0.74008791
0.23283353 0.62746127 0.42970129
0.64464945 0.50075401 0.90950857
0.24793598 0.28268440 0.39587465
0.64017209 0.72089374 0.59803769
0.55068800 0.77596481 0.35008730
0.60515997 0.51155756 0.46717993
0.54210098 0.17691770 0.51740904
0.86026925 0.94875725 0.96431634
0.86195071 0.57099764 0.42607462
0.69919803 0.82091275 0.81216934
0.07641441 0.27183249 0.95831516
0.69727618 0.52041739 0.14297950
0.07848514 0.60670964 0.00814487
0.04565491 0.56382890 0.25603043
0.61294102 0.04894436 0.60086108
0.82547551 0.10855539 0.38580202
0.00000130 0.70179795 0.83464354
0.07238928 0.63406340 0.27640339
0.86397823 0.85866359 0.95514050
0.89432851 0.05876305 0.10380224
0.22015557 0.46351649 0.47965092
0.23010130 0.56579055 0.58142355
0.71169965 0.96861376 0.37131721
0.41326473 0.67640373 0.88608500
0.13085993 0.59272611 0.82831511
0.30057064 0.22025289 1.02832802
0.16563485 0.76379036 0.29184337
0.68598346 0.90191184 0.43768258
0.74297485 0.65799370 0.24434461
0.87984008 0.09030209 0.49271371
0.41991193 0.70970876 0.65021297
0.04922976 0.37818394 0.62318149
0.45091934 0.67299043 0.58142665
0.03495436 0.88254398 0.77721528
0.98936921 0.16978122 0.35718308
0.17178988 0.36182415 0.55292256
0.76318578 0.08390578 0.46715093
0.74136303 0.50846993 0.77950347
0.29885062 0.51994284 0.40922956
0.61237018 0.64612951 0.68979905
0.23990033 0.82550004 0.85974721
0.50121753 0.52329220 0.46076167
0.69551926 0.16521840 0.18596649
0.70946129 0.38512524 0.34252857
0.17767959 0.90506306 0.97695921
0.38092447 0.41171267 0.19542279
0.64905390 0.85540445 0.61890645
0.93342799 0.83938789 0.83154975
0.57397764 0.60601604 0.25581582
0.83032411 0.33071856 0.20116196
0.55080813 0.27543062 0.59387071
0.93533055 0.08961642 0.81175647
0.22852973 0.78596185 0.78291079
0.46492919 0.36609127 0.14166749
0.94518943 0.67410869 0.92740727
0.38241369 0.38058245 0.68399770
0.77185995 0.41726415 0.59497564
0.84477865 0.19156654 0.13178784
0.48051210 0.57235453 0.84659612
0.60173502 0.50111196 0.62623707
0.03826154 0.44987325 0.80503500
0.87224664 0.49609656 0.10946319
0.50126795 0.07297458 0.64899448
0.15628220 0.39187847 0.90513148
0.98365584 0.06828411 0.47360681
0.60599154 0.20613304 0.80716969
0.84115652 0.08933692 0.57175456
0.59366180 0.51770216 0.10506611
0.56705443 0.09599046 0.34318195
0.61854907 0.57932508 0.13652565
0.55877244 0.54491608 0.74808440
0.70361787 0.57302063 0.67635472
0.95321869 0.20779495 0.78585851
0.73242701 0.73979787 -0.00159142
0.78039226 0.52664301 0.56929368
0.52737423 0.50489162 0.36182189
0.93580978 0.71050668 0.58217975
0.39300870 0.50097823 1.02532113
0.70811875 0.23023405 0.08055034
0.25608382 0.00491331 0.76257543
0.80736821 0.42804947 0.71738089
1.00485214 1.00259400 0.27351684
0.95852284 0.58247502 0.10409058
0.66959567 0.91143210 0.77931474
0.54271701 0.62732813 0.97040752
0.01838731 0.21677325 0.39617094
0.76476605 0.09607634 0.72784151
0.37089529 0.43974317 0.38262517
0.02016326 0.96353498 0.87362445
0.59525659 0.18419560 0.70745016
0.21781860 0.24803326 0.76320090
0.94967292 0.56971451 0.95446442
0.19825750 0.90882875 0.63283949
0.29445735 0.48889409 0.85034298
0.33206399 0.87101195 0.19852125
0.18413038 0.94382772 0.27201370
0.08446131 0.55379243 0.37937022
0.05007430 0.83169353 0.47864018
0.62851864 0.17126247 0.17425309
0.02625295 0.11428920 0.04586473
0.03250018 0.86765336 0.85824913
0.34945524 0.24188438 0.25999261
0.19384116 0.00081224 0.73149151
0.39777938 0.79019884 0.07570674
0.13498177 0.41858721 0.09251012
0.79963200 0.76310110 0.76782432
0.02895458 0.68861743 0.16486383
0.88015530 0.12331130 0.11518353
0.58909785 1.07816814 0.41818529
0.53400047 0.97925525 0.65637419
0.23447822 0.69682072 0.44677646
0.37541130 0.52910419 0.79629863
0.18557360 0.87395345 0.84614550
0.26110105 0.88066053 0.27340364
0.55492913 0.91767762 0.75651956
0.49892015 0.01473362 0.49202193
0.49933935 0.95098782 0.31954022
0.60769077 0.98874059 0.79811125
0.84950270 0.20393688 0.92859009
0.19453370 0.37859535 0.24660869
0.27037241 0.37084022 0.62762082
0.51064135 0.45221333 0.73525869
0.68089399 0.41810918 0.58215619
0.60333924 0.29952929 0.71518135
0.26116050 0.02774918 0.24661835
0.95757232 0.30031864 0.57586239
0.57026106 0.75094453 0.26737774
0.13586409 0.61190622 0.57310241
0.27670065 0.79560647 0.50173632
0.40280180 0.89676242 0.30915527
0.01537191 0.08498728 0.76303399
0.97751301 0.64485560 0.71199801
0.09478551 0.69180941 0.50280697
0.81104693 0.93121214 0.18807346
0.30901274 0.71185100 0.13374444
0.14900798 0.47066269 0.28325783
0.83050623 0.59840018 0.61129276
0.34692437 0.61173906 0.19048945
0.74289429 0.19873477 0.14661057
0.07799720 0.07502345 0.79847366
0.49800678 0.41231912 -0.00127492
0.19180547 0.65927063 0.51914625
0.92981545 0.84397299 0.00209310
0.78790451 0.28434191 0.80101207
0.80815871 0.79610997 0.88469976
0.13074236 0.51926951 0.84021963
0.24063744 0.25430397 0.97793252
0.58214152 0.32404048 0.52479355
0.64215876 0.08544134 0.48430771
0.23229364 0.39767483 0.13854735
0.70237951 0.01492530 0.53516893
0.21242754 0.04513228 0.85797555
0.45282247 0.71862035 0.21616236
0.96651171 0.21143690 0.47713222
0.03970352 0.05143668 0.36658772
0.24564779 0.08055623 0.41271881
0.66307252 0.21134962 0.85769660
0.13989564 0.96064028 0.40262028
0.94283706 0.71924710 0.17424585
0.73070940 1.04539578 0.36345778
0.60510934 0.97188621 0.04677572
0.92781859 0.71881604 0.47851797
0.08688828 0.64296937 0.65675778
0.52322027 0.74224697 0.52909226
0.36247790 0.10395192 0.12381903
0.80030164 0.62663693 0.93111172
0.84863253 0.46261810 0.02694062
0.12280633 0.44309410 0.47923824
0.57512785 0.26344986 0.39091962
1.01910439 0.89281935 0.38731965
0.81781838 0.70289291 0.82668538
0.42740380 0.28163196 0.17386151
0.63304048 0.33300035 0.09130508
0.74549483 0.44085256 0.88675797
0.76652051 0.61398142 0.31029061
0.71420486 0.55006794 0.99600745
0.62620927 0.19481358 0.99380079
0.58044656 0.35702072 0.37938800
0.70876246 0.48657917 0.85800331
0.51308402 0.59052592 0.91655677
0.16638804 0.29996288 0.14117839
0.08478203 0.09313348 0.92281710
0.16242372 0.23369968 0.98051876
0.06163396 0.47349778 0.58887408
0.46477687 0.46942277 0.82578032
1.03906202 0.92626449 0.67998424
0.02271417 0.54928104 0.73573971
0.72087052 0.25167584 0.35197755
0.69784141 0.47140373 -0.03505813
0.95735363 0.78039250 0.51596081
0.65393068 0.99772097 0.41422087
0.53549725 0.77206898 0.59870744
0.82812700 0.81111207 0.40249071
0.21476568 0.39134774 0.78259236
0.81761518 0.75910696 -0.01282761
0.48997624 0.17201341 0.92568266
0.76798928 0.38448640 0.81091033
0.19956964 0.49939111 0.85291945
0.45795074 0.54297080 0.61270103
0.21991165 0.76849042 0.12387512
0.72196210 0.60369679 0.09892849
0.27414846 -0.02327917 0.86992428
0.73171920 0.30944315 0.22764036
0.90909329 0.61692322 0.51127948
0.33742377 0.30469533 0.84562862
0.08996287 0.39717750 0.26230229
0.64959416 0.42283296 0.38796318
0.06708129 0.97430952 0.41998347
0.27052649 0.36792998 0.53574380
0.58368191 0.82185410 0.58923952
0.37752339 0.73191562 0.30072730
0.68366386 -0.00456184 0.21064590
0.58940638 0.23249591 0.11224136
0.77817163 0.80574421 0.48940509
1.03942509 0.58609909 0.80040672
0.45492800 0.52946948 0.07888853
0.02155164 0.17651692 0.26296492
0.13260051 0.82617245 0.83429792
0.58857166 0.80683918 0.91668945
0.71156014 0.34508046 0.61673118
0.63068705 0.63920593 0.38869931
0.24969441 0.82460066 0.70123180
0.13065696 0.45487714 0.62592166
0.50129511 0.69144433 0.73784531
0.33802575 0.42496602 0.63055037
-0.02748569 0.42631705 0.20946393
0.80644105 0.80378451 0.25128697
0.19613634 0.83516201 0.04011204
0.59882889 0.90636318 0.60356305
1.01279082 0.29878193 0.85777628
0.14359593 0.57798062 -0.07300154
0.18963228 0.71318044 0.57727465
0.88605009 0.72213767 0.92312019
0.35882846 0.05828770 0.70683665
0.08640674 0.14603757 0.87055287
0.33546129 0.58879714 0.57107510
0.68152428 0.69525719 0.43196234
0.35408579 0.94244799 0.21904878
0.35332635 0.55771542 0.29135950
1.01529572 0.90195391 0.92482091
0.63548573 0.06530444 1.03284446
0.64910972 0.06011875 0.69140180
0.32913726 0.68284836 0.39219629
0.07086716 0.34836141 0.87660621
0.96583983 0.11880981 0.24489036
0.11781021 0.95434782 0.68299254
0.97433939 0.77970279 0.22915479
0.60657789 0.12473445 0.83418208
0.54742993 0.47574529 0.43494232
0.68325649 0.21646181 0.27783009
0.46782527 0.14158418 0.50707870
0.73929135 0.32296416 0.84874681
0.13608419 0.79567969 0.50391862
0.55422258 0.57924508 0.44351257
0.77790394 0.47407444 0.13290059
1.05253906 0.07896982 0.98301060
0.64380834 0.12114169 0.22913666
0.52034926 0.22299799 0.08193732
0.73575406 0.44198820 0.78036263
0.56483277 0.70166957 0.78427524
0.34377153 0.42040735 0.93172538
0.88656688 0.43639228 0.86966250
0.42638230 0.91524965 0.09624259
0.13726239 0.11468447 0.38870601
0.06603764 0.34698907 0.13760197
0.74798439 0.72586743 0.92108799
0.29011641 0.02991572 0.68013477
0.55363765 0.37108932 0.21745390
0.59372375 0.44473970 0.79159875
0.43243966 0.84245724 0.36021430
0.00267299 0.88394401 0.04358054
0.83499179 0.31878900 0.45679546
0.62625149 0.02859747 0.24995875
0.44817130 0.30406780 0.89574846
0.07306163 0.18752070 0.95834845
0.87659914 0.28818226 0.60422958
0.17528528 0.96045765 0.92222417
0.74637446 0.65730970 0.84239284
0.53639299 1.00204531 0.08032079
0.12301043 0.73823336 0.41986391
0.31889473 0.79077254 0.59077155
1.00636284 0.88262424 0.14781304
0.26980239 0.51047999 0.59911701
0.72118388 0.27571162 0.57729951
0.52049449 0.30810316 0.86172143
1.00360879 0.25051173 0.95078065
0.46787417 0.78113168 0.78793042
0.67484922 0.50995301 0.73700788
0.47943776 0.92750369 0.63573006
0.19415260 0.50703247 0.32996809
0.43806117 0.61337356 0.92693575
0.51459097 0.21914585 0.76411944
0.13743787 0.66089211 0.31104865
0.37032591 0.35922193 0.87920769
0.72095272 0.22799655 0.79836553
0.86599673 0.47497744 0.22601849
0.07027722 0.49116303 0.10246452
0.24908481 0.44522152 0.30221884
0.67275393 0.11219875 0.35895863
0.60869154 0.16880901 0.46209946
0.42465137 0.42566340 0.28223818
0.60809076 0.27137463 0.32160397
0.34194649 0.53401326 0.61920328
0.41337612 0.50364387 0.14814652
0.35825372 0.48253080 0.22044288
1.01430550 0.15968239 0.52029671
0.09580101 0.84427809 0.55388708
0.81994750 -0.01118158 0.73580316
0.55828402 1.02367658 0.31262575
0.97068861 0.23270747 0.57759912
0.46680302 0.04339148 0.20893507
0.63660458 0.99731045 0.50645947
0.28918439 0.52195645 0.25368384
0.42331069 0.07294439 0.91366683
0.45533854 0.00662523 0.92610037
0.94339254 0.07320396 0.54337974
0.15872608 0.16755382 0.64842823
0.22685695 0.29601916 0.60650763
0.06991628 0.44739079 0.67391475
0.33710341 0.69059808 0.69457069
0.56405244 0.16909638 0.59994954
0.17429513 0.61413164 0.46569398
0.86725503 0.69814837 0.26214529
0.12109372 0.22949815 0.81824259
0.54812241 0.12137297 0.66585507
0.61820424 0.92867806 0.17217198
0.10243414 0.93850256 0.85016463
0.35775510 0.90405745 0.40100023
0.43247222 0.44227235 -0.08284068
0.89064388 0.54716138 0.16660827
0.68499559 0.25592135 0.48388497
0.70302490 -0.01507325 0.75123516
0.45030553 0.44362144 0.63089688
0.38616088 0.07234477 0.24908083
0.35003235 0.49202761 0.95906275
0.90560891 0.18507895 0.73218198
0.95623652 0.11865851 0.04360176
0.79510903 0.62747135 0.74685890
0.28211189 0.14011095 0.53579624
0.17557037 0.29054558 0.01889921
0.87387593 0.41940342 0.28390840
0.14292256 0.19139409 0.90473695
0.84007665 0.54226462 0.79382153
0.38621914 0.15648647 0.50016972
0.21270545 0.46844456 0.67188539
0.64014270 0.72518959 0.36340552
0.70632044 0.20354052 0.98166397
0.98636886 0.79031428 0.32872897
0.70391440 0.10182162 0.93267555
0.87705856 0.91869187 0.37558098
0.30057538 0.83011211 0.12372865
0.93581368 0.30955082 0.70995929
0.61971390 0.74496829 0.18334487
0.69802426 0.28149573 0.16755027
0.39912206 0.72464463 0.81024532
0.11559368 0.75588026 0.11626544
0.86322787 0.76101562 0.60089749
0.78131015 0.81182590 0.66457478
0.74758176 0.06354658 0.63969295
0.10236236 0.65188426 0.75054647
0.40043962 0.59058838 0.68506901
0.96311577 0.26954747 0.77094790
0.23667924 0.60112336 0.65452121
0.59895591 0.88854042 0.69425961
0.14440382 0.03832901 0.37357597
0.16157265 0.47127251 0.54586263
0.87738387 1.03529357 0.95282447
0.24945853 0.79837730 0.20223805
0.90981417 0.57432993 0.25098111
0.77275641 0.48983781 0.05350120
0.44837737 0.42620562 0.74405799
0.87634385 -0.01434355 0.59872754
0.73524065 0.15158505 0.58674763
0.96881021 1.01955851 0.37232261
0.30228792 0.68726765 -0.00171226
0.18205491 0.86385635 0.70606621
0.64074647 0.44513983 0.49740216
0.72357793 0.05858052 0.11103340
0.60292904 0.47618944 0.36845956
0.62870330 0.48177211 0.16093087
0.41621296 0.27318682 0.82077624
0.22206061 0.90840512 0.50608325
0.43486921 0.51119794 0.46283735
0.28477199 0.36966036 0.97767784
0.21291222 0.51039253 0.24244135
0.53971833 0.24050048 0.22555551
0.76033109 0.35595872 0.27260207
0.44211890 0.37510904 0.93568324
0.77691404 0.47569711 0.22584976
0.37236234 -0.02109746 0.38858421
0.03807563 0.70857012 0.29769946
0.05163514 0.11275292 0.57724809
0.69151120 0.45651701 0.17910593
0.41783367 0.27740248 0.04335600
0.19822030 0.11647795 0.46393976
0.20887068 0.57076371 0.72569780
0.14079145 0.66115801 1.04253411
0.39486057 0.09928920 0.32344898
0.07294747 0.55806398 0.64977743
0.64444529 0.35256074 0.51479606
0.12250822 0.76839180 0.65236224
0.28632606 0.55632238 0.19147457
1.00611956 0.98163388 0.99709068
0.65820638 0.60642561 0.91118998
1.03585688 0.96458866 0.16594393
0.08669646 0.75373577 -0.02648192
0.42292584 0.12189982 0.04006906
0.37287061 0.16312998 0.33137189
0.69289037 0.86623617 0.53581005
0.70288661 0.81202767 0.89927110
0.44488160 -0.06249188 0.81915065
0.68898044 1.02446670 -0.01795881
0.96093687 0.36075502 0.75757877
0.24501782 0.81586051 0.36322330
0.43003261 0.45839839 0.54549414
0.65915644 0.68109392 0.90328628
0.32216662 0.12623735 0.88538392
0.31530324 -0.03032500 0.09647820
0.73097570 0.43048246 0.23361825
0.97285061 0.09392323 0.68609524
0.65349583 0.94471868 0.69897581
0.81479290 0.43638825 0.84138928
0.90620708 0.11366331 0.72461785
0.00448351 0.51433915 0.49869257
0.52324768 0.52120743 0.11702418
0.35438454 0.75092797 0.95616058
0.15799535 0.43433832 0.21595832
0.64931735 0.65484478 0.01110021
0.39938172 -0.04369781 0.72324578
0.54569864 0.40164981 0.32780392
0.50375292 0.24161436 0.87571302
0.65148522 0.35286977 0.74020190
0.89260089 0.38856495 0.39499912
0.45514383 0.23691100 -0.00949488
0.11313549 0.91144717 0.44873356
0.18846308 0.62911312 0.99802572
0.48395748 0.76751329 0.01475624
0.39517734 0.04137465 0.04146273
0.24509799 0.72202242 0.06996656
0.89242243 0.34400998 0.65931205
0.66236126 0.64559870 0.75360069
0.17853569 0.89229232 0.34728644
-0.02724469 0.13606819 0.58667935
0.38368215 0.88639115 0.99564305
0.46748817 0.03353773 1.01239841
0.33928449 0.98635463 0.30903630
0.48215602 0.85119465 0.73516990
0.50698022 0.87231970 0.96663169
0.28409704 0.88022034 0.78170652
0.17771037 0.01369656 0.62671659
1.00177163 0.10339329 0.91772370
0.19725816 0.28493158 0.52326077
0.44577758 0.14799085 0.31378405
0.63352140 0.89386849 0.91536747
0.74970721 0.99792920 0.64263543
0.47483632 0.73190530 0.08842446
0.79321959 0.21849349 0.85396706
0.39349150 0.46149109 0.84950378
0.83909851 0.73606424 0.14545309
0.49583557 0.11485594 0.35087884
0.99232397 0.07473399 0.15455009
0.39467706 0.61853606 0.77147093
0.08430652 0.09593542 0.65338053
0.73431531 0.72599813 0.13652882
0.76957315 0.37624408 0.67929384
0.13469874 0.32144976 0.47092859
0.95726918 0.35823211 0.15056698
0.38787618 0.62074951 0.60650058
-0.00503765 0.52074699 0.28569286
0.57301687 0.71165536 0.11086610
0.87912499 0.20464481 0.66035238
0.36004883 0.60669001 0.42143764
0.34823768 0.77652344 0.82511859
0.97519086 0.63343614 0.80732638
0.22177783 0.18413579 0.98535280
0.08000169 0.46650000 0.92310956
0.66078657 0.93958570 0.11383879
0.62571104 0.84815671 0.42040990
0.30236723 0.44687639 0.23761026
0.74346453 0.53879204 0.26723338
0.67724665 0.81007544 0.72833686
0.16213885 0.24304874 0.46038231
0.27033383 0.17821781 0.81186674
0.05462382 0.15672213 0.67141816
0.15176658 0.07046619 0.22911576
0.84638248 0.22853722 0.79975008
0.56076671 0.82763064 0.84012513
0.40845064 0.14901103 0.16248781
0.91240252 0.11067423 0.90893889
0.75447606 0.81059442 1.01574218
0.65956349 0.23668297 0.61678184
0.32675548 0.02458775 0.95239490
0.31426678 0.52570090 0.12635365
0.31372628 0.77251109 0.42945842
0.04508794 0.26435013 0.13565920
0.51520158 0.80666643 0.47271068
