1 18
1 29
1 102
1 1239
1 1247
1 1251
1 1307
1 1323
1 1344
2 4
2 19
2 21
2 22
2 23
2 423
2 424
2 425
3 7
3 15
3 16
3 20
3 34
3 53
3 166
4 19
4 21
4 22
4 26
4 27
4 30
5 10
5 11
5 12
5 28
5 29
5 74
6 15
6 16
6 18
6 40
6 1247
6 1248
6 1253
7 9
7 13
7 20
7 22
7 23
7 32
7 34
7 114
8 11
8 17
8 23
8 33
8 76
8 418
9 11
9 13
9 18
9 22
9 34
10 16
10 18
10 28
10 1253
11 22
11 76
11 85
12 19
12 74
12 80
12 85
12 311
12 320
12 390
13 33
13 77
14 17
14 19
14 320
14 425
14 747
15 34
15 105
15 122
15 1248
16 18
16 26
16 40
17 76
17 408
17 425
17 504
18 34
18 1247
19 311
19 320
20 23
20 25
20 32
20 56
20 111
21 30
21 63
21 424
21 726
22 23
23 25
23 32
23 423
24 26
24 27
24 55
24 57
24 1253
25 26
25 41
25 62
25 423
26 27
26 30
26 41
26 55
27 30
27 55
27 308
28 332
28 1228
28 1239
28 1245
29 74
29 77
29 95
29 1323
30 55
30 329
31 86
31 102
31 172
31 1307
32 420
32 439
33 109
33 130
33 418
33 436
34 102
34 103
34 118
34 122
35 37
35 38
35 42
35 44
35 49
35 50
35 58
35 64
36 39
36 46
36 54
36 72
36 341
36 364
36 446
37 44
37 61
37 64
37 140
37 142
37 146
38 43
38 45
38 49
38 52
38 57
38 58
39 46
39 47
39 50
39 61
39 446
39 452
39 466
40 41
40 53
40 57
40 58
41 57
41 62
42 52
42 58
42 138
42 142
42 1275
43 52
43 1257
43 1265
43 1276
43 1278
44 47
44 51
44 61
44 141
45 55
45 57
45 59
45 60
45 67
46 50
46 54
46 67
46 344
46 466
47 61
47 72
47 89
47 97
47 468
48 50
48 62
48 64
48 456
48 469
49 52
50 61
51 98
51 143
51 146
51 162
51 175
52 1257
52 1275
52 1276
53 58
53 159
53 166
54 60
54 81
54 344
54 353
55 352
55 370
56 62
56 64
56 111
56 134
56 420
56 464
57 58
58 142
58 159
58 1280
59 60
59 349
59 1278
59 1279
60 67
60 344
60 358
60 359
61 467
61 468
62 456
62 469
63 65
63 415
63 442
63 456
63 726
65 67
65 369
65 442
65 456
65 466
65 769
66 71
66 78
66 81
66 1276
66 1305
66 1324
67 344
67 352
67 358
67 369
68 82
68 84
68 183
68 185
68 479
68 481
69 70
69 73
69 78
69 82
69 84
69 89
69 91
70 79
70 82
70 90
70 91
70 93
70 95
71 73
71 78
71 98
72 89
72 446
72 495
72 505
73 75
73 78
73 84
73 91
74 80
74 85
74 95
74 1294
75 86
75 91
75 92
75 185
75 192
76 77
76 79
76 85
76 93
76 504
77 86
77 95
78 87
78 91
79 82
79 93
79 479
79 504
79 509
80 1293
80 1294
81 353
81 389
81 402
82 83
82 89
82 93
82 479
82 484
82 509
83 90
83 93
83 378
83 505
83 507
83 509
84 97
84 175
85 93
85 95
86 95
86 178
86 195
87 91
87 96
87 1304
87 1305
88 93
88 400
88 494
88 504
88 507
88 509
89 97
89 481
89 484
90 91
90 93
90 94
91 92
92 95
92 1317
93 504
93 509
94 380
94 390
94 400
96 380
96 1294
96 1305
96 1320
97 141
97 468
97 481
97 604
98 143
98 1289
98 1322
98 1398
99 106
99 165
99 230
99 270
99 652
100 118
100 123
100 128
101 121
101 123
101 196
101 272
102 118
102 122
102 128
102 1344
102 1348
103 118
103 122
103 123
103 125
103 127
103 1356
104 106
104 119
104 121
104 123
104 125
104 210
105 108
105 122
105 137
105 1331
105 1377
106 116
106 117
106 120
106 124
106 125
106 131
107 112
107 113
107 114
107 115
107 116
107 129
107 518
108 117
108 137
108 166
109 130
109 195
109 436
109 474
109 516
110 113
110 119
110 126
110 230
110 231
110 535
110 617
110 618
111 114
111 129
111 134
111 166
112 113
112 116
112 119
112 126
113 519
114 116
114 118
114 129
115 116
115 129
115 164
115 519
115 572
116 117
116 125
117 124
117 125
117 127
119 126
119 168
119 196
119 231
120 121
120 123
120 125
120 127
120 131
120 1335
120 1356
121 123
121 210
121 223
122 1338
122 1344
123 125
123 128
123 1357
124 131
124 149
124 165
126 186
126 196
126 593
127 1356
128 172
128 1337
128 1357
128 1420
129 439
129 518
130 516
130 518
131 210
131 211
131 228
131 1335
131 1454
132 145
132 160
132 1363
132 1400
133 135
133 139
133 154
133 156
133 157
133 565
134 158
134 572
135 140
135 147
135 154
135 156
135 157
136 149
136 152
136 153
136 160
136 232
136 1361
137 152
137 158
137 159
137 1377
138 142
138 144
138 147
138 153
138 159
138 1380
139 157
139 245
139 549
139 567
139 575
140 163
141 163
141 175
141 604
142 146
142 147
142 158
142 159
143 144
143 161
143 1275
143 1398
144 153
144 155
144 161
144 1363
144 1386
145 257
145 1382
145 1464
146 147
146 155
146 162
147 153
147 155
147 158
148 151
148 162
148 163
148 174
148 546
149 150
149 152
149 232
149 233
149 269
149 1360
149 1385
150 154
150 157
150 165
150 232
150 256
150 268
151 155
151 160
151 169
151 174
151 193
152 153
152 1361
152 1379
153 1386
154 156
154 157
155 161
155 162
156 164
156 543
156 572
157 160
157 268
158 166
159 1280
159 1364
160 245
160 260
161 162
161 190
161 1398
161 1424
162 175
162 182
163 546
163 559
163 577
164 270
164 543
165 228
165 249
165 256
165 270
167 172
167 180
167 191
167 1405
167 1418
167 1422
168 170
168 187
168 196
168 231
168 272
168 290
168 593
168 692
169 177
169 181
169 193
169 278
169 302
170 179
170 186
170 187
170 582
170 587
170 593
171 176
171 181
171 188
171 191
172 192
172 1307
172 1348
172 1405
172 1420
173 174
173 175
173 182
173 183
173 194
173 604
173 608
174 179
174 182
174 193
174 546
174 608
175 182
176 177
176 188
176 276
176 1520
177 190
177 280
177 284
177 1400
178 186
178 191
178 195
179 194
179 587
179 603
179 608
179 609
180 185
180 189
180 192
180 194
181 187
181 275
181 278
181 291
182 194
183 184
183 185
183 194
183 481
183 604
184 195
184 474
184 583
184 607
185 194
185 195
186 196
186 583
186 593
187 188
187 275
187 288
188 191
188 272
189 190
189 1419
190 1393
190 1419
191 196
192 1300
192 1405
193 245
193 274
193 302
193 575
193 609
196 593
197 221
197 1335
197 1426
197 1457
198 199
198 203
198 227
198 277
198 334
198 629
198 635
198 720
199 203
199 212
199 222
199 227
199 286
199 301
200 209
200 219
200 220
200 225
200 226
200 229
200 338
200 629
200 639
201 211
201 213
201 215
201 217
201 219
201 224
201 225
201 226
202 212
202 221
202 222
202 223
202 286
202 287
202 289
202 1457
203 208
203 219
203 226
204 205
204 212
204 223
204 227
204 231
204 272
204 286
204 290
205 227
205 618
205 629
205 637
205 711
205 723
206 207
206 222
206 289
206 292
206 301
206 1450
206 1499
207 292
207 301
207 325
207 334
208 218
208 219
208 325
208 330
208 333
208 336
209 217
209 219
209 220
209 225
209 250
209 259
209 307
209 327
209 330
210 211
210 212
210 213
211 213
211 214
211 216
211 221
211 224
211 228
212 213
212 221
212 222
212 223
212 224
212 286
213 215
213 224
213 226
213 230
214 217
214 218
214 224
214 1439
214 1449
215 225
215 249
215 632
216 263
216 269
216 1426
216 1433
216 1454
217 219
217 240
217 261
218 222
218 336
218 1449
218 1553
219 224
219 225
219 226
219 330
220 225
220 250
220 259
220 327
220 623
221 222
221 224
221 1426
222 224
223 272
223 286
223 287
224 226
225 226
225 229
225 250
225 624
225 632
226 229
227 286
227 290
227 294
228 233
229 615
229 618
229 624
229 629
229 632
229 637
229 639
230 618
230 632
230 652
231 272
231 593
231 617
232 233
232 256
232 257
232 260
233 254
233 256
233 263
233 269
234 238
234 245
234 252
234 260
234 264
234 266
234 274
234 298
234 302
235 242
235 243
235 246
235 251
235 252
235 255
235 262
235 299
235 303
235 1465
236 241
236 253
236 258
236 658
236 662
237 239
237 254
237 261
237 263
237 368
237 1485
238 273
238 298
238 659
238 662
238 682
239 244
239 255
239 262
239 1461
239 1465
240 249
240 256
240 267
241 244
241 252
241 256
241 260
242 252
242 264
242 280
242 299
242 303
242 1484
242 1490
243 246
243 281
243 295
243 298
243 303
243 392
244 252
244 254
244 257
244 262
245 260
245 264
245 266
245 274
245 302
246 251
246 255
246 262
246 271
246 340
246 360
246 372
247 258
247 265
247 372
247 659
247 662
247 684
247 759
248 262
248 265
248 271
248 342
249 256
249 267
249 270
250 253
250 259
250 267
250 681
251 295
251 299
251 1465
251 1522
251 1523
251 1575
251 1616
252 257
252 260
252 262
252 264
253 259
253 265
253 267
253 667
254 263
254 1461
254 1481
255 271
255 1465
255 1487
255 1575
256 260
256 268
257 260
257 264
257 1464
257 1484
258 262
258 265
258 372
258 662
259 307
259 327
259 342
260 264
261 307
261 312
261 337
261 342
261 368
262 271
264 280
264 302
264 303
265 271
265 345
265 372
266 549
266 658
266 678
266 680
267 626
267 664
267 681
268 549
268 686
269 1360
269 1385
269 1454
269 1469
270 626
270 652
270 686
271 340
271 348
271 361
271 372
272 287
272 290
273 281
273 298
273 693
273 707
274 291
274 302
274 609
274 680
275 278
275 279
275 288
275 290
275 291
275 293
275 296
276 284
276 293
276 297
276 1508
276 1520
277 301
277 404
278 280
278 284
278 291
278 296
278 302
279 282
279 285
279 294
279 296
280 284
280 1490
281 285
281 295
281 298
281 300
281 304
281 305
281 392
282 283
282 293
282 297
282 300
283 297
283 300
283 1493
283 1507
283 1508
284 297
284 1496
285 294
285 305
285 386
285 706
285 707
286 289
286 293
286 301
287 289
287 1457
287 1518
288 291
288 692
288 712
288 716
289 293
289 301
289 1494
290 293
290 294
290 711
291 296
291 302
291 712
292 301
292 397
292 404
292 1499
294 706
294 711
294 712
294 713
295 300
295 306
295 392
295 394
296 297
296 303
297 299
297 300
297 303
297 1507
297 1508
298 303
299 303
299 1465
299 1507
299 1523
300 305
300 306
304 392
304 659
305 385
305 386
305 392
306 377
306 394
306 1522
307 312
307 313
307 333
307 342
308 328
308 329
308 370
308 1535
308 1543
309 310
309 313
309 316
309 362
309 366
310 327
310 363
310 366
310 744
310 754
311 319
311 320
311 332
312 315
312 333
312 337
312 1553
313 328
313 333
313 362
313 363
314 316
314 317
314 330
314 331
314 335
315 326
315 328
315 333
315 337
315 1541
315 1542
315 1553
315 1557
316 323
316 329
316 331
317 320
317 321
317 323
317 403
317 751
318 319
318 321
318 325
318 326
318 379
318 1557
319 382
319 403
319 1530
320 390
320 400
320 403
321 322
321 325
321 334
321 379
321 383
321 403
322 334
322 335
322 388
322 398
322 635
322 733
323 732
323 739
323 747
324 326
324 332
324 1543
324 1557
325 326
325 333
325 334
325 336
326 328
326 331
326 333
326 336
326 1557
327 754
328 329
328 331
328 370
329 331
330 333
330 335
330 338
331 333
332 1543
334 335
334 383
335 338
335 635
335 733
336 1450
336 1527
336 1553
337 356
337 368
337 1541
337 1542
337 1565
337 1583
338 746
339 346
339 357
339 366
339 369
339 756
339 773
340 347
340 348
340 360
340 367
340 1575
341 343
341 344
341 357
341 364
341 769
342 361
342 363
343 357
343 364
343 805
343 812
344 351
344 364
345 346
345 348
345 361
345 365
345 372
346 361
346 363
346 366
346 766
347 348
347 351
347 360
347 365
347 384
348 354
348 355
348 360
348 361
349 350
349 358
349 1279
350 356
350 358
350 370
350 1541
351 353
351 354
351 364
351 367
352 355
352 358
352 362
352 370
353 359
353 367
353 373
353 402
353 1618
354 355
354 358
354 367
354 371
355 356
355 358
355 361
355 362
356 362
356 368
356 1565
357 365
357 773
358 370
360 365
360 372
360 392
360 394
361 363
362 363
362 366
362 370
363 366
364 373
364 384
364 389
365 372
365 759
366 369
366 777
367 371
367 1571
367 1581
367 1620
368 1565
369 756
369 769
369 777
371 1566
371 1571
371 1573
371 1578
373 384
373 387
373 393
373 396
373 402
374 375
374 381
374 385
374 395
374 396
374 399
375 376
375 380
375 393
375 395
375 396
375 401
376 377
376 383
376 391
376 393
376 395
376 401
377 391
377 393
377 397
377 404
378 381
378 389
378 396
379 383
379 397
379 1607
380 387
380 402
381 389
381 396
381 505
382 390
382 1530
382 1607
382 1612
383 388
383 395
383 401
383 404
384 396
384 805
385 386
385 395
385 819
385 820
386 388
386 810
386 819
386 820
387 391
387 402
387 1590
387 1618
387 1620
388 395
388 398
388 810
389 396
390 403
391 393
391 1590
391 1620
392 394
393 395
393 396
394 1616
395 401
397 1493
397 1499
397 1526
397 1588
397 1607
398 399
398 401
398 751
399 400
399 507
399 798
399 799
400 507
401 403
402 1618
405 407
405 419
405 422
405 426
405 433
405 438
406 417
406 420
406 421
406 427
406 434
406 435
406 448
406 461
407 414
407 431
407 438
407 440
407 521
408 412
408 425
408 428
408 499
408 504
409 410
409 427
409 432
409 434
409 524
409 530
409 839
410 422
410 432
410 825
410 832
410 839
411 412
411 415
411 417
411 420
411 423
411 426
411 435
412 418
412 424
412 425
412 426
412 428
413 422
413 741
413 846
413 854
413 1158
414 418
414 436
414 438
414 499
414 503
415 423
415 424
415 429
415 435
415 726
416 429
416 461
416 743
416 745
416 753
417 420
417 421
417 427
417 431
417 439
419 430
419 433
419 438
419 480
419 482
420 435
420 439
420 464
421 422
421 426
421 427
421 434
422 426
422 825
422 846
422 852
423 424
424 425
424 732
425 428
425 747
426 429
427 431
427 434
427 437
427 448
427 530
428 430
428 728
428 732
428 741
428 747
430 480
430 491
430 724
430 793
430 817
431 439
431 515
431 517
431 521
431 530
432 524
432 530
432 832
432 839
433 480
433 482
433 833
433 854
433 919
434 443
434 850
434 852
435 461
436 474
436 503
436 513
436 516
437 448
437 453
437 464
437 537
437 540
437 547
437 573
438 440
438 482
438 499
438 503
439 515
439 537
440 488
440 501
440 514
440 845
440 907
440 919
441 450
441 451
441 452
441 468
441 476
442 456
442 726
442 753
442 763
442 777
443 445
443 461
443 856
443 873
443 883
444 454
444 455
444 465
444 471
444 767
444 776
444 877
445 447
445 448
445 453
445 460
445 461
445 462
445 465
445 873
445 883
446 452
446 466
446 495
446 788
447 448
447 459
447 460
447 461
447 465
447 470
448 453
448 461
448 464
449 450
449 471
449 882
449 898
450 452
450 457
450 476
450 493
450 495
451 457
451 460
451 579
452 459
452 466
453 544
453 547
453 555
454 459
454 763
454 771
454 788
455 753
455 767
455 877
455 1190
456 459
456 466
456 469
457 458
457 476
457 485
457 490
457 493
457 574
458 485
458 859
458 875
458 884
458 914
459 466
460 462
460 470
460 547
460 579
462 579
462 859
462 862
462 873
462 883
463 464
463 467
463 470
463 547
463 573
464 469
464 537
464 573
465 883
466 763
466 769
467 470
467 472
467 561
468 472
468 476
469 470
471 757
471 776
471 860
471 877
471 882
472 502
472 551
472 559
472 599
472 604
473 477
473 478
473 489
473 492
473 498
473 791
473 803
474 483
474 503
474 594
475 478
475 479
475 498
475 499
475 504
475 509
476 490
476 493
476 495
476 502
477 493
477 500
477 508
477 791
477 807
478 482
478 487
478 491
478 492
478 499
479 481
479 483
479 484
479 509
480 492
480 724
480 817
480 833
480 894
480 1206
481 484
481 497
481 502
481 604
482 487
482 492
482 501
482 904
482 919
483 496
483 497
483 499
483 503
484 489
484 502
484 509
485 493
485 500
485 510
485 898
485 905
486 490
486 496
486 506
486 601
486 610
486 611
486 613
487 488
487 489
487 496
487 501
488 496
488 501
488 506
488 605
488 606
488 907
489 490
489 493
490 493
490 502
491 492
491 494
491 498
491 793
491 813
492 796
492 904
494 507
494 793
494 798
495 505
495 508
496 497
496 610
497 502
497 584
497 599
497 607
497 610
498 505
498 507
498 509
498 791
498 797
499 503
499 504
500 510
500 796
500 898
500 921
501 506
501 904
501 907
501 908
501 911
501 919
502 599
502 604
504 509
505 508
506 893
506 896
506 907
506 911
507 509
507 797
508 784
508 791
508 815
510 897
510 904
510 905
510 911
511 512
511 517
511 520
511 527
511 528
511 529
511 536
512 517
512 520
512 524
512 937
512 949
512 954
513 515
513 516
513 521
513 531
513 541
513 606
514 521
514 525
514 526
514 605
514 606
514 907
514 928
514 1025
515 517
515 518
515 521
515 528
515 529
515 531
516 531
516 541
516 583
517 521
517 526
517 528
517 529
517 530
518 529
518 531
518 536
519 523
519 536
520 528
520 532
520 534
520 539
520 951
521 526
521 528
521 606
522 525
522 526
522 528
522 533
522 541
522 600
523 527
523 538
523 543
524 530
524 540
524 580
524 949
525 526
525 586
525 605
525 606
525 952
525 1001
526 528
526 952
527 532
527 536
527 538
527 542
528 531
528 536
529 536
529 537
529 538
530 540
531 535
531 536
531 541
532 534
532 638
532 647
532 951
532 954
533 535
533 539
533 600
533 612
533 644
533 688
534 539
534 625
534 638
534 951
535 539
535 612
535 617
535 634
535 644
537 572
537 573
538 542
538 556
538 572
539 620
539 625
539 634
539 638
539 644
540 542
540 544
540 580
541 583
541 595
542 544
542 550
542 563
542 576
542 580
542 954
543 556
543 565
543 686
544 547
544 555
544 556
544 576
544 580
545 553
545 558
545 571
545 957
545 974
546 552
546 559
546 575
546 577
546 608
547 561
547 573
547 579
548 551
548 552
548 559
548 561
548 566
548 577
549 565
549 567
549 672
549 686
550 560
550 562
550 563
550 576
550 947
550 954
551 552
551 559
551 561
551 571
551 574
551 590
552 559
552 566
552 567
552 569
552 571
552 575
552 577
552 598
553 560
553 566
553 974
553 981
554 570
554 571
554 597
554 710
554 964
554 972
554 1003
555 558
555 576
555 580
555 956
555 981
556 557
556 563
556 565
556 566
556 568
557 560
557 563
557 565
557 566
557 578
557 685
558 579
558 884
558 957
558 959
559 577
559 599
559 604
560 562
560 563
560 564
560 576
560 578
560 978
560 981
561 579
562 563
562 578
562 683
562 978
562 1087
562 1088
563 578
563 685
564 578
564 671
564 972
564 978
564 1072
564 1088
565 566
565 567
565 686
566 567
567 569
567 575
567 581
568 572
568 573
569 570
569 575
569 581
569 598
569 614
570 571
570 581
570 710
570 972
571 590
571 602
572 573
574 611
574 884
575 609
576 580
576 981
578 685
578 978
578 1088
580 947
581 672
581 678
581 680
582 587
582 588
582 593
582 595
582 603
582 612
582 692
582 722
583 587
583 594
583 595
583 607
584 587
584 589
584 598
584 599
584 607
584 608
585 589
585 590
585 591
585 596
585 597
585 598
585 602
586 600
586 987
586 1001
587 588
587 589
587 595
587 603
587 607
588 589
588 595
588 600
588 603
588 722
589 596
589 598
589 603
590 598
590 599
590 601
590 602
591 597
591 699
591 721
591 1012
591 1103
592 594
592 595
592 596
592 600
592 605
592 606
592 607
592 610
593 612
594 606
594 607
594 610
595 600
596 601
596 613
597 602
597 1000
597 1003
598 599
598 608
599 601
599 604
600 688
601 610
601 613
602 611
602 1004
603 609
603 614
603 716
605 606
605 610
605 613
605 907
605 1018
607 610
609 614
610 613
611 914
611 1004
611 1019
612 617
612 644
612 692
612 722
613 1018
613 1019
614 716
615 616
615 619
615 624
615 627
615 632
615 637
615 639
615 640
616 619
616 624
616 626
616 632
616 634
616 642
616 652
617 618
617 644
618 632
618 637
619 620
619 634
619 638
619 640
619 642
619 647
620 621
620 625
620 634
620 638
620 644
621 627
621 637
621 644
621 698
621 723
622 627
622 631
622 633
622 636
622 640
622 648
622 653
622 749
623 624
623 631
623 636
623 639
623 651
624 626
624 632
624 639
624 642
624 681
625 644
625 645
625 688
625 689
625 1044
625 1054
626 632
626 642
626 652
626 681
627 629
627 630
627 631
627 633
627 637
627 639
627 749
628 636
628 640
628 646
628 648
628 1034
628 1035
628 1041
629 635
629 637
629 639
630 635
630 653
630 695
630 720
630 749
630 811
631 636
631 639
631 740
631 749
632 652
633 645
633 648
633 650
633 653
635 720
636 640
636 651
637 639
637 723
638 647
638 951
638 1054
640 645
640 648
641 642
641 643
641 646
641 654
641 663
641 683
641 687
642 649
642 654
642 663
642 681
643 647
643 683
643 1030
643 1034
644 688
645 648
645 1054
646 687
646 1029
646 1041
646 1053
647 649
647 1030
648 650
648 1156
649 663
649 685
650 653
650 737
650 801
650 1095
650 1146
650 1156
651 654
651 655
651 669
651 687
653 731
653 737
653 749
653 811
653 816
654 663
654 664
654 666
654 669
654 681
655 674
655 754
655 766
656 657
656 661
656 670
656 671
656 1067
656 1072
656 1078
656 1089
657 670
657 676
657 717
658 662
658 664
658 667
658 678
659 660
659 662
659 714
659 786
660 662
660 668
660 676
660 677
660 682
660 684
660 714
660 786
661 666
661 670
661 671
661 675
661 1088
662 667
662 678
662 684
663 666
663 675
663 683
663 685
664 666
664 667
664 672
664 681
664 686
665 668
665 670
665 674
665 677
665 679
665 761
665 768
665 782
666 669
666 672
666 675
667 668
667 669
667 684
668 669
668 674
668 676
668 684
669 674
670 676
670 677
670 1078
671 972
671 1072
672 678
673 677
673 768
673 772
673 783
673 1078
673 1178
673 1211
674 684
674 761
674 766
674 782
675 683
675 1059
675 1064
675 1083
675 1088
676 678
676 682
677 768
677 785
677 786
678 680
679 1059
679 1062
679 1164
680 682
682 693
682 714
683 1030
683 1064
683 1087
684 759
684 766
684 782
684 786
685 686
687 781
688 689
688 722
689 698
689 701
689 703
689 1094
690 695
690 697
690 706
690 707
690 709
690 810
691 700
691 705
691 708
691 709
691 718
691 719
691 818
692 694
692 711
692 722
693 707
693 712
693 715
693 716
694 698
694 704
694 711
694 713
694 722
694 723
695 698
695 706
695 709
695 713
695 719
695 720
695 723
696 699
696 700
696 702
696 704
696 715
696 717
696 721
697 707
697 714
697 822
698 719
698 723
699 701
699 702
699 721
699 1093
699 1097
699 1103
700 702
700 708
700 715
700 718
701 703
701 704
701 718
701 719
701 1097
702 1089
702 1103
703 718
703 1027
703 1094
703 1095
703 1101
704 713
704 715
704 716
704 719
704 721
704 722
705 801
705 818
705 1095
705 1216
706 707
706 713
706 720
706 723
707 712
707 713
707 715
708 809
708 822
708 1199
709 792
709 811
709 818
710 972
710 1003
710 1089
710 1103
711 713
711 723
712 713
712 716
713 715
713 719
713 723
714 786
715 719
716 722
718 719
720 810
724 727
724 741
724 752
724 817
724 1162
725 728
725 731
725 733
725 751
725 790
725 808
726 743
726 777
727 728
727 729
727 732
727 738
727 739
727 741
727 742
728 732
728 747
728 751
729 731
729 734
729 737
729 738
729 752
730 740
730 744
730 746
730 750
730 754
730 775
731 734
731 737
731 749
731 790
731 808
731 811
731 816
732 739
732 741
732 743
732 747
733 746
733 751
734 738
734 740
734 746
734 749
735 750
735 781
735 1041
735 1159
736 742
736 745
736 770
736 1135
737 816
737 1152
737 1156
738 739
738 740
738 742
738 750
739 743
739 744
739 746
740 746
740 750
741 742
742 743
742 745
743 748
744 746
745 856
745 1158
745 1190
747 751
748 750
748 777
750 770
750 775
751 798
752 1129
752 1135
752 1139
752 1162
753 755
753 763
754 775
754 780
755 760
755 767
755 778
755 779
756 763
756 769
756 773
756 777
756 779
756 780
757 776
757 784
757 787
757 807
757 865
757 898
758 764
758 771
758 773
758 779
758 784
758 788
758 812
759 766
759 782
759 786
760 762
760 765
760 771
760 778
760 779
761 765
761 774
761 778
761 780
761 782
762 764
762 765
762 768
762 772
762 783
763 769
763 779
763 788
764 783
764 785
764 800
764 802
764 812
765 766
765 773
765 779
765 780
765 782
766 780
766 782
767 778
767 1165
767 1187
767 1190
768 772
768 782
768 783
768 785
770 774
770 778
770 1174
771 776
771 779
771 784
771 788
772 1164
772 1172
772 1177
772 1178
773 779
774 778
774 781
774 1164
774 1172
774 1174
775 781
776 1187
778 1172
782 786
783 785
783 795
783 800
783 809
784 788
784 807
784 815
785 786
785 822
787 795
787 807
787 1198
789 794
789 799
789 800
789 804
789 806
790 793
790 808
790 816
790 817
791 797
791 803
791 807
791 815
792 804
792 808
792 810
792 811
792 816
792 818
793 798
793 813
793 817
794 799
794 802
794 805
794 812
795 809
795 1177
795 1198
795 1199
795 1209
795 1211
796 803
796 813
796 894
796 904
796 916
797 799
798 799
799 820
800 809
800 815
801 816
801 1095
801 1146
801 1152
802 805
802 819
803 807
803 813
803 814
804 818
804 819
804 822
805 812
806 814
806 818
806 1197
807 814
807 815
808 810
808 811
809 818
809 822
809 1199
809 1209
810 820
811 816
812 815
813 817
814 1194
814 1197
814 1209
814 1217
816 821
816 1152
817 821
817 1206
818 1216
819 820
821 1152
821 1162
821 1197
821 1206
823 828
823 841
823 853
823 880
823 887
823 1155
824 835
824 840
824 844
824 868
824 870
824 887
824 930
824 955
825 839
825 844
825 846
825 849
825 852
826 836
826 843
826 855
827 830
827 837
827 842
827 848
827 909
827 1229
827 1244
828 836
828 841
828 846
828 847
828 849
829 835
829 838
829 844
829 848
829 851
829 930
829 938
830 837
830 909
830 1229
830 1318
830 1321
831 840
831 841
831 843
831 853
831 1241
832 838
832 839
832 845
833 854
833 894
833 918
833 919
834 845
834 895
834 908
834 919
835 840
835 841
835 843
835 844
835 848
835 851
836 837
836 843
836 847
836 849
836 855
837 855
837 857
837 909
838 842
838 848
838 925
838 948
838 950
839 844
839 930
840 841
840 858
840 887
840 1241
841 843
841 844
841 887
842 848
842 895
842 948
842 950
843 1231
844 850
844 930
846 847
846 849
846 854
847 854
847 855
847 1151
848 849
850 852
850 856
850 873
850 887
851 938
851 948
851 1231
851 1244
851 1255
851 1355
852 856
853 880
853 1155
855 1127
856 1158
857 1134
857 1212
857 1318
857 1546
858 868
858 878
858 888
859 861
859 875
859 882
859 884
860 863
860 865
860 871
860 877
860 879
860 882
860 1180
860 1192
861 872
861 875
861 876
861 881
861 884
861 920
862 868
862 870
862 873
862 874
862 956
863 865
863 875
863 876
863 889
863 892
863 898
864 866
864 885
864 1171
864 1193
865 898
865 1180
866 869
866 871
866 878
866 879
866 880
866 1193
867 879
867 1261
867 1270
867 1274
867 1277
868 870
868 881
868 955
868 956
868 977
869 871
869 874
869 877
869 880
869 883
869 1169
870 873
870 956
871 874
871 876
871 877
871 879
871 882
871 883
872 884
872 914
872 920
872 957
872 958
872 967
873 874
873 883
874 878
874 883
874 887
875 898
875 905
875 914
875 920
876 879
876 881
877 882
877 883
877 1192
878 880
878 881
878 887
879 885
880 887
880 1169
880 1193
881 963
882 883
884 914
884 957
885 1171
885 1261
885 1582
886 903
886 917
886 968
886 999
886 1024
886 1274
886 1292
888 955
888 977
888 1271
888 1286
888 1359
889 892
889 903
889 912
889 917
889 920
889 922
890 893
890 896
890 902
890 915
890 994
890 1010
890 1015
890 1019
891 903
891 912
891 913
891 915
891 1011
891 1292
891 1296
892 897
892 900
892 921
892 922
893 895
893 907
893 908
893 994
893 998
893 1025
894 901
894 904
894 916
894 918
894 1200
894 1206
894 1225
895 899
895 908
895 909
895 998
896 902
896 905
896 911
896 914
896 1019
897 905
897 906
897 916
897 921
898 905
899 909
899 910
899 915
899 1321
900 916
900 921
900 1219
900 1223
900 1225
900 1585
901 906
901 916
901 918
901 1225
902 903
902 905
902 912
902 914
902 915
902 920
903 912
903 917
903 920
903 1024
903 1292
904 911
904 916
904 919
905 920
906 908
906 911
907 908
907 1025
908 911
908 919
909 1321
910 1008
910 1229
910 1296
910 1321
910 1404
910 1409
912 915
913 1296
913 1297
913 1310
913 1318
913 1321
914 920
915 1011
915 1015
916 921
916 1200
916 1225
917 1274
917 1284
917 1309
917 1310
917 1312
918 1151
918 1206
918 1225
921 1195
921 1217
922 1180
922 1218
922 1284
923 939
923 953
923 987
923 1002
923 1044
923 1052
924 925
924 936
924 937
924 939
924 944
925 928
925 936
925 938
925 942
926 931
926 970
926 1055
926 1081
926 1345
926 1373
926 1455
927 929
927 931
927 935
927 944
927 946
927 1346
927 1347
928 952
928 1001
928 1025
929 932
929 935
929 938
929 944
929 945
929 1328
929 1334
929 1354
929 1355
930 942
931 934
931 940
931 946
931 970
932 934
932 945
932 955
932 979
932 1355
932 1359
933 940
933 951
933 953
933 954
933 1030
933 1087
934 943
934 945
934 947
934 970
934 985
935 936
935 944
935 1328
935 1339
935 1347
935 1354
936 941
936 944
936 1007
937 942
937 949
937 951
937 952
937 953
938 945
938 948
938 1354
938 1355
939 941
939 987
939 1002
940 946
940 953
940 1050
940 1081
941 988
941 1002
941 1026
942 949
943 947
943 956
944 945
946 1038
946 1425
947 949
947 954
947 985
948 950
948 1353
948 1354
949 954
950 992
950 998
950 1007
951 953
951 954
952 1001
953 1050
953 1052
955 977
955 1359
956 965
956 977
957 959
957 975
958 968
958 975
958 1010
958 1022
958 1024
959 965
959 967
959 981
960 961
960 965
960 967
960 975
960 980
960 982
961 962
961 965
961 980
962 963
962 982
962 1389
963 967
963 968
963 982
963 1267
963 1389
964 974
964 975
964 983
964 990
964 1003
965 967
965 973
965 980
965 981
966 978
966 980
966 983
966 1072
966 1085
966 1091
968 982
968 999
968 1024
969 971
969 1084
969 1091
969 1373
970 979
970 985
970 1081
971 976
971 1084
971 1374
971 1392
972 974
972 983
972 1072
973 978
973 980
973 981
973 985
973 1091
974 978
974 981
975 980
976 984
976 991
976 995
976 1009
976 1022
976 1392
978 981
978 1072
978 1088
978 1091
979 1332
979 1390
982 984
982 1389
983 991
984 1009
984 1022
984 1391
984 1408
985 1081
985 1087
986 989
986 993
986 995
986 996
986 1009
986 1020
986 1125
986 1401
987 1001
987 1002
988 993
988 1021
988 1102
988 1347
988 1415
988 1451
989 990
989 991
989 1005
989 1016
989 1020
989 1023
990 991
990 1003
990 1014
990 1022
991 995
991 1003
991 1020
991 1069
991 1118
992 998
992 1007
992 1008
992 1013
992 1017
992 1021
992 1409
993 1021
993 1401
993 1521
994 1000
994 1010
994 1013
994 1014
994 1015
994 1019
995 1020
995 1069
995 1118
995 1125
995 1392
996 997
996 1009
996 1015
996 1022
996 1403
997 1006
997 1013
997 1015
997 1017
997 1403
998 1013
998 1017
998 1025
999 1011
999 1024
999 1292
999 1370
999 1408
1000 1004
1000 1012
1000 1014
1000 1016
1000 1018
1001 1013
1001 1018
1002 1006
1002 1023
1002 1026
1002 1105
1003 1005
1003 1103
1004 1010
1004 1014
1004 1019
1005 1012
1005 1016
1005 1023
1005 1093
1005 1103
1006 1007
1006 1013
1006 1016
1007 1013
1007 1021
1008 1011
1008 1017
1008 1394
1008 1403
1008 1409
1009 1022
1009 1391
1009 1408
1010 1014
1010 1015
1010 1019
1010 1024
1011 1015
1011 1024
1011 1292
1012 1016
1012 1018
1012 1097
1013 1016
1014 1015
1014 1019
1015 1017
1015 1024
1016 1023
1020 1023
1020 1092
1020 1099
1020 1113
1020 1118
1020 1125
1023 1099
1023 1105
1023 1113
1026 1045
1026 1052
1026 1056
1026 1102
1026 1124
1027 1032
1027 1043
1027 1044
1027 1049
1027 1094
1027 1095
1027 1124
1028 1035
1028 1037
1028 1039
1028 1046
1028 1048
1028 1050
1028 1090
1029 1037
1029 1053
1029 1062
1029 1064
1030 1034
1030 1050
1030 1087
1031 1064
1031 1068
1031 1081
1031 1087
1032 1034
1032 1035
1032 1042
1032 1043
1032 1046
1032 1049
1033 1035
1033 1046
1033 1048
1033 1157
1034 1035
1034 1050
1034 1054
1035 1048
1036 1043
1036 1046
1036 1047
1036 1049
1036 1051
1036 1096
1036 1115
1036 1117
1037 1048
1037 1066
1037 1068
1037 1071
1037 1090
1038 1039
1038 1042
1038 1046
1038 1050
1038 1051
1038 1052
1039 1055
1039 1090
1039 1456
1040 1090
1040 1157
1040 1160
1040 1444
1040 1453
1041 1053
1041 1148
1042 1043
1042 1046
1042 1050
1042 1052
1043 1046
1043 1049
1043 1117
1043 1124
1044 1054
1044 1094
1044 1124
1045 1051
1045 1056
1045 1102
1045 1117
1045 1443
1045 1451
1046 1051
1047 1051
1047 1057
1047 1435
1048 1053
1048 1066
1048 1148
1049 1096
1049 1117
1051 1425
1051 1435
1053 1062
1053 1066
1055 1070
1055 1090
1055 1440
1055 1455
1055 1456
1055 1479
1056 1347
1056 1349
1056 1425
1056 1429
1056 1451
1057 1157
1057 1453
1057 1529
1058 1065
1058 1082
1058 1114
1058 1122
1058 1166
1058 1185
1058 1204
1059 1062
1059 1071
1059 1076
1059 1078
1060 1065
1060 1067
1060 1077
1060 1078
1060 1089
1060 1098
1060 1122
1060 1123
1061 1063
1061 1073
1061 1076
1061 1080
1061 1082
1061 1086
1061 1474
1061 1491
1062 1064
1062 1071
1062 1188
1063 1068
1063 1070
1063 1073
1063 1075
1063 1474
1064 1068
1064 1071
1064 1083
1065 1073
1065 1078
1065 1082
1065 1114
1065 1178
1066 1170
1066 1188
1067 1069
1067 1072
1067 1077
1067 1085
1067 1089
1068 1071
1068 1081
1068 1083
1068 1090
1069 1077
1069 1079
1069 1085
1069 1098
1069 1118
1070 1084
1070 1373
1070 1479
1071 1076
1071 1083
1072 1083
1072 1088
1073 1075
1073 1076
1073 1077
1073 1080
1073 1082
1074 1079
1074 1107
1074 1122
1074 1488
1074 1517
1075 1077
1075 1079
1075 1084
1075 1085
1075 1474
1076 1082
1076 1182
1077 1079
1077 1080
1077 1085
1077 1122
1078 1123
1078 1178
1079 1392
1080 1082
1080 1474
1080 1488
1081 1087
1081 1091
1082 1163
1082 1182
1083 1088
1083 1091
1084 1085
1084 1374
1084 1482
1085 1091
1086 1160
1086 1463
1086 1491
1089 1098
1090 1479
1092 1099
1092 1104
1092 1110
1092 1113
1092 1118
1092 1125
1093 1097
1093 1101
1093 1103
1093 1105
1093 1113
1094 1097
1094 1101
1094 1105
1094 1124
1095 1101
1095 1106
1095 1146
1096 1115
1096 1117
1096 1120
1096 1224
1097 1105
1098 1104
1098 1109
1098 1118
1099 1110
1099 1113
1099 1121
1099 1521
1100 1107
1100 1108
1100 1110
1100 1116
1100 1497
1100 1505
1101 1109
1101 1111
1101 1112
1102 1121
1102 1451
1102 1521
1104 1110
1104 1113
1104 1118
1104 1122
1105 1112
1105 1113
1105 1121
1105 1124
1106 1111
1106 1119
1106 1120
1106 1213
1106 1214
1107 1108
1107 1122
1107 1185
1107 1497
1107 1619
1108 1110
1108 1111
1108 1116
1108 1120
1108 1215
1109 1111
1109 1114
1109 1119
1109 1123
1110 1112
1110 1116
1110 1513
1111 1112
1111 1119
1111 1120
1112 1113
1112 1121
1113 1118
1114 1119
1114 1122
1114 1123
1114 1204
1114 1211
1115 1116
1115 1117
1115 1121
1115 1443
1115 1513
1116 1120
1116 1224
1116 1226
1116 1505
1116 1513
1117 1121
1117 1124
1119 1199
1119 1213
1119 1216
1120 1215
1120 1224
1121 1124
1121 1513
1125 1401
1125 1416
1125 1501
1126 1127
1126 1131
1126 1132
1126 1134
1126 1140
1126 1141
1126 1145
1126 1151
1127 1134
1127 1138
1127 1142
1127 1525
1128 1137
1128 1160
1128 1173
1128 1558
1128 1576
1129 1132
1129 1139
1129 1141
1129 1150
1129 1152
1129 1162
1130 1136
1130 1143
1130 1148
1130 1149
1130 1159
1130 1174
1131 1134
1131 1140
1131 1145
1131 1203
1131 1212
1131 1525
1131 1550
1131 1617
1132 1140
1132 1144
1132 1145
1132 1150
1132 1153
1132 1196
1133 1136
1133 1138
1133 1143
1133 1147
1133 1155
1133 1176
1133 1183
1134 1151
1134 1212
1134 1525
1135 1136
1135 1139
1135 1142
1135 1149
1135 1154
1135 1158
1135 1159
1136 1143
1136 1149
1136 1154
1136 1159
1137 1143
1137 1148
1137 1153
1137 1157
1137 1160
1138 1147
1138 1149
1138 1161
1139 1149
1139 1159
1140 1144
1140 1145
1140 1196
1140 1203
1140 1205
1140 1222
1141 1151
1141 1162
1141 1205
1141 1206
1142 1149
1143 1148
1143 1170
1144 1145
1144 1222
1145 1153
1145 1161
1145 1525
1145 1529
1146 1150
1146 1152
1147 1155
1147 1176
1147 1545
1148 1149
1148 1153
1150 1152
1150 1156
1151 1205
1153 1157
1154 1155
1154 1158
1154 1169
1154 1190
1155 1169
1155 1176
1157 1160
1157 1453
1157 1529
1160 1453
1160 1558
1161 1525
1161 1529
1161 1532
1161 1549
1162 1206
1163 1166
1163 1167
1163 1179
1163 1185
1164 1172
1164 1178
1164 1182
1164 1184
1164 1188
1165 1172
1165 1181
1165 1187
1165 1192
1166 1179
1166 1185
1166 1204
1166 1220
1167 1175
1167 1191
1167 1572
1167 1582
1168 1179
1168 1181
1168 1183
1169 1190
1169 1193
1170 1173
1170 1184
1170 1186
1170 1188
1171 1561
1171 1582
1172 1174
1172 1181
1172 1184
1172 1187
1173 1175
1173 1183
1173 1186
1174 1184
1174 1188
1175 1561
1175 1564
1175 1582
1176 1183
1176 1193
1177 1189
1177 1198
1177 1211
1178 1182
1179 1181
1179 1189
1179 1191
1179 1220
1180 1189
1180 1192
1181 1184
1181 1187
1181 1189
1182 1184
1182 1186
1182 1188
1183 1186
1184 1186
1184 1188
1185 1477
1185 1488
1185 1604
1185 1614
1189 1198
1189 1220
1191 1220
1191 1582
1191 1604
1194 1197
1194 1200
1194 1202
1194 1217
1195 1210
1195 1217
1195 1219
1195 1220
1196 1205
1196 1214
1196 1221
1196 1222
1197 1200
1197 1221
1198 1209
1198 1217
1198 1220
1199 1209
1199 1211
1199 1216
1200 1219
1200 1225
1201 1207
1201 1208
1201 1210
1201 1219
1201 1587
1202 1207
1202 1210
1202 1213
1202 1214
1203 1205
1203 1207
1203 1212
1203 1222
1203 1596
1203 1617
1204 1211
1204 1213
1205 1221
1207 1214
1207 1215
1207 1222
1208 1210
1208 1586
1208 1587
1208 1593
1208 1600
1208 1604
1208 1619
1209 1211
1209 1216
1210 1220
1212 1546
1212 1550
1212 1598
1212 1615
1213 1214
1213 1215
1213 1216
1214 1215
1214 1221
1214 1222
1214 1224
1215 1224
1215 1226
1215 1619
1218 1309
1218 1585
1218 1610
1219 1223
1222 1224
1222 1617
1223 1225
1223 1318
1223 1585
1223 1615
1224 1226
1224 1524
1226 1505
1226 1524
1226 1600
1226 1619
1227 1228
1227 1235
1227 1236
1227 1237
1227 1252
1227 1539
1227 1552
1228 1234
1228 1237
1228 1245
1228 1252
1228 1543
1229 1244
1229 1299
1229 1321
1230 1232
1230 1235
1230 1236
1230 1245
1230 1250
1230 1298
1231 1235
1231 1241
1231 1243
1231 1244
1232 1249
1232 1250
1232 1251
1232 1254
1232 1298
1232 1299
1232 1313
1233 1238
1233 1246
1233 1247
1233 1249
1233 1250
1233 1255
1233 1336
1234 1236
1234 1240
1234 1253
1235 1236
1235 1539
1236 1243
1236 1250
1237 1240
1237 1242
1237 1528
1237 1552
1238 1246
1238 1247
1238 1248
1238 1331
1238 1336
1238 1338
1239 1245
1239 1251
1239 1323
1240 1243
1240 1253
1240 1262
1241 1243
1241 1271
1241 1359
1242 1260
1243 1246
1243 1259
1244 1249
1244 1250
1245 1252
1245 1293
1246 1248
1246 1259
1246 1281
1247 1344
1248 1282
1248 1331
1249 1250
1249 1254
1249 1255
1249 1340
1251 1254
1251 1307
1251 1313
1251 1344
1251 1348
1252 1540
1252 1556
1254 1299
1254 1340
1254 1404
1254 1417
1255 1336
1255 1355
1256 1264
1256 1266
1256 1269
1256 1274
1256 1277
1256 1283
1256 1291
1257 1263
1257 1265
1257 1272
1257 1280
1258 1260
1258 1268
1258 1560
1258 1584
1259 1262
1259 1285
1260 1545
1260 1559
1260 1584
1261 1277
1261 1284
1261 1562
1262 1272
1262 1288
1262 1584
1263 1264
1263 1266
1263 1273
1263 1275
1263 1287
1263 1369
1264 1265
1264 1266
1264 1269
1264 1276
1264 1287
1264 1289
1264 1302
1265 1268
1265 1272
1265 1276
1265 1278
1265 1283
1265 1290
1266 1269
1266 1270
1266 1273
1266 1274
1266 1277
1267 1389
1268 1270
1268 1272
1268 1277
1268 1290
1268 1560
1269 1274
1269 1291
1269 1312
1269 1316
1270 1273
1270 1277
1270 1285
1271 1281
1271 1285
1271 1286
1271 1352
1271 1359
1272 1278
1272 1288
1273 1282
1273 1285
1273 1286
1273 1369
1274 1277
1274 1284
1275 1287
1275 1289
1276 1289
1276 1302
1276 1324
1277 1284
1278 1279
1278 1288
1278 1290
1279 1288
1279 1574
1280 1282
1281 1282
1281 1285
1281 1286
1281 1352
1281 1387
1283 1291
1283 1601
1284 1309
1284 1562
1285 1286
1286 1369
1286 1376
1286 1383
1286 1389
1287 1289
1287 1316
1287 1368
1287 1398
1289 1302
1289 1308
1290 1560
1290 1574
1291 1302
1291 1309
1291 1312
1292 1312
1292 1316
1292 1319
1293 1294
1293 1298
1293 1314
1293 1556
1294 1314
1294 1320
1295 1309
1295 1310
1295 1311
1295 1585
1295 1610
1295 1613
1296 1297
1296 1306
1296 1321
1297 1298
1297 1311
1297 1318
1297 1321
1298 1299
1298 1313
1298 1315
1299 1306
1299 1313
1299 1321
1299 1404
1300 1307
1300 1313
1300 1405
1300 1417
1301 1304
1301 1305
1301 1311
1301 1314
1301 1613
1302 1303
1302 1304
1302 1305
1302 1308
1303 1304
1303 1308
1303 1311
1303 1312
1303 1319
1304 1305
1304 1317
1305 1324
1305 1618
1306 1402
1306 1404
1307 1313
1307 1323
1307 1348
1308 1316
1308 1319
1308 1322
1309 1310
1309 1610
1310 1311
1310 1585
1311 1314
1312 1316
1313 1323
1314 1320
1315 1318
1315 1546
1315 1556
1316 1319
1316 1370
1317 1322
1318 1615
1319 1402
1319 1407
1322 1395
1324 1618
1325 1339
1325 1342
1325 1421
1326 1341
1326 1343
1326 1345
1326 1346
1326 1349
1326 1427
1326 1436
1326 1455
1327 1330
1327 1332
1327 1333
1327 1334
1327 1341
1327 1351
1327 1371
1328 1334
1328 1346
1328 1350
1328 1354
1329 1342
1329 1358
1329 1406
1329 1415
1329 1429
1329 1514
1329 1515
1330 1333
1330 1341
1330 1367
1330 1371
1330 1377
1330 1379
1330 1385
1331 1338
1331 1364
1331 1377
1331 1387
1332 1334
1332 1345
1332 1351
1332 1367
1332 1371
1332 1390
1333 1336
1333 1338
1333 1350
1333 1356
1334 1346
1334 1351
1334 1355
1335 1343
1335 1356
1335 1357
1335 1426
1335 1454
1336 1338
1336 1340
1336 1350
1336 1351
1336 1352
1337 1342
1337 1356
1337 1357
1337 1420
1337 1421
1338 1344
1338 1350
1339 1353
1339 1354
1340 1344
1340 1350
1341 1343
1341 1367
1341 1385
1341 1448
1341 1454
1342 1357
1342 1358
1342 1406
1342 1421
1343 1358
1343 1427
1343 1448
1344 1348
1345 1367
1345 1373
1345 1436
1345 1455
1346 1349
1347 1349
1347 1429
1347 1451
1348 1420
1349 1425
1349 1429
1351 1352
1351 1371
1351 1376
1351 1387
1352 1359
1352 1376
1352 1387
1353 1354
1353 1409
1354 1355
1355 1359
1356 1357
1358 1429
1358 1442
1358 1457
1358 1514
1360 1361
1360 1385
1360 1464
1360 1469
1360 1475
1361 1372
1361 1379
1361 1386
1362 1366
1362 1381
1362 1382
1362 1391
1362 1483
1362 1492
1363 1382
1363 1386
1363 1400
1363 1424
1364 1377
1364 1380
1364 1387
1365 1366
1365 1368
1365 1370
1365 1375
1365 1384
1365 1389
1365 1410
1366 1381
1366 1384
1366 1391
1366 1410
1367 1371
1367 1372
1368 1369
1368 1370
1368 1375
1368 1389
1369 1375
1369 1380
1369 1383
1370 1408
1370 1410
1371 1376
1371 1388
1371 1390
1372 1378
1372 1381
1372 1388
1373 1486
1374 1378
1374 1381
1374 1392
1374 1482
1375 1383
1375 1384
1375 1388
1375 1389
1376 1383
1376 1387
1376 1390
1377 1379
1378 1381
1378 1390
1379 1385
1379 1388
1380 1388
1381 1382
1381 1391
1382 1386
1382 1492
1383 1387
1383 1388
1384 1410
1384 1424
1385 1454
1391 1392
1393 1400
1393 1412
1393 1414
1393 1419
1393 1422
1393 1424
1394 1402
1394 1403
1394 1407
1395 1399
1395 1405
1395 1407
1395 1419
1395 1422
1396 1397
1396 1399
1396 1411
1396 1412
1396 1413
1397 1401
1397 1403
1397 1408
1397 1414
1397 1416
1398 1419
1398 1424
1399 1412
1399 1418
1399 1422
1400 1424
1400 1492
1401 1416
1401 1501
1401 1521
1402 1404
1402 1407
1402 1417
1404 1409
1404 1417
1405 1418
1405 1420
1405 1422
1406 1418
1406 1421
1406 1514
1406 1518
1407 1410
1407 1414
1408 1410
1410 1414
1410 1424
1411 1412
1411 1423
1411 1515
1412 1423
1412 1520
1413 1417
1413 1421
1414 1419
1414 1424
1415 1451
1416 1423
1416 1483
1416 1495
1416 1501
1418 1420
1418 1421
1418 1422
1419 1422
1419 1424
1420 1421
1423 1495
1423 1496
1423 1498
1425 1456
1426 1433
1426 1442
1426 1448
1426 1454
1427 1432
1427 1436
1427 1442
1427 1448
1428 1435
1428 1437
1428 1446
1428 1447
1428 1519
1429 1445
1429 1451
1430 1431
1430 1439
1430 1470
1430 1485
1430 1489
1430 1533
1430 1551
1430 1583
1431 1432
1431 1434
1431 1438
1431 1441
1431 1444
1431 1533
1432 1434
1432 1435
1432 1436
1432 1440
1432 1441
1432 1456
1433 1441
1433 1448
1433 1449
1434 1435
1434 1437
1434 1444
1434 1447
1434 1453
1435 1437
1435 1456
1436 1440
1436 1448
1436 1455
1436 1456
1436 1462
1437 1438
1437 1442
1437 1446
1437 1447
1437 1449
1438 1446
1438 1447
1438 1449
1438 1527
1438 1533
1439 1449
1439 1553
1439 1583
1440 1444
1440 1455
1440 1456
1440 1462
1440 1471
1440 1479
1441 1471
1441 1489
1442 1445
1442 1452
1443 1513
1443 1519
1444 1470
1444 1471
1444 1558
1445 1452
1445 1514
1445 1519
1446 1450
1446 1503
1446 1527
1446 1555
1447 1453
1447 1527
1447 1531
1447 1533
1448 1454
1448 1469
1450 1526
1451 1515
1452 1457
1452 1506
1452 1514
1453 1529
1453 1558
1455 1456
1457 1514
1457 1518
1458 1468
1458 1480
1458 1482
1458 1483
1459 1460
1459 1463
1459 1468
1459 1472
1459 1474
1459 1478
1459 1479
1460 1468
1460 1473
1460 1476
1460 1477
1460 1480
1460 1488
1461 1464
1461 1467
1461 1468
1461 1481
1462 1469
1462 1471
1462 1486
1463 1470
1463 1472
1463 1491
1463 1577
1464 1475
1464 1484
1465 1466
1465 1473
1465 1484
1465 1487
1465 1523
1466 1473
1466 1487
1466 1509
1466 1523
1466 1563
1466 1575
1467 1468
1467 1472
1467 1478
1467 1485
1467 1487
1467 1568
1468 1473
1468 1478
1469 1475
1469 1481
1470 1471
1470 1472
1470 1485
1470 1489
1470 1577
1470 1579
1471 1478
1471 1479
1471 1489
1472 1487
1472 1568
1472 1579
1473 1480
1473 1509
1473 1523
1474 1482
1475 1478
1475 1481
1475 1486
1476 1477
1476 1488
1476 1497
1476 1509
1476 1614
1477 1488
1477 1563
1478 1481
1478 1489
1480 1483
1480 1498
1480 1517
1481 1489
1482 1486
1483 1492
1483 1495
1483 1498
1484 1490
1485 1489
1485 1583
1487 1568
1487 1575
1487 1578
1490 1492
1490 1496
1490 1498
1492 1498
1493 1499
1493 1507
1493 1512
1493 1522
1493 1588
1493 1603
1494 1506
1494 1508
1494 1514
1494 1518
1494 1520
1495 1498
1495 1501
1495 1502
1495 1517
1496 1498
1496 1511
1497 1510
1497 1614
1497 1619
1499 1503
1499 1526
1499 1588
1500 1502
1500 1504
1500 1506
1500 1511
1501 1504
1501 1521
1502 1504
1502 1510
1502 1517
1503 1516
1503 1519
1503 1555
1504 1505
1504 1513
1504 1516
1505 1510
1505 1516
1506 1514
1506 1515
1506 1519
1507 1508
1507 1511
1507 1522
1508 1511
1509 1523
1509 1563
1509 1605
1510 1512
1510 1600
1512 1611
1514 1518
1515 1521
1516 1519
1516 1524
1518 1520
1522 1603
1522 1616
1524 1544
1524 1617
1525 1529
1525 1532
1525 1536
1525 1539
1525 1550
1526 1554
1526 1555
1526 1607
1527 1531
1527 1533
1527 1534
1527 1547
1527 1553
1528 1535
1528 1559
1528 1584
1529 1536
1530 1554
1530 1556
1530 1607
1531 1536
1531 1544
1531 1547
1531 1555
1532 1549
1532 1552
1533 1547
1533 1551
1534 1538
1534 1547
1534 1557
1535 1541
1535 1543
1536 1544
1536 1547
1536 1548
1536 1550
1537 1538
1537 1541
1537 1542
1537 1551
1537 1565
1537 1579
1538 1542
1538 1547
1539 1546
1539 1552
1540 1548
1540 1552
1541 1542
1541 1565
1542 1553
1542 1583
1544 1550
1544 1555
1544 1595
1544 1617
1545 1559
1545 1576
1546 1550
1547 1549
1548 1550
1548 1552
1548 1602
1549 1551
1550 1598
1550 1602
1550 1617
1551 1558
1551 1576
1551 1577
1554 1602
1554 1607
1555 1595
1556 1602
1558 1577
1559 1561
1559 1569
1559 1574
1559 1584
1560 1570
1560 1574
1561 1564
1561 1569
1561 1570
1561 1582
1562 1570
1562 1582
1562 1610
1564 1569
1564 1572
1565 1568
1565 1573
1565 1579
1565 1583
1566 1571
1566 1573
1566 1578
1566 1580
1567 1572
1567 1586
1567 1599
1567 1604
1567 1614
1568 1573
1568 1578
1568 1579
1569 1573
1569 1576
1570 1572
1570 1580
1570 1582
1571 1575
1571 1578
1571 1580
1571 1581
1571 1606
1571 1620
1572 1582
1574 1584
1575 1578
1575 1616
1576 1577
1577 1579
1579 1583
1580 1581
1581 1597
1581 1601
1581 1606
1581 1618
1581 1620
1585 1587
1585 1615
1586 1593
1586 1599
1586 1604
1586 1610
1587 1593
1587 1594
1587 1596
1587 1598
1587 1615
1588 1589
1588 1595
1588 1607
1588 1611
1589 1590
1589 1591
1589 1592
1589 1594
1589 1603
1589 1609
1589 1612
1590 1597
1590 1609
1590 1612
1590 1620
1591 1594
1591 1595
1591 1602
1591 1608
1591 1612
1592 1599
1592 1600
1592 1603
1592 1605
1593 1594
1593 1609
1593 1610
1594 1596
1594 1598
1594 1600
1594 1608
1594 1609
1595 1611
1596 1598
1596 1617
1597 1601
1597 1609
1597 1613
1597 1618
1598 1602
1598 1608
1598 1615
1599 1606
1599 1609
1600 1611
1600 1614
1600 1619
1601 1610
1601 1613
1603 1605
1604 1614
1604 1619
1605 1606
1605 1616
1606 1616
1606 1620
1607 1612
1608 1609
1608 1615
1609 1613
1614 1619
1616 1620
