0.00515000 0.20164000 0.07218000
0.20744000 0.06659000 0.15964000
0.11083000 0.21205000 0.25531000
0.13340000 0.06070000 0.19974000
0.06559000 0.08922000 0.06745000
0.00702000 0.17799000 0.24715000
0.14868000 0.19943000 0.17939000
0.22925000 0.14679000 0.06943000
0.10617000 0.17899000 0.12245000
0.02957000 0.09396000 0.16865000
0.14255000 0.10927000 0.07073000
0.10983000 0.02646000 0.02423000
0.16661000 0.21937000 0.08909000
0.20613000 0.01083000 0.05615000
0.03262000 0.23493000 0.24315000
0.07321000 0.14310000 0.23666000
0.23293000 0.07081000 0.03805000
0.02987000 0.16821000 0.16008000
0.15279000 0.00604000 0.12170000
0.18596000 0.19374000 0.26426000
0.20691000 0.01246000 0.23316000
0.14581000 0.11830000 0.16068000
0.21009000 0.13573000 0.18106000
0.05655000 0.07028000 0.31784000
0.20267000 0.13161000 0.27029000
0.12830000 0.08402000 0.28933000
0.07883000 0.03629000 0.24061000
0.00129000 0.06428000 0.09498000
0.06457000 0.15355000 0.01766000
0.14383000 0.00560000 0.25978000
0.07098000 0.24864000 0.00334000
0.23772000 0.20345000 0.20204000
0.24560000 0.22227000 0.06693000
0.06773000 0.24964000 0.17330000
0.12804000 0.15837000 0.51082000
0.18891000 0.03605000 0.60209000
0.16477000 0.23326000 0.51451000
0.07381000 0.12060000 0.49283000
0.23503000 0.10175000 0.56148000
0.05677000 0.16718000 0.34077000
0.12832000 0.13985000 0.34372000
0.06514000 0.21157000 0.53224000
0.00876000 0.09468000 0.52324000
0.15315000 0.21229000 0.60040000
0.10409000 0.06311000 0.43592000
0.18618000 0.04013000 0.52629000
0.19246000 0.14461000 0.62885000
0.22254000 0.13156000 0.44038000
0.09371000 0.12764000 0.58448000
0.18237000 0.12023000 0.50587000
0.08238000 0.24433000 0.64721000
0.00826000 0.15447000 0.56205000
0.07372000 0.23078000 0.35570000
0.11868000 0.02884000 0.58656000
0.12683000 0.02038000 0.33893000
0.23450000 0.21805000 0.34595000
0.07960000 0.13024000 0.40204000
0.06049000 0.19479000 0.44274000
0.03404000 0.02954000 0.41842000
0.08037000 0.00750000 0.50487000
0.23188000 0.18198000 0.55765000
0.22312000 0.13580000 0.36053000
0.22920000 0.03291000 0.33890000
0.18242000 0.20237000 0.43908000
0.22295000 0.01797000 0.42212000
0.03470000 0.07407000 0.66216000
0.14917000 0.00093000 0.46376000
0.19767000 0.20828000 0.81516000
0.15353000 0.13013000 0.76447000
0.14759000 0.12653000 0.87674000
0.04016000 0.15428000 0.69599000
0.23404000 0.07087000 0.67140000
0.08319000 0.19333000 0.75417000
0.06544000 0.08255000 0.98080000
0.08470000 0.21167000 0.84118000
0.20703000 0.13140000 0.99348000
0.15167000 0.18896000 0.99566000
0.09965000 0.12512000 0.71742000
0.22516000 0.15567000 0.91400000
0.02257000 0.02995000 0.98249000
0.10639000 0.02678000 0.68159000
0.20334000 0.13765000 0.82175000
0.21542000 0.05148000 0.81512000
0.15822000 0.20586000 0.72986000
0.14402000 0.08146000 0.97857000
0.11507000 0.23026000 0.92504000
0.05056000 0.09199000 0.78330000
0.23670000 0.03383000 0.93146000
0.22762000 0.12169000 0.72997000
0.13058000 0.06706000 0.85443000
0.10494000 0.14848000 0.81785000
0.04381000 0.16225000 0.88199000
0.19563000 0.08529000 0.91128000
0.11583000 0.00868000 0.89305000
0.09001000 0.14366000 0.94622000
0.02333000 0.03240000 0.83531000
0.22738000 0.20144000 0.68959000
0.00379000 0.23138000 0.68985000
0.17888000 0.47872000 0.25158000
0.11658000 0.33669000 0.05115000
0.10065000 0.43516000 0.01436000
0.01938000 0.27854000 0.08386000
0.05574000 0.34286000 0.15918000
0.14146000 0.45039000 0.13776000
0.02955000 0.29968000 0.27118000
0.13266000 0.43125000 0.23685000
0.22645000 0.34935000 0.18604000
0.09732000 0.30747000 0.28659000
0.23619000 0.25390000 0.00146000
0.24135000 0.46572000 0.11512000
0.20133000 0.25969000 0.29487000
0.19456000 0.37103000 0.10868000
0.23659000 0.41880000 0.17975000
0.17294000 0.27646000 0.20322000
0.21686000 0.36467000 0.28852000
0.16394000 0.35703000 0.20851000
0.10118000 0.37726000 0.25993000
0.10102000 0.29643000 0.13461000
0.18634000 0.45053000 0.06877000
0.05141000 0.43812000 0.18464000
0.09242000 0.47879000 0.09348000
0.00715000 0.28502000 0.18230000
0.08406000 0.39837000 0.09105000
0.09778000 0.43906000 0.31014000
0.11368000 0.39504000 0.16986000
0.22309000 0.40271000 0.04620000
0.02041000 0.40023000 0.23078000
0.02880000 0.34601000 0.04064000
0.24249000 0.30179000 0.24423000
0.24105000 0.28587000 0.10002000
0.06559000 0.49445000 0.22866000
0.03115000 0.45067000 0.62528000
0.21802000 0.41056000 0.48061000
0.22964000 0.29151000 0.37889000
0.19088000 0.35171000 0.49028000
0.06079000 0.44692000 0.49048000
0.06269000 0.32702000 0.37392000
0.02943000 0.28500000 0.49764000
0.22978000 0.45249000 0.55582000
0.21872000 0.28970000 0.49933000
0.20807000 0.25587000 0.64020000
0.10428000 0.26511000 0.47078000
0.00756000 0.26740000 0.61657000
0.01515000 0.34789000 0.57279000
0.00620000 0.49803000 0.56880000
0.11352000 0.29387000 0.56256000
0.09945000 0.33526000 0.48942000
0.18368000 0.36635000 0.61652000
0.05373000 0.48464000 0.39211000
0.13564000 0.48038000 0.42286000
0.13978000 0.41424000 0.64596000
0.05260000 0.41127000 0.41505000
0.03712000 0.36649000 0.47717000
0.15134000 0.40595000 0.43376000
0.07478000 0.36480000 0.59303000
0.22083000 0.38425000 0.40462000
0.16162000 0.44167000 0.49711000
0.13992000 0.31019000 0.39940000
0.04671000 0.26011000 0.42338000
0.10934000 0.46630000 0.56095000
0.01793000 0.32189000 0.65242000
0.11247000 0.31466000 0.65665000
0.23245000 0.30838000 0.59234000
0.21745000 0.43099000 0.34925000
0.14508000 0.49582000 0.33732000
0.13405000 0.26917000 0.33568000
0.04607000 0.37727000 0.91706000
0.19924000 0.47299000 0.96262000
0.11784000 0.46173000 0.70147000
0.23238000 0.41397000 0.88864000
0.10288000 0.42636000 0.83285000
0.02691000 0.30299000 0.96704000
0.20852000 0.31374000 0.74018000
0.19736000 0.38010000 0.70233000
0.15690000 0.27640000 0.71093000
0.03364000 0.45826000 0.85265000
0.03448000 0.47026000 0.75835000
0.15318000 0.31206000 0.94444000
0.23153000 0.41307000 0.79396000
0.08416000 0.31510000 0.84760000
0.14866000 0.47509000 0.78812000
0.14995000 0.35037000 0.73381000
0.22303000 0.26771000 0.79967000
0.24891000 0.28865000 0.87697000
0.15554000 0.27455000 0.82792000
0.22213000 0.37081000 0.94988000
0.17817000 0.47575000 0.87761000
0.09770000 0.47634000 0.90448000
0.06685000 0.29896000 0.76173000
0.04271000 0.38473000 0.72524000
0.12728000 0.39473000 0.90792000
0.02744000 0.26508000 0.87729000
0.18341000 0.46095000 0.68103000
0.17164000 0.34686000 0.81447000
0.18756000 0.26248000 0.91090000
0.16150000 0.40981000 0.99567000
0.01727000 0.53134000 0.13455000
0.19457000 0.70298000 0.03618000
0.14051000 0.66343000 0.05118000
0.23251000 0.69875000 0.19498000
0.14345000 0.63750000 0.25202000
0.05023000 0.59409000 0.03449000
0.15535000 0.70437000 0.11799000
0.16738000 0.56128000 0.03779000
0.22977000 0.60894000 0.05765000
0.01885000 0.69000000 0.01139000
0.08441000 0.74309000 0.03891000
0.10894000 0.74212000 0.16516000
0.17651000 0.72918000 0.27874000
0.11148000 0.52741000 0.17402000
0.06987000 0.58129000 0.24678000
0.10654000 0.59469000 0.09335000
0.15324000 0.58206000 0.19201000
0.04456000 0.66979000 0.22845000
0.19122000 0.58375000 0.26375000
0.00422000 0.57935000 0.28673000
0.11931000 0.68708000 0.29956000
0.03889000 0.71041000 0.15968000
0.15304000 0.70123000 0.20752000
0.24936000 0.71795000 0.27192000
0.05157000 0.59988000 0.14056000
0.04951000 0.66418000 0.09266000
0.09995000 0.54498000 0.03540000
0.09631000 0.63445000 0.18178000
0.22024000 0.65489000 0.25718000
0.17709000 0.64742000 0.17281000
0.17933000 0.62848000 0.00995000
0.09338000 0.53752000 0.29894000
0.23913000 0.63352000 0.17051000
0.21596000 0.51581000 0.17178000
0.20652000 0.50103000 0.03859000
0.07680000 0.51153000 0.46197000
0.06976000 0.56378000 0.38161000
0.18713000 0.58098000 0.60854000
0.07130000 0.66112000 0.60597000
0.20460000 0.62969000 0.50142000
0.03358000 0.68637000 0.41644000
0.23460000 0.62710000 0.63666000
0.02114000 0.66973000 0.50138000
0.15102000 0.62165000 0.37088000
0.15077000 0.59080000 0.48650000
0.04585000 0.60253000 0.64143000
0.13022000 0.68779000 0.64673000
0.07135000 0.60711000 0.49574000
0.17617000 0.50689000 0.60546000
0.07861000 0.73118000 0.59740000
0.23674000 0.72870000 0.56161000
0.13425000 0.70444000 0.43334000
0.18468000 0.57016000 0.34066000
0.22962000 0.67954000 0.34045000
0.01518000 0.71823000 0.66315000
0.10630000 0.60596000 0.56087000
0.23421000 0.68040000 0.42836000
0.02269000 0.59619000 0.41739000
0.02314000 0.72677000 0.54682000
0.13331000 0.55033000 0.42847000
0.06140000 0.54827000 0.54109000
0.18530000 0.68115000 0.54646000
0.19752000 0.73965000 0.35283000
0.13544000 0.53937000 0.54123000
0.05884000 0.74392000 0.35181000
0.09912000 0.66871000 0.51734000
0.03534000 0.63134000 0.34694000
0.09420000 0.55386000 0.62360000
0.19874000 0.73722000 0.49200000
0.23315000 0.54907000 0.56527000
0.23842000 0.59998000 0.38060000
0.21185000 0.51298000 0.45155000
0.00160000 0.52199000 0.34722000
0.21936000 0.50532000 0.33584000
0.10483000 0.74982000 0.51765000
0.13398000 0.51883000 0.97842000
0.23290000 0.63991000 0.73823000
0.22371000 0.52959000 0.69491000
0.15108000 0.54170000 0.84804000
0.03952000 0.55236000 0.84454000
0.14365000 0.70671000 0.94440000
0.11296000 0.52977000 0.75254000
0.16961000 0.62810000 0.83588000
0.04323000 0.53686000 0.68210000
0.17833000 0.69764000 0.73514000
0.09740000 0.64331000 0.86614000
0.03014000 0.67947000 0.85512000
0.04605000 0.54831000 0.76017000
0.20113000 0.68995000 0.84437000
0.10444000 0.61361000 0.98767000
0.04279000 0.52720000 0.99267000
0.23974000 0.51614000 0.84218000
0.03056000 0.61621000 0.96088000
0.17602000 0.56079000 0.92999000
0.19360000 0.53891000 0.77009000
0.04697000 0.73788000 0.95176000
0.09078000 0.58101000 0.89476000
0.21573000 0.62379000 0.90513000
0.09707000 0.72024000 0.71107000
0.13931000 0.58763000 0.77798000
0.06387000 0.62316000 0.77467000
0.17605000 0.64330000 0.68005000
0.01347000 0.64898000 0.68554000
0.10235000 0.68465000 0.77948000
0.08058000 0.68068000 0.98332000
0.14801000 0.52615000 0.67822000
0.09774000 0.62169000 0.68715000
0.24016000 0.73950000 0.68808000
0.17276000 0.74801000 0.79552000
0.06232000 0.74818000 0.76938000
0.12535000 0.78652000 0.29920000
0.04478000 0.96577000 0.27645000
0.17845000 0.91620000 0.30726000
0.22372000 0.85349000 0.31911000
0.09235000 0.97910000 0.07955000
0.06440000 0.77085000 0.26955000
0.12475000 0.85561000 0.30392000
0.17889000 0.84698000 0.14366000
0.02514000 0.82941000 0.23535000
0.17315000 0.90681000 0.20249000
0.18314000 0.90960000 0.07989000
0.05068000 0.84269000 0.06677000
0.03502000 0.92687000 0.03701000
0.15094000 0.96880000 0.01714000
0.12844000 0.84312000 0.04248000
0.21665000 0.81752000 0.01875000
0.23895000 0.94401000 0.16102000
0.02192000 0.92069000 0.15829000
0.10228000 0.79226000 0.10814000
0.05550000 0.83817000 0.16274000
0.23388000 0.78304000 0.30563000
0.06730000 0.88193000 0.26205000
0.11663000 0.94570000 0.22505000
0.17631000 0.79118000 0.19266000
0.11169000 0.86849000 0.18406000
0.02183000 0.99212000 0.12209000
0.10550000 0.80129000 0.22037000
0.14506000 0.77289000 0.03883000
0.21269000 0.79507000 0.09196000
0.01668000 0.76461000 0.13677000
0.02620000 0.80296000 0.32724000
0.24884000 0.77287000 0.17473000
0.23516000 0.88795000 0.45783000
0.07356000 0.80629000 0.57840000
0.21724000 0.95604000 0.58123000
0.12462000 0.77381000 0.37589000
0.24051000 0.92330000 0.64805000
0.14347000 0.96845000 0.53868000
0.19496000 0.81229000 0.52456000
0.22195000 0.82460000 0.44874000
0.14006000 0.86446000 0.61604000
0.11840000 0.84162000 0.53140000
0.00599000 0.95695000 0.42759000
0.02271000 0.90396000 0.39412000
0.10223000 0.92252000 0.59064000
0.12393000 0.96372000 0.40222000
0.06319000 0.97282000 0.64024000
0.04905000 0.90578000 0.52624000
0.10876000 0.89145000 0.46474000
0.06035000 0.84577000 0.40259000
0.23320000 0.89141000 0.57208000
0.07271000 0.94372000 0.44977000
0.01682000 0.99562000 0.55434000
0.12538000 0.79332000 0.62837000
0.14520000 0.81298000 0.46138000
0.12609000 0.90381000 0.36283000
0.16720000 0.84026000 0.38828000
0.17094000 0.95502000 0.64521000
0.21401000 0.81876000 0.60306000
0.20658000 0.90003000 0.38748000
0.03866000 0.89172000 0.60464000
0.03750000 0.76996000 0.43348000
0.23086000 0.95261000 0.44507000
0.07360000 0.94096000 0.34344000
0.00403000 0.86034000 0.50997000
0.16739000 0.75106000 0.56232000
0.10398000 0.92019000 0.71234000
0.20277000 0.89843000 0.81706000
0.11224000 0.91714000 0.84595000
0.07255000 0.85945000 0.86724000
0.06814000 0.78548000 0.83600000
0.17365000 0.99593000 0.79061000
0.06520000 0.83676000 0.98668000
0.06472000 0.96499000 0.82610000
0.22310000 0.96842000 0.74756000
0.01833000 0.93416000 0.93985000
0.12360000 0.81294000 0.94028000
0.16319000 0.87552000 0.69355000
0.21132000 0.80974000 0.79073000
0.21855000 0.76500000 0.86367000
0.03360000 0.92422000 0.76260000
0.19606000 0.79110000 0.94144000
0.17060000 0.99193000 0.70687000
0.09209000 0.96077000 0.94922000
0.02371000 0.84266000 0.79051000
0.14684000 0.76427000 0.69551000
0.11494000 0.85883000 0.79355000
0.07764000 0.79465000 0.69487000
0.16161000 0.84256000 0.85362000
0.15267000 0.93505000 0.76584000
0.01312000 0.79910000 0.92304000
0.21896000 0.87154000 0.95660000
0.22783000 0.93148000 0.87863000
0.18921000 0.97741000 0.93020000
0.14005000 0.87720000 0.92380000
0.07037000 0.99038000 0.74657000
0.12188000 0.91437000 0.99335000
0.11043000 0.75355000 0.90283000
0.43959000 0.12686000 0.08924000
0.38669000 0.13674000 0.29540000
0.42061000 0.21099000 0.08099000
0.30436000 0.07586000 0.04809000
0.49416000 0.22586000 0.25607000
0.49533000 0.18345000 0.16335000
0.31155000 0.12376000 0.21861000
0.32395000 0.08517000 0.12065000
0.47747000 0.03661000 0.16307000
0.34599000 0.17701000 0.05186000
0.30234000 0.05182000 0.27527000
0.39244000 0.01905000 0.31836000
0.35346000 0.19064000 0.21255000
0.29239000 0.16592000 0.10870000
0.41534000 0.07799000 0.02266000
0.29761000 0.17502000 0.28501000
0.41310000 0.14244000 0.21710000
0.47490000 0.11880000 0.15131000
0.25536000 0.09652000 0.23711000
0.28228000 0.03201000 0.19331000
0.26510000 0.04323000 0.11734000
0.38246000 0.09559000 0.15143000
0.40854000 0.20475000 0.25460000
0.34159000 0.02036000 0.07217000
0.38780000 0.04554000 0.23891000
0.40134000 0.01292000 0.00820000
0.39329000 0.23289000 0.16155000
0.49364000 0.24846000 0.16820000
0.48512000 0.07782000 0.04235000
0.46791000 0.16412000 0.27414000
0.32809000 0.10247000 0.31793000
0.30705000 0.23735000 0.03112000
0.39224000 0.24499000 0.32857000
0.39530000 0.14889000 0.00247000
0.31631000 0.24277000 0.22889000
0.47297000 0.19186000 0.00126000
0.32488000 0.14877000 0.58421000
0.30157000 0.01306000 0.38187000
0.46935000 0.11539000 0.35598000
0.46612000 0.01813000 0.49187000
0.44450000 0.16518000 0.39738000
0.26562000 0.04177000 0.60166000
0.38379000 0.12799000 0.42711000
0.38358000 0.17890000 0.35971000
0.45149000 0.08059000 0.61291000
0.37228000 0.09732000 0.63492000
0.39624000 0.19735000 0.57319000
0.30117000 0.09253000 0.56552000
0.44422000 0.23980000 0.37965000
0.38890000 0.02424000 0.53096000
0.46885000 0.02050000 0.41860000
0.27429000 0.07688000 0.42322000
0.41018000 0.17129000 0.66017000
0.48732000 0.16518000 0.64719000
0.32748000 0.07886000 0.48467000
0.40500000 0.19706000 0.48879000
0.39254000 0.09038000 0.36326000
0.47909000 0.18691000 0.47464000
0.30515000 0.23655000 0.44125000
0.32293000 0.21014000 0.35210000
0.43025000 0.10201000 0.48128000
0.26710000 0.04977000 0.50960000
0.31041000 0.23454000 0.53196000
0.27614000 0.17520000 0.63571000
0.28477000 0.14715000 0.40736000
0.33409000 0.17677000 0.47360000
0.49478000 0.03685000 0.56021000
0.32592000 0.24941000 0.63996000
0.39144000 0.04322000 0.81372000
0.29093000 0.23733000 0.93502000
0.31405000 0.09693000 0.87884000
0.33749000 0.14960000 0.66884000
0.41029000 0.04811000 0.73456000
0.38694000 0.08890000 0.89573000
0.26837000 0.17277000 0.85384000
0.47605000 0.01195000 0.98771000
0.26213000 0.20328000 0.76897000
0.44011000 0.10197000 0.95269000
0.33207000 0.19170000 0.89468000
0.28516000 0.13560000 0.77525000
0.47687000 0.13285000 0.72063000
0.44684000 0.22790000 0.79910000
0.42131000 0.14838000 0.87682000
0.44462000 0.21472000 0.93186000
0.37230000 0.12476000 0.78905000
0.39269000 0.18821000 0.74957000
0.36998000 0.02035000 0.92574000
0.44168000 0.04347000 0.90258000
0.41095000 0.11918000 0.71387000
0.30226000 0.00338000 0.95249000
0.32389000 0.06132000 0.67753000
0.39236000 0.21257000 0.87335000
0.32111000 0.24536000 0.81200000
0.32001000 0.02623000 0.83102000
0.32533000 0.11924000 0.96725000
0.48113000 0.04308000 0.75553000
0.48291000 0.15902000 0.92630000
0.33176000 0.20658000 0.73555000
0.33960000 0.20442000 0.97617000
0.26074000 0.09295000 0.95113000
0.27265000 0.02739000 0.73758000
0.49538000 0.21003000 0.86203000
0.25958000 0.00471000 0.86394000
0.34208000 0.00310000 0.71504000
0.25241000 0.08596000 0.85846000
0.49962000 0.09808000 0.79998000
0.40075000 0.37438000 0.21269000
0.48834000 0.37152000 0.21838000
0.34447000 0.29499000 0.05274000
0.48184000 0.28297000 0.02074000
0.34617000 0.29543000 0.15284000
0.27120000 0.31413000 0.03781000
0.41391000 0.32083000 0.17730000
0.29191000 0.32740000 0.18278000
0.28334000 0.41693000 0.25436000
0.43442000 0.42083000 0.14960000
0.40610000 0.28259000 0.09039000
0.40428000 0.39201000 0.04360000
0.31687000 0.44879000 0.31964000
0.49587000 0.29931000 0.25783000
0.46370000 0.35700000 0.01144000
0.45065000 0.32937000 0.10016000
0.39009000 0.42795000 0.25758000
0.39432000 0.37097000 0.12472000
0.35374000 0.33603000 0.24514000
0.43444000 0.26814000 0.22379000
0.31548000 0.36573000 0.10747000
0.44608000 0.46798000 0.20488000
0.37510000 0.45310000 0.01302000
0.46662000 0.46133000 0.10232000
0.30851000 0.45588000 0.08966000
0.33299000 0.39146000 0.18485000
0.32476000 0.27149000 0.30142000
0.35866000 0.36641000 0.32400000
0.39455000 0.48033000 0.09224000
0.43889000 0.31088000 0.29607000
0.33137000 0.36403000 0.01580000
0.42476000 0.39151000 0.33148000
0.27818000 0.43383000 0.39257000
0.42708000 0.33034000 0.40562000
0.48491000 0.35419000 0.57820000
0.25306000 0.37079000 0.65076000
0.39572000 0.26220000 0.43591000
0.34090000 0.34255000 0.55948000
0.27809000 0.49304000 0.50822000
0.48377000 0.42572000 0.35706000
0.38199000 0.31857000 0.61844000
0.33971000 0.38377000 0.61867000
0.44216000 0.38625000 0.51848000
0.49278000 0.43428000 0.65761000
0.49722000 0.30050000 0.42458000
0.34963000 0.38459000 0.42358000
0.37769000 0.45173000 0.46971000
0.48735000 0.28660000 0.53412000
0.29295000 0.31534000 0.64024000
0.46102000 0.42635000 0.44866000
0.37138000 0.29362000 0.51838000
0.49164000 0.48782000 0.38351000
0.40504000 0.44846000 0.39192000
0.47671000 0.49283000 0.51189000
0.30575000 0.43982000 0.46549000
0.36791000 0.40270000 0.52658000
0.31227000 0.44811000 0.56967000
0.30504000 0.33221000 0.44036000
0.33624000 0.45144000 0.65992000
0.42875000 0.46558000 0.62810000
0.43450000 0.38079000 0.63441000
0.28420000 0.33701000 0.34288000
0.33815000 0.28691000 0.38982000
0.43788000 0.25435000 0.65219000
0.26835000 0.43585000 0.63952000
0.49451000 0.37406000 0.39840000
0.27402000 0.35895000 0.56363000
0.43866000 0.49514000 0.43134000
0.42518000 0.25596000 0.51418000
0.49342000 0.32595000 0.33984000
0.36116000 0.49920000 0.59325000
0.29540000 0.44160000 0.91522000
0.28975000 0.33247000 0.92928000
0.30429000 0.32487000 0.78694000
0.41476000 0.40714000 0.75609000
0.47645000 0.42494000 0.97500000
0.29365000 0.37135000 0.84586000
0.34903000 0.43821000 0.87412000
0.35323000 0.40344000 0.80282000
0.39381000 0.33011000 0.70418000
0.46475000 0.46352000 0.81160000
0.39885000 0.34347000 0.91086000
0.25225000 0.43575000 0.98225000
0.34215000 0.29305000 0.93152000
0.33642000 0.38767000 0.91799000
0.41938000 0.36421000 0.82316000
0.48228000 0.42384000 0.74190000
0.33753000 0.37665000 0.72352000
0.33639000 0.28614000 0.71625000
0.39721000 0.41845000 0.94828000
0.40609000 0.30186000 0.77643000
0.47504000 0.34320000 0.71048000
0.30716000 0.44738000 0.81402000
0.25918000 0.26127000 0.69824000
0.45591000 0.30693000 0.92254000
0.40618000 0.28440000 0.99285000
0.32472000 0.30390000 0.85528000
0.25892000 0.36788000 0.73732000
0.25216000 0.46941000 0.72457000
0.39767000 0.27673000 0.86231000
0.49013000 0.26727000 0.72181000
0.31165000 0.47651000 0.99432000
0.47420000 0.30783000 0.84481000
0.32179000 0.48607000 0.74793000
0.32681000 0.61813000 0.17393000
0.32197000 0.55273000 0.21503000
0.27348000 0.51310000 0.05479000
0.25032000 0.55929000 0.11891000
0.38663000 0.57179000 0.17886000
0.38866000 0.54488000 0.10900000
0.34213000 0.58872000 0.05300000
0.40213000 0.70916000 0.12722000
0.31995000 0.70292000 0.24956000
0.29926000 0.62289000 0.25719000
0.44940000 0.53424000 0.04142000
0.28609000 0.55969000 0.31252000
0.33778000 0.67805000 0.08654000
0.48058000 0.67883000 0.19950000
0.25460000 0.67620000 0.08671000
0.33214000 0.71218000 0.02023000
0.33715000 0.72977000 0.16533000
0.25104000 0.57631000 0.22646000
0.42407000 0.67726000 0.05240000
0.34520000 0.51378000 0.15676000
0.25453000 0.73427000 0.04773000
0.38700000 0.69362000 0.22718000
0.28559000 0.61453000 0.10171000
0.44678000 0.53001000 0.16210000
0.29371000 0.67682000 0.16352000
0.39549000 0.63982000 0.16810000
0.43483000 0.62944000 0.31208000
0.35939000 0.58871000 0.28123000
0.47505000 0.58669000 0.25697000
0.35955000 0.52348000 0.04214000
0.45864000 0.61559000 0.09087000
0.48207000 0.68117000 0.28064000
0.43359000 0.53672000 0.23500000
0.46678000 0.67959000 0.11539000
0.39787000 0.52007000 0.30454000
0.47238000 0.72598000 0.03550000
0.35713000 0.71184000 0.32960000
0.26004000 0.51006000 0.25257000
0.40960000 0.74966000 0.05191000
0.36421000 0.62604000 0.34397000
0.31921000 0.74028000 0.39507000
0.49647000 0.58933000 0.57953000
0.41850000 0.60410000 0.64414000
0.26241000 0.59686000 0.50047000
0.26503000 0.69960000 0.62768000
0.33070000 0.67963000 0.58985000
0.45190000 0.60969000 0.51109000
0.26388000 0.65298000 0.54557000
0.41497000 0.56601000 0.35742000
0.31074000 0.58688000 0.42690000
0.41689000 0.71982000 0.53042000
0.39891000 0.59245000 0.43888000
0.31246000 0.65286000 0.46922000
0.37098000 0.67073000 0.49967000
0.38182000 0.66650000 0.41757000
0.43862000 0.65202000 0.58796000
0.44802000 0.54752000 0.55796000
0.35945000 0.54391000 0.50520000
0.49345000 0.74092000 0.62529000
0.37003000 0.73794000 0.44683000
0.47826000 0.60124000 0.43064000
0.36596000 0.61907000 0.58006000
0.41302000 0.71043000 0.62626000
0.31895000 0.57668000 0.54953000
0.47772000 0.71676000 0.47061000
0.29077000 0.54484000 0.62260000
0.29475000 0.63800000 0.34064000
0.30197000 0.60930000 0.65641000
0.49439000 0.55722000 0.33898000
0.30787000 0.71969000 0.51659000
0.36701000 0.51180000 0.38853000
0.28350000 0.51598000 0.41911000
0.43607000 0.70910000 0.33376000
0.41376000 0.50385000 0.97157000
0.44768000 0.59182000 0.96576000
0.30710000 0.71787000 0.86008000
0.41551000 0.70191000 0.85928000
0.27320000 0.51890000 0.92890000
0.28997000 0.59303000 0.74589000
0.32762000 0.56513000 0.93392000
0.33217000 0.67304000 0.95013000
0.39532000 0.57123000 0.77152000
0.33321000 0.70573000 0.75377000
0.36910000 0.62260000 0.98081000
0.47270000 0.53906000 0.81187000
0.42255000 0.64101000 0.77812000
0.43923000 0.58300000 0.88440000
0.47500000 0.59876000 0.74691000
0.48950000 0.64160000 0.92333000
0.36003000 0.55457000 0.86155000
0.48947000 0.74539000 0.89231000
0.26777000 0.67136000 0.90844000
0.28349000 0.65866000 0.79896000
0.46131000 0.71074000 0.75849000
0.38301000 0.73372000 0.92177000
0.47630000 0.51326000 0.68830000
0.25678000 0.57130000 0.96000000
0.25870000 0.58251000 0.82595000
0.30828000 0.61914000 0.88391000
0.31775000 0.67551000 0.67406000
0.34915000 0.61853000 0.80680000
0.30685000 0.52272000 0.81437000
0.37639000 0.55186000 0.68925000
0.44530000 0.64860000 0.85631000
0.37638000 0.64273000 0.88290000
0.26440000 0.71830000 0.97000000
0.41142000 0.50633000 0.79593000
0.35223000 0.50257000 0.90294000
0.29708000 0.61498000 0.99282000
0.44078000 0.96580000 0.07309000
0.32229000 0.86537000 0.03324000
0.25988000 0.97954000 0.29835000
0.38979000 0.92229000 0.13134000
0.33540000 0.93322000 0.06525000
0.43052000 0.85516000 0.11123000
0.32442000 0.81669000 0.27715000
0.37754000 0.82015000 0.04074000
0.33054000 0.97443000 0.15945000
0.26388000 0.85570000 0.07037000
0.36319000 0.82357000 0.13007000
0.45808000 0.79848000 0.26828000
0.45831000 0.92494000 0.29475000
0.46113000 0.79386000 0.07872000
0.39181000 0.87719000 0.19345000
0.31735000 0.91189000 0.19289000
0.35699000 0.80499000 0.21212000
0.39504000 0.99083000 0.13746000
0.41958000 0.94504000 0.23184000
0.34202000 0.95666000 0.25596000
0.27765000 0.88218000 0.25694000
0.45486000 0.98736000 0.29242000
0.29731000 0.84015000 0.17207000
0.29104000 0.97317000 0.08708000
0.35184000 0.91450000 0.33116000
0.34379000 0.76143000 0.09812000
0.39377000 0.85112000 0.28788000
0.25545000 0.92350000 0.01380000
0.49492000 0.91355000 0.14040000
0.37781000 0.99494000 0.40704000
0.29336000 0.82525000 0.35645000
0.41624000 0.93912000 0.44170000
0.29722000 0.90679000 0.44991000
0.48660000 0.98795000 0.64008000
0.33676000 0.93229000 0.59939000
0.28335000 0.78968000 0.57656000
0.41032000 0.89259000 0.51500000
0.40773000 0.79513000 0.47412000
0.40670000 0.84493000 0.58298000
0.33125000 0.98428000 0.47549000
0.35384000 0.84489000 0.63893000
0.35412000 0.83955000 0.51577000
0.29409000 0.78592000 0.48222000
0.49480000 0.94012000 0.44198000
0.43474000 0.76677000 0.58095000
0.26305000 0.98138000 0.50769000
0.46348000 0.87914000 0.35339000
0.40618000 0.95735000 0.56469000
0.48810000 0.80195000 0.54666000
0.29803000 0.88386000 0.53802000
0.46575000 0.80696000 0.42249000
0.38264000 0.80893000 0.34687000
0.48386000 0.97350000 0.56003000
0.28469000 0.94036000 0.36768000
0.44252000 0.87599000 0.43566000
0.34886000 0.91976000 0.50649000
0.33795000 0.84008000 0.44385000
0.45653000 0.77706000 0.34560000
0.35512000 0.77131000 0.52930000
0.43809000 0.81002000 0.64531000
0.40227000 0.98639000 0.63989000
0.38228000 0.76809000 0.65834000
0.33546000 0.75170000 0.61033000
0.48070000 0.91659000 0.66338000
0.34167000 0.99853000 0.58515000
0.37047000 0.86589000 0.80889000
0.37659000 0.88632000 0.97512000
0.37687000 0.97414000 0.77861000
0.36622000 0.80495000 0.91050000
0.38085000 0.95240000 0.96274000
0.30678000 0.87776000 0.76382000
0.49570000 0.83996000 0.69037000
0.48427000 0.99518000 0.85092000
0.32109000 0.95889000 0.83711000
0.29396000 0.93372000 0.94407000
0.30840000 0.89438000 0.86476000
0.39238000 0.86449000 0.70835000
0.47866000 0.78136000 0.96632000
0.31128000 0.80878000 0.72110000
0.43203000 0.96191000 0.82135000
0.36008000 0.80166000 0.82177000
0.25853000 0.86972000 0.70260000
0.45169000 0.84839000 0.85912000
0.43845000 0.95939000 0.72664000
0.30822000 0.82130000 0.97057000
0.44630000 0.80195000 0.74887000
0.27944000 0.77541000 0.91895000
0.37661000 0.77278000 0.98878000
0.30872000 0.91836000 0.67936000
0.41600000 0.94635000 0.89689000
0.47514000 0.89581000 0.78818000
0.38039000 0.93460000 0.70466000
0.42575000 0.82737000 0.99037000
0.44929000 0.94895000 0.96445000
0.42449000 0.78941000 0.85759000
0.28069000 0.78615000 0.78529000
0.26120000 0.82689000 0.85577000
0.48851000 0.89073000 0.97574000
0.39492000 0.75085000 0.74697000
0.62184000 0.05972000 0.28899000
0.62399000 0.21524000 0.30692000
0.55286000 0.14072000 0.16992000
0.69549000 0.02890000 0.20635000
0.71464000 0.16518000 0.05156000
0.59455000 0.05437000 0.20207000
0.64923000 0.23450000 0.17685000
0.74542000 0.10286000 0.01081000
0.72622000 0.09640000 0.29456000
0.55702000 0.22775000 0.10398000
0.54047000 0.04632000 0.00883000
0.58575000 0.15487000 0.01869000
0.66807000 0.17393000 0.22076000
0.67009000 0.08821000 0.14588000
0.68965000 0.07865000 0.03965000
0.62646000 0.24783000 0.08167000
0.55305000 0.21485000 0.19744000
0.69440000 0.16396000 0.31118000
0.64733000 0.11538000 0.25800000
0.67733000 0.21602000 0.02989000
0.70715000 0.09384000 0.21191000
0.59415000 0.18126000 0.24122000
0.53856000 0.18484000 0.05716000
0.55685000 0.07498000 0.12721000
0.61452000 0.02420000 0.11053000
0.64585000 0.18271000 0.10925000
0.61276000 0.12169000 0.12584000
0.55320000 0.13525000 0.30038000
0.73233000 0.22423000 0.16373000
0.51409000 0.10941000 0.23933000
0.68483000 0.04355000 0.32519000
0.53233000 0.01649000 0.08948000
0.68607000 0.01703000 0.12674000
0.50648000 0.05875000 0.28926000
0.71711000 0.00634000 0.00210000
0.71319000 0.17450000 0.39352000
0.50341000 0.16807000 0.56489000
0.57656000 0.04740000 0.57921000
0.58322000 0.18351000 0.56529000
0.55145000 0.20340000 0.43612000
0.59896000 0.08482000 0.63871000
0.72052000 0.02976000 0.44398000
0.56114000 0.00156000 0.65242000
0.63533000 0.07314000 0.46403000
0.72958000 0.10180000 0.52450000
0.63218000 0.22630000 0.40161000
0.56367000 0.06664000 0.40813000
0.55757000 0.23407000 0.34508000
0.58649000 0.09816000 0.50910000
0.57851000 0.24892000 0.61357000
0.52253000 0.17277000 0.37497000
0.56688000 0.14040000 0.42951000
0.55319000 0.14602000 0.64059000
0.63337000 0.12978000 0.56213000
0.54010000 0.03899000 0.49458000
0.66314000 0.13372000 0.43503000
0.64798000 0.05627000 0.54282000
0.64466000 0.07225000 0.38754000
0.65955000 0.18499000 0.49791000
0.52226000 0.10104000 0.54118000
0.50283000 0.11737000 0.45907000
0.50354000 0.23033000 0.59275000
0.69810000 0.00096000 0.53036000
0.73191000 0.19614000 0.65820000
0.62723000 0.13084000 0.33949000
0.73994000 0.24991000 0.40479000
0.66426000 0.11296000 0.69793000
0.59640000 0.24010000 0.80867000
0.72383000 0.17995000 0.80480000
0.63460000 0.05303000 0.73067000
0.57021000 0.23007000 0.89873000
0.53760000 0.02062000 0.91759000
0.63045000 0.18928000 0.96974000
0.54513000 0.20183000 0.78630000
0.57801000 0.08524000 0.78974000
0.51694000 0.06917000 0.68132000
0.68707000 0.18554000 0.91747000
0.66439000 0.02382000 0.80602000
0.60721000 0.06644000 0.92288000
0.60221000 0.18381000 0.75261000
0.68438000 0.17957000 0.71112000
0.50279000 0.07866000 0.89010000
0.56151000 0.12293000 0.73458000
0.59217000 0.13927000 0.85910000
0.50776000 0.23402000 0.94445000
0.57049000 0.16171000 0.93773000
0.68932000 0.12986000 0.96178000
0.73763000 0.22577000 0.93862000
0.52402000 0.15426000 0.85107000
0.66704000 0.13796000 0.77481000
0.72854000 0.09780000 0.85380000
0.53687000 0.21618000 0.67919000
0.65816000 0.20697000 0.82578000
0.57316000 0.03337000 0.84586000
0.74735000 0.10980000 0.69873000
0.59269000 0.00435000 0.97960000
0.51122000 0.11386000 0.97947000
0.60600000 0.18320000 0.66917000
0.57458000 0.01670000 0.76519000
0.68409000 0.02711000 0.66994000
0.56825000 0.48980000 0.05756000
0.61041000 0.40820000 0.11375000
0.61342000 0.32217000 0.11144000
0.72275000 0.49397000 0.32397000
0.72587000 0.43287000 0.16593000
0.56623000 0.32197000 0.05006000
0.73409000 0.35569000 0.19559000
0.59829000 0.26416000 0.22242000
0.68783000 0.44538000 0.25467000
0.71333000 0.33441000 0.29896000
0.55100000 0.48229000 0.26199000
0.65009000 0.37695000 0.29565000
0.73930000 0.37625000 0.11701000
0.68345000 0.37845000 0.07132000
0.54535000 0.40884000 0.16204000
0.69380000 0.28818000 0.16227000
0.60667000 0.43335000 0.03439000
0.63207000 0.49418000 0.24912000
0.66892000 0.45100000 0.02777000
0.57541000 0.32050000 0.17747000
0.59568000 0.33196000 0.32458000
0.67458000 0.38443000 0.16640000
0.66241000 0.33618000 0.22908000
0.69369000 0.49372000 0.20062000
0.55538000 0.39219000 0.30434000
0.69736000 0.27524000 0.07871000
0.55347000 0.37020000 0.23062000
0.66053000 0.28103000 0.02112000
0.50829000 0.47099000 0.17747000
0.51634000 0.37366000 0.08952000
0.57758000 0.49062000 0.16260000
0.50008000 0.41845000 0.26560000
0.67924000 0.25686000 0.33331000
0.58366000 0.28318000 0.39767000
0.53490000 0.30116000 0.60302000
0.62964000 0.29680000 0.66047000
0.55685000 0.30272000 0.51628000
0.65403000 0.34669000 0.55722000
0.67833000 0.36902000 0.48472000
0.73675000 0.32827000 0.49584000
0.70047000 0.25554000 0.52024000
0.56461000 0.40816000 0.64015000
0.60344000 0.33883000 0.46026000
0.59531000 0.48057000 0.52557000
0.62661000 0.28008000 0.52452000
0.69481000 0.25133000 0.61194000
0.68600000 0.47366000 0.45483000
0.68775000 0.43793000 0.34119000
0.71746000 0.44791000 0.54309000
0.50612000 0.47951000 0.59366000
0.58221000 0.41953000 0.42776000
0.51789000 0.40343000 0.55007000
0.59227000 0.35419000 0.60792000
0.69883000 0.43227000 0.65218000
0.68027000 0.29477000 0.39953000
0.52421000 0.46412000 0.46529000
0.74389000 0.39807000 0.36657000
0.61783000 0.39662000 0.51314000
0.52269000 0.37988000 0.47157000
0.71619000 0.31903000 0.57758000
0.58519000 0.46622000 0.61799000
0.73655000 0.36714000 0.63873000
0.60793000 0.44250000 0.35368000
0.70923000 0.44343000 0.78255000
0.54301000 0.43014000 0.98884000
0.73011000 0.45971000 0.97041000
0.63939000 0.43677000 0.80280000
0.61630000 0.40551000 0.73570000
0.61962000 0.47128000 0.70107000
0.69254000 0.30959000 0.95664000
0.72981000 0.45102000 0.88979000
0.58151000 0.30863000 0.83672000
0.68637000 0.48950000 0.70659000
0.70359000 0.35442000 0.76430000
0.67314000 0.35649000 0.85638000
0.61947000 0.27562000 0.94255000
0.74449000 0.27025000 0.68527000
0.53592000 0.37881000 0.81343000
0.53337000 0.36662000 0.98244000
0.61744000 0.47251000 0.96670000
0.55206000 0.46395000 0.72999000
0.53862000 0.33467000 0.71273000
0.56789000 0.47587000 0.80761000
0.63906000 0.40727000 0.91879000
0.65745000 0.36128000 0.98527000
0.74106000 0.28387000 0.86706000
0.73245000 0.40149000 0.71327000
0.60157000 0.28111000 0.74494000
0.73187000 0.25190000 0.79028000
0.51961000 0.44707000 0.86650000
0.60620000 0.35068000 0.93328000
0.58966000 0.34783000 0.77106000
0.64952000 0.28499000 0.80643000
0.58821000 0.41277000 0.86233000
0.66976000 0.28742000 0.88734000
0.51107000 0.35888000 0.89457000
0.53458000 0.27689000 0.78238000
0.67017000 0.49756000 0.78665000
0.73254000 0.39603000 0.95367000
0.67094000 0.35848000 0.67719000
0.62116000 0.49662000 0.86623000
0.67250000 0.25126000 0.71016000
0.55609000 0.27162000 0.99606000
0.66556000 0.52172000 0.02267000
0.54723000 0.64849000 0.00622000
0.63765000 0.64172000 0.24381000
0.54951000 0.65350000 0.29725000
0.52680000 0.54630000 0.25711000
0.59986000 0.56852000 0.33238000
0.56990000 0.66664000 0.10585000
0.64045000 0.71486000 0.16393000
0.52091000 0.61715000 0.18416000
0.56830000 0.68213000 0.18329000
0.67829000 0.66765000 0.06279000
0.62038000 0.66955000 0.32597000
0.64776000 0.56631000 0.16275000
0.68464000 0.58707000 0.25214000
0.72397000 0.68794000 0.25885000
0.50595000 0.74967000 0.24518000
0.60084000 0.58880000 0.11210000
0.61713000 0.62357000 0.04590000
0.53710000 0.56849000 0.02351000
0.70686000 0.57678000 0.04742000
0.64135000 0.62946000 0.13902000
0.73849000 0.68168000 0.11953000
0.61355000 0.72159000 0.24840000
0.61375000 0.69019000 0.03196000
0.59156000 0.56808000 0.20536000
0.71911000 0.62131000 0.14071000
0.61676000 0.52494000 0.09950000
0.54488000 0.73091000 0.30658000
0.50113000 0.56909000 0.12130000
0.72217000 0.57737000 0.31371000
0.74685000 0.52995000 0.08533000
0.74758000 0.74960000 0.13334000
0.63437000 0.73943000 0.63220000
0.53477000 0.66211000 0.48166000
0.58608000 0.62834000 0.64789000
0.71148000 0.68650000 0.48224000
0.52532000 0.70426000 0.38398000
0.67296000 0.60977000 0.46757000
0.54377000 0.61998000 0.37502000
0.58917000 0.69604000 0.59511000
0.62745000 0.73463000 0.35209000
0.57983000 0.58324000 0.59135000
0.63382000 0.59264000 0.38980000
0.64149000 0.54299000 0.64354000
0.73647000 0.56413000 0.42455000
0.58763000 0.64981000 0.42750000
0.52515000 0.53737000 0.53437000
0.63635000 0.65021000 0.53836000
0.73911000 0.64269000 0.65538000
0.69014000 0.58349000 0.54487000
0.62278000 0.69741000 0.46454000
0.65362000 0.61099000 0.60776000
0.52331000 0.66429000 0.57669000
0.72957000 0.55913000 0.63286000
0.70060000 0.68055000 0.55965000
0.64723000 0.51346000 0.34750000
0.64629000 0.72777000 0.54998000
0.56377000 0.56929000 0.45840000
0.72528000 0.51094000 0.51365000
0.63952000 0.53375000 0.54648000
0.72627000 0.72978000 0.39603000
0.55169000 0.51219000 0.34221000
0.50292000 0.54831000 0.45866000
0.51724000 0.57109000 0.66128000
0.68914000 0.64022000 0.33690000
0.61181000 0.50387000 0.44588000
0.71441000 0.56626000 0.77501000
0.54171000 0.55646000 0.84120000
0.53950000 0.59429000 0.95149000
0.52516000 0.70505000 0.94296000
0.68315000 0.69435000 0.98633000
0.51017000 0.53382000 0.90881000
0.58293000 0.58785000 0.71409000
0.70133000 0.54817000 0.85701000
0.73690000 0.68015000 0.78496000
0.55246000 0.63585000 0.87335000
0.72159000 0.53550000 0.97099000
0.51794000 0.51911000 0.76210000
0.65985000 0.60429000 0.73923000
0.59814000 0.55124000 0.90806000
0.59927000 0.74003000 0.89475000
0.70654000 0.71514000 0.71902000
0.66723000 0.70320000 0.79588000
0.57016000 0.65320000 0.76559000
0.71636000 0.62471000 0.82301000
0.60107000 0.67868000 0.83516000
0.63070000 0.61805000 0.86665000
0.62777000 0.56753000 0.81376000
0.58039000 0.71407000 0.70694000
0.72847000 0.64921000 0.97192000
0.72552000 0.67482000 0.87806000
0.65837000 0.63823000 0.98526000
0.63195000 0.54394000 0.74033000
0.56187000 0.72628000 0.79721000
0.66229000 0.70897000 0.88100000
0.67786000 0.58194000 0.93308000
0.65534000 0.66950000 0.67957000
0.52453000 0.66619000 0.68870000
0.61065000 0.58065000 0.98692000
0.74905000 0.51319000 0.74832000
0.65006000 0.89229000 0.09657000
0.68537000 0.93173000 0.14711000
0.73504000 0.82055000 0.33073000
0.55098000 0.85609000 0.07884000
0.55922000 0.83144000 0.29031000
0.72683000 0.88307000 0.03705000
0.61834000 0.82958000 0.08470000
0.66365000 0.90226000 0.31125000
0.70363000 0.94066000 0.05681000
0.52535000 0.92053000 0.22046000
0.57237000 0.89982000 0.29625000
0.67993000 0.79501000 0.25670000
0.68496000 0.89191000 0.23461000
0.54803000 0.86568000 0.15636000
0.66265000 0.85678000 0.02698000
0.57773000 0.92218000 0.05846000
0.60845000 0.95583000 0.19929000
0.62953000 0.82401000 0.29573000
0.67637000 0.78457000 0.05498000
0.71215000 0.84021000 0.10096000
0.54117000 0.75738000 0.00849000
0.71097000 0.94974000 0.27328000
0.58987000 0.78953000 0.21550000
0.59316000 0.88289000 0.21048000
0.56810000 0.78708000 0.09629000
0.62983000 0.96721000 0.04613000
0.50232000 0.82705000 0.02716000
0.65676000 0.81338000 0.17249000
0.56039000 0.96809000 0.29948000
0.64727000 0.97989000 0.31342000
0.50453000 0.75954000 0.12165000
0.69675000 0.75880000 0.19560000
0.51987000 0.99083000 0.23462000
0.50224000 0.84881000 0.24745000
0.72091000 0.75165000 0.29758000
0.74807000 0.86873000 0.20105000
0.50143000 0.92812000 0.06200000
0.70149000 0.79184000 0.56901000
0.52238000 0.77716000 0.47994000
0.55603000 0.92508000 0.48532000
0.64679000 0.81165000 0.63664000
0.74223000 0.86086000 0.55825000
0.65417000 0.90927000 0.52204000
0.58938000 0.99664000 0.38947000
0.63988000 0.79971000 0.37452000
0.74011000 0.96035000 0.48108000
0.51461000 0.84118000 0.48248000
0.70150000 0.83024000 0.40629000
0.53419000 0.84541000 0.38353000
0.74708000 0.85990000 0.47633000
0.67870000 0.95554000 0.38144000
0.54411000 0.83668000 0.62783000
0.54355000 0.75305000 0.56635000
0.63958000 0.85843000 0.57316000
0.62223000 0.97869000 0.60281000
0.58515000 0.87225000 0.52671000
0.59041000 0.75707000 0.48099000
0.66185000 0.88821000 0.41655000
0.58856000 0.82922000 0.45612000
0.72149000 0.76330000 0.64402000
0.65775000 0.80319000 0.45052000
0.50726000 0.91768000 0.53469000
0.56360000 0.77863000 0.40508000
0.58870000 0.89380000 0.60707000
0.52069000 0.97520000 0.36522000
0.71226000 0.88811000 0.62527000
0.57964000 0.98733000 0.52577000
0.64640000 0.99627000 0.42733000
0.55506000 0.90761000 0.81597000
0.62679000 0.94334000 0.73193000
0.60842000 0.83151000 0.98516000
0.51031000 0.89691000 0.87020000
0.56274000 0.86892000 0.68716000
0.50383000 0.76995000 0.75017000
0.58441000 0.95114000 0.87123000
0.70104000 0.90171000 0.82610000
0.61366000 0.85934000 0.80719000
0.70656000 0.86511000 0.95136000
0.61468000 0.77387000 0.70050000
0.62496000 0.89431000 0.98107000
0.53047000 0.95482000 0.97045000
0.67107000 0.84452000 0.86635000
0.74975000 0.85150000 0.79276000
0.51990000 0.82748000 0.76298000
0.66110000 0.87227000 0.75016000
0.53362000 0.77237000 0.67908000
0.73610000 0.93502000 0.97841000
0.60098000 0.78777000 0.81158000
0.62907000 0.80122000 0.89323000
0.67578000 0.77068000 0.82074000
0.51505000 0.77988000 0.82924000
0.54736000 0.93565000 0.74526000
0.73230000 0.97011000 0.72376000
0.65712000 0.95567000 0.80628000
0.63238000 0.89091000 0.67335000
0.56824000 0.83629000 0.92371000
0.67777000 0.79579000 0.96357000
0.69974000 0.98868000 0.88671000
0.70317000 0.75117000 0.91130000
0.62670000 0.99961000 0.90281000
0.74867000 0.76348000 0.85823000
0.84976000 0.02293000 0.13180000
0.94227000 0.04425000 0.15529000
0.77776000 0.17043000 0.01550000
0.85876000 0.10732000 0.06381000
0.75865000 0.13534000 0.18639000
0.87348000 0.17284000 0.04723000
0.87545000 0.20195000 0.18130000
0.92539000 0.10661000 0.19479000
0.78244000 0.06879000 0.11293000
0.85379000 0.09646000 0.16425000
0.88830000 0.01281000 0.23653000
0.91744000 0.22928000 0.23731000
0.97602000 0.13729000 0.07127000
0.90049000 0.07268000 0.27066000
0.76008000 0.16387000 0.28323000
0.79935000 0.01833000 0.24166000
0.83886000 0.12774000 0.24626000
0.76794000 0.18321000 0.11603000
0.92717000 0.07375000 0.06185000
0.88298000 0.17044000 0.28220000
0.95997000 0.19641000 0.17186000
0.96614000 0.21038000 0.30921000
0.84129000 0.23266000 0.12165000
0.85195000 0.16218000 0.12370000
0.93326000 0.20807000 0.05019000
0.90632000 0.01093000 0.07794000
0.98349000 0.10290000 0.25283000
0.85820000 0.24315000 0.01099000
0.79940000 0.24087000 0.20293000
0.84240000 0.09671000 0.61235000
0.95991000 0.13735000 0.48731000
0.82137000 0.03712000 0.42798000
0.83675000 0.11794000 0.35780000
0.78218000 0.00828000 0.34668000
0.77887000 0.02776000 0.54925000
0.90541000 0.07733000 0.36902000
0.91388000 0.18059000 0.52801000
0.90943000 0.14601000 0.59906000
0.93362000 0.06780000 0.54420000
0.83302000 0.15452000 0.56110000
0.75358000 0.20576000 0.53168000
0.86575000 0.07036000 0.50185000
0.83881000 0.15769000 0.64381000
0.80441000 0.13521000 0.48260000
0.79380000 0.21244000 0.34236000
0.91768000 0.10331000 0.44498000
0.85493000 0.19494000 0.47887000
0.76922000 0.12215000 0.62289000
0.97648000 0.21742000 0.56812000
0.97556000 0.09749000 0.62360000
0.80531000 0.08347000 0.54648000
0.96565000 0.04250000 0.46428000
0.97173000 0.00501000 0.36772000
0.99456000 0.18697000 0.42903000
0.86679000 0.21292000 0.35332000
0.91970000 0.19265000 0.39497000
0.88168000 0.03294000 0.61126000
0.75495000 0.04234000 0.63119000
0.82132000 0.17204000 0.41493000
0.80763000 0.24121000 0.43200000
0.90017000 0.23152000 0.60962000
0.97127000 0.09605000 0.37840000
0.94232000 0.18053000 0.66105000
0.92064000 0.00113000 0.50393000
0.86234000 0.08062000 0.68545000
0.76958000 0.21154000 0.74688000
0.94391000 0.06658000 0.97575000
0.99528000 0.07436000 0.90668000
0.82301000 0.01222000 0.78486000
0.78593000 0.17284000 0.86322000
0.78873000 0.10705000 0.89713000
0.86359000 0.10605000 0.97184000
0.84475000 0.18965000 0.96878000
0.94919000 0.23603000 0.91096000
0.91817000 0.05340000 0.79719000
0.92813000 0.12456000 0.70038000
0.88403000 0.14758000 0.77279000
0.96063000 0.11166000 0.77091000
0.97998000 0.05382000 0.74316000
0.86095000 0.19009000 0.88152000
0.98756000 0.22407000 0.99292000
0.90918000 0.20329000 0.72514000
0.79515000 0.04004000 0.71086000
0.76827000 0.06689000 0.78398000
0.84617000 0.09594000 0.82409000
0.82203000 0.14760000 0.72863000
0.93437000 0.16915000 0.96304000
0.92505000 0.07671000 0.88655000
0.83506000 0.03567000 0.98603000
0.85095000 0.23164000 0.69269000
0.98595000 0.18419000 0.80000000
0.75190000 0.05595000 0.93084000
0.85007000 0.23411000 0.77712000
0.96206000 0.00185000 0.87924000
0.76173000 0.15288000 0.93747000
0.97396000 0.24696000 0.78308000
0.99661000 0.15149000 0.98594000
0.96578000 0.03524000 0.67173000
0.86474000 0.40181000 0.06434000
0.84035000 0.47085000 0.23389000
0.88360000 0.37392000 0.28039000
0.80636000 0.36946000 0.15824000
0.87579000 0.48689000 0.00219000
0.94075000 0.40111000 0.31390000
0.95291000 0.27609000 0.29936000
0.82388000 0.39797000 0.31695000
0.92727000 0.36461000 0.21303000
0.79763000 0.36771000 0.24449000
0.99119000 0.47640000 0.16115000
0.86578000 0.29137000 0.21000000
0.96277000 0.36306000 0.07165000
0.93684000 0.29584000 0.20248000
0.79523000 0.34207000 0.04721000
0.87991000 0.28544000 0.10458000
0.91232000 0.46418000 0.27306000
0.92551000 0.43761000 0.04746000
0.90794000 0.47725000 0.18050000
0.93743000 0.25484000 0.11216000
0.80173000 0.47121000 0.32126000
0.79362000 0.43149000 0.19354000
0.76434000 0.45012000 0.06995000
0.95602000 0.27667000 0.02409000
0.81181000 0.48186000 0.14257000
0.88281000 0.33896000 0.15793000
0.83871000 0.31920000 0.28532000
0.83635000 0.25507000 0.31042000
0.76314000 0.27947000 0.04976000
0.76806000 0.31857000 0.13224000
0.75599000 0.29863000 0.21915000
0.98565000 0.38248000 0.15323000
0.99467000 0.42758000 0.08181000
0.90901000 0.49927000 0.08320000
0.75139000 0.25146000 0.30762000
0.97489000 0.49926000 0.43220000
0.97454000 0.44427000 0.46786000
0.87390000 0.45633000 0.65251000
0.97850000 0.41160000 0.61066000
0.96662000 0.29100000 0.39618000
0.82170000 0.32949000 0.58542000
0.85152000 0.38506000 0.61584000
0.87550000 0.45612000 0.36018000
0.83560000 0.26061000 0.57117000
0.88721000 0.25743000 0.49134000
0.81372000 0.28949000 0.65830000
0.87878000 0.38039000 0.35373000
0.88763000 0.43330000 0.47017000
0.76378000 0.49087000 0.40351000
0.78486000 0.46828000 0.52577000
0.84665000 0.32134000 0.50467000
0.82265000 0.31332000 0.36945000
0.97583000 0.35183000 0.34250000
0.81029000 0.41299000 0.48122000
0.97173000 0.40304000 0.39787000
0.95251000 0.29457000 0.50111000
0.85164000 0.44091000 0.56632000
0.93480000 0.46376000 0.57212000
0.85996000 0.29048000 0.43162000
0.89438000 0.34265000 0.58589000
0.97825000 0.45858000 0.34365000
0.97823000 0.39406000 0.52665000
0.89578000 0.28681000 0.34358000
0.90505000 0.35835000 0.43960000
0.77547000 0.27231000 0.51343000
0.81453000 0.38114000 0.39125000
0.80588000 0.42923000 0.65053000
0.75211000 0.47852000 0.63019000
0.95292000 0.40159000 0.73863000
0.80964000 0.31393000 0.83637000
0.94216000 0.31493000 0.82489000
0.86669000 0.40804000 0.85220000
0.81981000 0.40584000 0.78191000
0.95074000 0.28762000 0.67028000
0.94409000 0.40180000 0.85629000
0.97374000 0.44580000 0.68577000
0.79123000 0.46806000 0.81476000
0.84868000 0.26861000 0.86725000
0.76716000 0.36669000 0.84035000
0.82309000 0.25740000 0.94793000
0.98442000 0.30907000 0.90424000
0.93649000 0.45219000 0.96838000
0.87843000 0.30749000 0.77793000
0.79894000 0.34212000 0.70596000
0.76383000 0.30536000 0.94293000
0.86664000 0.33719000 0.68270000
0.87809000 0.49342000 0.86326000
0.92868000 0.44890000 0.80204000
0.87859000 0.35896000 0.93285000
0.89285000 0.37474000 0.74120000
0.82035000 0.44049000 0.96592000
0.82401000 0.49347000 0.74206000
0.88546000 0.29296000 0.94260000
0.98500000 0.39468000 0.93972000
0.97917000 0.34141000 0.75852000
0.96839000 0.34224000 0.99475000
0.91303000 0.38558000 0.99385000
0.99703000 0.37048000 0.83032000
0.89118000 0.49913000 0.75965000
0.94918000 0.36827000 0.66749000
0.75401000 0.53480000 0.16314000
0.97526000 0.56079000 0.19182000
0.87323000 0.54560000 0.19189000
0.84312000 0.67857000 0.07308000
0.83526000 0.50941000 0.06518000
0.90604000 0.72714000 0.28902000
0.87244000 0.67743000 0.24476000
0.83592000 0.59536000 0.22485000
0.95050000 0.59580000 0.24905000
0.82710000 0.67345000 0.19011000
0.80650000 0.62154000 0.14860000
0.83332000 0.53608000 0.25784000
0.88732000 0.64439000 0.13749000
0.91632000 0.70901000 0.15612000
0.98246000 0.70615000 0.26463000
0.78686000 0.59714000 0.31725000
0.89666000 0.62642000 0.29392000
0.91141000 0.55950000 0.12016000
0.77246000 0.61087000 0.01869000
0.81325000 0.68550000 0.30010000
0.86554000 0.58591000 0.05030000
0.92234000 0.70799000 0.06980000
0.84241000 0.72515000 0.14393000
0.91881000 0.52929000 0.25941000
0.96517000 0.66545000 0.20308000
0.98668000 0.73473000 0.06567000
0.77074000 0.50907000 0.01713000
0.93937000 0.59773000 0.03866000
0.77987000 0.74365000 0.20949000
0.99682000 0.51168000 0.26043000
0.76808000 0.52085000 0.27631000
0.76270000 0.58669000 0.24118000
0.99753000 0.52413000 0.05446000
0.86063000 0.56434000 0.54655000
0.82422000 0.66337000 0.47266000
0.83186000 0.66968000 0.57712000
0.97050000 0.62706000 0.46795000
0.83265000 0.56508000 0.36085000
0.81156000 0.71998000 0.42405000
0.96695000 0.55780000 0.51254000
0.98637000 0.67770000 0.58670000
0.92329000 0.72931000 0.60453000
0.92412000 0.69436000 0.48062000
0.89925000 0.63766000 0.52097000
0.91970000 0.54168000 0.35519000
0.86996000 0.71679000 0.37259000
0.84648000 0.63584000 0.35784000
0.86569000 0.73922000 0.47494000
0.89595000 0.65798000 0.60970000
0.75533000 0.62212000 0.52322000
0.91352000 0.54251000 0.45056000
0.80965000 0.71289000 0.65875000
0.79865000 0.73998000 0.57904000
0.87315000 0.62515000 0.44407000
0.76681000 0.63282000 0.39013000
0.83031000 0.59853000 0.62781000
0.93610000 0.59278000 0.40171000
0.79794000 0.53692000 0.51982000
0.84424000 0.53200000 0.64960000
0.98901000 0.59492000 0.58659000
0.95419000 0.70863000 0.38309000
0.82896000 0.52804000 0.43781000
0.95707000 0.74433000 0.51628000
0.75139000 0.69805000 0.61533000
0.92935000 0.65413000 0.35705000
0.96840000 0.55851000 0.65553000
0.75602000 0.73998000 0.47055000
0.91745000 0.50273000 0.63216000
0.97640000 0.73279000 0.85581000
0.96255000 0.57066000 0.91494000
0.83785000 0.56059000 0.74180000
0.96393000 0.54175000 0.75023000
0.77963000 0.71767000 0.73598000
0.89516000 0.56498000 0.68071000
0.96470000 0.73333000 0.94083000
0.89283000 0.60427000 0.82982000
0.80593000 0.55397000 0.82184000
0.84392000 0.64558000 0.77085000
0.91014000 0.70051000 0.97006000
0.82352000 0.62976000 0.85394000
0.77777000 0.70884000 0.85275000
0.89825000 0.59167000 0.94060000
0.99882000 0.66693000 0.78454000
0.99858000 0.61050000 0.84914000
0.88340000 0.72546000 0.67039000
0.84074000 0.71872000 0.79192000
0.94450000 0.62030000 0.77487000
0.90157000 0.70124000 0.84002000
0.76648000 0.61187000 0.90552000
0.92994000 0.54343000 0.98964000
0.82732000 0.53760000 0.93473000
0.82549000 0.69140000 0.92729000
0.80190000 0.61546000 0.70956000
0.98543000 0.51069000 0.94985000
0.85009000 0.63623000 0.98155000
0.97752000 0.50613000 0.87203000
0.76808000 0.51307000 0.88131000
0.99676000 0.73531000 0.76293000
0.94545000 0.66779000 0.66957000
0.78586000 0.74966000 0.96202000
0.76485000 0.89987000 0.11636000
0.96069000 0.79185000 0.01645000
0.92120000 0.77781000 0.14478000
0.89232000 0.94647000 0.28506000
0.76659000 0.80926000 0.14647000
0.97265000 0.94113000 0.00704000
0.86036000 0.78481000 0.09817000
0.81524000 0.90910000 0.20071000
0.88527000 0.76064000 0.21645000
0.92840000 0.84351000 0.14138000
0.97291000 0.94173000 0.26977000
0.81679000 0.84823000 0.11160000
0.90664000 0.84058000 0.32396000
0.91559000 0.86724000 0.22157000
0.78623000 0.98873000 0.13058000
0.92372000 0.93889000 0.11941000
0.97572000 0.87245000 0.31826000
0.96787000 0.81893000 0.27411000
0.98741000 0.99233000 0.19652000
0.81159000 0.80313000 0.04265000
0.78059000 0.93118000 0.31747000
0.79530000 0.97464000 0.03834000
0.86862000 0.83299000 0.16546000
0.85950000 0.90653000 0.07920000
0.81861000 0.85057000 0.23645000
0.80351000 0.88327000 0.02630000
0.84360000 0.79869000 0.27953000
0.86829000 0.95042000 0.15877000
0.98443000 0.75906000 0.21416000
0.94275000 0.87109000 0.02286000
0.89197000 0.76774000 0.02644000
0.91029000 0.98100000 0.00366000
0.99501000 0.86449000 0.13489000
0.79154000 0.75441000 0.29519000
0.83096000 0.94360000 0.37429000
0.85517000 0.98481000 0.48954000
0.78863000 0.90891000 0.45920000
0.78899000 0.96184000 0.60512000
0.86255000 0.77320000 0.58465000
0.82191000 0.83363000 0.47054000
0.97264000 0.81198000 0.40127000
0.94395000 0.89489000 0.50636000
0.82541000 0.86659000 0.65491000
0.91846000 0.78428000 0.46394000
0.85874000 0.87928000 0.42039000
0.82793000 0.93362000 0.53222000
0.96542000 0.87379000 0.59303000
0.81052000 0.85511000 0.57356000
0.94076000 0.86326000 0.43637000
0.90071000 0.97097000 0.41838000
0.99542000 0.78524000 0.60389000
0.80319000 0.85307000 0.35780000
0.82921000 0.78057000 0.35786000
0.95563000 0.81504000 0.54164000
0.88667000 0.78555000 0.38936000
0.90032000 0.90461000 0.57344000
0.96041000 0.92742000 0.65874000
0.75112000 0.92349000 0.54623000
0.96165000 0.75756000 0.33641000
0.86153000 0.99934000 0.35121000
0.75736000 0.99602000 0.81509000
0.80191000 0.89057000 0.71798000
0.75934000 0.91179000 0.86565000
0.93360000 0.80588000 0.90540000
0.92482000 0.86093000 0.83051000
0.95288000 0.90492000 0.77770000
0.89491000 0.89720000 0.91290000
0.88054000 0.81134000 0.77280000
0.79803000 0.90592000 0.80494000
0.83927000 0.87114000 0.86662000
0.86736000 0.82020000 0.96512000
0.78505000 0.84775000 0.90986000
0.93497000 0.95374000 0.73394000
0.79052000 0.91673000 0.93470000
0.87242000 0.86674000 0.72086000
0.81980000 0.79962000 0.79751000
0.87852000 0.97007000 0.68480000
0.87337000 0.91579000 0.99462000
0.93667000 0.78858000 0.78360000
0.75289000 0.83289000 0.69928000
0.91452000 0.78000000 0.71481000
0.93308000 0.84796000 0.66892000
0.98712000 0.85264000 0.97139000
0.86264000 0.95043000 0.87917000
0.87045000 0.92014000 0.79777000
0.80953000 0.95793000 0.71413000
0.86963000 0.78025000 0.88881000
0.95819000 0.89891000 0.88858000
0.88786000 0.99588000 0.76864000
0.80424000 0.78492000 0.68733000
0.77449000 0.97441000 0.89869000
0.99453000 0.79991000 0.68218000
0.75355000 0.81660000 0.97587000
0.99688000 0.98122000 0.72354000
0.75655000 0.77969000 0.75822000
0.99896000 0.86788000 0.69578000
