1 5
1 47
1 703
1 851
1 906
1 1500
2 72
2 73
2 79
2 203
2 672
2 752
3 14
3 15
3 18
3 19
3 45
3 60
3 75
4 22
4 45
4 74
4 96
5 30
5 49
5 52
5 58
5 59
5 906
6 9
6 14
6 50
6 233
7 19
7 24
7 36
7 97
7 284
8 11
8 37
8 62
8 70
8 89
9 25
9 46
9 50
10 26
10 45
10 60
10 84
10 656
10 668
11 41
11 73
11 94
11 99
12 39
12 49
12 57
12 88
12 98
12 107
12 123
12 150
13 16
13 21
13 32
13 66
13 74
13 95
13 102
13 254
14 18
14 19
14 36
14 63
15 38
15 44
15 59
15 60
16 80
16 254
16 280
16 296
17 29
17 33
17 53
17 68
17 89
17 649
18 19
18 23
18 25
19 24
19 35
19 36
19 63
19 76
19 97
20 27
20 87
20 101
20 160
20 181
20 183
21 66
21 74
21 86
21 95
21 883
22 32
22 101
22 183
22 193
22 276
23 25
23 30
23 55
23 58
24 48
24 76
24 82
24 83
24 93
25 31
25 229
25 235
25 238
26 46
26 68
26 70
26 84
27 71
27 75
27 87
27 101
28 38
28 48
28 56
28 61
28 75
28 78
28 109
29 47
29 65
29 68
29 89
29 643
29 647
29 684
30 31
30 49
30 55
30 57
30 59
30 68
30 70
31 62
31 69
31 70
31 88
31 100
31 229
32 64
32 254
32 276
33 94
33 661
34 42
34 66
34 77
34 848
35 63
35 76
35 101
35 127
35 163
35 166
36 63
36 97
36 238
36 269
36 281
37 53
37 57
37 89
37 137
37 150
37 164
37 191
38 60
38 61
38 632
38 659
39 49
39 65
39 124
39 150
39 906
40 43
40 80
40 81
40 90
40 220
41 43
41 51
41 72
41 94
42 72
42 79
42 848
42 899
42 907
42 1462
43 72
43 80
43 81
43 809
43 907
44 58
44 59
44 61
44 103
44 104
44 871
45 87
45 96
46 50
46 51
46 70
47 59
47 68
47 84
47 632
47 645
48 61
48 93
48 103
48 105
48 857
49 55
49 88
49 98
49 850
50 51
50 74
50 296
51 74
51 77
51 94
52 55
52 58
52 82
52 230
52 837
52 872
52 878
53 54
53 89
53 191
53 731
53 801
54 73
54 191
54 203
54 209
54 731
55 100
55 230
55 878
56 61
56 631
56 671
56 804
56 847
56 951
57 70
57 88
57 89
57 150
58 59
58 82
58 103
59 68
60 71
60 75
60 84
60 656
60 659
61 103
62 69
62 70
62 85
62 164
63 281
63 287
63 404
64 91
64 95
64 125
64 257
64 276
64 314
64 813
64 1085
65 89
65 124
65 150
65 647
65 743
66 74
66 80
66 102
66 883
66 907
67 92
67 96
67 160
67 206
67 617
67 636
68 70
68 89
69 88
69 164
69 200
69 303
69 309
69 354
71 75
71 78
71 87
71 173
71 694
72 73
72 79
72 145
72 821
73 79
73 94
74 96
75 78
75 163
76 97
76 127
76 163
77 79
77 94
77 668
78 106
78 173
78 789
79 94
79 651
80 102
80 280
80 819
80 907
81 90
81 248
81 262
82 103
82 872
82 893
83 93
83 265
83 270
83 858
83 893
84 656
84 659
84 684
85 90
85 99
85 141
85 182
85 220
85 262
85 291
85 309
85 347
86 92
86 830
86 880
86 883
86 892
87 96
87 617
87 688
87 694
88 98
88 100
88 245
89 150
90 99
90 145
90 185
90 262
91 95
91 125
91 206
91 813
91 880
92 115
92 924
92 1428
92 1496
93 105
93 194
93 197
93 857
93 998
95 880
95 883
96 688
97 127
97 194
97 287
98 107
98 850
98 980
99 132
99 182
100 221
100 299
101 166
101 183
101 188
102 819
102 846
102 883
102 885
102 907
102 1094
103 857
103 872
103 893
104 632
104 695
104 871
104 1452
105 109
105 197
105 847
105 857
106 109
106 114
106 140
106 163
106 173
106 186
106 804
107 110
107 123
107 129
107 143
107 205
107 980
108 121
108 137
108 164
108 182
108 191
109 163
109 165
110 143
110 201
110 205
110 334
110 396
111 131
111 134
111 171
111 172
111 176
111 204
111 759
111 805
112 130
112 170
112 327
112 930
112 1151
112 1183
113 117
113 207
113 327
113 366
113 369
113 1151
114 134
114 140
114 173
114 186
114 749
114 797
115 206
115 924
115 974
115 1619
116 136
116 146
116 147
116 196
116 204
116 794
117 155
117 207
117 366
117 936
117 1193
117 1196
118 131
118 136
118 175
118 186
118 188
118 192
119 135
119 136
119 144
119 147
119 155
119 162
119 175
119 179
119 192
120 135
120 138
120 162
120 169
120 332
121 141
121 159
121 164
121 182
121 200
121 313
121 354
121 379
121 391
122 144
122 147
122 178
122 926
123 137
123 150
123 154
123 200
123 205
124 703
124 743
124 806
125 180
125 314
125 390
125 813
125 1196
126 139
126 177
126 195
126 765
126 806
126 966
126 1614
127 149
127 163
127 194
127 287
128 150
128 154
128 171
128 177
128 743
128 805
128 806
129 143
129 177
129 935
129 957
129 980
129 985
130 138
130 141
130 158
130 185
130 327
131 146
131 157
131 168
131 189
132 145
132 158
132 182
132 191
133 151
133 161
133 165
133 168
133 174
133 190
133 198
134 140
134 151
134 174
134 176
134 759
135 136
135 146
135 148
135 169
136 147
136 175
136 192
136 794
137 150
137 154
137 164
137 172
138 148
138 327
139 176
139 195
139 210
139 765
139 917
139 990
139 1567
140 151
140 174
140 804
141 182
141 185
141 341
142 153
142 179
142 751
142 916
142 1619
143 195
143 201
143 949
144 147
144 155
144 207
145 156
145 158
145 821
145 994
146 148
146 172
146 189
146 204
147 148
147 196
149 152
149 166
149 188
149 408
150 154
151 174
151 953
151 990
152 157
152 161
152 174
152 188
152 408
153 167
153 192
153 196
153 794
153 803
154 168
154 171
154 177
155 162
155 179
155 207
155 940
156 178
156 752
156 821
156 931
156 994
157 159
157 168
157 169
157 189
157 208
158 178
158 994
159 168
159 169
159 189
159 208
159 311
159 391
160 167
160 181
160 184
160 617
160 727
160 803
161 165
161 190
161 198
161 317
161 373
161 408
162 175
162 179
162 180
162 187
163 186
164 182
164 200
164 309
165 174
165 197
165 198
166 187
166 188
166 193
166 351
166 404
167 179
167 181
167 192
167 206
167 803
168 189
168 190
169 189
169 208
169 313
170 185
170 930
170 1183
171 172
171 176
171 805
172 204
172 805
173 184
173 186
173 789
175 181
175 187
175 188
175 192
176 195
176 759
176 765
177 806
177 966
178 199
178 730
178 752
178 926
178 994
179 180
179 974
180 183
180 187
180 206
181 184
181 188
181 192
182 309
183 187
183 193
184 192
184 714
184 768
185 262
185 341
186 188
187 193
187 351
190 202
190 311
191 209
192 768
192 794
193 276
193 314
193 351
193 404
194 287
194 382
194 998
195 949
195 985
195 990
196 740
196 794
197 198
197 915
197 998
198 202
198 998
199 203
199 209
199 770
200 205
200 354
200 389
201 202
201 949
201 1131
201 1150
202 317
202 949
202 1102
202 1150
203 209
203 672
203 731
203 752
204 209
204 805
205 334
205 389
207 936
207 940
208 311
208 387
208 408
209 731
209 796
210 745
210 990
210 1555
210 1567
211 234
211 242
211 258
211 261
211 282
212 243
212 300
212 308
212 329
212 1181
213 217
213 244
213 263
213 264
213 427
213 439
214 226
214 295
214 363
214 384
214 1005
214 1076
214 1127
215 217
215 266
215 283
215 302
215 304
216 236
216 244
216 253
216 256
216 263
216 272
216 292
216 301
217 227
217 283
217 285
217 304
217 415
218 226
218 286
218 342
219 222
219 228
219 241
219 273
219 293
219 294
219 306
219 481
220 231
220 248
220 262
220 291
221 245
221 272
221 290
221 299
221 303
222 228
222 236
222 267
222 272
223 259
223 261
223 268
223 289
223 293
224 231
224 286
224 293
224 294
224 357
224 403
225 298
225 348
225 375
225 449
225 471
225 1083
226 248
226 295
227 283
227 285
227 302
227 1026
227 1072
227 1081
227 1198
227 1275
228 236
228 263
228 271
228 279
228 294
228 298
229 235
229 289
229 303
230 284
230 292
230 299
230 837
230 878
230 1010
231 261
231 291
231 293
231 347
232 237
232 239
232 312
232 402
232 405
232 493
232 526
233 240
233 246
233 281
234 252
234 255
234 305
235 238
235 259
235 272
236 253
236 263
236 272
236 279
237 239
237 274
237 302
237 304
237 310
237 312
238 259
238 269
238 281
239 247
239 249
239 264
239 304
239 312
239 485
239 491
239 493
240 242
240 246
240 254
240 258
240 260
240 308
241 294
241 349
241 403
241 481
241 482
241 487
242 258
243 257
243 258
243 1079
243 1087
244 263
244 419
244 439
244 503
244 1023
244 1099
245 303
246 250
246 259
246 268
246 282
247 249
247 485
248 261
248 262
248 280
249 250
249 264
249 266
249 277
250 260
250 274
251 286
251 297
251 305
251 467
251 492
252 268
252 293
252 297
252 306
252 453
253 279
253 290
253 292
253 299
253 1023
253 1042
254 258
254 282
255 295
255 1028
255 1034
255 1036
255 1040
256 265
256 283
256 292
256 301
256 1089
256 1099
257 276
257 308
257 314
257 390
257 1029
259 282
259 289
260 300
260 308
260 377
260 405
261 282
261 289
261 296
262 347
263 271
263 273
263 427
263 439
264 266
264 277
264 304
264 427
264 491
264 497
265 284
265 301
265 1078
266 269
266 277
266 304
267 291
267 294
267 303
268 306
269 281
269 301
269 307
270 288
270 382
271 273
271 410
271 439
271 449
271 481
271 487
272 301
273 277
273 306
273 427
273 481
274 281
274 307
274 361
274 380
275 290
275 299
275 1010
275 1054
275 1095
275 1147
276 308
276 314
278 445
278 459
278 1068
278 1231
279 290
279 298
279 1023
279 1083
280 819
280 1098
281 307
282 296
283 1026
283 1072
283 1089
283 1099
284 292
284 301
285 302
285 304
285 368
285 432
286 365
286 367
286 492
287 307
287 380
288 302
288 394
288 1072
288 1178
288 1198
289 291
289 296
290 299
290 406
290 1083
291 309
291 347
292 299
292 1010
292 1012
292 1042
292 1089
293 297
294 319
294 349
294 407
295 1005
295 1028
295 1043
297 448
297 492
298 349
298 393
298 406
298 407
299 1010
300 405
300 459
300 558
302 304
302 368
302 394
303 354
305 434
305 453
305 1040
305 1206
306 481
307 380
307 394
308 377
309 347
309 354
310 343
310 368
310 394
311 323
311 334
312 343
312 493
312 511
312 526
313 325
313 379
313 391
314 381
314 390
315 339
315 352
315 386
315 398
315 1120
315 1176
316 326
316 336
316 339
316 340
316 359
316 388
317 322
317 350
317 373
317 378
318 322
318 323
318 330
318 364
318 371
318 387
318 397
319 328
319 349
319 355
319 357
319 393
319 407
320 334
320 353
320 374
320 389
320 396
321 344
321 350
321 378
321 1165
322 330
322 346
322 350
322 374
322 399
323 325
323 334
323 355
323 364
323 387
323 391
324 326
324 329
324 331
324 360
324 377
324 381
324 402
325 356
325 364
325 391
325 395
326 332
326 351
326 356
326 370
326 381
326 388
327 336
327 341
327 1151
328 330
328 362
328 364
328 392
328 397
328 551
328 586
329 360
329 386
329 400
329 405
329 558
330 346
330 358
330 392
330 397
331 343
331 345
331 361
331 371
331 376
331 402
332 336
332 351
332 356
332 369
333 336
333 340
333 342
333 359
333 395
334 374
334 389
335 340
335 362
335 388
335 395
335 542
336 359
336 395
337 353
337 396
337 406
337 1123
337 1167
337 1180
338 342
338 367
338 372
338 384
338 547
338 1144
339 340
339 359
339 372
339 383
339 398
339 1159
339 1176
339 1199
340 359
340 372
340 383
341 363
342 401
343 376
343 518
343 521
343 526
344 346
344 399
344 1155
345 350
345 361
345 370
345 371
345 380
346 350
346 358
346 521
347 379
348 375
348 385
348 1121
348 1123
348 1348
349 393
349 403
349 407
349 482
350 373
351 370
351 381
351 404
352 366
352 369
352 381
352 386
352 390
352 1176
353 374
353 392
353 393
354 357
354 379
354 389
355 364
355 389
355 391
356 370
356 387
356 388
357 379
357 401
358 385
358 392
358 521
358 553
358 584
359 383
359 1128
359 1176
360 398
360 402
360 528
360 537
361 370
361 377
361 380
362 364
362 397
362 401
362 542
362 586
363 384
363 1183
364 395
364 397
364 401
365 367
365 403
365 529
365 542
365 547
366 369
366 1128
366 1176
366 1193
366 1196
367 467
367 547
367 1144
368 507
368 573
369 381
370 377
371 376
372 547
372 602
372 1159
372 1406
373 408
375 393
375 514
375 588
375 601
376 402
376 518
376 526
376 549
376 569
377 381
378 399
378 1102
378 1109
378 1134
378 1165
379 391
379 401
380 394
381 386
382 998
382 1165
382 1178
382 1197
383 1106
383 1128
383 1159
383 1182
384 1005
384 1106
385 399
385 1114
385 1123
385 1184
385 1201
386 390
386 1181
387 408
388 395
389 391
390 1029
390 1153
390 1196
392 514
392 553
393 407
395 401
396 980
397 549
397 551
398 524
399 1109
399 1184
400 558
400 574
400 1069
400 1129
402 405
402 526
402 528
403 438
403 482
403 535
403 586
405 493
405 528
405 558
406 1083
406 1167
409 440
409 457
409 509
409 587
409 596
409 623
410 426
410 439
410 441
410 449
410 481
410 487
411 440
411 454
411 460
411 470
411 1225
411 1253
411 1375
411 1427
412 435
412 436
412 455
412 485
412 491
412 495
412 497
412 498
412 500
413 430
413 441
413 487
413 490
413 538
413 599
413 603
414 417
414 423
414 451
414 463
414 465
414 1270
414 1308
415 419
415 1026
415 1100
415 1216
416 417
416 429
416 472
416 501
416 619
416 644
417 451
417 463
417 465
417 644
417 655
417 667
418 424
418 473
418 477
418 480
418 520
418 531
419 439
419 503
419 1100
419 1210
419 1303
420 464
420 478
420 494
420 622
420 630
420 679
420 701
421 422
421 463
421 619
421 1251
421 1457
421 1481
422 472
422 1227
422 1251
423 451
423 461
423 463
423 499
423 1227
424 445
424 459
424 468
424 472
424 477
425 454
425 475
425 484
425 682
425 1214
425 1253
425 1300
425 1506
426 430
426 433
426 439
426 450
426 503
427 439
427 491
428 442
428 465
428 478
428 502
428 554
428 582
429 436
429 476
429 496
429 619
429 620
430 452
430 603
431 474
431 662
431 1282
431 1310
432 460
432 470
432 1226
433 484
433 503
433 1210
433 1249
434 444
434 453
434 461
434 504
434 1206
434 1278
435 436
435 447
435 455
435 456
435 486
435 491
436 447
436 455
436 488
436 494
437 593
437 685
437 1218
437 1390
438 492
438 529
438 535
438 582
439 503
440 454
440 457
440 470
440 565
440 592
440 623
440 702
441 452
441 464
441 483
441 487
441 494
442 444
442 492
442 582
443 466
443 480
443 495
443 500
443 509
443 511
443 523
443 545
443 594
444 451
444 453
444 456
444 461
445 461
445 486
445 499
446 454
446 460
446 497
446 1214
447 448
447 456
447 478
447 494
447 501
448 456
448 483
449 471
449 503
449 588
450 462
450 479
450 484
451 456
451 465
451 499
451 501
452 464
452 469
452 490
453 456
453 461
453 499
454 457
454 460
454 475
454 479
455 472
455 486
455 496
456 486
456 499
456 501
457 470
457 489
457 495
457 497
458 504
458 533
458 1320
458 1321
459 477
459 558
459 1069
459 1224
459 1231
460 470
460 1214
460 1226
460 1259
461 499
461 1277
461 1278
462 475
462 479
462 488
462 494
462 630
462 634
462 660
462 699
463 655
463 1227
463 1251
463 1270
463 1285
463 1457
464 478
464 490
464 494
465 667
466 473
466 665
466 766
467 492
467 557
467 1223
468 477
468 480
468 485
468 493
468 500
469 474
469 490
469 603
469 662
469 691
469 713
470 565
470 1225
470 1226
471 503
471 1239
471 1249
472 496
472 499
473 476
473 480
473 496
473 593
474 580
474 603
474 662
474 691
474 723
474 1319
474 1453
475 479
475 634
475 642
475 680
475 682
475 702
476 496
476 619
476 670
477 520
477 531
477 558
477 574
478 483
478 494
478 501
478 502
478 679
479 488
479 498
480 493
480 496
480 500
480 520
480 594
481 487
482 487
482 535
482 556
482 586
483 487
484 699
484 1310
484 1506
485 491
485 493
485 500
486 499
488 498
488 612
488 630
488 642
489 495
489 509
489 511
489 527
490 613
490 622
491 497
493 500
493 511
493 526
493 528
495 497
495 498
495 500
500 511
502 582
502 613
502 679
503 1210
503 1249
503 1303
504 1211
504 1223
504 1278
504 1284
505 530
505 567
505 570
505 753
505 800
506 529
506 546
506 554
506 557
506 1321
507 573
507 581
507 1155
507 1275
507 1327
508 519
508 536
508 559
508 575
508 579
508 601
508 1351
509 511
509 523
509 539
509 545
509 587
509 596
510 517
510 519
510 548
510 595
510 1332
511 518
511 526
511 545
512 561
512 587
512 592
512 596
512 717
512 735
512 782
512 791
513 530
513 534
513 541
513 550
513 577
513 591
514 553
514 556
514 559
514 601
515 530
515 534
515 800
515 1347
515 1390
515 1586
516 540
516 544
516 561
516 564
516 578
516 737
516 798
517 521
518 521
518 525
518 526
518 545
518 569
519 744
519 1345
519 1351
519 1381
520 528
520 531
520 537
520 558
520 574
520 591
520 594
521 573
522 546
522 555
522 562
522 563
522 570
522 572
522 582
522 746
523 539
523 543
523 545
523 578
523 587
523 594
524 537
524 541
524 574
524 577
524 591
525 532
525 539
525 551
525 569
525 597
526 528
526 545
526 569
527 565
527 573
528 537
528 558
529 535
529 542
529 563
529 582
530 550
530 567
530 583
530 800
531 550
531 574
531 591
531 1311
532 539
532 540
532 559
532 564
532 585
532 598
533 554
533 568
533 734
533 736
533 1320
533 1321
533 1514
534 577
534 800
534 1339
534 1340
534 1392
535 552
535 556
535 563
535 586
535 599
536 575
536 580
536 719
536 721
536 1571
537 541
537 569
537 591
538 552
538 556
538 579
538 599
538 603
539 540
539 561
539 578
539 596
540 543
540 544
540 578
541 566
541 590
541 591
542 547
542 560
542 586
543 583
543 590
543 594
544 555
544 567
544 585
544 724
544 737
545 569
545 594
546 554
546 562
546 568
546 570
546 571
546 576
547 602
548 553
548 584
548 1332
548 1351
548 1363
549 551
549 560
549 569
549 597
550 591
550 593
550 594
551 589
552 556
552 563
552 585
552 589
552 598
552 599
553 559
553 601
554 562
554 582
555 567
555 570
555 571
555 598
556 586
556 589
557 1144
557 1223
557 1321
557 1343
557 1354
557 1399
558 574
559 579
559 601
560 566
560 571
560 597
560 598
561 564
561 578
561 595
561 596
561 782
562 570
562 736
562 746
562 779
563 586
563 589
563 598
563 599
564 721
565 581
565 592
565 595
565 596
565 1324
566 571
566 590
566 602
567 570
567 583
567 712
567 724
568 779
568 1320
568 1321
568 1402
568 1616
569 590
569 597
570 724
570 746
570 779
571 576
572 599
572 613
572 746
574 591
574 1374
575 1319
576 1392
576 1405
577 602
577 1405
578 722
578 798
578 799
579 580
579 585
580 603
580 713
580 723
581 595
581 1324
581 1327
581 1332
582 599
583 766
583 790
584 1155
584 1332
584 1363
585 741
586 589
587 596
587 618
587 717
587 799
588 600
589 598
590 597
591 594
592 596
592 735
592 791
592 1324
592 1375
593 747
593 766
595 596
597 598
600 1236
600 1239
600 1249
600 1355
601 1348
602 1199
602 1405
602 1406
604 625
604 638
604 675
604 686
604 696
604 700
604 715
604 761
604 767
605 624
605 631
605 671
605 695
606 617
606 621
606 629
606 635
606 639
606 648
606 663
607 615
607 616
607 666
607 667
607 674
607 693
608 625
608 666
608 667
608 679
608 715
608 725
608 736
609 640
609 651
609 697
609 1420
609 1462
610 612
610 630
610 660
610 678
610 687
610 690
610 698
611 615
611 625
611 638
611 658
611 675
611 678
611 693
611 701
612 620
612 630
612 642
612 673
613 679
613 696
613 715
613 746
614 626
614 654
614 689
614 789
615 644
615 658
615 674
615 693
615 701
616 655
616 666
616 667
616 1308
616 1473
616 1514
617 688
617 694
617 714
618 623
618 628
618 665
618 709
619 644
619 648
619 670
620 630
620 644
620 701
621 629
621 635
621 641
621 648
621 658
621 678
622 630
622 660
622 675
622 696
623 628
623 702
623 709
623 791
624 631
624 671
624 676
624 784
625 679
625 683
625 693
625 700
625 715
625 725
626 654
626 663
626 689
626 714
626 789
626 793
627 657
627 705
627 752
627 827
627 1501
627 1538
628 642
628 654
628 680
628 709
629 656
629 663
629 673
629 689
629 694
629 698
630 660
631 671
631 695
631 1510
632 659
632 695
633 646
633 664
633 707
633 748
633 1438
633 1453
633 1458
633 1461
633 1518
633 1578
634 642
634 650
634 660
634 680
634 681
634 682
634 699
635 639
635 640
635 653
635 697
636 653
636 704
636 727
636 803
636 1428
637 655
637 674
637 697
637 1459
637 1483
638 649
638 658
638 661
638 675
638 693
638 700
639 648
639 653
639 704
640 653
640 697
640 830
640 1434
640 1496
641 656
641 661
641 668
641 678
641 684
641 690
641 698
642 680
643 645
643 647
643 649
643 652
643 684
644 701
645 664
645 669
645 684
645 687
646 662
646 664
646 669
646 1423
646 1453
647 743
647 801
648 670
648 673
649 686
649 731
650 669
650 681
650 682
650 699
650 1506
651 657
651 658
651 661
651 672
651 693
652 686
652 696
652 807
653 704
653 1428
653 1434
653 1496
654 709
654 789
655 674
655 1285
655 1308
655 1431
655 1457
655 1473
655 1483
656 659
656 668
656 688
656 694
657 672
657 683
657 693
657 705
657 1480
658 661
658 678
658 693
659 698
660 687
660 690
660 699
661 668
662 691
662 699
662 1453
663 673
663 689
663 692
663 714
664 669
664 1500
665 670
665 673
666 683
666 693
666 705
666 725
666 734
666 1471
666 1514
667 679
667 701
668 688
669 677
669 681
669 687
669 1429
670 692
671 726
671 804
672 683
672 700
673 689
674 697
674 1480
674 1483
675 678
675 690
675 696
676 682
676 1444
677 681
677 695
677 1429
677 1444
678 690
679 701
680 681
680 682
680 702
681 687
682 702
682 1506
683 693
683 700
683 705
683 725
684 687
684 690
685 704
685 747
685 1218
685 1417
685 1481
685 1559
686 761
686 801
686 807
687 690
688 694
689 698
690 698
691 713
691 723
691 748
691 802
691 807
692 750
692 793
695 1452
696 761
696 802
697 1434
697 1483
700 731
700 767
700 796
702 791
702 1427
703 851
703 1458
703 1500
704 747
704 758
704 1417
704 1428
705 728
705 734
705 1471
705 1538
705 1548
706 710
706 758
706 795
706 1551
706 1552
707 743
707 748
707 786
707 792
707 1518
708 712
708 720
708 740
708 742
708 769
708 772
708 785
708 795
709 717
709 784
709 791
710 712
710 733
710 750
710 790
710 795
711 720
711 733
711 749
711 771
711 778
711 783
711 785
711 788
712 720
712 724
712 790
713 723
713 741
713 762
713 802
714 727
714 768
714 789
715 725
715 746
715 767
716 720
716 732
716 742
716 756
716 767
716 774
717 722
717 764
717 799
718 726
718 738
718 777
718 797
718 804
718 1555
719 723
719 792
719 1578
720 742
720 756
720 785
720 788
721 744
721 757
721 781
722 760
722 771
722 778
722 788
722 798
722 799
723 748
723 762
724 737
724 746
724 756
724 772
725 728
725 736
725 775
726 784
726 789
726 797
726 804
727 733
727 768
727 803
728 734
728 763
728 772
728 775
728 780
728 1548
729 754
729 792
729 1536
729 1567
729 1573
729 1614
730 740
730 763
730 926
731 796
732 739
732 755
732 761
732 767
732 774
732 796
733 750
733 768
733 785
733 795
734 736
734 780
734 1524
734 1548
734 1616
735 777
735 782
735 784
735 791
735 1549
736 779
737 741
737 774
737 781
737 788
738 745
738 764
738 777
738 787
738 1541
738 1547
739 761
739 762
739 774
739 802
739 807
740 742
740 763
740 769
740 770
740 795
741 781
742 770
742 785
743 786
743 801
743 806
744 782
744 787
744 1345
744 1349
745 754
745 759
745 765
745 797
746 756
747 758
747 1559
747 1586
748 792
748 807
748 1578
749 768
749 778
749 797
750 771
750 790
750 793
751 1590
751 1594
752 1538
753 772
753 779
753 780
753 800
753 1618
754 757
754 765
754 776
754 792
755 759
755 783
755 805
756 767
756 772
756 775
757 776
757 781
757 787
757 798
758 1417
758 1551
758 1552
758 1559
758 1581
758 1586
759 765
759 797
760 764
760 778
760 783
760 797
761 767
761 802
761 807
762 776
762 781
762 802
763 769
763 780
763 1590
764 777
764 782
764 784
764 787
764 798
765 806
766 790
767 775
767 796
768 794
769 772
769 780
769 795
769 1590
770 775
770 796
771 778
771 788
771 793
771 799
772 775
772 779
772 780
773 800
773 1552
773 1564
773 1586
774 781
776 781
776 792
777 784
777 1547
778 793
779 780
780 1611
780 1616
780 1618
782 787
782 798
783 788
784 791
785 794
785 795
786 792
786 806
787 1547
788 798
791 1427
792 1518
792 1573
793 799
800 1340
800 1586
802 807
804 951
804 1560
806 1614
808 849
808 901
808 903
808 1505
809 821
809 862
809 866
809 899
809 907
810 836
810 841
810 861
810 876
810 881
810 1511
811 815
811 835
811 880
811 920
811 924
811 954
812 818
812 823
812 825
812 834
812 849
812 868
812 908
812 925
812 950
812 968
813 900
813 954
813 1001
813 1029
813 1085
814 820
814 824
814 828
814 831
814 844
814 846
814 877
814 885
814 892
814 896
815 828
815 831
815 962
816 825
816 850
816 878
816 935
816 980
816 1054
817 820
817 843
817 844
817 874
817 882
817 1057
817 1062
817 1097
818 825
818 849
818 865
818 868
819 874
819 1094
820 838
820 844
820 860
820 874
820 885
821 827
821 899
822 870
822 889
822 895
822 901
822 1487
822 1489
822 1498
823 825
823 869
823 950
823 1025
824 844
824 846
824 1037
824 1093
824 1094
824 1097
825 950
825 999
826 833
826 841
826 861
826 865
826 881
827 891
827 899
827 1424
827 1462
827 1512
827 1513
828 831
828 846
828 880
828 892
828 900
829 853
829 855
829 856
829 861
829 867
829 870
829 884
830 835
830 848
830 892
830 1472
830 1496
830 1504
831 864
831 877
831 888
831 892
832 864
832 877
832 898
832 1425
832 1448
832 1489
833 839
833 851
833 865
833 871
833 903
833 1485
833 1487
834 843
834 868
834 869
834 908
834 910
834 938
834 968
835 924
835 1451
835 1497
836 840
836 857
836 859
836 861
836 927
836 937
837 853
837 872
837 1012
838 860
838 867
838 868
838 879
838 882
838 896
839 851
839 865
839 871
839 886
839 903
839 906
840 859
840 884
840 902
840 905
840 927
841 861
841 881
841 1452
841 1511
842 873
842 888
842 897
842 902
842 919
842 1048
843 866
843 869
843 969
843 1018
844 896
844 1097
845 847
845 876
845 937
845 951
845 1511
845 1554
846 883
846 885
846 1094
847 857
847 937
847 951
848 854
848 907
849 886
849 908
849 909
849 925
850 878
850 906
850 935
851 903
851 906
851 1458
851 1500
852 854
852 860
852 862
852 899
852 904
853 865
853 867
853 872
853 879
853 890
853 1070
854 1420
855 858
855 859
855 872
855 884
855 893
855 1000
856 867
856 879
856 896
856 1016
857 859
857 893
858 859
858 893
858 1075
858 1091
859 861
859 893
860 889
860 895
860 904
861 872
862 866
862 875
862 891
862 899
863 894
863 901
863 908
863 1432
863 1505
863 1617
864 877
864 889
864 1425
864 1451
864 1472
865 867
865 890
866 874
866 875
866 1038
867 870
867 879
867 896
868 908
869 882
869 910
869 1039
870 877
870 895
870 896
872 893
873 887
873 902
873 927
873 959
873 962
873 977
874 885
875 891
875 922
875 938
875 969
876 898
877 888
877 895
877 896
878 890
878 1010
879 882
880 883
880 892
881 1418
881 1485
881 1489
881 1511
882 1016
882 1025
883 885
883 892
884 887
884 888
884 902
885 892
885 907
886 903
886 906
886 929
887 898
887 927
888 896
888 897
889 895
889 904
889 1433
891 894
891 899
891 931
891 1512
891 1513
894 938
894 1512
894 1513
894 1617
897 1024
897 1048
897 1077
898 977
898 1448
899 1462
900 919
900 1001
900 1037
900 1048
901 1432
901 1435
901 1505
902 905
902 927
902 989
902 1186
903 929
903 1445
903 1458
903 1600
904 1432
904 1433
904 1512
905 1075
905 1186
905 1189
908 925
908 938
908 968
909 925
909 929
909 1593
909 1600
910 932
910 950
910 969
911 912
911 921
911 934
911 946
911 979
912 915
912 933
912 937
912 946
912 953
912 961
913 955
913 973
913 983
913 984
913 1160
914 920
914 947
914 962
914 970
914 971
914 991
914 997
915 972
915 986
915 998
915 1189
916 920
916 940
916 971
916 974
916 1619
917 942
917 966
917 990
917 1567
918 926
918 930
918 940
918 943
918 994
919 978
919 989
919 1048
919 1194
920 924
920 963
920 971
920 974
920 997
921 933
921 934
921 946
921 1554
921 1555
921 1563
922 930
922 931
922 938
922 941
922 975
922 981
923 926
923 931
923 1565
923 1613
924 1531
924 1615
924 1619
925 944
925 964
925 968
925 976
926 994
927 937
927 959
927 961
928 947
928 956
928 958
928 960
928 965
928 993
928 1572
928 1579
929 966
929 1600
930 941
930 994
931 1513
931 1613
932 941
932 984
932 988
932 1202
933 951
933 1555
934 956
934 965
934 1533
934 1535
935 980
936 1151
936 1193
937 946
937 961
938 968
939 945
939 963
939 997
940 943
940 963
941 967
941 975
941 988
942 944
942 976
942 979
942 985
942 992
943 958
943 967
943 971
944 964
944 976
944 979
944 983
944 995
945 955
945 984
945 988
945 989
945 1141
945 1152
946 961
946 1554
947 958
947 967
947 970
947 991
947 993
948 953
948 986
948 1102
949 953
949 985
949 990
949 992
950 987
950 999
951 1554
951 1560
952 955
952 973
952 979
952 993
953 990
954 978
954 997
954 1196
955 989
955 991
955 996
956 965
956 970
956 993
956 1533
956 1544
957 980
957 982
957 999
957 1054
957 1122
957 1131
958 960
958 967
958 971
958 1572
958 1609
959 961
959 962
959 970
959 977
959 991
959 1544
960 964
960 965
960 981
960 993
960 1526
960 1574
961 972
962 970
962 977
962 991
962 997
963 997
964 968
964 995
965 993
965 1574
965 1579
966 1614
967 975
967 988
968 975
969 1018
969 1154
970 977
970 991
970 1544
970 1556
970 1572
971 1572
971 1594
972 986
972 996
972 1189
973 1119
975 981
975 988
975 995
976 982
976 985
977 1544
977 1570
978 1001
978 1141
979 992
980 1054
981 1526
982 983
982 985
982 987
982 992
982 1168
983 987
983 995
984 988
984 1124
984 1152
984 1160
984 1202
985 992
986 998
986 1102
986 1187
986 1189
986 1197
987 999
987 1192
987 1202
988 995
989 991
989 996
989 1186
989 1194
991 997
993 995
996 1161
996 1186
996 1187
996 1194
998 1197
999 1054
999 1122
999 1192
1000 1032
1000 1070
1000 1078
1001 1029
1001 1037
1001 1048
1001 1053
1002 1003
1002 1004
1002 1007
1002 1013
1002 1014
1002 1130
1002 1132
1002 1156
1003 1004
1003 1007
1003 1014
1003 1039
1003 1045
1003 1062
1004 1007
1004 1008
1004 1013
1004 1045
1004 1092
1005 1043
1005 1144
1005 1200
1006 1015
1006 1044
1006 1046
1006 1049
1006 1055
1006 1095
1006 1107
1006 1125
1006 1147
1007 1008
1007 1039
1007 1045
1007 1046
1007 1063
1007 1156
1008 1046
1008 1049
1008 1066
1008 1146
1008 1171
1008 1257
1009 1034
1009 1041
1009 1079
1009 1093
1009 1094
1009 1097
1009 1098
1010 1012
1010 1015
1010 1042
1010 1095
1011 1032
1011 1035
1011 1050
1011 1082
1011 1088
1011 1158
1012 1042
1012 1065
1012 1070
1013 1200
1013 1305
1014 1028
1014 1057
1014 1200
1015 1055
1015 1065
1015 1095
1016 1020
1016 1024
1016 1025
1016 1060
1017 1023
1017 1042
1017 1064
1017 1084
1017 1086
1017 1089
1017 1099
1017 1100
1018 1038
1018 1039
1018 1057
1018 1154
1019 1101
1019 1121
1019 1125
1019 1239
1019 1333
1019 1355
1020 1025
1020 1045
1020 1060
1020 1063
1020 1084
1021 1024
1021 1033
1021 1035
1021 1050
1021 1059
1021 1093
1022 1050
1022 1051
1022 1056
1022 1061
1022 1074
1022 1299
1023 1042
1023 1083
1023 1099
1024 1060
1024 1077
1024 1093
1025 1039
1025 1055
1025 1065
1026 1052
1026 1072
1026 1081
1026 1086
1026 1100
1027 1058
1027 1059
1027 1071
1027 1232
1027 1290
1027 1295
1028 1034
1028 1041
1028 1080
1029 1085
1029 1153
1029 1196
1030 1074
1030 1081
1030 1082
1030 1088
1030 1115
1030 1116
1030 1158
1030 1190
1031 1033
1031 1053
1031 1061
1031 1067
1031 1118
1031 1136
1031 1149
1032 1075
1032 1077
1032 1082
1032 1088
1032 1090
1033 1035
1033 1048
1033 1053
1033 1118
1034 1076
1034 1098
1035 1048
1035 1050
1035 1077
1035 1186
1036 1040
1036 1068
1036 1079
1036 1098
1037 1048
1037 1053
1037 1085
1037 1093
1038 1057
1038 1076
1038 1127
1038 1154
1039 1062
1040 1206
1041 1059
1041 1062
1041 1080
1042 1044
1042 1089
1042 1095
1043 1206
1043 1211
1043 1223
1044 1049
1044 1064
1044 1084
1044 1095
1045 1063
1045 1073
1045 1092
1046 1049
1046 1055
1046 1063
1046 1140
1046 1146
1047 1067
1047 1068
1047 1069
1047 1087
1047 1136
1047 1246
1049 1063
1049 1064
1049 1066
1049 1101
1049 1125
1050 1056
1051 1052
1051 1056
1051 1071
1051 1086
1051 1096
1051 1299
1052 1086
1052 1096
1052 1100
1052 1216
1052 1256
1052 1271
1053 1087
1053 1136
1054 1095
1054 1122
1054 1147
1055 1063
1055 1065
1056 1060
1056 1071
1057 1062
1057 1076
1058 1068
1058 1209
1058 1307
1059 1093
1061 1067
1061 1074
1061 1158
1062 1097
1063 1073
1063 1084
1064 1101
1064 1303
1065 1070
1065 1084
1066 1101
1066 1203
1066 1257
1067 1136
1067 1232
1067 1246
1068 1069
1068 1087
1068 1231
1069 1129
1069 1181
1069 1224
1071 1073
1071 1096
1071 1290
1071 1295
1072 1081
1072 1090
1073 1084
1073 1092
1073 1096
1074 1158
1074 1280
1074 1357
1075 1088
1075 1091
1075 1189
1076 1127
1078 1089
1078 1090
1078 1091
1079 1087
1079 1098
1080 1267
1080 1307
1081 1082
1081 1198
1081 1275
1081 1280
1082 1086
1082 1088
1082 1090
1083 1095
1083 1147
1083 1167
1085 1094
1086 1089
1086 1090
1087 1136
1088 1091
1088 1116
1089 1090
1089 1099
1090 1091
1091 1178
1092 1208
1092 1267
1093 1097
1094 1097
1094 1098
1095 1147
1096 1269
1096 1271
1099 1100
1100 1216
1100 1303
1101 1203
1101 1239
1102 1109
1102 1134
1102 1150
1103 1105
1103 1112
1103 1138
1103 1169
1103 1170
1104 1120
1104 1128
1104 1137
1104 1159
1104 1176
1104 1182
1104 1195
1105 1138
1105 1157
1105 1173
1105 1184
1105 1358
1105 1363
1106 1144
1106 1172
1106 1179
1107 1110
1107 1122
1107 1125
1107 1146
1107 1147
1107 1175
1107 1180
1107 1192
1108 1144
1108 1179
1108 1200
1108 1399
1108 1411
1108 1412
1109 1114
1109 1126
1109 1134
1109 1150
1110 1140
1110 1160
1110 1163
1110 1168
1110 1175
1110 1185
1110 1192
1111 1124
1111 1135
1111 1166
1111 1185
1112 1169
1112 1190
1112 1357
1113 1117
1113 1132
1113 1162
1113 1171
1114 1123
1114 1126
1114 1163
1114 1173
1114 1180
1114 1184
1115 1134
1115 1157
1115 1165
1115 1178
1115 1190
1115 1198
1116 1142
1116 1187
1116 1189
1116 1190
1117 1130
1117 1162
1117 1179
1117 1411
1118 1135
1118 1142
1118 1149
1118 1194
1119 1126
1119 1150
1119 1166
1119 1168
1119 1187
1120 1129
1120 1153
1120 1174
1120 1176
1120 1181
1121 1123
1121 1125
1121 1139
1121 1167
1121 1348
1121 1355
1122 1131
1122 1147
1122 1192
1123 1139
1123 1180
1123 1201
1124 1152
1124 1160
1124 1177
1125 1167
1126 1134
1126 1163
1126 1166
1126 1173
1127 1154
1127 1172
1128 1151
1128 1176
1128 1182
1128 1191
1128 1193
1129 1174
1129 1181
1129 1322
1129 1374
1130 1132
1130 1156
1130 1172
1131 1150
1131 1163
1131 1168
1131 1180
1132 1140
1132 1146
1132 1156
1132 1171
1133 1136
1133 1145
1133 1174
1133 1322
1133 1378
1134 1165
1134 1187
1135 1141
1135 1149
1135 1152
1135 1161
1135 1194
1136 1149
1136 1153
1136 1181
1137 1141
1137 1149
1137 1153
1137 1176
1137 1193
1137 1196
1138 1170
1138 1173
1138 1185
1138 1358
1138 1364
1139 1173
1139 1175
1139 1201
1139 1396
1139 1410
1140 1146
1140 1156
1140 1192
1141 1149
1141 1152
1141 1194
1142 1158
1142 1169
1142 1186
1143 1169
1144 1200
1144 1223
1144 1399
1145 1188
1145 1195
1146 1171
1146 1175
1147 1167
1147 1180
1148 1159
1148 1162
1148 1179
1148 1188
1148 1199
1148 1360
1148 1403
1148 1406
1150 1168
1151 1183
1151 1191
1152 1161
1152 1177
1153 1181
1154 1164
1154 1172
1154 1183
1155 1157
1155 1184
1155 1327
1155 1362
1157 1184
1157 1190
1157 1362
1158 1169
1159 1188
1159 1199
1160 1168
1160 1202
1161 1194
1162 1179
1162 1336
1162 1411
1163 1168
1163 1173
1163 1175
1163 1180
1163 1185
1163 1192
1164 1172
1164 1183
1164 1191
1165 1178
1165 1197
1166 1185
1167 1180
1168 1192
1169 1190
1170 1318
1170 1336
1170 1365
1170 1367
1171 1391
1172 1191
1173 1184
1173 1185
1174 1188
1174 1199
1174 1379
1175 1185
1175 1364
1175 1410
1176 1193
1177 1182
1177 1191
1177 1195
1178 1189
1178 1197
1179 1399
1179 1411
1182 1191
1182 1195
1184 1201
1186 1194
1187 1189
1188 1199
1188 1336
1188 1380
1188 1403
1189 1197
1198 1275
1199 1403
1201 1348
1201 1396
1203 1208
1203 1250
1203 1257
1203 1269
1203 1304
1203 1306
1204 1222
1204 1258
1204 1265
1204 1266
1204 1274
1204 1276
1204 1297
1204 1298
1204 1309
1205 1222
1205 1237
1205 1238
1205 1242
1205 1244
1205 1254
1205 1273
1206 1211
1206 1252
1206 1278
1207 1210
1207 1239
1207 1240
1207 1249
1207 1269
1207 1291
1207 1303
1208 1238
1208 1265
1208 1306
1209 1231
1209 1244
1209 1277
1209 1283
1209 1294
1209 1307
1210 1214
1210 1240
1210 1291
1210 1303
1211 1223
1211 1252
1211 1284
1211 1305
1211 1412
1212 1213
1212 1234
1212 1280
1212 1338
1212 1346
1212 1357
1213 1289
1213 1299
1213 1338
1213 1357
1213 1393
1214 1259
1214 1300
1215 1230
1215 1238
1215 1240
1215 1269
1215 1273
1215 1281
1215 1291
1216 1240
1216 1256
1216 1259
1216 1271
1217 1250
1217 1297
1217 1298
1217 1382
1217 1389
1217 1502
1218 1287
1218 1390
1218 1481
1218 1559
1219 1258
1219 1281
1219 1286
1219 1502
1220 1225
1220 1229
1220 1235
1220 1346
1220 1395
1221 1224
1221 1243
1221 1248
1221 1251
1221 1287
1221 1311
1222 1254
1222 1258
1222 1266
1222 1281
1223 1412
1224 1231
1224 1243
1224 1294
1224 1311
1225 1226
1225 1234
1225 1324
1225 1327
1225 1375
1226 1234
1226 1259
1226 1275
1227 1251
1227 1283
1228 1232
1228 1243
1228 1244
1228 1246
1228 1289
1228 1290
1228 1294
1229 1233
1229 1372
1229 1470
1229 1515
1229 1620
1230 1250
1230 1281
1230 1291
1231 1277
1231 1294
1232 1246
1232 1289
1232 1290
1232 1294
1233 1260
1233 1268
1233 1302
1233 1430
1234 1235
1234 1256
1234 1259
1234 1279
1234 1280
1235 1253
1235 1259
1235 1273
1235 1279
1235 1302
1236 1239
1236 1249
1236 1282
1236 1319
1237 1238
1237 1268
1237 1271
1237 1273
1237 1279
1237 1290
1238 1281
1239 1249
1239 1304
1239 1355
1240 1269
1240 1271
1240 1291
1241 1245
1241 1248
1241 1260
1241 1263
1241 1329
1241 1388
1242 1244
1242 1245
1242 1254
1242 1262
1242 1292
1243 1248
1243 1261
1243 1283
1243 1287
1243 1294
1244 1283
1244 1290
1244 1295
1245 1260
1245 1261
1245 1262
1245 1263
1245 1264
1245 1296
1246 1289
1246 1294
1246 1322
1247 1272
1247 1286
1247 1293
1247 1300
1247 1302
1247 1413
1247 1488
1247 1490
1248 1287
1248 1311
1248 1322
1248 1356
1248 1388
1250 1304
1250 1306
1250 1389
1251 1261
1251 1287
1251 1481
1252 1278
1252 1288
1252 1307
1253 1259
1253 1300
1253 1302
1253 1508
1254 1258
1254 1262
1254 1272
1254 1273
1254 1281
1255 1261
1255 1263
1255 1264
1255 1287
1255 1296
1255 1465
1255 1481
1255 1493
1256 1271
1256 1279
1256 1280
1256 1299
1257 1306
1257 1369
1257 1391
1257 1401
1258 1281
1258 1309
1258 1503
1260 1268
1260 1407
1261 1264
1261 1283
1261 1287
1262 1292
1262 1467
1262 1503
1263 1287
1263 1296
1263 1329
1264 1285
1264 1292
1264 1426
1264 1457
1265 1298
1265 1305
1265 1306
1265 1401
1266 1270
1266 1274
1266 1288
1266 1292
1267 1288
1267 1295
1267 1305
1267 1307
1268 1273
1268 1279
1269 1291
1269 1303
1270 1274
1270 1278
1270 1285
1270 1301
1271 1279
1271 1299
1272 1273
1272 1286
1272 1302
1274 1276
1274 1284
1274 1301
1274 1309
1275 1280
1275 1327
1275 1362
1276 1297
1276 1309
1276 1330
1276 1446
1277 1278
1279 1299
1280 1362
1281 1286
1282 1291
1282 1293
1282 1310
1282 1319
1283 1294
1284 1330
1284 1412
1285 1292
1285 1301
1285 1308
1285 1431
1285 1457
1286 1293
1286 1413
1286 1490
1288 1307
1289 1378
1289 1388
1289 1393
1290 1295
1291 1293
1292 1301
1293 1300
1293 1310
1293 1413
1295 1307
1296 1430
1296 1465
1296 1515
1297 1298
1297 1404
1297 1422
1297 1519
1298 1306
1298 1383
1298 1404
1300 1506
1300 1508
1301 1308
1301 1309
1301 1431
1302 1508
1304 1333
1304 1370
1304 1389
1305 1401
1305 1412
1306 1383
1306 1401
1308 1473
1308 1474
1308 1514
1309 1446
1309 1466
1310 1413
1310 1423
1310 1506
1311 1356
1311 1374
1311 1390
1312 1331
1312 1335
1312 1342
1312 1386
1312 1404
1312 1591
1313 1350
1313 1353
1313 1368
1313 1532
1313 1540
1313 1558
1313 1571
1313 1599
1314 1325
1314 1329
1314 1338
1314 1344
1314 1372
1314 1388
1314 1407
1315 1317
1315 1326
1315 1341
1315 1363
1315 1368
1315 1371
1315 1397
1315 1398
1316 1343
1316 1354
1316 1360
1316 1366
1316 1387
1316 1411
1317 1345
1317 1349
1317 1368
1317 1381
1317 1395
1317 1400
1318 1334
1318 1335
1318 1364
1318 1367
1319 1389
1319 1409
1320 1321
1320 1328
1320 1402
1320 1524
1320 1616
1321 1343
1321 1354
1321 1402
1322 1374
1322 1378
1322 1379
1323 1325
1323 1344
1323 1361
1323 1365
1323 1394
1324 1327
1324 1345
1324 1375
1324 1395
1325 1365
1325 1378
1325 1388
1325 1393
1325 1394
1326 1344
1326 1353
1326 1368
1326 1371
1326 1397
1327 1332
1327 1362
1327 1398
1328 1330
1328 1366
1328 1402
1328 1606
1329 1408
1329 1515
1330 1343
1330 1404
1331 1335
1331 1342
1331 1350
1331 1353
1331 1386
1332 1341
1332 1363
1333 1370
1333 1384
1333 1391
1333 1410
1334 1336
1334 1360
1334 1369
1334 1387
1334 1411
1335 1369
1335 1383
1335 1384
1335 1386
1335 1391
1336 1360
1336 1365
1336 1380
1337 1348
1337 1351
1337 1355
1337 1370
1337 1384
1337 1396
1338 1346
1338 1357
1338 1393
1338 1397
1338 1407
1339 1340
1339 1347
1339 1356
1339 1361
1339 1376
1339 1394
1339 1408
1340 1347
1340 1385
1340 1392
1340 1564
1340 1577
1340 1618
1341 1351
1341 1363
1341 1368
1341 1371
1341 1373
1341 1381
1342 1352
1342 1385
1342 1545
1343 1354
1343 1402
1343 1412
1344 1372
1344 1537
1345 1349
1345 1381
1346 1407
1347 1390
1347 1408
1347 1525
1347 1586
1348 1351
1348 1355
1349 1381
1349 1400
1349 1532
1350 1386
1350 1540
1350 1543
1350 1545
1350 1591
1352 1359
1352 1361
1352 1366
1352 1376
1352 1387
1353 1368
1353 1371
1353 1373
1354 1366
1354 1399
1354 1402
1354 1405
1354 1406
1356 1388
1356 1394
1356 1408
1357 1393
1358 1363
1358 1364
1358 1367
1358 1371
1358 1396
1359 1385
1359 1528
1359 1577
1359 1606
1359 1618
1360 1376
1360 1380
1360 1387
1360 1403
1360 1411
1361 1376
1361 1385
1361 1394
1361 1408
1362 1398
1363 1398
1364 1396
1364 1410
1365 1367
1365 1380
1366 1387
1366 1402
1367 1371
1368 1371
1368 1373
1368 1381
1368 1400
1369 1383
1369 1391
1369 1401
1369 1404
1370 1377
1370 1384
1370 1389
1371 1373
1371 1397
1372 1407
1372 1515
1372 1537
1372 1561
1373 1384
1374 1379
1375 1395
1375 1427
1376 1380
1376 1387
1376 1394
1376 1403
1377 1382
1377 1389
1377 1409
1378 1388
1378 1393
1378 1394
1380 1403
1382 1386
1382 1389
1382 1519
1382 1543
1383 1384
1383 1386
1383 1391
1383 1404
1384 1391
1384 1410
1385 1525
1385 1528
1385 1583
1388 1393
1391 1410
1392 1402
1392 1405
1392 1618
1395 1549
1395 1620
1396 1410
1397 1398
1399 1406
1400 1532
1400 1537
1400 1561
1400 1597
1400 1599
1401 1404
1403 1406
1405 1406
1408 1525
1409 1571
1409 1605
1413 1423
1413 1490
1413 1491
1413 1507
1414 1430
1414 1464
1414 1470
1414 1515
1414 1520
1414 1582
1415 1418
1415 1429
1415 1437
1415 1444
1415 1452
1415 1485
1415 1511
1416 1421
1416 1449
1416 1468
1416 1487
1416 1490
1416 1491
1417 1419
1417 1428
1417 1486
1417 1559
1418 1437
1418 1482
1418 1484
1418 1489
1418 1495
1418 1511
1419 1434
1419 1442
1419 1459
1419 1493
1419 1496
1419 1497
1420 1424
1420 1456
1420 1462
1420 1504
1421 1445
1421 1468
1421 1479
1421 1499
1422 1446
1422 1466
1422 1499
1422 1502
1422 1519
1422 1523
1423 1438
1423 1461
1423 1491
1423 1507
1424 1440
1424 1456
1424 1462
1424 1480
1424 1501
1424 1512
1425 1448
1425 1455
1425 1460
1425 1472
1425 1477
1426 1431
1426 1441
1426 1457
1426 1463
1426 1465
1426 1493
1427 1508
1427 1516
1428 1496
1428 1497
1428 1551
1428 1615
1429 1438
1429 1444
1429 1491
1429 1500
1430 1450
1430 1470
1430 1515
1431 1441
1431 1457
1431 1463
1431 1473
1431 1476
1431 1483
1432 1433
1432 1435
1432 1440
1432 1512
1433 1440
1433 1460
1434 1459
1434 1463
1434 1483
1434 1496
1434 1504
1435 1447
1435 1468
1435 1498
1436 1440
1436 1475
1436 1509
1436 1523
1436 1553
1436 1568
1436 1603
1436 1617
1437 1478
1437 1494
1437 1495
1437 1510
1437 1511
1438 1445
1438 1458
1438 1461
1438 1500
1439 1458
1439 1461
1439 1518
1439 1539
1439 1562
1439 1578
1439 1605
1440 1447
1440 1509
1440 1512
1441 1467
1441 1503
1442 1443
1442 1455
1442 1463
1442 1465
1442 1469
1442 1493
1442 1504
1443 1456
1443 1460
1443 1463
1443 1472
1443 1504
1444 1488
1445 1487
1446 1474
1446 1603
1447 1466
1447 1468
1447 1499
1448 1451
1448 1455
1448 1464
1448 1477
1448 1484
1448 1570
1449 1467
1449 1468
1449 1482
1449 1490
1449 1495
1449 1498
1450 1464
1450 1467
1450 1469
1450 1470
1450 1477
1450 1482
1450 1495
1451 1455
1451 1497
1451 1570
1452 1485
1452 1511
1453 1461
1453 1578
1454 1470
1454 1494
1454 1508
1454 1516
1454 1620
1455 1469
1455 1472
1455 1477
1455 1492
1455 1497
1456 1476
1456 1480
1456 1483
1457 1459
1457 1463
1457 1481
1458 1500
1458 1518
1458 1600
1459 1463
1459 1481
1459 1493
1460 1498
1461 1479
1461 1507
1462 1480
1463 1483
1463 1493
1464 1469
1464 1477
1464 1484
1465 1469
1465 1493
1466 1499
1466 1509
1467 1469
1467 1503
1468 1498
1469 1477
1470 1494
1471 1473
1471 1474
1471 1501
1471 1514
1471 1524
1471 1548
1472 1504
1473 1474
1473 1476
1473 1480
1474 1476
1474 1514
1474 1524
1475 1499
1475 1505
1475 1523
1475 1534
1475 1553
1476 1501
1476 1509
1477 1482
1477 1484
1478 1484
1478 1494
1478 1510
1478 1511
1478 1612
1479 1502
1479 1507
1480 1501
1481 1493
1482 1484
1482 1489
1482 1495
1482 1498
1484 1489
1485 1487
1486 1492
1486 1493
1487 1498
1488 1491
1488 1506
1488 1508
1489 1498
1490 1491
1492 1569
1492 1615
1494 1520
1494 1595
1496 1497
1496 1504
1497 1615
1499 1509
1499 1523
1501 1568
1502 1507
1505 1534
1505 1593
1509 1603
1510 1511
1510 1560
1512 1513
1513 1568
1513 1613
1513 1617
1514 1524
1516 1549
1516 1595
1516 1620
1517 1528
1517 1566
1517 1576
1517 1580
1517 1583
1517 1610
1518 1539
1518 1573
1518 1578
1518 1614
1519 1523
1519 1543
1519 1591
1520 1521
1520 1561
1520 1582
1520 1589
1520 1595
1521 1527
1521 1542
1521 1575
1521 1576
1521 1582
1521 1589
1521 1607
1522 1529
1522 1532
1522 1540
1522 1558
1522 1592
1522 1599
1523 1553
1523 1584
1523 1596
1524 1548
1524 1606
1524 1616
1525 1583
1525 1598
1526 1534
1526 1553
1526 1604
1526 1609
1526 1613
1526 1617
1527 1544
1527 1556
1527 1569
1527 1570
1527 1582
1527 1607
1528 1545
1528 1577
1528 1583
1528 1610
1529 1546
1529 1562
1529 1573
1529 1585
1529 1602
1530 1541
1530 1547
1530 1563
1530 1575
1530 1597
1531 1556
1531 1569
1531 1570
1531 1588
1531 1615
1531 1619
1532 1558
1532 1571
1532 1599
1533 1535
1533 1542
1533 1544
1533 1575
1533 1612
1534 1553
1534 1593
1534 1608
1534 1617
1535 1542
1535 1575
1535 1602
1536 1541
1536 1547
1536 1573
1537 1545
1537 1561
1537 1576
1537 1589
1537 1599
1538 1548
1538 1568
1539 1562
1539 1573
1539 1585
1539 1600
1539 1608
1539 1614
1540 1543
1540 1545
1540 1546
1540 1584
1541 1547
1541 1555
1541 1563
1541 1567
1541 1602
1542 1566
1542 1575
1542 1579
1542 1592
1542 1607
1543 1596
1543 1605
1544 1556
1544 1612
1545 1576
1545 1599
1546 1574
1546 1580
1546 1584
1546 1592
1546 1608
1548 1568
1548 1611
1549 1597
1549 1620
1550 1557
1550 1577
1550 1590
1550 1610
1550 1611
1551 1552
1551 1581
1551 1619
1552 1557
1552 1564
1552 1581
1552 1588
1552 1590
1552 1594
1553 1584
1553 1603
1553 1604
1554 1563
1554 1587
1555 1563
1556 1569
1556 1570
1556 1572
1556 1588
1556 1607
1557 1566
1557 1588
1557 1590
1557 1594
1557 1609
1558 1562
1558 1571
1558 1605
1559 1581
1559 1586
1560 1587
1561 1589
1561 1595
1561 1597
1562 1573
1562 1596
1562 1605
1562 1608
1563 1587
1564 1577
1564 1581
1564 1586
1565 1594
1565 1609
1566 1572
1566 1579
1566 1580
1566 1607
1566 1609
1567 1602
1568 1603
1568 1604
1568 1613
1569 1570
1569 1588
1569 1601
1569 1607
1569 1615
1570 1615
1572 1588
1572 1607
1572 1609
1573 1578
1574 1579
1574 1585
1575 1589
1575 1592
1576 1583
1576 1589
1576 1598
1577 1610
1577 1611
1577 1618
1579 1580
1579 1592
1579 1607
1580 1584
1580 1592
1580 1610
1581 1586
1581 1601
1582 1598
1582 1601
1583 1598
1583 1601
1585 1602
1587 1595
1588 1594
1589 1592
1589 1597
1589 1599
1593 1608
1594 1609
1595 1597
1595 1620
1596 1605
1596 1608
1598 1601
1604 1610
1604 1613
1606 1611
1606 1616
1610 1611
1611 1616
1613 1617
1616 1618
