0.05105000 0.02069000 0.14823000
0.42260000 0.01439000 0.05594000
0.20029000 0.10901000 0.35412000
0.32960000 0.15273000 0.38613000
0.06078000 0.09945000 0.16307000
0.29816000 0.23626000 0.33382000
0.10743000 0.23270000 0.34541000
0.25752000 0.11405000 0.10006000
0.25431000 0.21495000 0.24353000
0.26547000 0.04578000 0.28838000
0.32219000 0.11004000 0.12496000
0.10348000 0.15219000 0.01982000
0.43220000 0.21628000 0.33553000
0.22942000 0.18222000 0.35330000
0.12483000 0.06896000 0.31899000
0.41690000 0.24874000 0.26090000
0.22428000 0.01908000 0.10578000
0.17379000 0.16024000 0.28520000
0.16486000 0.18346000 0.39096000
0.32291000 0.08558000 0.48421000
0.43597000 0.12704000 0.35926000
0.32749000 0.20054000 0.44796000
0.11203000 0.18187000 0.23963000
0.06855000 0.16712000 0.39094000
0.18110000 0.22500000 0.24698000
0.21916000 0.09952000 0.21376000
0.25306000 0.08805000 0.46266000
0.09637000 0.05882000 0.42846000
0.16068000 0.00612000 0.12983000
0.13001000 0.14323000 0.15762000
0.17367000 0.21943000 0.13799000
0.39834000 0.23639000 0.39967000
0.27652000 0.01713000 0.17178000
0.44366000 0.06940000 0.24974000
0.21452000 0.17880000 0.47314000
0.17691000 0.24418000 0.36496000
0.21927000 0.11222000 0.02653000
0.12206000 0.00918000 0.37442000
0.06065000 0.08241000 0.04016000
0.39938000 0.21345000 0.15158000
0.38049000 0.11746000 0.17399000
0.47870000 0.05850000 0.17740000
0.44695000 0.15376000 0.14921000
0.04953000 0.06562000 0.28755000
0.28944000 0.08904000 0.34968000
0.27319000 0.15229000 0.22634000
0.12404000 0.01645000 0.21937000
0.02926000 0.11036000 0.40629000
0.06915000 0.15340000 0.09186000
0.33542000 0.18430000 0.27049000
0.33828000 0.11280000 0.25343000
0.00509000 0.16641000 0.20846000
0.23577000 0.03432000 0.02964000
0.30580000 0.04064000 0.02265000
0.06038000 0.20043000 0.15900000
0.03838000 0.00989000 0.46820000
0.16625000 0.13736000 0.06068000
0.06281000 0.13206000 0.27108000
0.10643000 0.08641000 0.22567000
0.19386000 0.03669000 0.36263000
0.03768000 0.04540000 0.37951000
0.25128000 0.19154000 0.08353000
0.22299000 0.24481000 0.43791000
0.44717000 0.23462000 0.45510000
0.12320000 0.03476000 0.05490000
0.44493000 0.13580000 0.27744000
0.40430000 0.01675000 0.44372000
0.16894000 0.07381000 0.15955000
0.20670000 0.23649000 0.04655000
0.21798000 0.15387000 0.15364000
0.22279000 0.01756000 0.44607000
0.42449000 0.08055000 0.08611000
0.35000000 0.05295000 0.07883000
0.38161000 0.14131000 0.30533000
0.18472000 0.07394000 0.43865000
0.12813000 0.16332000 0.45480000
0.38565000 0.04227000 0.24558000
0.15913000 0.02528000 0.48264000
0.41383000 0.02324000 0.14994000
0.45090000 0.20758000 0.20392000
0.45932000 0.22801000 0.08825000
0.02775000 0.18160000 0.31519000
0.02045000 0.23853000 0.40719000
0.20176000 0.01939000 0.25125000
0.33573000 0.22090000 0.04513000
0.49490000 0.07283000 0.38375000
0.29335000 0.05053000 0.42311000
0.12880000 0.19905000 0.06161000
0.17728000 0.06873000 0.08244000
0.41437000 0.18307000 0.04533000
0.48253000 0.15686000 0.48254000
0.49401000 0.01179000 0.44946000
0.02243000 0.18053000 0.47984000
0.35589000 0.05264000 0.17071000
0.47623000 0.16565000 0.40094000
0.35470000 0.06911000 0.37152000
0.12539000 0.23040000 0.44804000
0.05290000 0.19398000 0.01670000
0.34530000 0.15553000 0.05164000
0.10720000 0.24048000 0.13034000
0.27065000 0.15296000 0.48924000
0.49849000 0.19227000 0.26640000
0.00015000 0.11834000 0.32832000
0.03268000 0.00132000 0.27516000
0.00599000 0.10785000 0.49554000
0.13029000 0.03957000 0.55284000
0.06556000 0.19547000 0.93132000
0.26287000 0.14620000 0.91987000
0.08668000 0.08974000 0.51134000
0.07130000 0.22493000 0.86333000
0.19297000 0.03354000 0.77649000
0.49288000 0.21076000 0.86596000
0.44777000 0.24121000 0.73305000
0.17353000 0.02413000 0.62371000
0.49301000 0.03937000 0.52223000
0.30283000 0.02508000 0.76703000
0.49929000 0.21559000 0.66797000
0.24726000 0.08962000 0.65461000
0.38639000 0.09945000 0.71041000
0.36156000 0.19305000 0.72831000
0.26046000 0.22436000 0.90060000
0.46358000 0.06485000 0.79332000
0.12760000 0.15742000 0.94284000
0.04271000 0.01857000 0.99890000
0.46545000 0.21866000 0.53718000
0.02192000 0.04529000 0.86725000
0.16128000 0.20092000 0.52270000
0.11871000 0.04039000 0.92748000
0.00386000 0.15402000 0.90628000
0.42674000 0.18541000 0.87659000
0.20437000 0.10226000 0.74756000
0.35730000 0.12013000 0.97189000
0.09829000 0.15099000 0.70112000
0.12719000 0.04631000 0.69881000
0.31349000 0.14455000 0.75995000
0.31090000 0.08089000 0.71261000
0.19212000 0.12428000 0.92162000
0.38667000 0.19572000 0.81456000
0.03434000 0.03412000 0.78708000
0.09370000 0.03683000 0.62512000
0.35279000 0.22177000 0.93593000
0.46431000 0.02600000 0.67158000
0.04829000 0.16653000 0.83357000
0.45281000 0.12969000 0.78501000
0.44612000 0.10581000 0.99486000
0.27216000 0.09149000 0.82597000
0.38114000 0.07053000 0.79055000
0.34116000 0.13428000 0.84804000
0.20770000 0.22447000 0.58676000
0.13079000 0.08628000 0.98970000
0.04911000 0.09222000 0.67559000
0.17999000 0.17330000 0.63841000
0.39913000 0.00248000 0.65633000
0.12342000 0.11031000 0.88073000
0.46164000 0.13244000 0.69249000
0.49908000 0.04464000 0.96841000
0.21004000 0.16854000 0.72148000
0.42821000 0.11242000 0.90920000
0.21057000 0.21158000 0.80265000
0.36190000 0.02487000 0.51424000
0.11225000 0.21346000 0.66045000
0.40438000 0.15769000 0.65620000
0.16117000 0.12265000 0.51250000
0.23650000 0.18110000 0.97976000
0.08951000 0.15135000 0.58937000
0.27831000 0.20873000 0.55092000
0.38305000 0.05419000 0.58498000
0.14323000 0.15872000 0.80147000
0.27738000 0.20175000 0.76323000
0.49949000 0.19348000 0.95796000
0.15484000 0.06070000 0.84755000
0.22043000 0.06297000 0.86084000
0.20667000 0.01803000 0.53237000
0.13935000 0.11088000 0.65676000
0.32475000 0.14022000 0.64246000
0.11382000 0.06241000 0.77878000
0.04166000 0.09138000 0.92497000
0.45922000 0.04425000 0.90052000
0.42877000 0.09305000 0.63406000
0.41145000 0.14964000 0.57018000
0.30910000 0.08364000 0.56473000
0.30475000 0.19596000 0.98500000
0.36664000 0.16504000 0.50574000
0.29101000 0.01542000 0.55245000
0.42384000 0.21740000 0.96887000
0.20885000 0.08011000 0.57925000
0.35372000 0.19149000 0.58052000
0.25118000 0.13988000 0.57666000
0.22195000 0.14922000 0.80508000
0.10652000 0.21189000 0.74110000
0.28238000 0.08725000 0.95449000
0.33040000 0.05145000 0.64233000
0.33768000 0.23700000 0.52353000
0.08397000 0.23631000 0.52505000
0.02455000 0.09595000 0.80361000
0.37827000 0.01087000 0.75245000
0.01619000 0.15313000 0.56744000
0.04789000 0.19485000 0.63572000
0.37164000 0.00980000 0.88136000
0.18411000 0.21802000 0.96708000
0.00588000 0.23898000 0.81604000
0.03047000 0.23796000 0.73174000
0.38659000 0.01275000 0.97635000
0.26537000 0.01226000 0.83989000
0.13481000 0.21933000 0.90881000
0.43996000 0.08866000 0.50207000
0.48670000 0.18731000 0.74837000
0.22003000 0.23624000 0.72876000
0.30942000 0.01530000 0.91532000
0.01988000 0.00837000 0.71999000
0.40320000 0.37574000 0.25943000
0.43126000 0.41575000 0.45346000
0.10286000 0.47458000 0.27767000
0.49925000 0.35632000 0.01519000
0.08274000 0.40336000 0.36822000
0.07431000 0.38423000 0.23549000
0.05958000 0.47065000 0.36033000
0.40195000 0.38745000 0.00468000
0.22859000 0.43641000 0.15496000
0.35681000 0.26040000 0.11217000
0.12127000 0.31827000 0.09725000
0.18590000 0.37790000 0.15737000
0.29458000 0.36459000 0.19645000
0.29983000 0.40747000 0.02255000
0.04359000 0.46928000 0.00017000
0.44068000 0.36412000 0.08289000
0.01221000 0.46461000 0.42642000
0.14516000 0.42058000 0.11177000
0.20848000 0.27142000 0.15425000
0.02126000 0.25369000 0.19904000
0.33696000 0.34981000 0.08283000
0.24901000 0.47110000 0.47593000
0.29976000 0.29727000 0.39396000
0.41789000 0.41532000 0.18743000
0.18896000 0.29463000 0.24444000
0.12199000 0.38877000 0.17721000
0.17443000 0.43799000 0.46264000
0.20614000 0.29371000 0.31798000
0.21478000 0.49520000 0.40925000
0.36602000 0.35684000 0.38339000
0.24032000 0.49064000 0.06560000
0.39058000 0.41185000 0.33570000
0.48122000 0.36394000 0.40211000
0.05355000 0.46759000 0.20523000
0.11528000 0.27985000 0.01554000
0.30188000 0.35596000 0.31568000
0.29480000 0.48797000 0.34462000
0.42407000 0.30558000 0.12836000
0.22362000 0.43663000 0.34044000
0.25894000 0.38887000 0.37271000
0.40867000 0.47941000 0.08564000
0.34424000 0.46201000 0.20921000
0.04685000 0.37527000 0.16108000
0.40112000 0.28400000 0.33342000
0.49008000 0.39401000 0.19287000
0.01557000 0.37088000 0.27139000
0.45254000 0.31504000 0.47181000
0.42429000 0.35002000 0.34517000
0.26043000 0.32877000 0.25782000
0.32103000 0.40354000 0.43688000
0.35474000 0.34058000 0.17754000
0.39999000 0.26399000 0.03932000
0.11453000 0.45499000 0.18964000
0.16360000 0.48393000 0.32793000
0.03327000 0.30421000 0.33519000
0.15510000 0.40875000 0.35008000
0.22202000 0.34885000 0.08678000
0.30743000 0.41724000 0.24661000
0.15376000 0.33216000 0.34740000
0.03943000 0.30062000 0.45741000
0.14170000 0.49618000 0.12241000
0.14350000 0.32826000 0.20750000
0.18615000 0.46780000 0.21221000
0.21016000 0.37524000 0.44659000
0.00538000 0.28510000 0.04694000
0.37653000 0.27845000 0.46308000
0.20286000 0.41519000 0.27195000
0.46579000 0.49659000 0.34022000
0.06262000 0.41846000 0.09584000
0.44998000 0.28864000 0.21315000
0.22116000 0.29917000 0.39678000
0.34485000 0.31707000 0.27906000
0.01656000 0.41868000 0.33237000
0.07228000 0.27263000 0.26555000
0.07619000 0.49647000 0.45230000
0.37559000 0.44890000 0.00935000
0.16334000 0.28047000 0.48982000
0.02752000 0.36035000 0.47706000
0.28560000 0.29806000 0.18050000
0.06126000 0.34959000 0.08012000
0.29759000 0.29811000 0.08542000
0.00748000 0.32136000 0.21043000
0.31607000 0.41806000 0.12650000
0.22038000 0.41805000 0.05082000
0.49113000 0.40315000 0.09727000
0.34187000 0.26184000 0.22872000
0.33364000 0.48579000 0.11388000
0.11146000 0.43206000 0.02121000
0.04057000 0.30564000 0.14067000
0.37819000 0.47281000 0.42587000
0.10209000 0.33252000 0.27986000
0.08779000 0.41360000 0.44987000
0.18001000 0.29914000 0.05204000
0.12804000 0.46498000 0.40346000
0.43400000 0.47930000 0.16248000
0.25798000 0.48637000 0.22216000
0.16484000 0.32653000 0.43335000
0.39559000 0.34923000 0.46026000
0.28202000 0.25882000 0.01031000
0.12928000 0.42668000 0.55552000
0.14690000 0.25308000 0.77438000
0.19261000 0.49733000 0.51046000
0.30029000 0.25630000 0.82156000
0.40942000 0.26173000 0.53072000
0.46381000 0.39834000 0.64046000
0.38220000 0.37431000 0.69978000
0.08456000 0.29740000 0.68172000
0.19391000 0.38440000 0.72593000
0.21258000 0.41496000 0.93673000
0.09797000 0.32238000 0.89354000
0.04493000 0.37006000 0.59849000
0.10647000 0.36579000 0.72833000
0.18658000 0.31902000 0.79784000
0.33271000 0.41139000 0.59507000
0.26347000 0.31326000 0.78390000
0.33275000 0.33381000 0.64762000
0.42243000 0.25900000 0.82265000
0.19484000 0.45620000 0.83969000
0.39520000 0.43473000 0.55692000
0.14071000 0.43717000 0.75055000
0.24014000 0.42235000 0.57627000
0.33233000 0.27110000 0.69053000
0.39131000 0.35910000 0.81738000
0.12316000 0.26972000 0.84878000
0.34388000 0.44966000 0.80409000
0.37381000 0.31776000 0.75547000
0.00910000 0.36881000 0.90394000
0.43473000 0.44054000 0.89731000
0.46813000 0.41340000 0.71913000
0.42633000 0.41193000 0.78618000
0.40745000 0.27845000 0.91296000
0.37412000 0.37442000 0.90278000
0.17874000 0.47431000 0.58172000
0.02599000 0.43092000 0.63219000
0.19739000 0.36474000 0.60137000
0.11221000 0.42675000 0.67732000
0.34549000 0.30614000 0.99660000
0.03151000 0.46538000 0.88867000
0.19739000 0.45317000 0.99338000
0.11875000 0.36077000 0.64705000
0.31158000 0.27171000 0.59880000
0.45866000 0.33056000 0.62178000
0.09431000 0.39127000 0.85572000
0.22346000 0.28174000 0.97546000
0.19842000 0.35251000 0.87651000
0.26712000 0.32208000 0.69277000
0.26236000 0.35890000 0.96853000
0.08434000 0.48462000 0.73659000
0.44110000 0.35205000 0.74877000
0.35622000 0.47283000 0.62394000
0.24769000 0.37437000 0.52539000
0.27106000 0.45963000 0.84428000
0.46692000 0.30836000 0.97025000
0.23941000 0.38423000 0.81019000
0.34601000 0.47999000 0.93798000
0.48994000 0.28064000 0.67416000
0.42889000 0.47629000 0.95943000
0.07835000 0.47439000 0.53299000
0.42123000 0.27816000 0.65955000
0.26319000 0.32604000 0.59633000
0.22079000 0.41250000 0.66108000
0.46154000 0.47201000 0.80731000
0.11974000 0.29148000 0.61065000
0.06986000 0.31958000 0.80927000
0.08563000 0.49861000 0.93687000
0.24711000 0.48050000 0.64776000
0.32040000 0.36435000 0.53090000
0.01261000 0.33122000 0.66740000
0.29389000 0.29857000 0.90159000
0.17444000 0.34169000 0.50996000
0.37564000 0.33069000 0.58260000
0.03376000 0.27920000 0.54104000
0.49702000 0.38028000 0.79110000
0.47638000 0.37911000 0.92061000
0.02035000 0.44094000 0.78568000
0.44326000 0.37783000 0.56233000
0.19521000 0.30899000 0.69896000
0.31329000 0.39367000 0.72246000
0.16289000 0.27948000 0.91226000
0.47357000 0.29727000 0.54605000
0.23395000 0.27146000 0.84273000
0.11701000 0.46049000 0.81289000
0.13738000 0.42886000 0.93985000
0.10600000 0.36524000 0.50639000
0.32006000 0.37566000 0.80441000
0.02930000 0.28931000 0.92404000
0.23301000 0.45860000 0.77137000
0.41105000 0.46755000 0.68182000
0.02223000 0.39234000 0.71557000
0.44568000 0.48222000 0.54721000
0.30016000 0.38207000 0.88941000
0.29343000 0.46708000 0.57441000
0.27060000 0.49105000 0.98939000
0.26752000 0.26623000 0.50622000
0.34220000 0.47100000 0.50458000
0.05430000 0.36100000 0.99682000
0.15586000 0.38037000 0.99657000
0.19073000 0.25394000 0.65051000
0.15113000 0.69156000 0.49072000
0.14963000 0.56130000 0.13978000
0.00009000 0.67730000 0.43623000
0.22715000 0.61029000 0.34774000
0.16737000 0.62892000 0.03290000
0.47723000 0.68174000 0.17902000
0.00198000 0.52225000 0.31401000
0.36397000 0.70012000 0.27455000
0.41687000 0.73227000 0.20977000
0.39966000 0.63484000 0.46563000
0.02605000 0.53958000 0.23783000
0.25404000 0.74245000 0.15747000
0.46571000 0.73884000 0.32208000
0.44751000 0.67939000 0.36312000
0.46177000 0.63895000 0.24644000
0.42033000 0.58679000 0.39337000
0.02705000 0.69675000 0.30838000
0.08969000 0.61574000 0.15195000
0.14720000 0.52276000 0.24866000
0.37144000 0.67139000 0.06626000
0.30617000 0.71979000 0.32826000
0.09119000 0.64257000 0.07048000
0.02721000 0.72396000 0.09791000
0.06123000 0.55551000 0.43567000
0.01986000 0.63448000 0.16578000
0.46059000 0.55005000 0.14978000
0.27344000 0.58756000 0.27338000
0.25257000 0.67228000 0.27101000
0.46613000 0.70929000 0.48118000
0.30028000 0.55221000 0.00642000
0.09597000 0.53362000 0.18921000
0.08063000 0.68766000 0.46332000
0.19182000 0.63822000 0.11144000
0.37008000 0.60231000 0.07589000
0.25665000 0.65379000 0.49934000
0.40906000 0.59050000 0.14771000
0.40490000 0.55397000 0.31986000
0.07079000 0.59381000 0.32961000
0.27482000 0.62982000 0.20807000
0.29756000 0.56185000 0.16451000
0.08757000 0.53162000 0.06792000
0.10492000 0.66849000 0.22856000
0.40582000 0.65028000 0.18737000
0.14021000 0.69648000 0.11115000
0.39440000 0.53635000 0.18713000
0.07495000 0.67143000 0.36810000
0.29893000 0.62478000 0.33687000
0.34181000 0.59632000 0.20321000
0.12281000 0.63746000 0.42849000
0.48829000 0.65621000 0.03516000
0.45563000 0.52782000 0.42030000
0.02474000 0.61828000 0.37632000
0.45213000 0.55924000 0.24047000
0.15766000 0.72513000 0.23053000
0.49920000 0.70302000 0.26003000
0.22644000 0.69058000 0.10385000
0.42556000 0.68825000 0.11888000
0.28520000 0.71914000 0.48869000
0.43484000 0.52799000 0.03564000
0.33030000 0.56018000 0.42213000
0.12597000 0.74863000 0.03948000
0.03984000 0.62010000 0.47065000
0.02528000 0.51657000 0.09188000
0.37365000 0.64629000 0.33057000
0.35788000 0.68464000 0.47865000
0.05020000 0.74991000 0.01096000
0.09642000 0.73384000 0.31817000
0.36044000 0.71579000 0.40911000
0.41803000 0.56843000 0.47126000
0.29379000 0.66485000 0.13035000
0.13630000 0.66965000 0.31863000
0.31285000 0.61434000 0.48451000
0.20651000 0.50484000 0.14999000
0.19257000 0.52237000 0.00672000
0.25876000 0.59265000 0.09979000
0.05340000 0.70720000 0.21336000
0.25795000 0.54294000 0.38852000
0.33979000 0.55972000 0.28143000
0.18968000 0.55674000 0.07259000
0.20015000 0.71508000 0.29389000
0.15654000 0.59337000 0.49203000
0.18994000 0.71874000 0.04958000
0.20990000 0.54099000 0.31955000
0.36621000 0.53418000 0.04957000
0.27552000 0.53570000 0.47349000
0.22198000 0.67555000 0.18025000
0.20091000 0.61996000 0.42481000
0.30638000 0.66942000 0.39280000
0.15458000 0.57142000 0.35886000
0.20688000 0.69253000 0.37786000
0.40189000 0.59877000 0.26925000
0.25327000 0.59465000 0.45674000
0.33595000 0.66916000 0.20385000
0.31490000 0.69920000 0.04062000
0.03476000 0.55289000 0.16010000
0.49956000 0.59272000 0.07638000
0.40058000 0.72096000 0.75584000
0.41624000 0.59735000 0.95455000
0.02409000 0.52734000 0.56165000
0.03481000 0.63784000 0.83689000
0.19292000 0.64446000 0.54977000
0.05565000 0.60752000 0.71054000
0.22262000 0.56976000 0.52522000
0.10947000 0.74228000 0.58923000
0.42976000 0.65142000 0.67788000
0.11385000 0.51852000 0.85775000
0.48077000 0.73155000 0.61834000
0.17862000 0.73656000 0.74631000
0.12100000 0.57477000 0.69787000
0.19038000 0.54125000 0.61245000
0.01205000 0.66990000 0.75765000
0.36961000 0.57704000 0.53619000
0.14015000 0.50920000 0.65659000
0.31064000 0.67056000 0.90243000
0.24117000 0.67547000 0.59060000
0.43696000 0.54923000 0.63533000
0.21887000 0.58488000 0.68979000
0.25238000 0.52042000 0.56266000
0.11775000 0.57289000 0.54468000
0.33716000 0.52268000 0.55576000
0.33928000 0.56792000 0.93532000
0.40174000 0.71374000 0.66089000
0.43808000 0.62641000 0.52816000
0.17708000 0.63260000 0.76331000
0.45772000 0.71577000 0.96782000
0.49517000 0.67788000 0.69884000
0.24733000 0.57152000 0.96677000
0.02627000 0.71777000 0.87261000
0.35111000 0.53594000 0.63742000
0.15171000 0.64145000 0.93677000
0.19344000 0.65119000 0.65870000
0.23468000 0.68046000 0.72355000
0.37917000 0.58015000 0.67856000
0.31528000 0.51601000 0.87291000
0.30516000 0.66381000 0.64904000
0.26249000 0.71247000 0.79296000
0.26507000 0.59492000 0.58342000
0.40596000 0.65434000 0.88514000
0.39985000 0.51956000 0.86417000
0.01595000 0.56460000 0.75579000
0.28107000 0.50571000 0.72648000
0.40233000 0.66925000 0.58384000
0.20606000 0.52319000 0.76427000
0.20646000 0.61131000 0.89230000
0.06821000 0.54017000 0.79124000
0.39888000 0.66400000 0.98525000
0.31028000 0.65863000 0.81249000
0.17613000 0.55330000 0.92719000
0.47949000 0.56354000 0.95459000
0.39134000 0.51341000 0.50351000
0.11055000 0.59381000 0.81643000
0.31153000 0.55101000 0.79537000
0.14152000 0.69209000 0.66933000
0.35834000 0.72091000 0.92948000
0.27670000 0.60059000 0.89955000
0.12546000 0.69699000 0.74806000
0.05871000 0.64605000 0.53985000
0.37771000 0.56099000 0.76158000
0.33576000 0.72291000 0.73605000
0.48174000 0.70279000 0.89982000
0.27779000 0.55886000 0.64820000
0.36339000 0.72600000 0.83987000
0.36633000 0.61576000 0.80850000
0.24805000 0.71145000 0.93350000
0.09083000 0.52364000 0.59582000
0.44645000 0.55748000 0.54290000
0.00099000 0.65294000 0.91966000
0.44348000 0.63757000 0.80511000
0.48933000 0.58721000 0.71361000
0.20906000 0.72833000 0.66859000
0.11387000 0.65896000 0.86842000
0.08035000 0.72217000 0.92275000
0.01324000 0.59703000 0.60379000
0.32618000 0.63661000 0.99457000
0.32928000 0.74257000 0.64353000
0.01642000 0.51923000 0.67694000
0.19428000 0.67909000 0.84249000
0.23126000 0.51776000 0.90413000
0.19711000 0.73247000 0.55142000
0.08500000 0.56310000 0.98383000
0.21684000 0.56196000 0.83474000
0.32294000 0.62038000 0.70427000
0.39019000 0.60648000 0.61010000
0.04804000 0.71186000 0.55065000
0.41499000 0.74188000 0.52416000
0.32333000 0.63462000 0.57467000
0.08095000 0.65504000 0.64541000
0.12825000 0.67828000 0.57995000
0.28344000 0.57508000 0.72369000
0.26366000 0.60502000 0.79978000
0.22957000 0.64210000 0.97919000
0.01127000 0.56720000 0.99437000
0.06043000 0.57129000 0.87158000
0.45531000 0.53993000 0.77333000
0.08707000 0.67308000 0.99897000
0.28440000 0.85315000 0.03973000
0.09110000 0.91740000 0.39088000
0.34478000 0.90091000 0.38453000
0.42167000 0.82046000 0.13451000
0.39187000 0.77150000 0.03203000
0.47286000 0.97100000 0.23137000
0.21352000 0.84087000 0.25310000
0.32912000 0.85329000 0.14582000
0.22985000 0.79595000 0.31437000
0.26653000 0.75729000 0.01557000
0.18410000 0.92269000 0.44163000
0.38471000 0.83448000 0.20277000
0.47555000 0.78014000 0.13301000
0.33393000 0.97825000 0.44214000
0.20429000 0.77753000 0.45921000
0.37481000 0.75136000 0.33749000
0.29424000 0.77173000 0.26524000
0.32357000 0.89809000 0.30602000
0.20647000 0.78293000 0.12680000
0.13312000 0.75151000 0.45862000
0.05658000 0.87819000 0.46519000
0.34401000 0.82639000 0.06002000
0.22779000 0.88530000 0.49289000
0.49920000 0.94558000 0.03013000
0.15197000 0.81851000 0.41738000
0.27129000 0.90549000 0.34784000
0.21559000 0.77668000 0.22013000
0.02365000 0.95135000 0.40430000
0.11136000 0.96971000 0.29035000
0.00980000 0.87889000 0.05042000
0.10830000 0.78246000 0.27266000
0.40717000 0.91845000 0.34998000
0.42721000 0.93717000 0.48297000
0.46154000 0.82808000 0.28299000
0.31186000 0.90856000 0.10836000
0.41440000 0.86127000 0.39380000
0.46572000 0.98267000 0.33849000
0.26429000 0.93210000 0.23344000
0.16987000 0.79199000 0.34722000
0.15976000 0.93397000 0.10884000
0.37030000 0.77663000 0.24607000
0.10661000 0.92778000 0.18429000
0.04502000 0.84037000 0.10683000
0.13983000 0.96973000 0.05092000
0.35843000 0.82287000 0.35762000
0.24859000 0.95205000 0.08602000
0.04059000 0.80263000 0.23484000
0.40843000 0.93572000 0.16011000
0.16646000 0.87149000 0.08244000
0.46191000 0.92537000 0.40491000
0.15650000 0.86926000 0.47340000
0.49589000 0.78595000 0.22278000
0.25568000 0.98311000 0.30236000
0.45492000 0.92613000 0.09207000
0.35816000 0.89567000 0.20237000
0.17841000 0.97106000 0.31770000
0.15882000 0.80566000 0.18792000
0.32372000 0.95287000 0.17344000
0.07539000 0.77913000 0.08684000
0.29637000 0.87730000 0.44570000
0.05679000 0.91118000 0.12397000
0.27391000 0.77292000 0.43396000
0.44865000 0.81924000 0.04597000
0.38548000 0.75162000 0.12935000
0.32894000 0.98775000 0.26552000
0.05352000 0.86556000 0.19432000
0.34988000 0.78026000 0.43602000
0.08022000 0.95436000 0.48553000
0.38549000 0.95581000 0.05289000
0.27583000 0.82900000 0.36671000
0.46707000 0.86398000 0.21461000
0.25361000 0.84966000 0.13866000
0.00907000 0.84116000 0.37957000
0.03970000 0.90051000 0.27244000
0.28660000 0.87171000 0.23853000
0.31664000 0.75284000 0.10152000
0.10226000 0.80702000 0.36314000
0.09430000 0.85597000 0.29399000
0.04359000 0.76790000 0.33414000
0.40084000 0.88848000 0.02796000
0.18707000 0.93909000 0.19639000
0.49708000 0.79547000 0.46984000
0.22330000 0.91176000 0.01971000
0.13213000 0.86401000 0.21899000
0.34137000 0.99468000 0.35634000
0.23485000 0.87662000 0.40312000
0.21929000 0.88016000 0.19351000
0.12246000 0.80631000 0.01607000
0.33445000 0.83853000 0.48822000
0.38940000 0.86946000 0.10505000
0.27862000 0.97541000 0.38782000
0.05267000 0.94760000 0.33425000
0.22647000 0.81809000 0.05722000
0.46302000 0.90966000 0.27576000
0.20309000 0.89933000 0.29967000
0.10317000 0.76351000 0.18842000
0.32418000 0.90638000 0.00792000
0.32582000 0.77340000 0.18054000
0.07256000 0.75575000 0.42480000
0.01687000 0.99387000 0.06500000
0.45315000 0.86739000 0.47876000
0.46952000 0.87617000 0.00042000
0.44898000 0.91225000 0.62069000
0.05672000 0.91944000 0.98214000
0.37887000 0.88023000 0.77662000
0.12889000 0.81815000 0.50928000
0.39300000 0.87380000 0.64541000
0.27771000 0.88717000 0.67117000
0.36032000 0.80995000 0.71845000
0.14287000 0.75375000 0.92984000
0.27771000 0.95086000 0.50869000
0.31676000 0.79975000 0.99041000
0.27936000 0.88045000 0.83489000
0.15890000 0.79029000 0.57739000
0.05062000 0.94190000 0.61785000
0.00925000 0.80725000 0.90133000
0.31639000 0.85998000 0.75092000
0.07199000 0.75407000 0.81404000
0.19888000 0.81694000 0.64474000
0.08227000 0.79000000 0.94632000
0.32341000 0.77397000 0.80810000
0.38439000 0.82687000 0.97618000
0.11294000 0.93315000 0.56697000
0.36349000 0.94510000 0.55041000
0.45436000 0.86216000 0.91367000
0.00909000 0.93313000 0.82587000
0.47637000 0.96707000 0.85517000
0.29503000 0.98230000 0.99180000
0.24189000 0.91703000 0.90134000
0.33627000 0.90874000 0.62787000
0.47915000 0.80157000 0.94620000
0.03514000 0.78072000 0.57295000
0.41254000 0.76474000 0.94430000
0.23241000 0.78315000 0.80253000
0.04304000 0.88619000 0.66884000
0.18533000 0.86003000 0.91870000
0.41260000 0.94200000 0.81273000
0.18044000 0.75142000 0.85997000
0.33888000 0.92228000 0.81676000
0.11111000 0.97535000 0.97275000
0.03597000 0.75169000 0.72356000
0.08379000 0.95012000 0.72765000
0.30344000 0.76439000 0.91182000
0.44095000 0.80263000 0.54609000
0.06770000 0.85273000 0.98901000
0.23247000 0.95948000 0.62651000
0.32449000 0.85375000 0.56832000
0.49071000 0.98610000 0.73132000
0.45878000 0.97645000 0.97742000
0.44771000 0.76969000 0.78844000
0.06634000 0.91621000 0.78797000
0.17581000 0.93539000 0.82373000
0.32665000 0.82621000 0.85764000
0.09617000 0.82975000 0.76108000
0.48244000 0.86920000 0.56846000
0.15729000 0.98525000 0.73664000
0.15360000 0.88220000 0.65259000
0.23670000 0.86018000 0.97402000
0.12565000 0.82821000 0.89461000
0.47298000 0.89603000 0.84606000
0.10009000 0.84619000 0.63149000
0.08646000 0.99906000 0.80971000
0.34861000 0.75772000 0.56123000
0.29699000 0.85998000 0.93026000
0.30402000 0.96891000 0.61163000
0.44932000 0.88258000 0.77706000
0.37698000 0.93357000 0.89212000
0.26939000 0.82726000 0.64835000
0.39837000 0.82718000 0.83857000
0.47533000 0.82504000 0.68563000
0.21765000 0.84351000 0.84890000
0.38121000 0.85861000 0.90699000
0.10181000 0.86036000 0.83639000
0.01983000 0.86326000 0.59073000
0.22497000 0.88483000 0.61543000
0.41644000 0.76332000 0.85854000
0.48509000 0.82214000 0.84374000
0.15190000 0.80829000 0.81935000
0.08869000 0.76812000 0.66551000
0.20484000 0.88987000 0.73896000
0.07780000 0.85118000 0.54173000
0.31579000 0.93365000 0.72979000
0.09383000 0.93473000 0.91575000
0.05072000 0.82225000 0.70214000
0.23494000 0.82491000 0.71820000
0.18682000 0.94790000 0.52013000
0.36094000 0.79729000 0.62013000
0.07347000 0.77665000 0.50748000
0.04300000 0.88415000 0.88973000
0.25795000 0.83397000 0.54499000
0.32311000 0.99449000 0.67751000
0.40576000 0.90944000 0.70847000
0.31149000 0.94271000 0.92929000
0.13955000 0.95112000 0.65417000
0.15321000 0.79420000 0.70274000
0.24193000 0.77728000 0.60662000
0.45760000 0.75138000 0.69546000
0.19472000 0.97968000 0.99035000
0.18767000 0.81447000 0.98202000
0.40077000 0.99261000 0.56837000
0.04981000 0.99802000 0.54983000
0.18569000 0.99221000 0.87108000
0.05881000 0.99988000 0.91653000
0.16055000 0.88063000 0.99763000
0.82383000 0.02804000 0.08629000
0.51812000 0.14622000 0.09982000
0.87452000 0.05601000 0.38399000
0.57063000 0.09644000 0.48907000
0.79377000 0.14698000 0.00563000
0.54313000 0.22019000 0.47083000
0.63931000 0.15370000 0.29159000
0.64249000 0.11083000 0.46866000
0.93267000 0.19302000 0.03068000
0.64359000 0.24129000 0.17159000
0.82018000 0.12782000 0.09717000
0.51390000 0.23150000 0.19633000
0.62987000 0.16493000 0.19367000
0.50167000 0.08766000 0.03714000
0.78098000 0.02242000 0.23108000
0.79725000 0.22164000 0.07044000
0.62138000 0.23117000 0.32179000
0.85764000 0.19108000 0.02825000
0.88100000 0.07016000 0.25125000
0.54981000 0.00999000 0.05774000
0.60920000 0.15581000 0.40079000
0.83379000 0.15775000 0.29699000
0.55350000 0.02039000 0.34118000
0.64953000 0.10844000 0.38088000
0.73532000 0.02536000 0.35323000
0.90080000 0.03567000 0.18435000
0.71835000 0.15068000 0.02618000
0.59200000 0.01659000 0.43882000
0.88110000 0.10101000 0.43675000
0.96122000 0.22582000 0.24163000
0.72605000 0.15764000 0.18031000
0.92160000 0.08804000 0.13803000
0.85294000 0.18031000 0.47144000
0.93351000 0.03762000 0.33790000
0.71262000 0.18804000 0.45366000
0.65105000 0.20198000 0.08178000
0.66053000 0.22060000 0.25610000
0.90921000 0.01486000 0.48481000
0.55838000 0.18948000 0.32360000
0.97674000 0.04863000 0.47093000
0.52553000 0.06177000 0.25176000
0.83791000 0.09179000 0.01666000
0.98889000 0.15419000 0.07487000
0.97864000 0.02194000 0.11975000
0.59590000 0.06812000 0.15821000
0.87669000 0.18563000 0.23315000
0.58396000 0.03021000 0.23130000
0.88970000 0.20233000 0.36682000
0.78144000 0.21296000 0.28523000
0.96894000 0.13115000 0.42613000
0.93751000 0.23507000 0.42682000
0.90431000 0.15787000 0.41708000
0.67684000 0.10697000 0.20138000
0.89281000 0.10949000 0.32340000
0.59213000 0.11765000 0.10322000
0.73181000 0.03313000 0.04439000
0.65952000 0.03270000 0.33279000
0.87454000 0.10935000 0.18838000
0.57892000 0.18432000 0.08611000
0.79319000 0.14884000 0.22614000
0.75184000 0.12284000 0.10151000
0.72001000 0.21288000 0.07535000
0.78125000 0.09318000 0.29068000
0.98292000 0.07153000 0.22499000
0.94304000 0.14979000 0.29482000
0.74092000 0.13267000 0.49493000
0.57302000 0.20570000 0.16496000
0.60587000 0.13386000 0.02101000
0.82552000 0.01726000 0.47159000
0.70775000 0.09148000 0.32365000
0.97659000 0.21712000 0.12487000
0.79825000 0.20789000 0.19169000
0.53421000 0.12445000 0.42852000
0.87219000 0.01492000 0.30677000
0.72501000 0.23352000 0.16530000
0.51178000 0.13644000 0.32830000
0.80235000 0.17591000 0.39391000
0.56709000 0.14828000 0.25122000
0.90784000 0.08858000 0.05752000
0.78266000 0.10432000 0.41141000
0.71843000 0.16892000 0.36578000
0.68834000 0.02192000 0.23174000
0.89997000 0.18325000 0.14525000
0.59833000 0.06264000 0.03423000
0.58249000 0.09483000 0.34191000
0.96367000 0.18885000 0.37069000
0.66389000 0.05272000 0.03096000
0.72438000 0.07009000 0.24953000
0.72144000 0.16781000 0.27800000
0.71240000 0.23411000 0.37927000
0.73980000 0.03853000 0.43429000
0.53331000 0.06127000 0.11833000
0.61199000 0.21569000 0.44724000
0.76561000 0.00718000 0.13733000
0.78261000 0.18504000 0.49544000
0.90605000 0.00879000 0.08613000
0.67488000 0.05257000 0.15129000
0.83175000 0.24381000 0.49635000
0.99456000 0.08537000 0.09988000
0.51142000 0.13470000 0.19847000
0.76211000 0.08380000 0.00479000
0.87104000 0.04293000 0.95865000
0.72141000 0.22303000 0.97458000
0.89237000 0.08082000 0.68072000
0.92170000 0.11574000 0.60655000
0.78458000 0.21610000 0.75288000
0.66241000 0.08496000 0.63454000
0.93197000 0.18382000 0.55813000
0.53179000 0.04696000 0.65577000
0.93989000 0.03925000 0.79571000
0.54744000 0.11171000 0.82179000
0.67121000 0.21510000 0.52915000
0.57177000 0.08496000 0.59575000
0.92168000 0.01525000 0.66633000
0.63556000 0.10634000 0.91953000
0.56405000 0.01646000 0.87606000
0.56001000 0.02506000 0.51186000
0.82154000 0.09956000 0.93775000
0.50748000 0.04818000 0.84453000
0.81443000 0.11571000 0.50038000
0.71925000 0.02236000 0.73430000
0.93620000 0.05381000 0.99382000
0.57110000 0.16151000 0.89624000
0.57293000 0.04897000 0.95045000
0.70589000 0.21608000 0.86534000
0.97049000 0.05976000 0.59981000
0.84630000 0.00897000 0.70833000
0.97049000 0.14359000 0.98706000
0.55945000 0.21444000 0.75879000
0.90249000 0.08446000 0.51489000
0.68289000 0.11517000 0.97992000
0.62455000 0.17846000 0.66837000
0.53706000 0.11658000 0.72600000
0.64621000 0.15853000 0.85278000
0.90127000 0.09401000 0.83440000
0.59087000 0.06900000 0.74626000
0.83439000 0.10928000 0.83534000
0.69183000 0.21392000 0.68432000
0.85738000 0.05486000 0.59588000
0.68966000 0.08974000 0.69999000
0.94962000 0.20559000 0.67348000
0.99787000 0.15863000 0.77234000
0.80103000 0.22870000 0.98798000
0.97837000 0.00649000 0.53516000
0.80417000 0.13441000 0.68878000
0.97618000 0.13854000 0.68640000
0.56204000 0.17596000 0.54959000
0.74820000 0.16959000 0.68315000
0.76877000 0.02877000 0.67198000
0.93611000 0.22096000 0.91796000
0.64614000 0.03600000 0.77346000
0.76208000 0.08004000 0.57289000
0.72935000 0.02412000 0.82324000
0.84867000 0.12331000 0.58434000
0.68397000 0.10138000 0.54331000
0.56713000 0.14503000 0.66669000
0.78770000 0.07100000 0.88282000
0.79142000 0.02152000 0.75536000
0.96253000 0.04682000 0.90464000
0.65532000 0.10217000 0.77398000
0.74786000 0.12691000 0.93507000
0.64573000 0.21204000 0.97638000
0.70236000 0.03660000 0.60895000
0.60733000 0.04020000 0.67490000
0.85451000 0.19380000 0.60014000
0.84814000 0.21410000 0.71918000
0.50398000 0.09976000 0.59104000
0.70489000 0.11752000 0.84911000
0.88590000 0.13792000 0.91143000
0.71446000 0.04381000 0.51743000
0.61605000 0.23728000 0.57340000
0.85705000 0.10053000 0.75859000
0.99883000 0.21455000 0.96056000
0.67954000 0.04638000 0.88130000
0.87667000 0.20337000 0.84505000
0.80851000 0.17176000 0.84280000
0.71859000 0.23626000 0.77506000
0.95248000 0.14437000 0.85194000
0.93320000 0.23534000 0.61199000
0.82148000 0.22820000 0.90023000
0.69522000 0.17134000 0.78019000
0.73685000 0.20837000 0.58896000
0.98384000 0.07391000 0.72707000
0.71425000 0.12747000 0.62005000
0.91734000 0.15296000 0.77767000
0.75883000 0.07740000 0.74046000
0.50480000 0.10614000 0.90317000
0.76821000 0.12339000 0.80622000
0.79382000 0.23342000 0.62007000
0.64135000 0.13874000 0.59506000
0.99833000 0.22565000 0.54637000
0.86117000 0.24973000 0.96424000
0.86856000 0.26012000 0.32064000
0.59524000 0.27426000 0.49438000
0.67374000 0.38105000 0.00934000
0.67771000 0.37147000 0.10789000
0.71129000 0.42546000 0.07363000
0.50277000 0.42693000 0.00651000
0.88397000 0.35027000 0.02888000
0.73042000 0.37018000 0.05259000
0.76718000 0.43201000 0.01583000
0.57192000 0.32286000 0.27096000
0.96433000 0.28365000 0.13188000
0.78945000 0.36426000 0.43853000
0.92443000 0.29047000 0.19323000
0.66717000 0.45745000 0.01498000
0.61071000 0.37968000 0.08350000
0.88599000 0.28615000 0.08510000
0.74380000 0.28027000 0.23591000
0.92136000 0.41624000 0.21871000
0.63749000 0.26285000 0.04155000
0.91835000 0.48090000 0.00255000
0.77398000 0.36183000 0.20239000
0.68535000 0.34523000 0.36688000
0.80130000 0.46023000 0.39436000
0.99016000 0.41588000 0.16204000
0.72561000 0.29295000 0.32019000
0.76304000 0.28593000 0.13500000
0.95199000 0.45222000 0.35268000
0.68575000 0.46446000 0.29282000
0.55855000 0.39389000 0.14141000
0.52202000 0.29213000 0.49093000
0.88346000 0.40053000 0.49223000
0.67840000 0.40667000 0.49015000
0.84112000 0.32692000 0.38082000
0.68623000 0.33720000 0.46462000
0.53924000 0.32624000 0.19342000
0.75054000 0.31510000 0.43980000
0.50368000 0.40315000 0.29028000
0.60180000 0.27426000 0.39733000
0.54724000 0.25558000 0.03957000
0.71005000 0.30599000 0.08990000
0.51712000 0.46093000 0.21902000
0.62065000 0.37730000 0.21663000
0.95184000 0.35835000 0.17758000
0.52646000 0.46919000 0.07676000
0.90710000 0.38162000 0.10763000
0.73244000 0.40601000 0.15743000
0.79366000 0.36784000 0.03222000
0.57390000 0.46262000 0.44312000
0.68520000 0.27163000 0.45678000
0.85460000 0.41681000 0.06236000
0.74726000 0.39413000 0.38040000
0.82760000 0.46503000 0.32185000
0.88976000 0.49487000 0.31111000
0.61389000 0.35483000 0.45204000
0.95162000 0.25551000 0.00584000
0.81973000 0.31703000 0.08811000
0.78862000 0.40824000 0.31951000
0.60778000 0.29119000 0.10768000
0.60068000 0.45452000 0.30206000
0.67959000 0.38279000 0.26690000
0.77798000 0.34243000 0.27645000
0.73591000 0.45015000 0.47372000
0.65492000 0.31388000 0.17671000
0.80288000 0.38372000 0.12282000
0.90567000 0.45202000 0.11931000
0.85400000 0.30463000 0.17075000
0.81733000 0.47264000 0.04200000
0.64688000 0.46063000 0.46032000
0.52792000 0.46159000 0.36597000
0.50061000 0.48700000 0.46026000
0.86298000 0.27090000 0.24243000
0.77222000 0.46237000 0.26385000
0.98726000 0.39193000 0.39826000
0.80679000 0.45738000 0.18074000
0.82600000 0.45926000 0.48357000
0.87178000 0.27920000 0.43995000
0.52872000 0.30729000 0.09711000
0.77352000 0.27147000 0.38393000
0.95885000 0.29515000 0.32856000
0.53775000 0.35496000 0.33851000
0.61332000 0.45064000 0.17339000
0.94204000 0.43651000 0.44232000
0.87304000 0.39143000 0.39873000
0.99109000 0.40097000 0.05039000
0.84338000 0.37016000 0.19407000
0.52419000 0.25878000 0.39338000
0.89363000 0.40240000 0.31616000
0.56353000 0.39517000 0.41398000
0.85616000 0.34163000 0.46329000
0.94919000 0.37349000 0.27399000
0.93023000 0.35296000 0.36210000
0.93356000 0.31136000 0.42862000
0.75582000 0.46909000 0.13679000
0.63712000 0.30913000 0.30698000
0.54151000 0.25202000 0.28319000
0.95909000 0.33160000 0.07004000
0.84583000 0.49116000 0.23960000
0.61960000 0.27384000 0.24008000
0.50548000 0.31024000 0.27985000
0.98735000 0.44138000 0.24443000
0.94405000 0.49391000 0.25346000
0.87626000 0.49876000 0.07734000
0.96659000 0.27552000 0.69187000
0.82291000 0.44496000 0.67141000
0.56847000 0.38256000 0.70367000
0.90080000 0.48058000 0.70024000
0.52769000 0.40738000 0.88523000
0.87508000 0.37366000 0.93579000
0.59223000 0.49537000 0.94625000
0.97239000 0.34072000 0.73433000
0.81954000 0.35260000 0.84892000
0.74191000 0.37686000 0.73730000
0.81588000 0.48159000 0.60321000
0.72356000 0.42338000 0.83881000
0.94650000 0.38648000 0.79493000
0.94865000 0.39516000 0.57084000
0.85606000 0.34294000 0.54976000
0.64237000 0.42849000 0.88378000
0.71268000 0.34712000 0.54649000
0.86149000 0.28494000 0.71366000
0.53226000 0.40213000 0.60579000
0.95904000 0.46828000 0.93473000
0.91785000 0.28845000 0.94394000
0.97195000 0.42871000 0.85387000
0.72572000 0.31825000 0.77990000
0.89154000 0.42708000 0.98169000
0.90734000 0.36150000 0.72974000
0.56302000 0.32177000 0.99762000
0.52425000 0.32037000 0.75503000
0.51531000 0.46614000 0.55498000
0.65200000 0.35993000 0.91733000
0.94688000 0.28893000 0.84478000
0.72389000 0.37941000 0.91135000
0.61769000 0.45749000 0.58927000
0.93800000 0.33679000 0.65785000
0.72081000 0.33911000 0.65175000
0.60098000 0.40321000 0.51809000
0.57886000 0.31894000 0.62411000
0.82926000 0.45076000 0.75542000
0.91114000 0.45992000 0.86275000
0.77699000 0.33820000 0.94812000
0.65540000 0.28948000 0.63879000
0.79026000 0.34663000 0.56674000
0.72296000 0.44898000 0.58871000
0.50696000 0.47489000 0.95654000
0.65756000 0.42268000 0.68271000
0.79581000 0.39992000 0.95438000
0.94628000 0.33882000 0.98578000
0.56866000 0.47521000 0.80198000
0.65147000 0.36422000 0.58801000
0.94515000 0.26584000 0.76519000
0.50091000 0.27260000 0.80002000
0.69272000 0.27977000 0.71383000
0.54854000 0.35499000 0.54871000
0.57635000 0.26559000 0.95673000
0.98249000 0.48741000 0.61967000
0.70103000 0.32500000 0.95983000
0.92354000 0.43471000 0.64082000
0.78727000 0.40856000 0.50851000
0.52520000 0.43236000 0.75337000
0.79116000 0.29307000 0.80600000
0.76219000 0.28321000 0.66241000
0.65809000 0.44992000 0.80751000
0.87975000 0.35122000 0.81454000
0.59938000 0.26315000 0.87983000
0.99050000 0.33599000 0.58656000
0.82455000 0.35167000 0.70443000
0.97386000 0.40309000 0.96758000
0.86175000 0.27951000 0.80893000
0.80050000 0.41432000 0.59639000
0.74561000 0.48233000 0.72239000
0.74383000 0.45492000 0.93105000
0.58360000 0.33662000 0.91044000
0.88973000 0.42003000 0.77250000
0.55160000 0.48311000 0.64050000
0.83069000 0.41955000 0.86590000
0.51407000 0.34505000 0.67986000
0.64094000 0.30334000 0.78753000
0.95694000 0.33273000 0.51683000
0.58312000 0.46415000 0.87736000
0.94199000 0.36402000 0.87983000
0.50369000 0.40879000 0.51542000
0.59009000 0.36542000 0.79843000
0.50538000 0.25970000 0.91346000
0.96385000 0.44499000 0.71994000
0.80450000 0.39150000 0.77913000
0.77885000 0.27199000 0.52935000
0.86389000 0.28468000 0.63177000
0.60402000 0.47484000 0.71026000
0.89332000 0.26702000 0.54383000
0.88287000 0.41770000 0.57588000
0.56639000 0.30264000 0.83487000
0.84359000 0.31425000 0.90890000
0.56564000 0.27992000 0.69801000
0.71205000 0.27855000 0.59944000
0.63383000 0.36105000 0.73692000
0.51922000 0.25435000 0.58460000
0.96110000 0.27807000 0.55473000
0.98506000 0.43124000 0.50753000
0.51429000 0.49389000 0.71052000
0.58312000 0.42325000 0.99105000
0.96553000 0.48230000 0.80167000
0.76058000 0.26003000 0.86786000
0.82763000 0.54317000 0.08543000
0.67791000 0.66607000 0.08992000
0.73122000 0.62921000 0.24712000
0.52276000 0.50040000 0.15704000
0.93305000 0.57578000 0.14353000
0.75495000 0.56134000 0.12350000
0.58610000 0.52759000 0.29571000
0.98335000 0.59260000 0.21264000
0.56961000 0.53132000 0.08833000
0.84865000 0.56442000 0.49471000
0.77860000 0.54533000 0.46584000
0.99379000 0.63390000 0.28335000
0.83767000 0.61837000 0.20894000
0.93588000 0.54492000 0.32280000
0.81228000 0.68866000 0.02631000
0.53355000 0.74586000 0.49826000
0.78033000 0.73603000 0.13777000
0.88444000 0.67342000 0.46312000
0.50848000 0.62871000 0.43833000
0.71942000 0.65211000 0.16978000
0.51130000 0.54392000 0.02341000
0.52757000 0.55810000 0.43454000
0.95369000 0.61477000 0.48989000
0.98958000 0.57362000 0.42542000
0.50014000 0.64565000 0.31750000
0.66505000 0.57421000 0.38514000
0.83257000 0.74652000 0.47942000
0.84921000 0.63013000 0.12633000
0.51882000 0.54278000 0.34971000
0.66606000 0.50619000 0.37519000
0.79457000 0.69741000 0.39317000
0.91704000 0.58678000 0.43114000
0.88788000 0.64286000 0.35618000
0.97021000 0.62554000 0.04786000
0.78593000 0.57312000 0.29771000
0.77895000 0.57760000 0.19648000
0.94005000 0.54323000 0.05002000
0.89225000 0.58791000 0.24364000
0.65997000 0.65551000 0.47451000
0.69061000 0.66336000 0.30008000
0.59122000 0.61676000 0.40487000
0.66302000 0.57780000 0.28656000
0.67698000 0.69267000 0.38401000
0.62747000 0.52918000 0.45311000
0.88966000 0.73116000 0.26001000
0.59096000 0.61894000 0.49310000
0.99541000 0.57627000 0.09807000
0.84250000 0.62410000 0.04837000
0.51512000 0.69619000 0.37326000
0.57812000 0.54537000 0.16999000
0.95722000 0.69000000 0.36954000
0.74971000 0.69615000 0.23677000
0.59660000 0.74829000 0.40988000
0.89076000 0.53974000 0.38406000
0.76466000 0.52526000 0.00930000
0.70980000 0.71407000 0.15874000
0.95622000 0.61045000 0.35389000
0.72716000 0.65457000 0.42092000
0.59090000 0.67950000 0.36744000
0.70695000 0.73168000 0.29636000
0.63518000 0.71811000 0.46941000
0.60618000 0.72808000 0.31921000
0.70235000 0.59868000 0.06390000
0.64610000 0.64096000 0.18153000
0.67809000 0.50595000 0.15375000
0.78076000 0.60732000 0.37177000
0.87793000 0.53823000 0.18247000
0.55456000 0.65762000 0.18490000
0.86137000 0.55673000 0.31274000
0.81723000 0.71366000 0.27539000
0.81064000 0.64759000 0.28854000
0.61039000 0.66763000 0.11775000
0.97378000 0.51246000 0.49671000
0.65143000 0.70596000 0.02980000
0.51492000 0.55287000 0.26682000
0.51484000 0.57197000 0.18024000
0.85081000 0.59293000 0.37915000
0.89600000 0.51073000 0.48828000
0.79125000 0.66300000 0.15969000
0.94903000 0.67864000 0.09944000
0.58586000 0.61871000 0.31337000
0.58268000 0.60921000 0.07832000
0.56140000 0.71892000 0.23776000
0.84886000 0.71889000 0.18601000
0.56759000 0.68375000 0.44030000
0.65322000 0.57392000 0.16846000
0.70189000 0.55113000 0.46746000
0.72214000 0.52158000 0.32711000
0.90504000 0.62901000 0.17229000
0.63758000 0.69518000 0.24289000
0.93199000 0.69001000 0.21056000
0.58947000 0.55537000 0.38050000
0.70469000 0.50705000 0.23813000
0.68391000 0.74864000 0.42672000
0.73185000 0.70312000 0.01010000
0.74520000 0.64737000 0.04450000
0.82473000 0.52103000 0.39375000
0.95430000 0.70643000 0.28619000
0.60269000 0.73543000 0.16172000
0.87110000 0.71727000 0.35728000
0.94675000 0.51745000 0.17648000
0.88619000 0.58096000 0.01272000
0.65747000 0.52494000 0.06491000
0.77873000 0.58343000 0.03206000
0.62367000 0.50634000 0.20997000
0.53088000 0.74993000 0.14153000
0.66412000 0.73546000 0.10406000
0.98181000 0.74935000 0.16019000
0.52492000 0.61842000 0.51938000
0.70801000 0.67335000 0.86936000
0.85388000 0.73780000 0.81140000
0.73449000 0.65152000 0.57161000
0.89289000 0.62883000 0.65182000
0.60957000 0.57720000 0.88182000
0.91336000 0.70323000 0.64839000
0.77049000 0.54243000 0.80309000
0.97290000 0.69787000 0.99489000
0.54332000 0.70559000 0.96198000
0.50337000 0.63597000 0.94455000
0.58474000 0.52860000 0.52564000
0.71747000 0.62245000 0.69619000
0.98057000 0.65045000 0.58156000
0.69700000 0.59520000 0.60527000
0.80785000 0.65071000 0.66326000
0.95887000 0.56833000 0.56980000
0.61307000 0.69160000 0.92470000
0.67599000 0.69427000 0.54035000
0.62636000 0.63830000 0.98748000
0.75605000 0.66659000 0.80775000
0.99518000 0.58520000 0.67272000
0.85608000 0.54238000 0.96712000
0.70240000 0.53388000 0.83822000
0.77219000 0.61094000 0.85712000
0.68069000 0.50764000 0.76896000
0.92734000 0.56483000 0.87668000
0.79498000 0.59673000 0.54940000
0.57218000 0.66211000 0.66683000
0.55058000 0.74092000 0.71734000
0.91723000 0.61166000 0.73420000
0.70008000 0.70028000 0.77924000
0.56332000 0.60910000 0.96135000
0.74184000 0.68499000 0.64236000
0.98563000 0.69553000 0.67099000
0.84266000 0.62959000 0.50809000
0.55172000 0.72904000 0.62385000
0.99069000 0.53639000 0.86604000
0.95427000 0.74551000 0.70897000
0.77349000 0.74391000 0.83595000
0.96663000 0.60998000 0.81987000
0.63868000 0.66592000 0.78677000
0.80550000 0.67634000 0.74550000
0.53130000 0.60251000 0.88967000
0.96095000 0.53759000 0.95205000
0.59697000 0.62890000 0.57085000
0.79871000 0.51993000 0.53681000
0.85514000 0.51915000 0.74662000
0.61635000 0.74211000 0.81639000
0.61341000 0.55729000 0.80454000
0.64490000 0.66073000 0.69005000
0.91786000 0.51256000 0.58089000
0.93525000 0.55424000 0.70189000
0.82307000 0.50101000 0.82245000
0.72420000 0.54587000 0.68203000
0.60799000 0.64875000 0.86098000
0.78860000 0.54549000 0.71737000
0.87415000 0.67894000 0.72925000
0.72949000 0.57616000 0.93196000
0.89471000 0.61540000 0.93117000
0.83800000 0.59732000 0.72185000
0.78619000 0.72069000 0.56111000
0.85769000 0.62236000 0.79753000
0.51425000 0.55915000 0.55300000
0.97466000 0.69985000 0.51264000
0.61038000 0.61115000 0.73588000
0.89367000 0.68369000 0.90318000
0.65352000 0.54059000 0.56471000
0.54780000 0.55261000 0.62296000
0.63749000 0.53250000 0.71813000
0.94490000 0.68523000 0.73531000
0.82970000 0.71027000 0.94795000
0.77653000 0.61821000 0.94887000
0.83720000 0.57736000 0.89277000
0.64375000 0.74064000 0.70900000
0.79265000 0.66651000 0.89531000
0.66724000 0.60105000 0.80632000
0.66393000 0.60016000 0.52165000
0.88219000 0.66578000 0.98727000
0.51715000 0.68803000 0.55139000
0.78376000 0.53927000 0.91922000
0.51968000 0.67573000 0.79061000
0.73093000 0.54564000 0.55577000
0.63429000 0.60483000 0.64336000
0.90083000 0.69904000 0.56748000
0.89876000 0.52418000 0.82228000
0.83811000 0.59292000 0.62068000
0.89938000 0.57568000 0.59916000
0.52218000 0.51695000 0.89372000
0.87005000 0.74875000 0.68756000
0.69029000 0.56403000 0.99813000
0.55353000 0.67048000 0.88816000
0.56514000 0.53172000 0.76017000
0.70852000 0.64968000 0.96330000
0.51076000 0.60613000 0.79641000
0.50589000 0.54241000 0.82353000
0.77511000 0.64648000 0.50183000
0.61409000 0.69539000 0.60016000
0.93521000 0.74483000 0.93049000
0.83987000 0.50063000 0.90092000
0.64509000 0.50685000 0.88446000
0.58856000 0.55112000 0.99904000
0.90630000 0.75094000 0.17335000
0.74279000 0.81971000 0.48663000
0.92563000 0.91585000 0.30072000
0.85327000 0.88406000 0.20216000
0.52659000 0.85313000 0.47617000
0.86111000 0.94369000 0.32503000
0.55793000 0.88475000 0.40976000
0.55218000 0.97522000 0.21354000
0.82985000 0.87632000 0.10252000
0.74744000 0.78452000 0.04412000
0.96136000 0.80612000 0.13454000
0.57784000 0.95910000 0.14622000
0.69928000 0.95942000 0.33333000
0.62488000 0.79617000 0.29925000
0.99734000 0.75802000 0.45384000
0.50257000 0.93955000 0.49115000
0.96915000 0.88154000 0.21572000
0.75005000 0.77318000 0.40451000
0.58045000 0.80626000 0.22958000
0.69753000 0.98809000 0.10857000
0.67288000 0.96562000 0.19679000
0.51489000 0.90530000 0.33434000
0.76307000 0.93909000 0.14580000
0.67030000 0.90426000 0.01470000
0.89410000 0.88952000 0.38254000
0.95188000 0.89123000 0.11600000
0.91136000 0.88704000 0.00837000
0.66611000 0.92841000 0.12124000
0.66278000 0.80504000 0.24039000
0.61973000 0.88005000 0.36015000
0.62691000 0.89971000 0.28062000
0.97767000 0.86536000 0.30786000
0.87519000 0.94702000 0.11489000
0.65745000 0.77042000 0.01274000
0.71749000 0.88472000 0.14929000
0.73325000 0.96586000 0.42489000
0.80344000 0.86303000 0.26653000
0.77328000 0.83899000 0.37650000
0.65512000 0.98833000 0.43021000
0.96463000 0.97036000 0.30630000
0.99717000 0.79397000 0.02748000
0.90377000 0.79302000 0.41730000
0.66759000 0.92856000 0.39869000
0.58397000 0.89887000 0.19061000
0.54102000 0.76663000 0.29467000
0.97090000 0.94331000 0.06279000
0.50267000 0.83199000 0.35691000
0.69620000 0.91606000 0.25553000
0.92534000 0.84012000 0.07100000
0.51104000 0.99635000 0.13623000
0.57251000 0.83139000 0.31533000
0.75686000 0.88715000 0.44974000
0.65359000 0.80510000 0.38417000
0.69893000 0.81665000 0.10956000
0.73518000 0.82139000 0.29439000
0.77744000 0.87568000 0.19514000
0.69387000 0.85967000 0.36930000
0.81168000 0.79549000 0.42464000
0.51915000 0.84091000 0.04398000
0.62641000 0.96874000 0.30635000
0.53661000 0.82787000 0.13409000
0.57508000 0.78601000 0.06935000
0.74829000 0.91802000 0.01515000
0.60742000 0.85184000 0.14039000
0.73754000 0.91454000 0.37735000
0.86684000 0.92862000 0.44767000
0.86148000 0.81491000 0.09868000
0.51202000 0.91052000 0.13626000
0.53010000 0.76965000 0.39994000
0.79658000 0.91365000 0.32192000
0.53818000 0.85795000 0.24323000
0.79360000 0.94305000 0.39630000
0.92810000 0.97516000 0.22602000
0.60686000 0.82522000 0.49407000
0.85150000 0.96419000 0.20558000
0.93554000 0.80120000 0.29153000
0.80357000 0.99368000 0.32892000
0.84820000 0.79739000 0.22631000
0.91083000 0.83574000 0.20501000
0.65736000 0.88779000 0.47646000
0.58959000 0.81236000 0.39329000
0.84571000 0.84497000 0.46126000
0.84062000 0.86352000 0.33443000
0.52474000 0.94837000 0.39390000
0.58366000 0.94749000 0.43412000
0.77920000 0.93917000 0.24556000
0.74366000 0.85858000 0.07201000
0.99570000 0.94660000 0.14775000
0.56244000 0.90197000 0.06423000
0.82491000 0.75064000 0.06325000
0.73094000 0.79090000 0.22072000
0.55908000 0.93891000 0.30585000
0.79716000 0.98036000 0.03400000
0.99699000 0.76018000 0.26113000
0.89865000 0.76701000 0.06940000
0.94760000 0.75677000 0.36505000
0.64663000 0.85164000 0.07140000
0.96051000 0.92795000 0.43414000
0.90486000 0.96919000 0.38854000
0.62601000 0.98940000 0.08935000
0.60557000 0.98962000 0.01196000
0.50368000 0.75581000 0.05626000
0.73688000 0.75165000 0.49716000
0.95025000 0.81858000 0.49893000
0.67652000 0.84589000 0.74197000
0.98454000 0.93059000 0.96040000
0.75696000 0.75558000 0.96584000
0.79730000 0.82953000 0.55079000
0.75743000 0.88838000 0.62002000
0.85399000 0.83358000 0.77070000
0.74132000 0.84787000 0.98406000
0.55249000 0.77500000 0.98049000
0.62350000 0.75682000 0.62535000
0.68977000 0.97701000 0.87045000
0.71925000 0.92520000 0.55633000
0.65292000 0.79147000 0.77367000
0.87837000 0.89620000 0.81777000
0.91552000 0.86410000 0.66673000
0.61968000 0.99590000 0.55856000
0.90521000 0.79292000 0.75302000
0.80858000 0.96935000 0.63600000
0.75123000 0.95218000 0.94156000
0.84880000 0.93819000 0.71950000
0.98081000 0.85371000 0.78299000
0.78205000 0.75713000 0.66701000
0.52341000 0.92750000 0.95269000
0.91559000 0.94648000 0.91902000
0.79867000 0.81217000 0.84144000
0.97231000 0.91164000 0.71315000
0.77270000 0.92492000 0.68560000
0.81667000 0.77628000 0.91636000
0.75244000 0.98956000 0.59029000
0.74860000 0.77473000 0.76810000
0.79854000 0.90039000 0.84248000
0.98207000 0.84442000 0.67817000
0.53103000 0.85309000 0.96068000
0.95064000 0.77579000 0.58086000
0.57396000 0.87415000 0.78979000
0.51172000 0.92672000 0.57965000
0.53198000 0.89832000 0.65567000
0.70341000 0.90024000 0.92754000
0.89854000 0.99489000 0.57418000
0.99103000 0.98125000 0.65318000
0.68170000 0.96876000 0.61920000
0.59491000 0.90423000 0.72256000
0.90149000 0.80637000 0.85223000
0.51816000 0.79716000 0.54446000
0.97640000 0.93815000 0.52706000
0.83751000 0.77167000 0.60518000
0.87277000 0.86683000 0.90939000
0.91967000 0.94592000 0.63192000
0.55004000 0.81624000 0.69691000
0.57470000 0.96718000 0.81404000
0.68661000 0.91572000 0.73810000
0.96289000 0.97498000 0.77756000
0.59263000 0.91103000 0.97703000
0.64932000 0.92303000 0.57776000
0.67730000 0.98156000 0.51087000
0.94464000 0.75350000 0.83160000
0.66857000 0.98636000 0.69235000
0.95451000 0.88509000 0.88440000
0.79861000 0.96770000 0.83996000
0.83083000 0.89107000 0.65015000
0.72630000 0.81141000 0.66755000
0.57570000 0.80523000 0.78080000
0.98290000 0.84838000 0.97153000
0.74661000 0.94652000 0.75391000
0.71572000 0.87862000 0.80554000
0.56204000 0.86003000 0.61001000
0.71092000 0.83821000 0.55696000
0.65977000 0.80740000 0.67014000
0.74982000 0.85259000 0.87969000
0.88138000 0.96950000 0.84801000
0.50399000 0.79901000 0.61925000
0.91739000 0.91369000 0.55855000
0.60910000 0.94350000 0.64847000
0.80543000 0.82861000 0.65416000
0.51291000 0.90152000 0.76585000
0.70011000 0.75884000 0.89226000
0.77725000 0.87526000 0.74428000
0.81017000 0.99423000 0.95758000
0.57154000 0.97032000 0.71078000
0.87088000 0.84101000 0.54227000
0.82992000 0.83767000 0.97609000
0.89263000 0.80925000 0.62310000
0.68558000 0.77844000 0.59575000
0.81946000 0.78339000 0.72858000
0.91090000 0.98920000 0.99929000
0.63931000 0.85629000 0.59856000
0.91991000 0.92748000 0.75608000
0.64368000 0.83167000 0.96277000
0.62455000 0.92045000 0.90136000
0.88789000 0.80807000 0.96462000
0.59566000 0.76700000 0.89485000
0.70528000 0.91846000 0.66446000
0.83069000 0.91738000 0.94016000
0.63803000 0.96213000 0.78484000
0.64450000 0.85188000 0.83195000
0.56363000 0.83808000 0.88369000
0.81978000 0.93480000 0.54597000
0.61135000 0.98492000 0.93436000
0.99014000 0.98283000 0.90045000
0.59320000 0.93886000 0.50944000
0.52097000 0.76314000 0.88951000
0.67334000 0.99370000 0.97895000
0.52832000 0.76162000 0.79890000
0.52775000 0.99788000 0.59400000
0.89937000 0.77152000 0.51297000
