1 1 25.41843997 4.08107946 17.57916389
2 1 20.73240015 0.43725851 14.48554560
3 1 21.71807346 4.20820224 17.65509199
4 1 3.23894258 1.71067805 20.95028131
5 1 20.87283352 1.88985541 6.83488522
6 1 12.10313912 3.10464504 17.75271384
7 1 3.82812920 12.63775735 15.85541515
8 1 7.02325234 1.76382852 15.47939025
9 1 14.41342644 5.03943177 12.18013335
10 1 6.47471748 4.18299686 2.63307818
11 1 5.12423417 9.15557959 5.88849564
12 1 23.91010110 10.43557444 10.20464679
13 1 7.67104085 11.89584253 3.85561104
14 1 4.23464685 0.02410949 9.26368064
15 1 10.75793526 3.83395717 11.28526641
16 1 16.47980317 2.71889317 0.62821467
17 1 7.46144668 0.78410643 21.40268627
18 1 10.48762742 3.89971033 2.61500006
19 1 9.12922494 11.09474986 9.94522576
20 1 2.34090813 8.46462346 12.06940487
21 1 12.87182704 1.26520039 13.15409207
22 1 16.39058047 2.95122100 16.59481025
23 1 13.47474024 9.77365929 2.20281892
24 1 5.68491176 0.67396989 2.30450835
25 1 17.58004055 13.31775462 13.76468057
26 1 23.43019910 7.91065309 1.08287939
27 1 8.17258860 6.14846840 13.36967365
28 1 18.72409737 12.24816988 17.66955449
29 1 1.13085819 8.36599372 5.72398475
30 1 16.18415398 8.11065229 17.31070381
31 1 9.44968756 12.87337284 0.66934239
32 1 16.38741280 2.03780002 11.39554294
33 1 21.93400297 10.42625940 4.85668694
34 1 4.74041815 8.65037614 17.45126119
35 1 6.26089975 9.46187972 13.28741820
36 1 16.22111013 6.68490460 21.67205026
37 1 14.41712206 5.26025280 2.76550041
38 1 4.89932960 1.91122518 12.19188413
39 1 18.75788585 9.50516722 12.48023014
40 1 21.84583616 12.24488222 12.89421909
41 1 22.61452407 6.33915257 5.36920164
42 1 2.21736900 12.99118059 1.24784223
43 1 12.39878832 8.80325224 13.15002449
44 1 24.62177096 0.63177828 12.67682970
45 1 13.68961385 0.74684631 2.08169552
46 1 23.29821285 7.77421528 16.69333601
47 1 4.09843703 7.91065309 2.00215179
48 1 15.34260964 8.80215635 10.16487492
49 1 1.89796227 12.13255391 19.82717811
50 1 7.78402108 5.35449900 19.70741056
51 1 10.11331442 0.48273778 15.63260232
52 1 8.37479153 0.66081926 11.05296257
53 1 19.68601316 3.33258933 10.01347067
54 1 4.55458151 11.08927043 9.48152199
55 1 13.23030170 3.98025795 21.20292304
56 1 16.87734576 7.29147750 4.86301428
57 1 20.77833136 1.14958441 19.63690590
58 1 3.37092882 3.92491571 9.22119706
59 1 11.38618981 11.89145899 14.76937209
60 1 19.73141643 11.87282892 7.26785619
61 1 25.06102120 1.85588294 0.66030333
62 1 13.40293971 6.21148185 16.32092674
63 1 24.49189649 4.09806570 21.05377855
64 1 0.00475151 12.81748266 6.18542876
65 1 4.85973372 4.15231205 17.18415697
66 1 20.26992033 5.70025103 21.06959691
67 1 18.27217645 11.10516078 1.83944871
68 1 17.25165876 5.96819516 9.61620398
69 1 0.83415310 7.36818952 17.50865922
70 1 15.42919263 2.93313888 5.55269456
71 1 9.46288618 8.47941792 19.22698453
72 1 12.16649252 2.41423686 8.04024387
73 1 2.70466223 5.22956799 22.36579811
74 1 19.99961249 7.95065293 7.36683390
75 1 0.86846952 12.32652573 13.61237241
76 1 6.59086538 7.13038226 8.84200849
77 1 3.14813604 3.40656163 0.01175078
78 1 20.45364519 0.66794252 3.01226675
79 1 18.86241896 9.40051011 22.00920719
80 1 11.85500497 6.26737203 7.67009436
81 1 12.18233087 9.83393302 7.65472796
82 1 25.36986903 9.30681185 4.86391819
83 1 15.96400091 12.57803156 3.84386027
84 1 2.12497863 4.93696643 13.59429429
85 1 19.16281966 6.09641382 15.54266367
86 1 8.69261442 1.96218388 7.24390268
87 1 15.14040671 10.72817600 14.58813893
88 1 25.22046060 13.41200081 1.66228313
89 1 20.59777417 5.22792416 2.01887405
90 1 22.60818873 6.33476902 12.99048508
91 1 26.33389660 1.54026777 9.23385174
92 1 23.20740631 13.25035763 19.50538757
93 1 19.40409053 13.14405668 10.76100093
94 1 8.92913378 9.59448193 15.94444989
95 1 14.25873856 12.42241575 9.01691430
96 1 8.44817589 13.25474117 17.21714954
97 1 22.54747506 10.43119089 22.05214273
98 1 0.04276355 3.01752210 18.08851492
99 1 26.13697311 8.26243250 21.67024244
100 1 20.73081632 13.40104195 0.89848256
101 1 26.02135316 5.31121150 8.63049449
102 1 14.01852358 6.07668787 29.27570753
103 1 10.52247179 8.96434748 42.29647346
104 1 19.65908796 10.43557444 29.34485634
105 1 17.30603710 6.47120683 32.47101524
106 1 21.36171059 5.64984027 38.87925682
107 1 11.39674871 10.07448000 36.49565670
108 1 9.53785437 11.89913019 40.35895095
109 1 17.59693479 7.38134015 38.81462755
110 1 1.25281349 13.64432864 29.72178514
111 1 22.38539594 10.45804010 35.87693305
112 1 4.41889965 1.26355656 39.96936746
113 1 0.57334827 10.78625795 24.67889357
114 1 4.20508192 2.12382707 34.24447881
115 1 18.05096749 12.23447130 41.01880233
116 1 1.61551170 0.87177731 30.85392740
117 1 16.36999061 10.34954738 44.01615462
118 1 2.59960118 4.78518622 26.23722751
119 1 0.79350133 7.44380566 38.24426286
120 1 16.49458563 0.93753047 22.87560110
121 1 2.86198984 4.51998181 37.32408655
122 1 10.75265581 5.02573320 23.52822123
123 1 20.44836574 1.27177570 38.87790097
124 1 20.55501063 4.31285935 42.66300734
125 1 6.25192469 3.88765559 43.55425866
126 1 25.01192232 7.86407794 38.12630313
127 1 17.15082127 3.26190468 34.98613368
128 1 10.03359473 2.76546832 43.43403916
129 1 9.33459554 5.16162306 39.52374180
130 1 21.68850855 13.23446728 42.19071646
131 1 2.02202935 10.89420273 34.64355331
132 1 2.70096662 6.03230449 32.52796132
133 1 12.60679866 7.55284631 33.26780838
134 1 25.65971084 0.72383270 29.17447006
135 1 6.67586453 8.31941857 27.57500839
136 1 5.17438894 8.83503293 30.84036881
137 1 15.20534394 1.93259496 27.21028232
138 1 4.58361849 10.37530070 25.01062707
139 1 7.21384048 12.95611223 23.60866886
140 1 5.76357556 2.78081073 28.76771236
141 1 25.41052079 5.97805813 34.23905537
142 1 20.38078878 12.84981129 26.90928162
143 1 1.22958391 2.13588181 42.47318708
144 1 7.71222056 11.41639240 34.53056506
145 1 6.70542945 12.99885179 27.68302516
146 1 5.96472261 8.13695355 36.04822323
147 1 21.38494017 11.99228050 32.69744369
148 1 12.22931798 12.55008647 28.24163906
149 1 3.52456082 6.42243990 41.91050560
150 1 19.24412320 7.60544884 44.48437793
151 1 12.99378234 12.04871863 39.52735743
152 1 9.15403835 3.60875260 30.65958761
153 1 19.97955058 3.89751856 24.88995562
154 1 3.65073967 0.49808019 26.57167273
155 1 26.10107285 4.56052959 40.07467251
156 1 23.50727907 9.00325143 32.12391533
157 1 9.26596270 10.52214943 28.52501360
158 1 22.61610791 9.53694792 26.93459099
159 1 18.08950748 3.77861493 40.00055222
160 1 4.60156862 12.80926351 31.69139631
161 1 24.95965576 6.33148136 43.16151150
162 1 13.80101024 9.67064601 30.51586656
163 1 8.14830313 6.16600258 33.65106452
164 1 10.25955518 10.29639691 31.75150606
165 1 22.43449483 3.12930247 27.03808822
166 1 13.84588557 13.11885131 44.56844119
167 1 2.26963555 12.76542807 38.05534651
168 1 25.72992752 10.95721617 27.71195015
169 1 22.49045700 3.49094485 33.37718100
170 1 17.25324260 12.38022414 32.16775477
171 1 23.00203570 1.26300861 43.01417482
172 1 14.67159155 6.50463135 36.08844705
173 1 22.36163842 9.06242928 41.73831150
174 1 23.60811656 5.96709927 25.44224218
175 1 9.98924734 6.52654907 28.37858082
176 1 13.39607643 1.48930907 36.88162457
177 1 22.91334095 1.94684148 23.21230608
178 1 13.38498958 4.62025538 39.89976670
179 1 16.28499147 11.15392771 35.34227265
180 1 12.51757595 13.52980856 32.14651298
181 1 10.88886562 4.31833878 35.17640590
182 1 7.99203141 7.83558490 44.24936237
183 1 4.86342934 9.73859094 41.94756574
184 1 24.01780189 2.76820804 37.26397680
185 1 19.40356258 7.55777780 35.51853432
186 1 17.89733550 6.76106868 27.41908460
187 1 20.77780342 4.63285806 30.44988142
188 1 21.88490408 13.41254875 38.42639992
189 1 11.36454407 1.77752709 26.84555625
190 1 2.03997948 8.48051381 26.71403792
191 1 11.05569624 0.95068110 40.07060493
192 1 18.05941461 9.79722084 25.45354101
193 1 13.77936450 9.54242735 23.63849776
194 1 6.33375616 4.16765446 25.31072386
195 1 26.08629039 12.68816811 34.52966115
196 1 15.08655632 3.18848032 31.56304166
197 1 10.93585273 0.49150487 23.63759385
198 1 21.46782753 0.18520473 35.54745931
199 1 9.66244939 10.13256196 23.54494349
200 1 5.56665208 13.50186346 37.57582437
201 1 25.60850017 13.41090493 38.25284997
202 1 5.22137605 11.35392690 45.16230743
203 1 11.84814169 6.13203011 45.04570356
204 1 15.06649441 14.09747750 19.67125433
205 1 25.62169879 21.11827116 21.11434025
206 1 8.06383193 14.11720345 6.85115553
207 1 23.59544589 24.92921473 4.04271959
208 1 19.71716192 24.21579294 14.79648927
209 1 0.44030613 23.63442542 21.83972482
210 1 15.49254602 17.54897046 11.54333157
211 1 2.95121255 26.53742743 2.36145443
212 1 11.00342969 14.57583174 4.25875312
213 1 26.36451741 22.58511457 8.89262723
214 1 0.29248153 18.37746028 14.40193430
215 1 8.00311826 16.54842654 22.07925991
216 1 9.48400398 23.34291974 12.56384145
217 1 9.33829116 16.53144031 1.10818876
218 1 22.20589464 21.00429902 6.24237484
219 1 3.30440775 17.24650592 16.40227828
220 1 25.61272373 16.00486709 16.64588094
221 1 10.83079168 14.40432558 11.37791677
222 1 18.22677318 21.77799453 10.35243542
223 1 22.17527383 21.11553145 15.99552058
224 1 16.82349537 16.33966026 2.63533794
225 1 21.39180345 18.59992513 3.66127125
226 1 3.89465027 21.31991419 20.96293600
227 1 16.45762949 18.79773256 6.79646921
228 1 12.82114432 26.21578489 16.73762740
229 1 0.81409119 26.28701748 6.92617973
230 1 4.04933815 22.36484149 14.83309746
231 1 21.34428841 27.12701410 17.06574528
232 1 7.93923691 22.90292151 22.13891771
233 1 3.15024782 22.41963579 8.00544349
234 1 6.92822224 21.07717544 18.93863851
235 1 24.79388103 23.86236971 18.82791003
236 1 9.06956715 21.72922761 9.29170173
237 1 20.17858585 16.16924999 8.31819496
238 1 12.61260605 23.80538363 5.40445397
239 1 20.19917570 15.99445617 12.61671995
240 1 19.32384289 19.62951003 13.47678651
241 1 11.04619324 14.00103954 19.49860828
242 1 4.06200883 20.28375397 11.63327022
243 1 17.51246359 20.42457533 16.55051886
244 1 23.88317591 18.13526947 19.91666480
245 1 5.58354632 14.21090171 11.77201979
246 1 26.28690949 25.77797843 7.22898824
247 1 3.09903715 22.95607198 4.24338672
248 1 5.68491176 13.99172450 19.41770869
249 1 21.66158335 14.66843411 5.09351031
250 1 15.75335085 24.98346108 9.86658594
251 1 12.77362927 19.87718027 9.22029315
252 1 8.65988183 17.29856051 10.89884660
253 1 4.94314903 17.44266952 20.11687998
254 1 15.26025022 22.15881492 1.74544249
255 1 4.13011373 25.34619935 11.84749594
256 1 1.24806198 17.08869834 20.10060968
257 1 1.01312645 15.16322664 10.84913177
258 1 7.48626010 19.04649868 5.12243530
259 1 24.37944421 18.05253008 12.93037533
260 1 25.14496446 16.00979857 4.36586598
261 1 10.86669193 27.10180872 8.50033202
262 1 12.65114603 25.93578602 11.99302481
263 1 20.02653769 23.24648177 18.66656281
264 1 15.60077475 25.51113019 2.31580717
265 1 12.37661463 25.18072056 20.01473861
266 1 6.67111302 24.83058499 5.58568713
267 1 25.45170051 26.51605766 15.63757380
268 1 14.96882459 17.63718928 17.60628107
269 1 11.07628610 18.19499526 20.23981120
270 1 21.56813708 14.44487337 16.28567440
271 1 14.95668185 20.80320394 19.30833607
272 1 18.53773278 23.99990340 4.67861746
273 1 0.49204474 22.13086983 15.85857882
274 1 12.72083478 17.68266855 2.45862432
275 1 10.14499112 23.43826182 16.71005827
276 1 21.80729617 26.29304486 9.26503650
277 1 21.14894875 19.89745416 9.37576498
278 1 1.15355983 24.11771114 13.31453538
279 1 24.70624216 26.26729153 21.81848303
280 1 9.45866262 27.07769923 3.54466738
281 1 4.89299426 16.30404396 6.13616588
282 1 16.54949191 24.40757299 20.02920110
283 1 1.23961486 18.53800758 8.03256067
284 1 5.76727118 15.41034893 1.41506484
285 1 19.18604924 24.24099832 0.92424388
286 1 4.51023413 19.79992031 2.57658405
287 1 7.80830655 17.86622946 14.53526043
288 1 6.50164267 22.21525305 0.11976754
289 1 20.23982746 15.60377281 20.49561660
290 1 12.89558457 15.45363643 7.58105962
291 1 11.54668509 17.41088882 15.95755652
292 1 4.57886699 25.79880027 18.39493905
293 1 13.22766198 20.78566976 14.51673036
294 1 17.18460975 18.43389841 21.88853574
295 1 10.78908402 23.36976895 1.36625392
296 1 8.74012947 26.66619404 20.46985528
297 1 6.09776475 27.20263023 9.74455863
298 1 0.46353571 17.32869737 2.82425430
299 1 20.10256177 17.47828581 17.29804912
300 1 23.45026101 23.87552034 12.11098454
301 1 0.79350133 25.98784060 17.80740015
302 1 11.25948301 20.78402593 3.82533019
303 1 24.47764198 14.43555834 8.37016956
304 1 0.48306967 13.82679366 22.58544727
305 1 0.92020814 19.41745609 22.89774679
306 1 15.56962600 24.00647872 25.56110582
307 1 4.54877412 26.74509783 22.87966867
308 1 20.78466670 17.53965543 42.57306869
309 1 19.46533215 26.30016811 24.73538769
310 1 20.36706221 16.73582305 36.68728478
311 1 15.06015907 20.38895903 37.75253800
312 1 8.73590591 15.29692473 31.46903544
313 1 20.82795819 23.37524838 42.71407803
314 1 18.24049975 22.51388198 39.70452300
315 1 4.95476382 17.68486032 24.35393936
316 1 9.98555173 21.21361325 33.59005087
317 1 17.70621941 25.96263523 33.85579923
318 1 23.69575543 18.82512971 27.75398178
319 1 20.25249815 21.69306337 26.39947864
320 1 3.10062098 13.89638242 25.23931529
321 1 9.42487414 14.90240577 42.98163421
322 1 13.13421571 16.69417938 34.73801149
323 1 15.14568616 15.59281395 30.66139543
324 1 5.73929010 24.13414944 25.51997810
325 1 5.42569076 19.18677209 40.90762189
326 1 0.67101809 15.74185445 35.31515547
327 1 6.74608121 18.37636439 34.31543543
328 1 24.78226624 16.00651092 35.73140418
329 1 12.08096543 18.74348620 43.03767638
330 1 4.71824447 18.54348701 28.26016914
331 1 2.06109728 19.58403076 37.92518404
332 1 16.56902588 18.42567926 44.86266259
333 1 17.17827441 14.26350423 25.46619569
334 1 8.17997983 18.36485759 37.83388954
335 1 11.01187681 14.34186008 25.23389185
336 1 2.64130883 21.35443460 43.34003294
337 1 0.51580226 18.52814460 32.45971641
338 1 7.79774765 25.04263893 43.71831760
339 1 15.41968961 21.55881733 34.25396982
340 1 24.31397903 21.60539249 37.60700913
341 1 25.47334625 27.08263072 36.08573533
342 1 15.97297597 23.86072588 29.15503608
343 1 19.77523586 25.34181581 30.63427825
344 1 1.51520215 25.65688303 44.12100772
345 1 15.74543168 25.41085663 40.82129887
346 1 3.18667602 27.28372580 41.14986870
347 1 22.10980865 18.00321521 33.62349539
348 1 4.61371135 16.47938572 32.39418323
349 1 7.99044757 19.44375735 24.65403615
350 1 13.25353128 26.04701845 30.60625716
351 1 3.14232864 22.79278497 34.43655883
352 1 23.13982935 18.93745802 39.50566368
353 1 7.48626010 25.13469335 29.68924452
354 1 17.68985311 18.11170792 32.22831648
355 1 16.45921332 14.72980373 43.82678632
356 1 12.20239279 19.93909783 30.84082077
357 1 23.88423180 14.56925643 23.39760681
358 1 23.15144414 23.36428952 32.91980457
359 1 16.51887110 14.97911779 37.34442444
360 1 8.14883107 26.57852316 24.26852024
361 1 18.20143182 18.11389969 39.06365365
362 1 12.50807294 23.98620482 38.50684755
363 1 24.71152161 22.03497980 29.51976215
364 1 24.52885264 16.17911296 41.18512103
365 1 25.41896791 20.38402754 34.16945461
366 1 0.06124162 23.84702730 26.44377003
367 1 8.52789558 16.93637019 27.65907165
368 1 20.03973631 21.74566590 30.30706427
369 1 0.67418577 16.26240030 41.26828038
370 1 21.70751457 16.75938460 24.89583100
371 1 9.16301342 26.50619468 34.51836233
372 1 17.26485739 20.92703906 24.58081976
373 1 14.56758639 22.10073296 42.20608286
374 1 4.01502173 15.38459561 40.75169810
375 1 11.05516830 20.40430143 37.75615362
376 1 1.80346012 24.31771034 38.18098944
377 1 24.34882340 23.04922229 44.02157806
378 1 14.85267668 20.49635586 27.55964199
379 1 8.92121461 22.63278561 40.58989893
380 1 22.79824894 24.99661172 38.82276270
381 1 24.44015789 26.68975559 27.08328352
382 1 13.17592336 19.14129282 23.39941462
383 1 12.38875737 24.45688786 34.09578627
384 1 22.87321712 15.90788118 30.63201848
385 1 6.20440964 23.92099961 37.44159433
386 1 18.32233123 14.95720007 29.35796297
387 1 7.85793338 20.05800146 30.52671343
388 1 20.83534943 23.03387989 36.40888173
389 1 3.10378866 20.66347847 30.78749031
390 1 9.94489997 15.02021352 38.05263479
391 1 20.23718774 18.31115917 28.53088898
392 1 14.62830006 17.29856051 40.62560322
393 1 0.11878762 16.95335642 26.82205469
394 1 3.90204150 17.47006667 44.16213544
395 1 7.87905118 19.44594913 43.51313093
396 1 1.41225287 24.83770825 29.81262769
397 1 25.40682518 26.39386637 42.87045377
398 1 20.02337002 27.34564336 43.21529391
399 1 13.53650980 27.08263072 25.45128124
400 1 12.71238766 27.14728799 42.62549524
401 1 2.32718156 27.25632865 26.11113262
402 1 23.03001679 27.11331553 31.98245404
403 1 21.67161431 20.51662975 22.68442498
404 1 12.79897063 15.29528090 22.67945349
405 1 3.94902860 28.60262460 6.59580208
406 1 2.08168714 33.86890477 12.89602690
407 1 7.76079150 28.68317222 6.52710523
408 1 15.15043767 30.05796121 0.01853007
409 1 6.01223766 27.76262798 15.41747269
410 1 7.97355334 39.26778715 15.85270343
411 1 13.29101537 37.31272653 22.18908449
412 1 6.08984558 30.43330216 11.82896587
413 1 1.76914369 33.30452348 7.21542964
414 1 9.66984062 33.11822286 2.11016856
415 1 24.84614759 34.32260158 4.93397090
416 1 18.45114980 29.04645843 3.32004674
417 1 15.15202150 31.87000871 19.14698885
418 1 5.63845260 31.01850529 1.36535001
419 1 2.18252463 38.83655601 2.11559199
420 1 3.49394001 30.81631432 17.12766284
421 1 14.91814186 30.38508318 8.66258315
422 1 22.05279059 35.68807553 16.63774579
423 1 8.26128336 33.54233075 16.26624042
424 1 5.18653168 33.48096113 5.84556010
425 1 17.59535096 37.90614880 6.87872466
426 1 0.48306967 30.15768683 15.50289181
427 1 18.03882476 39.86011354 13.46322792
428 1 21.10618521 34.92259916 20.16297919
429 1 18.25317043 33.22342792 9.85121954
430 1 5.29264862 36.57081171 3.20751044
431 1 10.87513905 38.58778989 1.37936056
432 1 7.83523174 36.09245747 10.68371697
433 1 11.77053377 32.69192321 8.37830471
434 1 13.35436878 40.41791951 6.31830294
435 1 8.12190588 32.37576010 7.52094987
436 1 16.47610756 33.50726239 6.23695140
437 1 0.34580397 29.25084117 4.47026712
438 1 14.31206101 29.46070334 12.64835666
439 1 21.34692813 32.23767846 12.28317863
440 1 23.58647082 39.65299108 2.64392505
441 1 19.64694523 30.78288980 7.29361751
442 1 5.66062629 33.53411160 18.75378974
443 1 24.26963165 32.60918382 20.89062352
444 1 2.63180582 37.40368507 9.39791068
445 1 6.75083272 34.38671091 0.11072849
446 1 12.98903083 30.43385011 3.07960774
447 1 7.02642000 29.23988231 18.73480771
448 1 12.41937818 34.96095517 19.61837582
449 1 21.71332196 27.51714952 20.71436185
450 1 17.59059945 37.91655971 0.63228225
451 1 22.48306577 31.56042091 16.36115055
452 1 12.93940400 35.87711587 2.21321384
453 1 25.75157326 38.91600775 19.28664232
454 1 2.99661582 32.63274536 21.55273466
455 1 21.77456358 40.70668547 20.12139951
456 1 12.64745042 36.56861993 7.50829519
457 1 17.99553327 31.55548943 14.33142963
458 1 0.26238866 40.06614010 12.30713214
459 1 9.12552933 37.59765689 20.38443616
460 1 17.59482301 27.96591483 18.72576865
461 1 7.86004516 31.98617262 21.62278738
462 1 14.33212291 27.88865487 5.60150548
463 1 1.49091668 34.46671059 3.69290796
464 1 9.73900141 27.60317657 15.48978517
465 1 25.95377620 30.21302908 6.53750014
466 1 17.87516181 36.01300573 14.61344830
467 1 19.93361937 34.58671010 1.75990498
468 1 10.35880885 30.95439596 12.29718918
469 1 15.84468534 39.43655360 3.51935801
470 1 6.16639760 38.46285888 6.22429672
471 1 14.09982711 28.60372049 20.05948195
472 1 16.33092269 39.53025185 9.89460703
473 1 19.94259443 39.79764803 9.85664298
474 1 12.25518728 37.30889093 11.74399871
475 1 20.24510691 35.67328107 11.55598626
476 1 3.37145677 36.82560520 18.47538669
477 1 20.28259101 38.25025700 3.47551857
478 1 16.07909292 38.94066518 21.61194051
479 1 4.49017223 34.21356092 9.74094301
480 1 6.24822907 35.11383127 13.68016536
481 1 22.72592047 28.52043315 4.28813006
482 1 24.36941326 39.30833493 7.43236709
483 1 13.17222775 37.72697144 16.67570984
484 1 1.31405511 39.44422480 16.50261184
485 1 8.88900996 37.62176638 4.51094289
486 1 16.98240682 30.54563048 22.08513530
487 1 12.24621222 30.72152018 15.83733703
488 1 20.01703467 28.59166574 12.02827714
489 1 22.66467885 29.93522198 0.63047444
490 1 1.35734660 37.29628824 5.87358119
491 1 13.54759665 33.53520749 11.86421820
492 1 18.42528050 37.16806958 18.78859012
493 1 6.76508723 40.52750811 12.68496485
494 1 22.72433664 35.15054345 8.05425441
495 1 20.29578963 39.37408809 16.43301108
496 1 2.31345499 28.54673441 20.66509897
497 1 23.50199962 31.03384769 8.94143815
498 1 26.29905223 30.99439579 11.59304640
499 1 24.63602548 40.61408310 13.05195069
500 1 17.66081614 27.84481943 14.81095176
501 1 24.59167810 36.83218052 21.78458655
502 1 18.36562272 27.41249240 8.44383790
503 1 21.17851368 28.31440658 39.04060405
504 1 15.33733019 38.02395654 40.40414625
505 1 24.76537200 31.44535288 36.29770129
506 1 13.14160694 39.29080076 42.95361312
507 1 10.52141590 30.52645247 29.11164859
508 1 2.93537420 28.75330893 35.87015375
509 1 6.14844747 28.41194044 27.63963767
510 1 5.01758928 30.60919187 24.45834050
511 1 19.57672854 31.33357251 32.02945716
512 1 8.84994203 38.23601048 27.01594253
513 1 1.22800007 35.95437583 28.30536444
514 1 15.05276784 36.68533179 37.14240145
515 1 4.10530032 30.65960262 42.29963713
516 1 15.46456494 31.75877628 28.16164338
517 1 23.41700047 40.91928735 35.95014943
518 1 7.38595055 32.69027938 33.55570244
519 1 17.74739912 38.98450062 30.60806497
520 1 5.00280682 34.97136609 38.93936657
521 1 26.00287508 29.79604445 31.08125976
522 1 19.04244820 36.36149748 28.33609724
523 1 23.38162816 39.75381259 30.59676615
524 1 10.87197138 38.49299575 33.62259148
525 1 5.47531759 39.86668885 24.92204428
526 1 14.84106189 36.60697594 32.81901905
527 1 7.99255936 30.92480703 37.17900964
528 1 20.16063571 39.27710218 35.31470351
529 1 3.72993143 34.91438002 43.13394237
530 1 18.32919451 34.28588940 38.21624177
531 1 25.91682005 34.26068402 40.10404946
532 1 25.30123618 39.82340135 27.61071268
533 1 5.60149645 38.27820209 41.37720106
534 1 19.20875088 32.16754176 27.64099353
535 1 14.61087787 32.19987039 41.45855260
536 1 6.46046297 27.97084632 37.18443308
537 1 3.52614465 36.28697723 23.28913809
538 1 22.99622831 35.06122874 38.15974765
539 1 2.70994168 28.39550215 31.82291464
540 1 24.57003236 38.22012014 41.04953513
541 1 2.20786599 32.02891218 29.90121048
542 1 17.31237244 28.18399615 28.13588206
543 1 13.74293629 40.19326288 26.24671852
544 1 10.97492066 39.31107465 24.01994609
545 1 5.69547066 38.24642140 32.93110339
546 1 11.04936091 35.98560858 38.85304355
547 1 16.08120470 35.67766462 23.71939735
548 1 10.12492921 34.53520346 35.11403638
549 1 11.50392155 29.12152662 36.63395432
550 1 21.08084385 39.04532229 38.84445644
551 1 9.91797477 34.91711973 29.77149997
552 1 5.98584041 31.61521521 30.07295262
553 1 22.18530479 39.35710186 23.50155600
554 1 15.35422443 33.08863394 36.25340990
555 1 2.59009817 39.19655456 38.04043206
556 1 11.88193017 37.81792997 29.22237707
557 1 4.40939664 34.68369601 32.18221727
558 1 10.98072805 30.46672669 40.67441414
559 1 17.27436040 28.20098238 37.49176112
560 1 8.71584400 28.18837969 44.81339972
561 1 19.24306731 31.78946109 41.34466044
562 1 24.73105558 35.85355432 34.85687513
563 1 17.28491930 40.82997264 38.60220964
564 1 0.56120554 33.76205589 41.05541052
565 1 23.63768149 30.76206796 41.65334434
566 1 25.70669794 35.94615669 43.75402188
567 1 9.33353965 34.78835313 25.60449331
568 1 8.63031691 38.15053137 43.73278009
569 1 21.77350769 29.46837454 26.52602548
570 1 16.38160541 34.21575269 30.61845989
571 1 20.44414218 38.24148991 42.55318276
572 1 17.10858567 39.98833220 27.05390658
573 1 6.99051975 32.38891073 40.64955673
574 1 6.64788344 38.37135240 37.71186223
575 1 19.66225563 33.66287820 23.70267508
576 1 5.31587820 36.27382660 26.54139188
577 1 16.66141625 39.42943034 35.02771336
578 1 13.08247710 32.60699204 31.74789044
579 1 2.57162009 32.53192385 37.20251120
580 1 25.36722930 34.74287386 24.96859544
581 1 14.03066632 32.17630885 24.65719982
582 1 22.73700731 33.55986492 44.28054713
583 1 15.36108772 36.23273088 27.67895758
584 1 24.47500225 33.40424911 30.83901295
585 1 22.40123430 33.72808342 27.12893078
586 1 10.21362397 30.05138589 33.11504826
587 1 17.02992187 33.91274021 44.33794516
588 1 19.69868384 35.90780068 31.85952283
589 1 9.53468670 33.14781179 43.24873843
590 1 7.64094798 28.22016039 40.51397083
591 1 2.94962872 40.69024718 41.97468292
592 1 2.05792961 31.90124146 33.53852822
593 1 20.96680773 29.04481460 35.33097382
594 1 3.93424614 40.99928703 31.12690702
595 1 9.30450268 29.76864730 25.86933777
596 1 0.23863114 36.62067452 33.43955052
597 1 16.15511700 30.05193383 33.74416684
598 1 0.46564749 33.24096209 24.61110062
599 1 11.24417261 28.58015894 22.84848392
600 1 20.66271141 49.54171840 19.71916134
601 1 6.32742082 50.85458983 0.88266421
602 1 19.67123070 44.01461736 9.56513329
603 1 18.18664936 54.49128752 5.62048751
604 1 21.11040877 51.73403834 5.55585823
605 1 24.66770218 44.58447808 3.54918691
606 1 15.08180481 54.42224670 19.81587929
607 1 5.14640786 45.00036682 19.18404899
608 1 21.22814050 45.89241802 0.44562566
609 1 23.58488698 44.15763048 9.15430802
610 1 22.18108123 47.12802949 17.27273975
611 1 5.80897884 43.87708367 9.89008750
612 1 12.33332314 51.94116080 5.72714842
613 1 0.37167328 49.15322682 13.54186774
614 1 18.04674394 46.93405767 22.29574540
615 1 3.28856941 42.60092442 12.53988794
616 1 0.14571282 53.28142938 1.52443747
617 1 9.18307533 51.75047663 11.61609601
618 1 13.23716498 46.90118108 13.98975316
619 1 22.79032976 52.59211708 11.97811036
620 1 2.50773875 53.15211483 4.81058773
621 1 10.44116826 48.92692636 1.25597739
622 1 0.01689424 41.51161374 5.22593254
623 1 5.47478965 47.36474086 8.58168356
624 1 17.86354702 50.38993417 5.89211126
625 1 22.89961438 52.21403641 1.77029990
626 1 3.77005524 50.84582274 21.98706150
627 1 14.24448405 41.37517593 16.65717977
628 1 17.01777913 49.50938976 19.02179786
629 1 15.36267155 52.61567863 3.31507525
630 1 8.22802283 47.47542535 19.16551892
631 1 3.70353418 42.62010243 21.45963235
632 1 21.29043801 53.52855167 8.60292535
633 1 4.80113183 54.39813721 18.31855900
634 1 3.62539831 43.97680929 3.97899421
635 1 16.37843773 51.11157510 13.26120493
636 1 10.44433593 53.27759378 18.34838789
637 1 9.56161189 47.67268483 13.14821668
638 1 14.50845654 43.10174432 11.05025085
639 1 0.55962170 54.46827391 10.56485333
640 1 7.77821368 49.98007280 22.06434546
641 1 23.71000995 47.84145127 7.81517128
642 1 8.50149834 46.05022561 2.91057732
643 1 24.58745454 54.05238518 7.32254251
644 1 5.69441477 49.16254185 12.34057667
645 1 18.23099674 45.69406266 17.80559234
646 1 18.75419023 53.95375544 11.81676314
647 1 21.78934604 49.18336368 12.64383713
648 1 9.92589394 43.08530603 18.58295150
649 1 12.74089668 52.56636376 14.89049549
650 1 14.31734045 53.90005702 9.03634828
651 1 13.15110995 48.65240691 19.47827039
652 1 20.31637949 49.63267694 9.40966146
653 1 8.77233412 42.46613044 7.82014276
654 1 4.10318854 50.72034379 8.32407035
655 1 18.91943702 45.55707691 5.60150548
656 1 17.24954699 43.49461945 2.55127468
657 1 14.27721664 49.31596589 4.30891990
658 1 12.59623975 44.16365786 3.14559288
659 1 3.43269839 53.68526337 12.71886133
660 1 7.89700131 44.06502812 21.57442841
661 1 24.60646056 43.95543952 16.91208126
662 1 2.57953927 45.86940442 13.98839730
663 1 11.76525432 52.55759667 0.80402439
664 1 6.66583357 42.32804881 1.99220882
665 1 4.93259013 48.60418793 19.23195601
666 1 19.37452561 52.93732117 17.80152476
667 1 7.69004687 51.69349056 6.56145365
668 1 24.81183117 47.45460352 0.54098774
669 1 24.57372797 49.93294970 4.30530428
670 1 1.24278253 47.11707063 5.11249234
671 1 13.31741262 42.97352566 20.68227319
672 1 3.40524525 49.89075809 16.02308971
673 1 16.09862688 44.72694326 8.25356569
674 1 24.36730148 46.50008681 12.97873430
675 1 0.05807395 44.59817666 19.66447503
676 1 4.57358753 48.21679223 2.99916011
677 1 8.84730231 47.23926192 6.81454733
678 1 20.99531676 42.97188183 13.93551880
679 1 12.51652006 46.43433365 6.64596886
680 1 19.20558321 50.85568572 2.04689514
681 1 9.38369443 54.64635539 3.47461466
682 1 12.38347792 46.51214155 10.12374720
683 1 0.99517632 47.24912489 9.78433050
684 1 16.84514111 50.34061930 9.69936333
685 1 11.27004192 41.85407811 13.20516275
686 1 7.33368400 51.25677999 17.89462708
687 1 24.13817334 54.46717803 20.30624829
688 1 22.15098836 47.24090574 4.10644496
689 1 17.57687289 42.75873200 22.47245902
690 1 4.61635108 41.45846327 16.65627586
691 1 3.53089616 41.65024332 7.24480659
692 1 1.75541713 53.62553758 16.03664830
693 1 9.79074002 41.63161325 3.88543994
694 1 1.58647472 44.10886356 0.47319479
695 1 25.95694387 54.75977959 17.31386748
696 1 14.42556918 41.13736867 0.76334862
697 1 2.95121255 48.71322859 30.27859124
698 1 16.31772406 52.56800759 28.63348231
699 1 7.24974074 48.30994254 30.38344433
700 1 6.32478110 50.22883892 42.17535005
701 1 16.73744033 44.78831288 31.22136519
702 1 6.92980607 44.50228663 26.71177816
703 1 9.87415533 46.64036022 36.07262870
704 1 14.09771533 42.71325274 35.81998697
705 1 26.05461369 46.04529412 34.69914353
706 1 4.06306472 49.16911716 26.31270366
707 1 23.62078724 51.32088932 30.54117593
708 1 10.21943137 41.27709413 41.66871074
709 1 12.10208323 51.82718866 36.58875902
710 1 4.59892889 45.93625346 23.39715486
711 1 20.53494872 43.37407199 29.78008708
712 1 1.73007577 45.22776316 33.35187164
713 1 15.53794930 47.91268386 43.66498714
714 1 23.94494547 52.57458291 26.13056660
715 1 3.38307156 46.63104519 44.16032763
716 1 5.18336401 46.36858049 35.29120196
717 1 14.02221920 47.02720797 27.28123894
718 1 20.26305705 50.24527721 28.64658895
719 1 2.15929505 50.83322005 33.51321886
720 1 15.07388564 43.80256342 25.33558127
721 1 25.70564205 51.32472492 43.59041490
722 1 2.19572325 48.26336738 35.76710847
723 1 13.12893626 46.87652365 23.33478534
724 1 9.07854222 43.57735885 44.30585650
725 1 12.29953467 50.53623495 27.40914164
726 1 21.00323593 46.99104374 33.05629437
727 1 14.02538687 41.78174964 29.64088555
728 1 16.10812990 41.69188698 42.47770661
729 1 18.56307414 48.41898319 44.87305751
730 1 1.85044722 53.39047003 24.44116629
731 1 10.53567042 49.66062203 31.08939492
732 1 9.65400227 43.06941569 37.23098423
733 1 26.35554234 51.59650465 37.76609659
734 1 18.62906727 50.18774320 34.12516322
735 1 25.60058100 43.85954949 41.46397603
736 1 21.73443976 42.14010436 44.77543566
737 1 8.60867117 52.30718672 38.21533787
738 1 20.17911379 53.10279996 31.42112842
739 1 12.78154845 51.01404124 41.98101026
740 1 11.08684500 43.52694809 27.48371388
741 1 12.48906692 45.59269320 44.92141648
742 1 18.72462531 51.15157494 39.21957743
743 1 23.42280787 47.55049354 36.62084768
744 1 6.72918697 52.80417102 26.46681963
745 1 7.97830484 41.95489962 30.17464204
746 1 3.83499248 44.73571035 29.61738400
747 1 7.11300298 49.06117239 36.39758290
748 1 17.48448251 45.02995574 34.83698919
749 1 22.32257049 51.60034025 22.87786086
750 1 9.90952765 48.16638147 24.90170639
751 1 20.08883520 44.37187620 26.09079474
752 1 7.01902878 46.47816909 42.12608718
753 1 15.27292090 49.85295003 31.72529279
754 1 24.07112433 53.97402933 39.61006483
755 1 8.21799187 53.94882395 44.63035875
756 1 1.79237328 42.90229307 39.19020049
757 1 10.64970654 46.93898915 28.99278495
758 1 22.33048967 43.31105855 39.11879192
759 1 5.07513528 41.57024364 37.22375299
760 1 20.77357986 43.62283812 35.05121492
761 1 25.04887847 43.26338751 30.22932836
762 1 19.57989621 52.88252687 25.53127692
763 1 1.06908862 46.79652397 25.99543265
764 1 12.05298435 42.56804784 32.29113794
765 1 8.34417072 54.35156206 30.15340025
766 1 6.43881722 41.22229983 43.32783020
767 1 10.78750019 46.81734581 39.97162723
768 1 1.64560456 53.71375640 40.65723993
769 1 11.69186997 43.00914196 23.97429884
770 1 20.48690572 49.49021176 41.99185714
771 1 3.72254020 49.08254217 39.29912116
772 1 17.85562785 47.19652236 26.19609979
773 1 1.07120040 52.08033832 29.18124935
774 1 18.51027964 41.93626956 32.73088821
775 1 11.19243400 51.56198424 23.36551815
776 1 18.13015924 46.74392144 38.79293380
777 1 22.90014232 47.95597136 27.50043614
778 1 22.54377944 50.82335708 38.25239801
779 1 23.16094715 50.64856326 34.62185957
780 1 13.51591994 46.54227842 34.66072752
781 1 4.65911462 45.15269497 39.04693139
782 1 14.13678327 53.34608665 25.35863088
783 1 3.24686175 51.05239725 44.47172325
784 1 15.62717200 52.74115758 37.20657877
785 1 3.34030801 53.73841384 36.09341853
786 1 25.77849846 41.50010693 44.83961299
787 1 19.60101402 44.90612062 41.96293214
788 1 20.41985671 53.34608665 42.12111569
789 1 5.20448181 52.79869159 30.92036450
790 1 24.34987929 48.57240724 40.28618651
791 1 4.40306130 54.55978040 44.11919991
792 1 3.54145506 41.60038050 27.40552601
793 1 8.08494973 45.00036682 33.07527640
794 1 1.14511271 43.50941392 23.80029693
795 1 23.27762299 43.43324984 26.61234850
796 1 25.67607713 47.32474102 22.68216521
797 1 14.20172050 54.51101347 41.60995685
798 1 13.29893455 53.73622207 31.42790771
799 1 1.37212906 46.66720942 40.76661255
800 1 17.47339566 53.87539959 44.43330724
801 1 23.34097639 54.62553356 32.18176532
802 1 10.33663515 54.53841062 34.95314111
803 1 14.99680567 50.64691943 22.63922968
804 1 21.30099691 44.88749056 22.60668906
805 1 49.99744739 2.04766299 1.57596011
806 1 30.68416340 3.76656018 7.80432440
807 1 29.75339637 3.49149280 11.63462608
808 1 31.42750996 12.14077305 18.46905935
809 1 44.34262849 8.81366316 1.35495509
810 1 36.99627382 3.02300153 9.82093869
811 1 29.12725360 7.91065309 3.45834436
812 1 45.23221582 9.72598825 17.17782962
813 1 27.59093364 1.06136559 21.13829376
814 1 42.84168086 0.93259899 8.86189442
815 1 37.72642175 8.32106240 13.36379826
816 1 32.99814634 1.34629595 12.01291074
817 1 52.49462724 1.64382900 22.30794813
818 1 49.06245679 9.44215378 8.26441256
819 1 27.47900931 11.80104839 16.41176929
820 1 37.83095487 13.61857532 4.25875312
821 1 38.06483450 1.83122551 6.20802641
822 1 30.71161654 9.19777120 20.94530983
823 1 41.35551569 6.87887642 15.26742429
824 1 52.07702274 5.13586974 20.97875435
825 1 37.99356193 13.67884905 8.10170948
826 1 45.69522358 3.56656099 17.03998396
827 1 48.50969838 1.76273263 10.98155399
828 1 29.41181595 8.22462443 7.48253387
829 1 36.68848188 10.80434007 9.95742850
830 1 35.02070363 7.49147670 5.63088243
831 1 32.35774905 1.81204750 20.17879754
832 1 45.22112897 3.13916545 2.69770746
833 1 40.71881401 7.51832590 3.26716824
834 1 31.97974043 0.94136607 3.21654950
835 1 43.07820022 10.14352082 10.85455520
836 1 29.95982286 0.24657435 9.09374631
837 1 48.50230715 11.78132244 19.61747192
838 1 49.61521521 12.50899075 4.21039415
839 1 27.07037987 2.78135867 14.92258415
840 1 42.13423456 10.95118880 20.16523895
841 1 35.90184384 8.75174560 0.84921969
842 1 47.33449281 5.04984269 13.49215291
843 1 32.32184879 7.13202609 2.50020400
844 1 51.95295567 4.81422720 10.14272923
845 1 49.38978269 8.35010338 20.10964874
846 1 49.35124271 1.48711730 16.04523541
847 1 48.06094513 5.64436084 2.45500870
848 1 49.93462193 13.50350729 12.29990090
849 1 29.53429919 13.45090476 7.36864171
850 1 42.12578744 4.75669318 1.38478399
851 1 46.79440508 1.25369358 6.52891304
852 1 48.34867516 8.52270542 4.97735839
853 1 33.05516440 8.19722728 17.23296789
854 1 46.45124082 5.39340295 20.40025451
855 1 38.97976319 8.91229290 18.17077037
856 1 42.54022426 10.00927478 6.04939091
857 1 38.00412083 11.50241946 0.44110613
858 1 36.30941737 0.92711956 14.15290820
859 1 37.69368917 10.14352082 4.53851203
860 1 34.05614811 12.37036117 0.83114157
861 1 52.58860145 9.82297416 2.72346878
862 1 42.39345555 0.35123146 5.24672238
863 1 27.74509359 8.32818566 18.56396948
864 1 52.70105373 3.35998648 4.10825277
865 1 34.96104585 10.47667016 20.81966690
866 1 33.66335704 11.96049980 11.65225225
867 1 31.59803619 12.01693793 3.64500094
868 1 27.94940830 2.47999002 5.26660831
869 1 34.49856602 4.78244650 21.95723260
870 1 33.39568892 9.15777136 8.96991119
871 1 46.13605766 12.90022205 1.87650886
872 1 37.66676397 12.37036117 17.87474115
873 1 33.74941207 12.91227680 7.92725562
874 1 43.34586833 1.80108864 13.61598803
875 1 32.82603626 5.36874551 14.55695418
876 1 44.41706874 6.44216585 6.74811024
877 1 46.41692440 11.00105161 6.26090491
878 1 51.14044831 10.21036986 17.02732927
879 1 41.91883300 12.08323904 14.08059572
880 1 26.89457419 5.94682538 13.18437292
881 1 33.58838885 5.03997971 10.32531824
882 1 29.41128800 3.21368569 18.56216166
883 1 29.53588303 7.84216022 14.80055684
884 1 51.05280944 0.96273585 7.05001485
885 1 37.83148281 3.74957395 3.03124877
886 1 36.16476044 2.70409870 0.39455497
887 1 49.24882138 9.55448209 13.96489575
888 1 34.29900282 0.90355801 5.87584095
889 1 44.00738342 4.72272072 11.33904882
890 1 32.99973017 4.15286000 4.80742406
891 1 47.17452547 1.58245938 20.71300599
892 1 34.44682742 11.86789744 15.38854770
893 1 42.78360691 5.00436342 21.29873708
894 1 38.22902539 4.19833927 13.48492166
895 1 49.42462706 10.93091491 0.40043036
896 1 39.93798336 3.06848080 19.23873530
897 1 49.04450667 5.47614234 17.33646513
898 1 27.39084249 4.15669560 1.94068618
899 1 28.55601710 11.28214637 2.42020831
900 1 42.89394741 13.63994510 17.37759285
901 1 32.91367513 0.18136913 16.43662670
902 1 40.33763772 8.77695097 22.53934806
903 1 38.42383710 1.71506159 22.36218249
904 1 52.78658082 8.91996410 9.11137248
905 1 35.70544829 0.00876709 19.65046449
906 1 33.13224436 5.67614154 27.54879512
907 1 39.21100309 4.13861348 44.35376351
908 1 27.62736185 3.05423428 34.92737979
909 1 36.89913194 9.52598905 23.75419773
910 1 45.16463886 3.76546430 43.67176644
911 1 47.47809385 4.04820288 40.07060493
912 1 48.05144212 0.87725674 34.86275051
913 1 30.82195704 6.79284937 37.86688211
914 1 38.77280874 8.87448483 27.69658375
915 1 41.52023452 4.01697013 33.16205138
916 1 31.72685477 6.02518123 34.43203931
917 1 36.95615000 7.48106578 33.09019085
918 1 44.65886755 6.64326093 40.98174218
919 1 38.36417931 12.48816891 27.67082243
920 1 28.54756999 9.95174077 36.65610002
921 1 44.39067149 2.02190967 35.25956525
922 1 50.32899685 0.96931117 37.98258207
923 1 47.91839998 5.66627856 24.88362827
924 1 38.28181989 1.62245922 35.52802533
925 1 37.87530225 9.41968811 37.26894829
926 1 49.35441038 6.11175622 34.44333813
927 1 50.44620064 4.77313147 29.37513719
928 1 44.62983057 4.44436567 25.79521748
929 1 47.29436899 1.30410434 25.79566943
930 1 37.35738820 5.54518316 38.13579414
931 1 40.89989915 1.88766363 29.89171947
932 1 34.51862793 1.44273392 41.47617876
933 1 49.83853594 11.98351341 26.86815390
934 1 31.08645749 12.06844458 35.32148281
935 1 45.89742652 8.87667660 29.03798025
936 1 41.11107715 3.35176733 41.03642849
937 1 41.46849591 11.95447243 43.90181051
938 1 28.25086489 4.18244892 22.85616712
939 1 42.83745730 0.16876644 40.70921452
940 1 35.79255922 1.47561050 30.42592791
941 1 51.30727893 3.60053345 25.07480439
942 1 38.32035988 13.47172660 32.84161670
943 1 45.82298627 7.77585911 32.92342019
944 1 48.92360726 9.27503116 42.31409963
945 1 30.45397938 3.77697110 44.25794948
946 1 46.66558649 5.06956864 30.33824903
947 1 51.81938558 3.42245198 32.59078278
948 1 27.55714516 12.22022479 24.70058731
949 1 28.15319507 6.99997183 29.44247819
950 1 46.64974814 8.27010370 36.92681987
951 1 32.95221512 10.63283392 31.28147494
952 1 26.72721562 0.89150326 24.99932824
953 1 30.35842134 11.85748652 44.29229791
954 1 28.10568002 8.74462234 24.94057435
955 1 30.79397596 0.45643652 36.86399840
956 1 29.65678243 3.40601369 39.44600589
957 1 27.90453297 4.24327059 26.36106263
958 1 41.53396110 10.98844892 26.24491071
959 1 37.02055929 4.30190049 27.66449508
960 1 30.78236117 2.12382707 26.23722751
961 1 52.00099866 8.47393849 29.33672118
962 1 39.63547088 7.61476387 40.91168947
963 1 34.50701315 6.06134547 40.81903910
964 1 43.25928535 0.36493004 27.24146708
965 1 49.89397017 9.06790871 37.53786032
966 1 33.53928996 9.83448096 40.22698067
967 1 33.91835447 8.95338862 36.13680602
968 1 42.76143322 10.57475196 40.65136454
969 1 40.80909261 7.82133838 31.84054080
970 1 51.31730989 4.66135110 40.54199191
971 1 41.38032910 11.69529539 32.23961530
972 1 51.27613018 9.64105708 32.98714556
973 1 30.44711609 13.49857581 30.33779708
974 1 27.39242633 3.79614910 31.26701245
975 1 30.82776444 3.11998744 32.35576722
976 1 49.63950068 12.81200323 23.03152488
977 1 34.98427542 12.84761952 33.81512346
978 1 39.37730577 7.94133790 44.63623414
979 1 45.54053570 13.36213800 34.76286890
980 1 40.83179425 11.68378859 37.53469665
981 1 32.15976967 6.85312310 30.63608606
982 1 49.40720488 9.14955221 24.68883653
983 1 44.43607476 10.08543886 22.90949757
984 1 33.06308357 9.76598809 27.35581118
985 1 46.10754863 12.02022559 41.17020658
986 1 32.02408781 7.58955849 24.32365851
987 1 34.65958925 13.51172644 30.11453230
988 1 52.30245526 10.24434233 42.14190553
989 1 41.57883642 6.72983593 25.67725774
990 1 35.31424105 4.12436696 35.07290866
991 1 28.33480815 8.54900669 40.77022818
992 1 27.23509872 9.46407150 32.86376240
993 1 46.74108263 0.55671009 39.22952040
994 1 30.09286500 8.10024137 44.04101204
995 1 46.26434829 1.21807729 31.73207208
996 1 42.41404541 5.69696337 37.61378843
997 1 49.56875605 13.44597328 35.45028941
998 1 38.95970128 13.06350906 23.43285914
999 1 39.14764969 5.42792336 23.47489077
1000 1 50.96041907 0.92273601 28.75596158
1001 1 36.94453521 11.82296611 41.27008820
1002 1 30.86260881 12.81748266 40.41906070
1003 1 27.25832830 12.03447211 41.35053583
1004 1 36.89226866 24.84318768 4.65014442
1005 1 49.80105185 16.57472781 9.61078055
1006 1 48.72193227 22.86949699 7.73833927
1007 1 39.88677269 24.86126980 9.92036835
1008 1 50.82843282 23.66072668 18.85864283
1009 1 45.32302236 18.52485694 1.27586332
1010 1 33.01820825 17.52157331 19.55058287
1011 1 43.42083652 26.79660447 5.56444534
1012 1 30.39432159 22.24045843 4.48111400
1013 1 45.54423132 14.09035424 20.72746849
1014 1 50.24610948 19.20704598 20.46397989
1015 1 33.96481363 21.45580405 1.89820260
1016 1 51.43398573 14.42953096 1.36896564
1017 1 45.41699657 22.66675808 20.51007909
1018 1 41.64746927 22.77908640 16.71096218
1019 1 47.05309812 23.55059014 1.91266510
1020 1 40.28801089 24.43003865 5.91470891
1021 1 41.88346068 14.85089913 3.15734366
1022 1 49.60254453 16.40212576 4.88380412
1023 1 36.35376475 19.66567427 5.56580120
1024 1 39.52037886 20.84320378 1.35088752
1025 1 46.41375673 26.78454973 16.59209854
1026 1 29.70376953 24.85962597 15.86987764
1027 1 47.15024000 20.37142485 17.77576344
1028 1 49.69651874 21.43059867 15.52684532
1029 1 34.84437000 16.10788037 6.34858379
1030 1 51.81621791 26.28044217 2.42337199
1031 1 31.71787971 21.81689849 12.87388120
1032 1 41.52973753 18.09088609 5.66749062
1033 1 35.60725052 26.48811256 8.81579522
1034 1 47.65178775 26.15496322 21.53284873
1035 1 33.33972675 21.24539394 18.45956833
1036 1 27.83062067 13.73693101 10.99692040
1037 1 33.65438197 17.72595605 2.67375395
1038 1 33.67338799 25.28154208 11.54242767
1039 1 32.04731739 23.88921891 7.53722018
1040 1 44.96032415 21.27498286 14.83761699
1041 1 36.51531592 15.32213011 1.29303753
1042 1 46.19413161 17.36705339 5.17260209
1043 1 39.37361015 27.22126030 20.00795931
1044 1 36.11302183 16.12705838 11.29430547
1045 1 36.24184041 15.98240142 18.51651441
1046 1 52.29875964 21.10347670 10.44644164
1047 1 50.95777934 26.85852203 12.46893132
1048 1 41.92358451 16.33089317 12.41966844
1049 1 33.39568892 18.13252976 13.49486463
1050 1 32.72942233 21.93470623 22.14253333
1051 1 28.23185887 21.18018872 15.54040390
1052 1 28.60300421 23.46894663 11.54604329
1053 1 37.12667623 24.97305017 22.07654819
1054 1 40.63645459 26.56756430 14.71784945
1055 1 43.66949862 26.17194945 11.68886044
1056 1 47.00399924 17.92705113 12.27007200
1057 1 50.01064601 19.52704469 6.99352072
1058 1 27.42146330 19.87553644 10.81433138
1059 1 39.82605902 15.62843025 18.39132343
1060 1 29.94768013 27.13742502 10.35921471
1061 1 38.79445449 17.40814911 3.41902444
1062 1 27.65639882 26.21304518 19.52843718
1063 1 45.12979449 25.00757058 8.37875667
1064 1 27.02497660 20.80758748 5.39993444
1065 1 38.84936077 15.44980083 14.15064843
1066 1 42.74559487 19.79718059 11.98669747
1067 1 46.45018494 14.70405040 17.14438510
1068 1 38.45392997 20.88046390 8.36248636
1069 1 46.15189601 14.25528509 7.87844470
1070 1 33.47276889 26.42509912 1.79289755
1071 1 37.19583703 18.62567846 15.71033823
1072 1 44.71482972 18.87060898 20.90824969
1073 1 40.57468503 25.82181387 0.82797790
1074 1 39.04681220 21.47662588 21.58979481
1075 1 29.74970075 21.16594220 20.95434889
1076 1 30.70316942 23.71661687 0.57217250
1077 1 48.42892279 26.08153886 4.99950409
1078 1 41.26048558 14.93911795 8.46281992
1079 1 46.46443945 21.85141890 10.83060169
1080 1 32.51296488 18.59170599 8.75613742
1081 1 41.13905824 17.57362790 22.24648252
1082 1 44.56753306 17.99718784 8.11210440
1083 1 35.80100634 23.66182257 16.58848291
1084 1 43.91657688 22.14237663 2.49884814
1085 1 30.55640071 16.30130425 14.60124557
1086 1 33.78003288 25.23387104 20.43912247
1087 1 29.13200510 16.45472829 6.04441942
1088 1 28.60247626 17.82458579 17.47295493
1089 1 30.17997593 16.25418115 10.81523529
1090 1 27.55925694 25.24647372 3.69516773
1091 1 34.25307160 27.08591838 14.90631385
1092 1 49.78046200 15.46130763 15.33702505
1093 1 29.93870506 16.99390420 1.79560927
1094 1 52.77496603 14.21473731 17.45939634
1095 1 26.69025947 14.06953241 19.64413715
1096 1 52.07385507 22.31388279 3.34309634
1097 1 50.15002349 15.53254022 20.19100028
1098 1 45.46503956 13.95665615 12.12409118
1099 1 39.15662476 17.13198584 41.52996117
1100 1 49.24776549 14.59227003 39.32940201
1101 1 48.74991336 15.93801804 28.13452620
1102 1 33.95372679 25.21085743 27.42224828
1103 1 39.48289477 22.42895082 24.96181614
1104 1 51.00740617 25.15880284 37.04884717
1105 1 51.01532535 13.81802657 42.80944011
1106 1 47.18455643 20.95279238 23.51240287
1107 1 28.66055021 25.67934870 23.71307000
1108 1 41.33070227 26.54893424 23.55127083
1109 1 33.35820483 15.69034781 26.94769762
1110 1 52.61183103 18.16869399 44.35963890
1111 1 34.60996242 18.75882860 23.63578604
1112 1 51.77873382 26.05797731 41.10105777
1113 1 38.56321458 16.51226230 26.19338807
1114 1 41.81166016 20.01416602 37.00094016
1115 1 31.67247644 14.98185751 43.20851461
1116 1 42.71866967 20.27827454 41.29404170
1117 1 44.09660612 23.12812609 38.13082266
1118 1 44.65569988 25.08099494 26.47405088
1119 1 43.34586833 26.97139829 43.15608806
1120 1 28.69697842 22.55114211 38.90637401
1121 1 40.53931271 23.07771533 43.19088845
1122 1 43.02012627 14.08268304 23.50607553
1123 1 34.52285149 24.65305146 43.16693494
1124 1 39.02147084 15.20925385 36.56435356
1125 1 45.79870080 16.98787683 41.29856123
1126 1 29.68793119 20.76703970 26.59698210
1127 1 45.88581173 25.36099381 32.61518825
1128 1 48.29429682 16.66787812 33.87975274
1129 1 35.18806219 13.79884857 37.97173520
1130 1 35.69224967 22.86675728 38.18234530
1131 1 44.05437053 19.38896306 27.93566688
1132 1 32.46650572 21.57142002 43.24376695
1133 1 36.01904762 14.86185799 24.75075409
1134 1 29.78190539 15.46021175 33.43457903
1135 1 32.28489264 23.41689205 39.94586591
1136 1 48.60367259 26.32756526 42.54233589
1137 1 34.72663826 18.91389647 44.03875227
1138 1 29.03169555 26.73633074 27.83171769
1139 1 31.32878424 24.93798182 32.89811082
1140 1 27.02180893 16.08870237 44.31670337
1141 1 33.22833035 20.18676806 37.88947976
1142 1 42.68910476 25.37852799 35.20985042
1143 1 27.27891815 19.25307319 31.20328707
1144 1 41.57989231 21.86566542 28.58557530
1145 1 29.35849350 15.20980179 27.09458235
1146 1 47.83709645 26.20646986 38.36674212
1147 1 48.39038281 26.40153757 29.22644465
1148 1 48.57833123 23.63168570 25.53263278
1149 1 40.45959302 24.85907802 39.83423351
1150 1 43.26298097 16.36157798 26.14683691
1151 1 45.68044112 18.87828018 36.41882469
1152 1 38.22216211 25.37743210 34.88941574
1153 1 35.25563915 16.15171581 41.28545460
1154 1 33.24944815 19.07225200 30.69122432
1155 1 42.31954325 15.90733323 32.86737802
1156 1 46.62810240 14.29583287 24.77289979
1157 1 49.65639492 23.01524983 33.74552270
1158 1 47.67712911 23.02182514 40.94423008
1159 1 51.68264783 19.34293584 35.84755610
1160 1 44.20853046 13.84049224 43.68487307
1161 1 27.50382272 24.83058499 30.47473884
1162 1 52.64456362 21.87552839 39.48668166
1163 1 28.84691480 17.71609308 24.15688785
1164 1 50.92768648 14.37966815 32.10583721
1165 1 38.12026872 18.44540521 35.13573013
1166 1 40.53614504 25.02291298 30.14933268
1167 1 41.17337466 14.91555640 39.48396994
1168 1 31.48558391 17.33965623 38.43679484
1169 1 49.93092632 20.39224669 30.28898615
1170 1 29.18268782 18.88101989 40.39465523
1171 1 37.42971667 25.98729266 25.68539290
1172 1 34.07937769 22.14730812 32.96228815
1173 1 50.95461167 17.67992884 38.95066540
1174 1 27.50963011 18.23170744 36.82015896
1175 1 41.30958447 22.17634910 33.02465766
1176 1 38.77122491 19.87882410 31.29864916
1177 1 27.31534635 24.40976476 34.81665131
1178 1 36.40550337 19.50019548 39.66203942
1179 1 36.67475531 24.31661445 31.60778501
1180 1 35.26461422 21.60429660 26.81843907
1181 1 47.49023659 22.42840288 36.40752587
1182 1 45.12715476 18.39609034 32.21385398
1183 1 30.33994326 21.58840626 34.86998176
1184 1 41.84280892 14.18843604 29.05199079
1185 1 28.24294572 21.43498222 44.50335996
1186 1 34.30164254 17.08102714 34.43701079
1187 1 44.75812121 14.79720072 38.63520221
1188 1 43.09879008 20.56375285 24.43212723
1189 1 37.82673130 25.82564948 42.97349905
1190 1 49.68120833 20.04156317 45.05383871
1191 1 34.85704068 27.07934306 33.78574652
1192 1 28.73974196 24.97524194 41.79028610
1193 1 44.60290538 22.86182579 43.61979184
1194 1 45.66724250 14.73254344 29.34892391
1195 1 40.94002297 17.74568200 44.30811626
1196 1 50.34589109 20.80977925 26.52647743
1197 1 31.79971118 26.22564787 37.19527995
1198 1 36.60981808 27.30235586 39.49526876
1199 1 44.38803176 27.26509574 38.03952815
1200 1 31.53890635 14.02131343 23.96480783
1201 1 48.02240514 17.32979326 22.88554406
1202 1 44.08129572 28.78728139 22.23021221
1203 1 48.47432606 33.50178296 17.54978694
1204 1 47.32921336 29.74398987 19.38110050
1205 1 45.54053570 30.62453427 6.04125575
1206 1 31.24748071 38.49135192 16.09811391
1207 1 39.40053535 33.68370004 15.09206653
1208 1 27.68701963 38.36039354 9.61304031
1209 1 42.49006949 37.63272524 19.31647122
1210 1 49.47425389 30.88973868 11.47689448
1211 1 36.68267449 28.91878771 3.44297795
1212 1 37.86896691 33.90452107 7.22808433
1213 1 32.32237673 32.18178828 19.66763870
1214 1 29.74758897 33.70835747 5.04967087
1215 1 32.76954615 38.07491524 12.26284075
1216 1 26.64538415 33.23329089 0.89848256
1217 1 52.53897462 31.25576461 12.37854072
1218 1 38.87892569 40.00312666 2.26338062
1219 1 44.09977379 40.25737221 10.43559477
1220 1 40.11431699 28.21303713 6.00193584
1221 1 30.49146347 28.28317383 14.48238193
1222 1 36.81730047 28.31933807 17.13805776
1223 1 31.85620130 30.28206989 1.01192277
1224 1 42.21448220 30.14837180 1.21304185
1225 1 49.21397701 38.86614493 9.89144336
1226 1 37.48462294 32.96096322 18.60690501
1227 1 43.25400590 29.47385397 9.64422507
1228 1 27.30214773 33.94068531 16.41990444
1229 1 45.89056323 33.37685196 11.48638550
1230 1 28.72284773 29.37851189 2.55805398
1231 1 50.26141989 31.79329669 3.29473737
1232 1 37.90433922 31.09412142 12.36859775
1233 1 31.09596050 35.19054329 22.30162079
1234 1 39.38733672 34.53520346 10.65388807
1235 1 49.24723755 31.12425829 6.95058519
1236 1 49.81055486 38.55655714 16.95501679
1237 1 49.26413179 35.64204832 2.02565335
1238 1 40.25052680 37.61354723 13.71632160
1239 1 36.17795907 40.68641158 13.87495710
1240 1 36.56758248 37.60532809 10.77094390
1241 1 27.52071696 34.12808181 21.99158103
1242 1 29.36799651 40.42230305 12.15889156
1243 1 27.65323115 38.27765415 3.91391298
1244 1 35.57346204 34.43328606 12.12544704
1245 1 39.18038229 38.98340473 22.20671066
1246 1 44.76287271 34.65246326 21.47816242
1247 1 34.10630289 30.42837068 7.78082285
1248 1 50.16427801 27.45742373 16.63819774
1249 1 38.58802799 31.75165302 1.53392848
1250 1 45.74907397 38.91272009 17.74005916
1251 1 42.77779952 31.59000984 18.53685230
1252 1 49.05348173 33.99547961 13.51158689
1253 1 36.30360998 36.29026489 3.68929234
1254 1 35.53333822 34.21958829 15.60186951
1255 1 43.84372047 36.16149828 15.30764811
1256 1 45.89109118 30.51823333 13.62367123
1257 1 46.40530961 37.18615169 11.67123427
1258 1 42.73239624 34.02616441 10.01527848
1259 1 46.21155379 34.67712070 7.79166972
1260 1 50.57185155 39.56422431 1.90091432
1261 1 49.21820057 36.60094857 19.65272425
1262 1 40.89461970 38.73025507 10.78585835
1263 1 52.38111906 35.73793835 16.01450260
1264 1 39.53199365 36.18889543 0.83340133
1265 1 46.98499322 40.63600082 2.77408751
1266 1 34.29794692 34.17684874 0.51567837
1267 1 38.68147426 30.59220563 8.63139839
1268 1 29.37274802 36.36094954 1.29258558
1269 1 39.18777351 36.17190920 19.39917862
1270 1 43.33055793 40.21627649 22.01689040
1271 1 42.82214689 27.82399760 17.78570641
1272 1 50.20440183 36.30341552 6.09277839
1273 1 27.10047274 30.34453540 17.44222213
1274 1 52.44922397 34.57465536 9.74049106
1275 1 44.99358468 35.24972113 2.61680787
1276 1 36.45724198 39.51874505 18.37866875
1277 1 31.69359424 38.92641866 6.46835134
1278 1 35.07877758 36.18067629 7.15803161
1279 1 40.82809863 40.56641206 16.71593366
1280 1 33.44953931 31.43110637 4.27140780
1281 1 33.15019450 28.46125531 18.23946722
1282 1 31.78809639 34.61849080 16.55955792
1283 1 42.75668171 32.64644394 14.73818733
1284 1 33.10109561 32.30726722 10.48621351
1285 1 33.49916614 30.76206796 14.33142963
1286 1 41.70607116 32.58836198 6.65184425
1287 1 52.71108469 29.84535932 8.49084101
1288 1 38.79392654 39.93025024 7.87889665
1289 1 51.64885935 33.11877081 20.93129929
1290 1 50.87858759 36.97628953 12.69355196
1291 1 30.37109201 31.81411852 13.20245104
1292 1 41.55402300 40.12531795 5.09034664
1293 1 41.45952085 36.18122423 5.11023257
1294 1 48.24203026 30.84261558 0.59070257
1295 1 30.36106106 30.50508270 7.05408242
1296 1 44.06862504 37.40039741 8.17447391
1297 1 27.89080641 35.39109043 7.76816816
1298 1 35.85168906 34.47547767 21.55861005
1299 1 45.57379623 28.11714710 0.42393191
1300 1 29.10666374 40.35654989 18.56848900
1301 1 51.54749391 39.65901845 20.28997798
1302 1 35.56448698 29.02892425 22.38206842
1303 1 32.39945670 38.46231094 0.19705151
1304 1 32.70936042 27.42235538 5.92736360
1305 1 48.29640860 38.89737768 39.59289061
1306 1 39.64655772 29.29248484 30.58546732
1307 1 46.09171028 33.66616586 28.16073948
1308 1 31.62496139 37.39217826 27.01277886
1309 1 27.22348393 38.79162468 33.54666338
1310 1 39.07796096 32.19110331 35.29120196
1311 1 35.69436145 36.76204381 33.85218361
1312 1 27.42885453 36.27273071 29.45106529
1313 1 52.63242089 29.53303181 39.18884463
1314 1 30.01261736 29.15878675 43.16015564
1315 1 49.65956259 33.74232994 43.89412731
1316 1 32.12439736 27.83824411 29.20023138
1317 1 31.32350479 35.40259723 34.27114404
1318 1 33.92363392 36.85902972 39.31584342
1319 1 29.08132238 33.92589084 26.93233122
1320 1 43.93399906 35.86012963 33.43819466
1321 1 40.40046318 41.05079367 44.46855958
1322 1 40.93368763 30.84919090 41.77491970
1323 1 49.87074059 38.82724098 28.20412697
1324 1 41.29532995 33.57082378 44.52098612
1325 1 28.24875312 31.58398246 41.16523510
1326 1 49.59040179 28.98289704 36.15217242
1327 1 52.09074932 37.39108238 23.40438611
1328 1 48.78528567 30.87658805 39.66791481
1329 1 39.15926449 35.31766606 24.35167959
1330 1 45.21901719 31.52151696 36.79484959
1331 1 51.20591350 28.04427068 22.88057258
1332 1 47.69666308 34.42013543 40.81994301
1333 1 42.98000245 39.10888368 38.99902437
1334 1 37.11822911 35.19437889 30.23294398
1335 1 51.93817321 29.04591049 28.73743151
1336 1 50.57026771 39.08970568 34.98116220
1337 1 44.26660442 33.22726352 24.80137283
1338 1 49.25938028 31.50617456 23.90921761
1339 1 49.94729261 32.35165061 27.50134005
1340 1 32.91737075 34.46397087 29.48089419
1341 1 35.30051448 29.04919815 30.82003093
1342 1 39.01883111 31.15494309 23.74018718
1343 1 46.72313250 37.07491927 29.61467228
1344 1 33.14385915 28.51550166 40.66130750
1345 1 45.21848925 40.84202739 30.37033769
1346 1 27.35230250 37.70121812 25.89690690
1347 1 47.49762782 34.56314855 35.05618640
1348 1 52.62608554 39.61847067 30.53213687
1349 1 41.85600754 34.80040787 40.43487905
1350 1 27.91667571 38.61463910 37.99975629
1351 1 34.87974232 40.78065777 26.45100128
1352 1 43.09615035 27.94290123 32.51259491
1353 1 30.50043854 36.10725193 40.08913501
1354 1 41.18129383 35.99656744 35.93975451
1355 1 44.76604038 32.52534854 40.92298829
1356 1 28.25720023 40.89462992 29.27706339
1357 1 37.21378716 30.70015040 27.38112055
1358 1 27.94993625 32.49959522 36.68683282
1359 1 27.82903684 28.24646165 39.47447893
1360 1 31.13766815 40.10066051 24.15417613
1361 1 29.15576263 28.61139169 31.75060216
1362 1 43.98837740 29.63549716 28.28457460
1363 1 46.93800611 39.85244233 33.84630822
1364 1 44.51104295 37.42176719 41.67639394
1365 1 34.83117137 31.50014718 43.11496034
1366 1 42.00172036 32.71822447 32.55146287
1367 1 50.87700376 34.65246326 36.13996969
1368 1 33.36823578 32.44808857 39.76011322
1369 1 36.72807776 31.07877902 37.78417471
1370 1 38.79128682 39.04696612 28.45631674
1371 1 41.88768424 30.31659030 38.01015121
1372 1 46.39475071 30.03165994 25.65104447
1373 1 33.64857457 30.86508125 27.90854970
1374 1 37.64986973 40.42449483 32.50084414
1375 1 32.82973188 33.74123405 25.70075930
1376 1 35.10200716 39.15929444 23.12507915
1377 1 41.57144519 38.31272250 25.96469985
1378 1 31.59117291 38.77354257 30.80647234
1379 1 27.75195687 34.36040964 32.66716284
1380 1 41.15225686 38.40642076 33.52813331
1381 1 51.01426946 31.03001209 31.58654322
1382 1 38.14719392 40.22997506 41.15574409
1383 1 36.30097026 31.86452928 32.65993159
1384 1 40.77952769 30.85741004 27.23694755
1385 1 44.78293462 35.81739008 37.53379274
1386 1 41.21613821 35.87547204 30.45530486
1387 1 51.32628495 37.38012352 42.41624100
1388 1 30.25652795 31.32809308 33.97601873
1389 1 26.53345981 29.59823703 22.96237607
1390 1 42.13793017 34.09027374 27.72686460
1391 1 27.80369548 30.30891910 26.42298019
1392 1 46.99238445 31.64370825 30.80285672
1393 1 33.76419453 40.80750698 42.06010204
1394 1 47.92631916 35.96752646 26.10796895
1395 1 38.07539340 33.71548073 40.90897775
1396 1 46.40530961 39.78066180 44.34698422
1397 1 51.99677511 30.61631512 44.73204817
1398 1 31.97868454 30.49521972 24.20841049
1399 1 49.69071134 34.62068257 31.89748688
1400 1 37.29033918 36.12916965 43.00829943
1401 1 46.60328898 29.62015475 42.55001909
1402 1 30.66198971 32.99877129 43.62837895
1403 1 51.00212672 40.71052107 25.02057003
1404 1 45.71211782 33.09411337 44.24755456
1405 1 29.24287355 27.68975156 35.53570853
1406 1 28.12521399 38.72313181 43.55425866
1407 1 34.65694953 40.78832898 38.17872967
1408 1 48.18817987 28.55933710 32.90669793
1409 1 48.23780670 34.88314727 22.77300776
1410 1 35.95569422 45.74666518 21.54233975
1411 1 37.44661091 46.35104631 1.77029990
1412 1 36.03224625 46.42666245 15.75282182
1413 1 51.90702445 48.43103794 17.58232756
1414 1 38.07169779 48.85788554 8.80946788
1415 1 29.09716073 48.57953049 2.54087977
1416 1 33.28693225 51.30225926 11.30831601
1417 1 39.85984750 52.58499382 3.96001219
1418 1 29.02377637 41.49407956 1.85797878
1419 1 34.78524016 42.21681638 20.86350634
1420 1 31.90424430 45.09625684 20.95706061
1421 1 45.73745918 53.62224992 13.42752363
1422 1 29.30992256 42.42393883 6.51625835
1423 1 28.77141866 45.62556978 8.86596200
1424 1 49.59040179 43.51434540 19.52708132
1425 1 32.39628904 47.89514969 8.76156086
1426 1 45.18786844 47.36145320 9.95516873
1427 1 40.21673832 50.84198714 0.77509940
1428 1 29.96774203 45.53789890 13.41170528
1429 1 46.30341622 43.53297546 10.25662138
1430 1 40.94107886 53.79759168 11.49678041
1431 1 42.02758967 47.14994721 7.53224870
1432 1 42.00963954 44.81516208 15.28007898
1433 1 39.07215356 48.76254346 17.87202943
1434 1 30.28978848 42.36311716 16.32906189
1435 1 27.35599812 43.68694745 19.94784956
1436 1 29.35004639 53.36142906 13.09669403
1437 1 43.36593025 41.27051882 1.82679403
1438 1 39.11914067 52.54718576 20.62397125
1439 1 44.21539375 54.47375334 19.19534782
1440 1 40.81490001 43.36366108 3.34309634
1441 1 41.22933683 51.26171148 14.19855545
1442 1 37.58862811 43.34064747 18.36872578
1443 1 37.24282413 45.53132358 6.90990942
1444 1 27.63792075 48.74555722 12.51367466
1445 1 48.66069065 48.62939331 20.68498490
1446 1 50.98417659 54.13128897 13.10121356
1447 1 28.28465337 48.17734033 6.08283543
1448 1 31.85936897 49.76582709 19.49725242
1449 1 29.72699911 44.95707932 3.81719504
1450 1 52.79027644 50.64856326 8.87364520
1451 1 49.32009395 52.56088433 5.90747766
1452 1 37.05487572 52.27924163 10.83150560
1453 1 43.17111854 43.56639999 22.19676769
1454 1 44.86476610 52.82882846 9.00471157
1455 1 30.13615649 45.99543131 17.88784779
1456 1 33.29643526 49.44582838 15.88479209
1457 1 44.70321493 50.02116853 15.25612547
1458 1 26.66439017 51.32308109 15.74333080
1459 1 49.60676809 48.95158379 4.27773515
1460 1 49.82111376 42.58393819 11.80636822
1461 1 39.63441498 45.59926852 21.11840783
1462 1 45.93649445 48.84473491 3.33722095
1463 1 35.17750329 48.36747655 18.89479907
1464 1 36.46568909 42.43106209 10.35740690
1465 1 33.19559776 42.30119960 8.44654962
1466 1 48.35765022 46.49077178 16.87592502
1467 1 34.03714210 43.19653846 16.42261616
1468 1 49.39770187 52.29294020 17.02642537
1469 1 28.66741350 50.68253573 21.78368265
1470 1 27.53074791 43.33188038 14.33504525
1471 1 30.57910234 50.84089125 6.34903574
1472 1 26.88559912 42.22503552 9.08696702
1473 1 40.71986991 47.69953404 11.41633278
1474 1 45.59016253 46.72693521 14.49368076
1475 1 40.55251134 41.60914759 19.97361088
1476 1 26.63904881 53.04143034 1.93209908
1477 1 49.02708448 43.76694712 1.03406846
1478 1 40.76104962 48.01679303 4.20723048
1479 1 36.33159106 48.59651673 12.72790039
1480 1 50.97097797 46.22063588 12.59864183
1481 1 47.34769144 49.96637423 13.02302570
1482 1 32.29228387 47.51487725 5.22276887
1483 1 32.61169059 49.97897692 2.24213883
1484 1 39.86512695 53.15923809 7.51507448
1485 1 46.18093298 51.11047921 19.19308805
1486 1 41.67650624 49.14117207 20.86124657
1487 1 51.61823854 49.58281413 0.90571381
1488 1 48.23569492 42.09133743 15.40481801
1489 1 35.79836661 50.94664425 4.01334264
1490 1 42.01597488 43.00147075 7.47123504
1491 1 50.08086270 47.05898867 7.93132320
1492 1 34.23776120 42.20695340 2.74380666
1493 1 46.76484015 41.57517512 21.18529688
1494 1 49.11789102 50.94280865 9.26051697
1495 1 46.04419523 45.75433639 20.10060968
1496 1 30.13721238 53.65019502 19.82039882
1497 1 40.38568072 44.06283634 12.05810604
1498 1 46.80549192 49.22171969 7.05046680
1499 1 33.68711456 45.45515951 13.03432452
1500 1 45.92646350 43.36694874 6.84844381
1501 1 52.24385336 53.62005815 19.74763438
1502 1 52.48934779 43.44256487 8.60111754
1503 1 43.65313233 51.33458790 5.28920596
1504 1 41.20082780 54.78060142 17.09015074
1505 1 44.66414700 41.78503729 16.03755221
1506 1 28.67691651 53.68307160 4.97826230
1507 1 27.28947705 48.74720105 18.81389948
1508 1 50.03281970 51.53294326 21.93599081
1509 1 51.57336321 43.77681010 15.29137780
1510 1 28.00009102 51.18719123 8.99612447
1511 1 46.81921849 54.24526111 3.11847570
1512 1 44.87004555 44.00749410 42.95451703
1513 1 38.39691190 53.55649676 25.74911827
1514 1 44.03378067 45.71269272 39.30047702
1515 1 29.81569387 50.61239902 40.15692796
1516 1 31.51250911 44.97844910 28.58150772
1517 1 36.15736921 50.75541215 40.96276016
1518 1 33.29537937 50.77404221 32.72320501
1519 1 30.38006708 41.37353210 42.77554364
1520 1 49.55027797 43.25133276 26.92238826
1521 1 51.56597198 52.30773467 25.24383481
1522 1 33.66863648 49.33788361 23.81521138
1523 1 29.22281164 52.83869143 29.19887552
1524 1 37.49254212 50.00418229 23.49251694
1525 1 26.89140652 49.34007538 25.94165025
1526 1 47.15235179 47.13570069 36.69948751
1527 1 36.18482235 43.87817955 32.75574563
1528 1 33.07628219 48.35432592 27.21163818
1529 1 50.84849473 41.15435490 41.67413418
1530 1 31.97023742 46.00419839 24.40229833
1531 1 48.17128563 47.21405654 26.50839931
1532 1 52.30087143 43.63050932 30.10956081
1533 1 40.05782688 49.31760972 26.45054933
1534 1 42.14584935 53.97676904 44.43059552
1535 1 49.97896931 52.09951633 30.37666504
1536 1 48.69711885 43.16914131 36.44323016
1537 1 50.29890398 47.23487837 42.01897432
1538 1 32.04995711 45.16420177 40.10314555
1539 1 39.63230320 42.42119912 26.74567463
1540 1 44.31517536 51.80691476 29.36383836
1541 1 40.96800405 42.98941601 41.60408146
1542 1 40.36086730 41.60585993 37.93377115
1543 1 31.87784704 53.26718286 44.94446609
1544 1 51.60398402 42.30832286 33.73738754
1545 1 35.07666580 52.17896806 26.99470074
1546 1 52.04692988 50.70061785 40.71734968
1547 1 51.35057042 49.04309027 28.59958584
1548 1 35.39607253 43.82776880 44.44957755
1549 1 38.32669522 51.12089013 37.42442012
1550 1 28.50903000 46.21844411 39.53594453
1551 1 43.12413143 53.02006057 22.60216953
1552 1 41.12163605 48.03542309 31.16532302
1553 1 48.26895546 42.80311539 32.00369584
1554 1 35.90501150 53.68471542 38.56334168
1555 1 45.29292949 51.77458613 43.33189778
1556 1 33.04935700 52.85293795 40.62108369
1557 1 30.12084609 51.19705420 25.64381322
1558 1 35.90923507 45.49515935 36.43554695
1559 1 46.18938010 52.30225524 36.16347125
1560 1 42.24299123 44.58940957 33.85896290
1561 1 41.19079684 47.69843815 40.68978054
1562 1 46.90316174 53.35704551 23.12779087
1563 1 36.97990753 49.06007650 32.07148879
1564 1 27.97950117 44.58721780 27.28982605
1565 1 36.47360827 53.83649564 43.99265307
1566 1 27.94148913 41.74448951 23.38540408
1567 1 32.82181270 54.37183595 28.66014754
1568 1 37.60763413 42.36202127 23.46856343
1569 1 29.64939120 46.52474424 36.11466032
1570 1 42.53283303 45.26337946 25.45941640
1571 1 44.64408509 41.88531086 35.63604210
1572 1 36.33317490 45.62337801 40.35940290
1573 1 42.47106347 49.08747366 35.20487894
1574 1 28.03282361 46.73898996 43.48601375
1575 1 34.23670531 50.13733244 36.65203244
1576 1 30.24121754 49.10172017 29.77285583
1577 1 35.07719374 54.72361535 33.84676017
1578 1 27.38609098 47.05460513 31.59874595
1579 1 46.50825888 49.10610372 40.19308420
1580 1 39.53991283 45.63707658 28.74963424
1581 1 42.98000245 49.54555400 24.23552767
1582 1 48.80270785 43.91817939 40.10540531
1583 1 37.55114401 50.05788071 28.65472411
1584 1 32.91050747 45.70502152 34.48717757
1585 1 51.08818176 48.94117287 37.43888261
1586 1 41.62529558 42.10558395 30.98770549
1587 1 39.47075204 44.36968442 35.84800805
1588 1 41.57038930 52.08472186 32.58083982
1589 1 47.90361752 51.18938300 27.21660966
1590 1 46.71415743 47.38063121 44.34020492
1591 1 28.97362160 52.13787234 33.56654931
1592 1 45.92435171 52.54663781 32.78647843
1593 1 45.73904302 45.62611772 28.64975262
1594 1 40.67657842 53.83485181 37.86778601
1595 1 31.08645749 44.77461430 44.64708101
1596 1 28.11307125 42.32147349 39.04738334
1597 1 29.38330692 54.49293135 42.33172579
1598 1 33.28957197 48.51706499 40.25771348
1599 1 40.69980800 52.66334967 29.16362318
1600 1 27.87338422 42.98722424 33.14487716
1601 1 49.06773624 52.26061157 38.81914708
1602 1 52.28080952 45.36420097 37.20929049
1603 1 38.76964107 54.15320669 41.09653824
1604 1 46.57108434 49.05952856 30.78387469
1605 1 37.77604858 46.02502023 24.71866543
1606 1 46.85459081 49.97240160 24.12073161
1607 1 43.20649085 47.94720427 44.38178460
1608 1 41.96318038 51.35047825 41.20139134
1609 1 28.48104891 45.46940603 23.35195956
1610 1 49.99322383 48.34336706 32.78105500
1611 1 45.17097420 46.32638888 33.11369240
1612 1 35.47156866 45.26666712 27.80957200
1613 1 33.06519535 53.67759217 24.03847616
1614 1 33.29485143 42.11161132 30.23610765
1615 1 48.85867003 44.66721747 23.53726029
1616 1 44.32679014 41.84421514 26.99605660
1617 1 51.40283698 48.57240724 22.81910697
1618 1 52.10236410 54.40306870 35.22612073
1619 1 33.96692541 47.67652043 44.25975729
1620 1 32.37833890 41.54942180 34.07680425
