1 40
1 84
1 218
1 250
2 26
2 33
2 56
2 68
2 91
2 95
3 16
3 28
3 51
3 77
3 901
3 904
4 41
4 71
4 196
5 16
5 32
5 39
5 41
5 42
5 48
5 77
5 97
6 10
6 19
6 22
6 26
6 37
6 53
6 68
6 89
7 27
7 36
7 55
7 79
7 80
7 705
7 868
7 1486
8 10
8 25
8 31
8 38
8 46
8 60
8 65
8 86
9 12
9 75
9 86
9 94
9 662
10 12
10 19
10 31
10 53
10 60
10 82
10 86
11 32
11 48
11 49
11 69
12 17
12 22
12 23
12 48
12 69
12 94
13 19
13 36
13 40
13 43
13 80
13 82
14 48
14 49
14 60
14 77
14 88
14 99
15 21
15 31
15 53
15 90
15 109
15 203
15 229
15 257
16 32
16 39
16 45
16 97
16 839
17 19
17 23
17 26
17 43
17 47
17 54
17 94
18 50
18 61
18 70
18 73
18 153
18 205
19 26
19 43
19 82
19 84
20 54
20 92
20 100
20 123
20 134
20 894
21 31
21 73
21 98
21 110
21 161
22 26
22 33
22 37
22 48
22 68
23 35
23 41
23 69
23 71
23 94
24 25
24 30
24 49
24 63
24 66
24 75
25 60
25 63
25 65
25 75
25 85
25 98
26 68
26 91
27 55
27 79
27 124
27 181
27 838
27 932
27 1008
28 29
28 39
28 77
28 116
28 228
28 296
29 39
29 163
29 826
30 49
30 64
30 70
31 46
31 52
31 53
32 51
32 97
32 615
32 676
33 35
33 48
33 87
33 88
33 215
34 44
34 47
34 72
34 84
34 814
34 847
34 852
35 41
35 42
35 141
36 40
36 824
36 838
37 52
37 53
37 251
37 258
37 289
38 46
38 62
38 79
38 82
38 86
39 42
39 45
39 163
40 57
40 82
41 42
41 48
41 69
41 97
42 139
42 141
42 187
43 44
43 62
43 86
44 47
44 83
44 92
45 138
45 163
45 826
46 59
46 110
46 203
47 54
47 92
47 95
49 60
49 64
50 70
50 81
50 115
50 197
50 825
50 856
50 874
50 895
51 64
51 883
51 901
51 904
52 53
52 60
52 61
52 73
52 289
53 57
53 89
53 251
54 71
54 92
54 100
54 130
55 79
55 699
55 1008
56 95
56 130
56 141
56 156
56 166
56 200
56 204
57 82
57 89
57 90
57 229
57 291
58 67
58 72
58 95
58 204
58 243
58 906
59 65
59 93
59 110
59 154
59 184
59 640
61 70
61 73
61 205
61 289
62 80
62 86
62 663
62 667
62 699
62 705
63 65
63 75
63 85
63 640
63 665
63 692
64 99
64 856
64 883
64 904
65 75
65 640
65 663
65 685
65 686
66 101
66 665
66 695
66 860
67 95
67 198
67 200
67 204
67 243
67 292
67 386
67 906
68 89
68 91
68 215
68 258
68 277
69 655
69 672
69 676
70 73
71 94
72 84
72 218
72 847
72 852
73 98
73 205
74 76
74 78
74 90
74 181
74 202
74 226
74 838
74 984
75 655
75 685
76 226
76 262
76 838
76 984
76 1067
76 1084
77 88
77 99
77 296
78 79
78 90
78 124
78 202
78 203
79 124
80 96
80 705
80 849
80 893
81 197
81 825
81 874
81 882
81 943
83 94
83 100
83 622
83 662
84 91
84 218
85 98
85 101
85 104
85 154
85 197
86 663
87 187
87 228
87 261
87 329
88 215
88 225
88 228
88 261
88 294
89 251
89 291
90 202
90 226
90 229
91 95
91 243
91 277
92 100
92 905
93 195
93 686
93 765
93 779
94 662
94 672
95 200
95 204
95 243
96 684
96 814
96 849
96 877
96 1514
97 615
97 637
97 676
98 154
99 225
99 249
99 299
101 104
101 665
101 747
101 821
102 108
102 114
102 121
102 137
102 140
102 171
102 184
102 790
102 805
103 113
103 117
103 118
103 149
103 157
103 171
103 178
103 188
104 107
104 148
104 154
104 197
105 179
105 191
105 396
105 1009
106 147
106 156
106 200
106 301
106 313
106 371
107 199
107 807
107 917
107 943
108 111
108 121
108 125
108 140
108 143
108 180
108 188
108 728
108 805
109 151
109 189
109 257
109 309
109 351
110 184
110 195
110 203
111 121
111 174
111 180
111 785
111 789
112 132
112 146
112 159
112 162
112 164
112 190
113 140
113 149
113 165
113 171
113 188
114 121
114 137
114 144
114 148
114 184
114 716
114 782
114 793
114 805
115 145
115 197
115 845
115 874
115 943
116 160
116 190
116 228
116 270
116 329
116 348
116 957
117 127
117 175
117 176
117 178
117 183
117 767
117 934
118 127
118 143
118 169
118 171
118 749
118 767
118 790
119 125
119 133
119 139
119 158
119 174
119 180
119 193
120 122
120 145
120 148
120 153
120 161
120 167
120 197
121 137
121 140
121 144
121 793
121 805
122 135
122 153
122 161
122 167
122 192
122 316
122 393
122 401
123 130
123 134
123 142
123 176
124 181
124 195
124 203
125 133
125 158
125 180
125 185
125 188
126 132
126 145
126 159
126 164
126 167
126 192
126 983
127 131
127 169
127 722
127 727
127 767
128 133
128 135
128 159
128 193
128 379
129 138
129 162
129 163
129 190
129 935
130 141
131 169
131 961
131 1008
131 1589
131 1605
132 136
132 146
132 152
132 170
132 194
132 199
133 135
133 146
133 193
134 142
134 724
134 803
135 167
135 189
135 316
136 138
136 162
136 170
136 174
136 194
136 804
137 140
137 148
137 161
137 184
138 162
138 163
138 928
139 162
139 163
139 187
139 196
140 171
140 188
141 156
141 158
141 196
142 175
142 176
142 198
143 183
143 188
143 728
143 749
143 805
144 148
144 152
144 729
144 782
144 793
145 192
145 983
145 992
146 152
146 167
147 156
147 177
147 185
147 193
147 371
148 154
148 184
148 782
149 157
149 168
149 173
149 178
149 179
149 201
150 166
150 168
150 186
150 345
150 386
151 165
151 179
151 189
151 201
151 339
151 351
151 396
152 199
153 161
153 197
153 401
154 184
154 640
155 158
155 172
155 180
155 183
155 728
155 796
155 800
156 158
156 185
156 187
156 193
157 171
157 179
157 182
157 191
158 172
158 180
158 196
159 164
159 167
159 192
159 381
160 187
160 190
160 193
160 329
161 189
162 163
162 190
163 190
164 381
164 970
165 171
165 179
165 189
166 168
166 185
166 200
166 204
167 192
168 177
168 185
168 186
169 195
169 736
169 765
169 790
170 194
170 199
170 761
170 926
170 1613
171 195
172 196
172 608
172 796
172 800
173 178
173 182
173 191
173 931
173 956
174 180
174 771
174 789
175 176
175 178
175 925
175 934
175 937
175 956
175 991
176 178
176 183
177 201
177 371
177 379
177 394
178 182
178 934
179 202
180 728
180 771
180 785
180 796
181 838
181 932
181 1006
182 191
182 912
182 934
182 956
182 961
182 1006
183 188
183 728
183 767
183 791
186 201
186 345
186 357
187 193
187 329
189 393
190 381
190 957
191 912
191 971
191 1006
191 1009
192 354
192 992
194 199
194 926
194 935
197 943
198 204
198 894
198 916
199 761
199 917
199 926
200 204
200 243
200 345
200 376
200 386
201 340
201 394
202 203
205 283
206 244
206 248
206 255
206 290
206 295
206 453
207 213
207 217
207 234
207 238
207 263
207 273
207 280
208 246
208 273
208 284
208 297
208 430
208 489
209 213
209 221
209 239
209 300
209 398
210 264
210 275
210 279
210 282
210 463
210 1039
211 214
211 237
211 243
211 292
211 293
211 1072
212 217
212 242
212 246
212 273
212 304
213 273
213 286
213 291
214 224
214 237
214 271
214 284
215 236
215 252
215 258
215 261
215 301
216 233
216 245
216 252
216 253
216 256
216 261
216 269
216 278
216 294
217 238
217 246
217 266
217 276
217 280
217 281
218 250
218 852
218 1031
218 1072
219 231
219 268
219 284
219 475
220 222
220 256
220 264
220 274
220 414
221 239
221 273
221 287
221 304
221 465
221 496
222 253
222 279
222 410
222 425
223 251
223 257
223 259
223 263
223 280
223 289
224 284
224 288
224 297
224 1019
224 1034
224 1050
225 233
225 240
225 252
225 254
225 294
226 229
226 262
226 352
227 240
227 244
227 254
227 259
227 274
227 281
228 261
228 270
228 294
228 296
228 329
229 263
229 309
230 235
230 267
230 295
230 1041
231 236
231 245
231 246
231 268
231 276
231 278
232 239
232 286
232 430
232 496
232 1023
232 1254
232 1263
233 240
233 247
233 252
233 256
233 282
233 294
234 241
234 259
234 263
234 272
234 280
235 267
235 283
235 290
235 338
235 1029
235 1047
236 252
236 258
236 261
236 278
236 285
236 301
237 277
237 285
237 293
238 246
238 258
238 276
239 286
239 287
239 300
239 1023
239 1075
239 1101
240 254
240 267
240 282
241 248
241 266
241 304
241 465
241 484
242 268
242 404
242 414
242 475
242 489
243 277
244 259
244 265
244 290
245 256
245 268
245 278
245 303
246 271
246 273
246 284
247 275
247 282
247 294
247 296
247 1044
248 255
248 259
248 272
248 418
248 484
249 296
249 299
249 850
249 871
249 904
249 1044
250 271
250 291
251 257
251 280
252 254
252 256
252 258
252 261
252 276
252 294
253 269
253 384
253 403
254 281
254 289
255 265
255 290
255 310
255 365
255 378
255 392
256 276
257 263
257 298
258 276
259 265
259 280
259 281
260 272
260 287
260 465
261 294
261 329
262 1067
262 1075
262 1084
262 1101
263 280
263 298
264 274
264 279
264 295
264 432
264 453
264 463
265 298
265 372
265 378
265 392
266 274
266 281
266 414
266 484
266 487
267 299
267 1047
268 303
268 414
268 475
269 270
269 294
269 360
269 403
270 294
270 296
270 348
270 360
270 1167
271 273
271 277
271 291
272 310
272 318
272 337
272 344
272 418
273 286
274 281
274 453
275 279
275 282
275 1095
276 281
278 285
278 331
278 399
279 282
279 425
279 467
280 281
283 290
283 338
283 1029
284 475
284 489
285 293
285 301
286 1023
286 1049
286 1101
287 416
287 465
287 491
287 496
287 511
288 334
288 370
288 581
288 1019
288 1202
290 338
290 364
290 392
292 386
292 906
292 1072
292 1074
292 1178
292 1186
293 332
293 376
294 296
295 453
295 463
295 1064
297 430
297 448
297 1037
297 1050
297 1085
297 1284
298 318
298 351
298 372
299 871
300 311
300 1075
300 1088
300 1197
300 1250
302 364
302 471
302 1064
302 1212
302 1288
303 305
303 399
303 456
303 482
303 579
304 419
304 465
304 496
305 403
305 510
305 533
305 579
306 339
306 346
306 356
306 358
306 383
306 391
306 394
307 313
307 350
307 361
307 362
307 379
308 333
308 336
308 342
308 349
308 374
308 377
308 380
309 337
309 339
309 351
309 368
310 344
310 365
310 378
310 385
310 418
310 512
310 567
311 328
311 390
311 398
311 564
311 1197
312 334
312 335
312 347
312 363
312 561
312 574
312 581
312 588
313 329
313 331
314 364
314 373
314 377
314 547
314 578
314 1146
314 1327
315 319
315 320
315 325
315 336
315 388
315 1122
316 387
316 391
316 393
317 332
317 343
317 357
317 359
317 363
317 1178
318 337
318 344
318 351
318 372
318 378
318 383
319 325
319 384
319 402
319 508
319 597
319 1122
319 1126
320 325
320 348
320 360
320 362
320 384
321 342
321 381
321 1196
322 336
322 341
322 346
322 350
322 362
322 388
322 542
323 354
323 366
323 373
323 377
323 1135
323 1168
324 327
324 344
324 358
324 397
324 530
325 1122
325 1210
326 357
326 359
326 395
326 931
326 1156
326 1163
327 328
327 355
327 397
328 355
328 368
328 390
328 395
328 1181
329 360
330 332
330 334
330 399
331 350
331 362
331 399
332 334
332 363
332 370
332 376
333 336
333 346
333 349
333 374
333 383
333 385
333 387
333 391
334 588
335 343
335 347
335 355
335 363
335 548
335 572
336 380
337 368
337 398
338 364
338 366
338 1166
339 340
339 351
339 368
339 391
339 394
339 396
340 356
340 394
340 395
340 396
341 346
341 358
341 367
341 505
341 521
341 542
341 556
342 1118
343 359
343 363
343 367
343 375
344 512
344 530
345 371
345 376
345 386
346 383
346 387
347 363
347 370
347 548
347 1114
347 1152
348 360
348 1167
349 366
349 372
349 377
349 378
349 392
350 356
350 362
350 375
351 372
351 393
352 368
352 396
352 398
352 400
353 369
353 508
353 560
353 1122
353 1415
354 992
354 1150
355 390
355 397
356 371
356 375
356 394
357 359
357 1182
358 367
358 385
358 500
358 505
358 530
359 395
360 362
361 381
361 387
362 388
363 370
364 377
364 1166
365 378
365 525
365 567
366 377
366 389
366 392
367 375
367 500
368 396
368 398
369 373
369 380
369 1141
369 1327
370 1178
370 1202
371 376
371 379
372 378
372 383
372 392
372 393
373 377
373 1135
373 1141
373 1327
374 380
374 385
374 547
376 386
377 547
378 392
379 387
379 394
380 547
380 592
382 542
382 559
383 391
384 388
384 402
384 403
385 505
385 556
387 391
388 403
388 510
388 542
388 592
389 401
389 845
390 564
390 1181
390 1194
390 1197
391 393
391 394
393 401
395 396
395 1181
397 500
397 530
397 564
398 400
400 1075
400 1148
400 1197
402 425
402 597
402 1030
404 419
404 450
404 461
404 489
405 410
405 432
405 438
405 460
405 464
405 467
405 488
406 413
406 423
406 448
406 574
406 581
406 1311
406 1388
407 438
407 439
407 446
407 447
407 476
407 537
407 620
407 670
407 690
408 409
408 426
408 434
408 451
408 462
408 480
408 658
409 426
409 457
409 689
410 432
410 456
410 460
411 434
411 440
411 450
411 485
411 492
412 421
412 424
412 429
412 432
412 472
413 443
413 448
413 475
413 482
413 489
414 427
414 487
415 419
415 479
415 481
415 496
416 441
416 459
416 465
416 474
416 479
416 481
416 496
416 511
417 420
417 474
417 477
417 484
417 487
417 490
418 474
418 477
418 567
419 479
419 490
419 496
420 424
420 426
420 429
420 490
421 436
421 437
421 471
421 472
421 486
421 497
421 529
422 423
422 443
422 448
422 461
422 485
422 493
423 443
423 470
423 485
423 493
423 499
424 429
424 432
424 460
424 476
424 487
425 467
425 1223
426 455
426 478
427 447
427 450
427 456
427 460
428 429
428 457
428 469
428 476
428 623
428 646
428 690
429 457
429 476
429 483
429 623
430 1085
430 1219
430 1254
431 532
431 599
431 675
431 697
432 453
432 463
432 487
433 434
433 440
433 452
433 462
433 473
433 654
434 451
434 462
434 479
434 490
435 436
435 437
435 504
435 529
435 703
436 529
436 1253
436 1262
436 1396
437 468
437 478
437 696
438 444
438 464
438 488
438 494
438 532
438 599
438 697
439 447
439 476
439 480
439 492
439 620
440 462
440 473
440 485
440 653
440 700
441 455
441 459
441 474
441 511
441 519
442 483
442 607
442 1253
442 1304
442 1436
443 450
443 482
443 485
444 488
444 494
444 599
444 1225
444 1306
445 456
445 514
445 532
445 533
446 447
446 454
446 492
446 499
447 456
447 460
447 476
447 492
448 461
448 489
448 1284
448 1311
449 464
449 467
449 498
449 1240
449 1242
449 1265
450 485
450 492
451 455
451 459
451 466
451 495
451 658
451 680
452 473
452 1227
452 1239
452 1266
452 1308
453 463
453 472
453 484
453 487
454 537
454 570
454 670
454 674
454 776
455 459
455 474
455 495
456 460
456 482
456 579
457 480
457 623
457 646
458 466
458 481
458 539
458 1227
458 1295
458 1300
458 1330
459 466
459 479
459 519
460 476
461 489
462 609
462 649
462 658
462 700
463 472
463 498
463 1218
464 469
464 476
465 474
465 496
466 595
466 654
466 680
466 1295
466 1308
467 498
467 1223
468 478
468 623
468 689
468 696
469 483
469 494
469 619
469 698
470 570
470 610
470 613
470 674
471 472
471 486
471 529
471 1212
472 486
472 497
473 1219
473 1239
473 1258
473 1266
474 477
475 482
475 489
477 484
477 486
477 516
477 567
477 601
478 527
478 601
479 481
479 496
480 492
481 491
481 496
483 607
483 623
483 1242
483 1304
484 486
484 487
485 492
486 567
486 601
488 553
491 1250
491 1263
491 1300
492 620
492 700
493 1222
493 1258
493 1281
494 599
494 619
494 697
494 701
494 1306
495 586
495 680
495 774
495 812
497 1212
497 1218
497 1242
498 1218
498 1265
499 535
499 568
499 570
500 521
500 530
500 572
500 582
501 546
501 552
501 594
501 598
501 759
501 783
502 504
502 525
502 540
502 550
502 565
502 601
503 507
503 560
503 594
503 1314
503 1350
503 1352
503 1398
504 527
504 598
505 521
505 555
505 556
505 573
506 532
506 536
506 545
506 584
506 589
506 599
507 536
507 552
507 584
507 589
507 594
507 1314
507 1398
508 592
508 597
508 1122
509 548
509 572
509 575
509 1320
509 1355
510 533
510 553
511 519
511 526
511 539
511 564
512 516
512 530
512 573
513 520
513 534
513 549
513 555
513 569
513 582
514 515
514 533
514 559
514 568
514 579
515 524
515 545
515 549
515 557
515 568
515 600
516 523
516 543
516 550
516 567
516 573
517 520
517 535
517 541
517 549
517 557
517 568
517 590
518 545
518 600
518 732
518 733
518 780
519 587
520 541
520 572
520 582
520 590
520 596
521 555
521 590
522 541
522 554
522 591
522 593
522 596
522 1362
523 543
523 550
523 555
523 562
523 569
523 571
523 573
523 577
524 528
524 544
524 545
524 559
524 589
525 550
525 563
525 565
525 567
525 601
526 530
526 539
526 564
526 582
527 586
527 696
528 542
528 544
528 551
528 556
529 540
529 578
529 1372
530 573
531 534
531 554
531 596
531 1364
532 545
532 599
533 553
533 579
534 566
534 575
534 585
535 541
535 570
535 593
536 544
536 580
536 584
536 589
536 1399
537 545
537 675
537 776
538 584
538 744
538 799
538 1314
538 1344
538 1524
539 575
539 587
539 1330
539 1373
540 565
540 598
540 1374
541 561
541 574
541 596
542 556
542 559
542 592
543 562
543 571
543 586
544 551
544 589
544 592
546 558
546 571
546 576
546 711
546 732
547 563
547 578
547 1327
548 561
548 572
548 1188
548 1355
549 555
549 569
550 563
550 567
550 577
551 552
551 556
551 563
551 577
551 592
552 565
552 577
553 580
553 597
554 591
554 1569
554 1598
555 569
555 573
555 577
556 592
557 570
557 600
557 758
557 798
558 562
558 569
558 576
558 583
558 735
558 742
558 802
559 568
559 579
560 1327
560 1350
560 1410
561 574
561 596
561 1323
561 1388
562 569
562 571
562 585
562 586
562 757
562 802
563 565
563 577
566 575
566 587
566 1385
566 1409
567 601
569 576
569 583
570 674
570 708
570 758
571 586
571 757
572 590
574 581
574 588
574 590
575 1320
575 1373
575 1409
576 577
576 732
578 1318
578 1327
578 1372
580 597
580 599
580 1225
580 1344
580 1400
581 1019
581 1152
581 1311
581 1388
583 600
583 770
583 802
584 589
584 783
585 802
585 812
586 757
586 774
587 595
588 590
591 798
593 610
593 708
593 809
593 1222
594 598
594 783
594 1314
594 1352
594 1531
595 709
595 1295
595 1385
595 1512
596 1362
596 1364
597 1400
597 1413
598 756
598 759
598 1386
599 744
600 797
602 603
602 629
602 632
602 646
602 651
602 656
602 670
602 690
603 639
603 645
603 651
603 666
603 690
603 697
603 698
604 606
604 611
604 616
604 634
604 667
604 705
604 1491
604 1498
605 612
605 623
605 639
605 646
605 647
605 671
605 698
606 611
606 630
606 634
606 657
606 678
606 1491
607 623
607 660
607 1304
608 627
608 740
608 800
609 700
610 613
610 625
610 708
610 809
610 1222
611 624
611 634
611 649
611 667
611 678
611 693
612 639
612 647
612 659
612 681
612 695
613 625
613 638
613 674
613 694
613 775
614 634
614 654
614 657
614 1266
614 1423
614 1452
614 1491
615 637
615 676
615 679
615 704
615 1508
616 691
616 699
616 705
616 1486
616 1498
616 1518
617 621
617 643
617 677
617 687
617 1437
617 1513
618 637
618 679
618 702
618 734
618 750
619 645
619 660
619 698
619 1306
619 1469
619 1492
619 1501
620 656
620 670
620 700
621 643
621 671
621 673
621 682
621 687
621 692
622 662
622 667
622 678
623 646
623 671
624 648
624 661
624 667
624 669
624 693
625 694
625 775
625 808
625 809
625 1483
626 630
626 668
626 683
626 684
626 694
626 1445
626 1463
626 1466
626 1493
627 632
627 635
627 642
627 656
627 666
627 670
627 778
628 661
628 669
628 671
628 685
629 632
629 641
629 662
629 688
630 633
630 638
630 678
630 694
631 664
631 673
631 686
631 754
631 774
632 641
632 651
632 656
632 672
633 638
633 641
633 650
633 656
633 678
633 700
634 649
634 691
634 693
634 1491
635 637
635 651
635 666
635 672
635 740
636 650
636 683
636 725
637 676
637 679
638 653
638 700
639 645
639 651
639 659
639 698
640 686
640 716
640 751
641 650
641 656
641 662
641 678
642 644
642 670
642 675
642 776
642 778
643 665
643 677
643 681
643 692
643 695
644 650
644 674
644 725
644 758
644 775
645 659
645 698
645 701
645 702
645 1469
645 1472
646 671
647 655
647 671
647 688
647 692
647 695
648 661
648 667
648 693
648 699
649 654
649 658
649 680
649 693
650 656
650 725
651 666
652 654
652 680
652 691
652 693
652 741
652 1512
653 657
654 680
654 1266
654 1308
655 676
655 688
655 692
655 695
656 670
657 1446
657 1475
657 1491
658 669
658 680
658 693
659 679
659 698
659 1469
659 1507
659 1508
660 698
660 1304
660 1492
660 1507
661 663
661 664
661 669
661 685
661 686
662 688
663 667
663 685
664 669
664 741
664 755
664 774
665 682
665 692
665 695
665 751
666 675
666 702
666 717
666 778
667 699
667 705
668 683
668 724
668 1445
668 1463
668 1547
669 689
669 693
670 675
670 690
672 676
672 688
673 682
673 687
673 689
673 696
673 719
673 754
674 700
675 690
675 697
675 752
675 778
677 747
677 1437
677 1513
677 1533
679 702
679 1508
680 693
681 695
681 1507
682 692
682 719
682 751
683 694
683 724
683 725
683 772
684 1463
684 1493
685 688
685 692
686 779
687 696
687 703
687 710
687 719
690 697
691 693
691 714
691 1504
691 1518
692 695
694 1445
694 1446
697 701
699 705
701 702
701 748
701 1432
701 1472
701 1532
702 1472
703 756
703 1237
703 1436
703 1513
703 1568
704 858
704 1485
704 1508
705 849
705 1486
705 1498
706 709
706 737
706 745
706 792
707 712
707 725
707 762
707 772
707 784
708 775
708 798
708 809
709 741
709 792
709 806
709 812
710 719
710 730
710 754
710 759
710 768
710 781
711 742
711 754
711 757
711 768
711 781
712 737
712 760
712 762
712 798
712 801
712 810
713 723
713 726
713 729
713 753
713 769
713 785
713 786
713 789
713 793
714 731
714 765
714 766
714 1518
715 728
715 769
715 784
715 787
715 794
716 751
716 779
716 782
716 793
717 740
717 748
717 752
717 778
717 788
718 743
718 748
718 788
718 1524
718 1532
718 1541
718 1575
719 730
719 747
719 751
719 754
719 768
720 722
720 727
720 767
720 795
720 927
720 1529
720 1562
720 1607
720 1609
721 726
721 742
721 749
721 763
721 764
721 770
721 787
722 727
722 766
722 927
722 1562
722 1605
723 739
723 743
723 773
723 788
723 811
724 725
724 772
724 800
724 803
725 775
725 800
726 749
726 769
726 805
727 736
727 745
727 760
727 763
727 766
727 767
727 795
727 1562
728 784
728 785
728 796
729 753
729 761
729 782
729 789
729 793
729 807
730 746
730 747
730 753
730 768
730 781
731 736
731 741
731 755
731 765
731 766
731 792
732 733
732 735
732 786
733 738
733 752
733 769
733 780
733 786
733 788
734 804
734 888
734 1541
734 1563
735 742
735 769
735 786
735 787
735 797
736 765
736 766
736 790
737 745
737 760
737 770
737 810
738 769
738 771
738 780
738 785
738 788
738 794
739 746
739 761
739 773
739 777
739 811
739 1521
739 1611
740 750
740 778
740 794
741 755
741 812
742 757
742 802
743 788
743 804
743 811
743 1541
744 748
744 1344
744 1524
744 1532
745 760
745 766
745 792
745 1550
745 1562
746 753
746 777
746 1545
746 1611
747 807
747 1545
748 752
748 788
748 1532
749 763
749 767
749 790
749 805
750 771
751 782
752 778
752 780
752 788
753 768
753 781
753 793
754 757
754 768
754 774
755 757
755 764
755 774
755 792
755 812
756 1513
756 1568
757 774
758 762
758 775
758 776
758 798
759 773
759 777
759 781
759 783
759 1531
760 763
760 770
760 795
760 810
761 807
761 917
761 1527
762 787
762 797
762 798
763 767
763 784
763 787
763 791
764 779
765 779
767 791
768 781
769 785
769 786
770 787
770 792
770 802
771 785
771 789
771 796
772 803
772 808
773 777
773 781
773 783
773 786
773 799
774 812
776 780
776 797
777 799
777 1521
777 1526
777 1531
778 780
778 794
779 790
780 794
780 797
781 786
782 793
782 807
783 799
784 791
784 800
785 789
785 796
787 797
790 805
791 803
792 802
793 805
794 796
795 810
795 1529
795 1562
795 1607
799 1314
799 1526
799 1531
801 808
801 809
801 810
801 1569
801 1586
803 808
803 1607
804 811
804 1541
804 1606
804 1613
806 1512
806 1536
806 1550
808 1558
808 1607
809 1569
810 1562
810 1586
810 1598
811 1521
811 1592
811 1606
811 1613
813 838
813 867
813 868
813 878
813 922
813 932
814 847
814 877
814 893
814 905
815 827
815 875
815 987
815 1007
815 1098
816 836
816 841
816 858
816 880
817 820
817 823
817 824
817 865
817 867
817 872
817 878
818 861
818 865
818 867
818 868
818 872
818 873
818 1503
818 1515
819 833
819 879
819 897
819 1424
819 1433
819 1505
820 843
820 900
820 1025
821 857
821 860
821 882
821 1467
821 1533
822 840
822 844
822 886
822 897
822 913
822 969
822 980
823 827
823 843
823 876
823 878
823 1058
824 842
824 893
825 832
825 856
825 857
825 874
825 882
826 837
826 839
826 888
826 899
826 928
826 1013
827 878
827 889
827 908
827 1007
827 1076
828 837
828 839
828 881
828 902
828 1417
828 1485
829 844
829 894
829 906
829 916
829 949
830 853
830 859
830 864
830 880
830 881
830 892
830 898
831 838
831 878
831 908
831 1067
831 1083
832 856
832 870
832 874
832 887
832 895
833 842
833 859
833 872
833 897
833 903
833 1505
834 840
834 852
834 1031
834 1035
834 1053
835 851
835 884
835 921
835 978
835 1086
835 1107
835 1184
836 841
836 848
836 875
836 876
836 885
837 839
837 853
837 901
837 902
837 1013
838 932
838 984
839 888
839 901
839 902
840 844
840 854
840 897
840 903
841 848
841 1489
842 872
842 877
842 893
842 903
843 846
843 864
843 866
843 869
844 879
844 894
844 909
844 949
844 980
845 874
845 887
845 895
845 952
845 1029
845 1066
845 1133
846 864
846 866
846 890
846 907
846 1017
846 1046
847 852
847 877
847 879
847 905
848 865
848 891
848 1489
848 1516
849 868
849 893
849 1486
849 1498
849 1514
850 855
850 884
850 904
850 1044
851 853
851 855
851 884
851 892
851 1017
851 1021
851 1086
851 1107
853 892
853 1013
854 862
854 892
854 903
854 969
855 884
855 890
855 901
855 904
856 883
856 895
857 882
857 995
857 1467
857 1516
858 860
858 1487
859 864
859 898
859 1505
859 1510
860 1467
861 865
861 872
861 873
861 1489
861 1502
861 1515
862 944
862 990
862 1017
862 1097
862 1109
862 1165
863 881
863 892
863 898
863 913
863 948
864 880
864 890
864 896
865 867
865 872
865 873
865 876
866 869
866 907
866 1046
866 1058
866 1099
867 868
867 873
867 878
867 1503
868 893
868 1486
868 1503
869 870
869 875
869 876
869 896
870 887
870 910
870 1059
870 1093
871 904
871 910
871 1059
871 1069
873 1418
873 1440
873 1454
873 1503
873 1515
874 882
874 895
874 919
874 943
875 876
875 885
875 889
875 987
875 999
877 879
877 893
877 905
877 1514
878 908
878 933
879 897
879 905
879 909
879 1444
879 1463
880 890
880 896
881 898
881 1494
881 1509
881 1510
882 919
882 943
882 946
882 995
883 901
883 904
885 891
885 919
885 995
885 999
886 913
886 1424
886 1431
886 1444
886 1468
886 1578
886 1603
887 895
887 1059
887 1093
887 1133
888 899
888 928
888 1417
888 1563
889 891
889 924
889 940
889 965
889 999
890 896
890 907
891 965
891 999
891 1011
894 909
894 949
895 1029
895 1059
897 898
897 903
898 1505
899 928
899 979
899 1004
899 1013
899 1417
899 1494
899 1563
900 1025
900 1031
900 1056
900 1083
901 902
901 904
902 1485
905 909
905 1463
906 916
906 1072
906 1074
907 910
907 1021
907 1046
908 933
908 968
908 984
908 1076
908 1148
908 1154
909 980
909 1463
910 1069
910 1099
911 923
911 963
911 976
911 982
911 1001
911 1620
912 956
912 968
912 971
912 985
912 1006
913 936
913 942
913 1431
913 1578
914 920
914 938
914 948
914 973
914 990
915 925
915 930
915 947
915 956
915 962
915 991
915 1000
915 1005
916 949
916 991
916 1186
917 926
917 963
917 1527
918 965
918 976
918 999
918 1002
919 946
919 960
919 987
919 995
920 942
920 948
920 953
920 989
921 958
921 978
921 1013
921 1139
922 932
922 955
922 993
922 1008
922 1528
923 935
923 954
923 963
923 973
923 977
923 996
923 1001
924 940
924 955
924 965
924 993
924 1454
925 930
925 934
925 962
925 1582
925 1609
926 963
926 1001
926 1527
926 1613
927 930
927 934
927 961
927 1581
927 1585
927 1605
927 1609
928 979
928 997
928 1563
929 944
929 949
929 967
929 969
929 1000
930 934
930 956
930 1003
930 1581
930 1609
931 937
931 956
931 971
931 974
931 985
931 1163
932 933
932 955
932 1006
932 1008
933 955
933 968
934 956
935 970
935 997
935 1001
936 942
936 1004
936 1431
936 1574
936 1590
937 956
937 991
938 1139
938 1144
938 1165
939 954
939 959
939 970
939 1120
939 1150
939 1196
940 951
940 955
940 965
940 966
940 981
941 942
941 986
941 1005
941 1012
941 1554
941 1574
942 948
942 1005
943 946
944 967
944 1053
944 1097
944 1165
944 1187
944 1207
945 952
945 954
945 960
945 977
945 983
945 992
945 1010
946 960
946 995
947 953
947 956
947 966
947 985
947 989
947 1000
948 990
948 996
949 962
949 980
949 991
950 975
950 989
950 994
950 1125
951 953
951 966
951 972
951 976
951 981
951 994
952 960
952 992
952 1010
952 1133
952 1168
953 966
953 986
953 989
954 970
954 977
954 983
955 993
957 978
957 1167
958 970
958 973
958 978
958 1120
958 1139
959 973
959 977
959 1195
959 1198
960 983
961 1006
961 1605
962 980
962 991
962 1547
962 1582
963 1620
964 976
964 986
964 1002
964 1551
964 1583
964 1616
965 999
965 1011
965 1616
966 972
966 985
966 1003
967 989
967 990
967 1000
967 1165
968 971
968 984
968 1009
968 1148
968 1154
968 1176
969 990
970 1196
971 985
971 1009
971 1156
971 1176
972 981
972 985
972 994
972 1158
972 1162
973 996
974 975
974 1000
974 1163
974 1182
974 1187
975 985
975 989
975 1125
975 1158
975 1163
976 977
976 986
977 988
979 997
979 1001
979 1004
979 1563
979 1606
980 1005
980 1547
980 1582
981 987
981 988
981 1007
981 1143
981 1162
982 996
982 1001
982 1590
982 1593
984 1009
984 1148
985 989
986 1012
987 988
987 999
987 1007
987 1143
987 1206
988 1010
988 1143
988 1206
989 1000
990 1165
991 1000
991 1005
992 1150
992 1168
993 1003
993 1528
993 1584
993 1605
994 1112
994 1143
994 1162
994 1172
995 998
996 997
996 1001
997 1001
997 1013
998 1011
998 1441
998 1516
998 1564
998 1610
1000 1005
1002 1537
1002 1551
1002 1564
1002 1616
1002 1620
1003 1581
1004 1431
1004 1494
1004 1577
1007 1143
1007 1162
1008 1589
1009 1156
1010 1143
1010 1183
1010 1195
1010 1206
1011 1516
1011 1519
1011 1614
1012 1551
1012 1557
1012 1574
1012 1583
1012 1590
1012 1612
1014 1018
1014 1034
1014 1043
1014 1092
1014 1096
1015 1051
1015 1054
1015 1077
1015 1090
1015 1102
1015 1104
1015 1175
1015 1209
1016 1039
1016 1041
1016 1042
1016 1065
1016 1105
1017 1021
1017 1027
1017 1046
1017 1107
1018 1034
1018 1074
1018 1096
1018 1151
1018 1153
1018 1202
1018 1207
1019 1034
1019 1037
1019 1152
1019 1202
1019 1284
1019 1311
1020 1040
1020 1051
1020 1089
1020 1106
1021 1081
1021 1086
1021 1107
1022 1054
1022 1056
1022 1067
1022 1076
1022 1083
1022 1084
1023 1038
1023 1073
1023 1085
1023 1101
1023 1215
1024 1054
1024 1058
1024 1063
1024 1079
1024 1090
1025 1031
1025 1035
1025 1045
1025 1063
1025 1068
1026 1028
1026 1052
1026 1054
1026 1073
1026 1077
1026 1301
1027 1048
1027 1068
1027 1080
1027 1097
1027 1100
1027 1109
1028 1061
1028 1091
1028 1215
1028 1226
1028 1257
1029 1047
1029 1059
1029 1066
1030 1070
1030 1078
1030 1095
1030 1138
1030 1210
1030 1302
1031 1035
1031 1056
1032 1045
1032 1048
1032 1061
1032 1063
1032 1079
1032 1080
1032 1092
1033 1040
1033 1051
1033 1060
1033 1062
1033 1093
1033 1111
1033 1175
1034 1050
1034 1202
1035 1053
1035 1068
1036 1048
1036 1057
1036 1078
1036 1082
1036 1087
1036 1103
1036 1128
1036 1203
1036 1229
1037 1050
1037 1061
1037 1221
1037 1257
1037 1278
1037 1284
1038 1045
1038 1079
1038 1094
1039 1042
1039 1070
1039 1274
1040 1051
1040 1060
1040 1062
1040 1065
1040 1090
1040 1093
1041 1064
1041 1071
1041 1106
1042 1044
1042 1069
1042 1081
1043 1048
1043 1092
1043 1096
1043 1283
1044 1069
1045 1063
1045 1079
1045 1092
1045 1094
1046 1063
1046 1080
1046 1100
1047 1059
1047 1060
1047 1065
1047 1066
1048 1080
1048 1082
1048 1092
1048 1103
1049 1050
1049 1085
1049 1094
1050 1085
1050 1094
1051 1062
1051 1090
1051 1175
1051 1209
1052 1073
1052 1077
1052 1208
1052 1243
1052 1298
1052 1313
1052 1329
1053 1074
1053 1097
1053 1207
1054 1077
1054 1079
1054 1104
1055 1089
1055 1099
1055 1100
1056 1067
1056 1083
1057 1078
1057 1081
1057 1082
1057 1087
1057 1108
1057 1132
1058 1076
1058 1083
1058 1098
1059 1093
1060 1062
1060 1066
1060 1071
1060 1111
1060 1166
1061 1091
1061 1092
1061 1094
1061 1278
1062 1071
1062 1111
1062 1130
1062 1204
1063 1079
1063 1080
1064 1071
1064 1212
1064 1288
1065 1069
1065 1099
1066 1133
1066 1166
1067 1083
1067 1084
1068 1080
1068 1097
1070 1095
1070 1223
1070 1285
1071 1106
1071 1166
1071 1204
1071 1288
1072 1074
1073 1088
1073 1208
1073 1215
1073 1250
1073 1263
1073 1298
1074 1186
1074 1207
1075 1084
1075 1088
1075 1101
1076 1083
1076 1102
1077 1104
1077 1209
1077 1243
1077 1301
1078 1087
1078 1095
1078 1285
1079 1089
1080 1100
1081 1082
1081 1087
1081 1100
1082 1087
1082 1100
1082 1103
1084 1148
1085 1094
1085 1257
1086 1107
1086 1108
1086 1167
1086 1184
1087 1105
1088 1101
1088 1191
1088 1208
1089 1090
1090 1098
1090 1099
1091 1103
1091 1226
1091 1247
1091 1278
1092 1094
1093 1098
1093 1099
1095 1108
1095 1210
1096 1151
1096 1153
1096 1169
1096 1202
1096 1211
1097 1109
1097 1207
1097 1211
1098 1099
1102 1104
1102 1175
1102 1200
1103 1229
1103 1283
1104 1191
1104 1200
1104 1201
1104 1209
1105 1229
1106 1236
1106 1259
1106 1292
1107 1132
1107 1139
1107 1184
1108 1184
1108 1210
1109 1132
1109 1137
1109 1165
1109 1211
1110 1121
1110 1126
1110 1131
1110 1145
1110 1157
1110 1170
1110 1403
1110 1408
1111 1134
1111 1159
1111 1183
1112 1119
1112 1124
1112 1125
1112 1158
1112 1171
1112 1172
1112 1173
1113 1115
1113 1141
1113 1328
1113 1410
1113 1415
1114 1149
1114 1152
1114 1153
1114 1169
1114 1188
1114 1189
1114 1199
1115 1121
1115 1129
1115 1147
1115 1328
1116 1123
1116 1131
1116 1132
1116 1137
1116 1144
1116 1170
1116 1180
1117 1140
1117 1160
1117 1169
1117 1180
1117 1343
1118 1135
1118 1141
1118 1150
1118 1179
1119 1124
1119 1129
1119 1161
1119 1164
1119 1171
1119 1173
1119 1185
1120 1123
1120 1142
1120 1179
1120 1196
1120 1198
1121 1123
1121 1157
1121 1170
1121 1179
1122 1126
1122 1157
1122 1415
1123 1124
1123 1144
1123 1179
1123 1198
1124 1134
1124 1147
1124 1172
1124 1179
1124 1195
1125 1144
1125 1155
1125 1173
1125 1177
1126 1138
1126 1157
1126 1413
1126 1415
1127 1130
1127 1147
1127 1164
1127 1201
1127 1209
1127 1363
1128 1131
1128 1132
1128 1180
1128 1203
1129 1145
1129 1161
1129 1205
1129 1375
1130 1204
1130 1292
1130 1380
1130 1389
1131 1132
1131 1138
1131 1170
1131 1180
1131 1203
1133 1206
1134 1147
1134 1164
1134 1172
1134 1175
1134 1183
1134 1200
1135 1141
1135 1159
1135 1168
1135 1183
1136 1185
1136 1192
1136 1193
1136 1194
1136 1324
1136 1370
1137 1144
1137 1160
1137 1165
1137 1177
1137 1180
1137 1211
1139 1184
1140 1145
1140 1149
1140 1160
1140 1173
1140 1180
1140 1205
1141 1157
1142 1157
1142 1170
1142 1184
1142 1196
1143 1162
1143 1172
1143 1206
1144 1165
1145 1180
1145 1375
1145 1403
1146 1159
1146 1204
1146 1318
1146 1327
1146 1328
1146 1389
1147 1159
1147 1164
1147 1183
1148 1154
1148 1176
1148 1191
1149 1151
1149 1155
1149 1160
1149 1169
1149 1173
1149 1177
1149 1189
1151 1153
1151 1160
1151 1169
1151 1177
1151 1211
1152 1169
1152 1202
1153 1169
1153 1178
1153 1189
1153 1202
1154 1162
1154 1176
1154 1191
1155 1173
1155 1174
1155 1189
1155 1192
1155 1199
1156 1176
1156 1181
1157 1170
1157 1415
1158 1162
1158 1163
1158 1171
1158 1174
1158 1176
1158 1190
1159 1183
1159 1204
1160 1173
1160 1177
1160 1180
1161 1164
1161 1185
1161 1205
1161 1354
1161 1363
1162 1172
1163 1182
1163 1189
1164 1171
1164 1185
1164 1201
1166 1204
1167 1210
1168 1183
1169 1356
1171 1172
1171 1185
1171 1190
1171 1200
1171 1201
1172 1200
1174 1181
1174 1190
1174 1194
1175 1200
1175 1206
1176 1190
1177 1187
1177 1189
1177 1211
1178 1182
1178 1186
1178 1189
1179 1195
1179 1198
1181 1194
1182 1186
1182 1187
1182 1189
1185 1192
1185 1193
1185 1201
1186 1187
1186 1207
1187 1189
1187 1207
1188 1192
1188 1199
1188 1355
1189 1199
1190 1191
1192 1394
1193 1201
1193 1208
1193 1313
1193 1370
1194 1197
1194 1355
1194 1370
1195 1198
1197 1208
1200 1201
1201 1209
1201 1313
1201 1363
1203 1297
1203 1337
1203 1343
1204 1288
1204 1389
1205 1365
1205 1375
1205 1394
1207 1211
1208 1250
1208 1313
1212 1259
1212 1288
1212 1372
1213 1286
1213 1306
1213 1501
1214 1232
1214 1233
1214 1234
1214 1260
1214 1273
1214 1280
1214 1290
1215 1244
1215 1254
1215 1257
1215 1263
1215 1287
1216 1239
1216 1266
1216 1272
1216 1299
1216 1303
1216 1448
1217 1230
1217 1264
1217 1268
1217 1280
1217 1293
1217 1294
1218 1256
1218 1259
1218 1274
1219 1239
1219 1251
1219 1254
1219 1299
1220 1255
1220 1259
1220 1292
1220 1389
1221 1283
1221 1361
1222 1267
1222 1296
1222 1517
1223 1245
1223 1302
1224 1246
1224 1252
1224 1271
1224 1276
1224 1333
1224 1412
1225 1238
1225 1286
1225 1348
1226 1231
1226 1244
1226 1257
1226 1278
1227 1239
1227 1254
1227 1263
1227 1276
1227 1300
1228 1248
1228 1268
1228 1269
1228 1282
1228 1309
1228 1496
1229 1261
1229 1282
1229 1285
1229 1297
1230 1234
1230 1279
1230 1280
1230 1443
1230 1465
1231 1232
1231 1249
1231 1251
1231 1278
1231 1281
1231 1299
1232 1248
1232 1249
1232 1273
1232 1299
1232 1303
1233 1234
1233 1271
1233 1272
1233 1280
1233 1312
1233 1453
1233 1461
1233 1471
1234 1273
1234 1280
1234 1312
1234 1439
1234 1443
1234 1461
1234 1471
1234 1496
1235 1243
1235 1255
1235 1271
1235 1275
1235 1289
1235 1292
1235 1357
1236 1259
1236 1277
1236 1289
1236 1292
1237 1253
1237 1262
1237 1386
1237 1396
1237 1436
1237 1568
1238 1286
1238 1302
1238 1378
1238 1400
1238 1402
1238 1413
1239 1244
1239 1254
1239 1299
1240 1245
1240 1265
1240 1268
1240 1286
1241 1242
1241 1253
1241 1262
1241 1264
1241 1279
1241 1294
1242 1264
1242 1265
1242 1304
1243 1292
1243 1301
1243 1313
1243 1357
1243 1363
1244 1251
1244 1257
1244 1287
1244 1299
1245 1274
1245 1285
1245 1286
1245 1293
1246 1271
1246 1291
1246 1312
1246 1333
1246 1366
1246 1421
1247 1277
1247 1289
1247 1290
1247 1301
1248 1249
1248 1260
1248 1261
1248 1269
1248 1270
1249 1267
1249 1270
1249 1361
1250 1263
1250 1300
1250 1329
1250 1370
1251 1257
1251 1281
1251 1284
1251 1299
1252 1305
1252 1359
1252 1414
1252 1426
1252 1484
1253 1262
1253 1279
1253 1304
1253 1436
1254 1263
1255 1289
1255 1291
1255 1391
1256 1259
1256 1265
1256 1274
1256 1277
1256 1294
1257 1278
1258 1299
1258 1429
1259 1294
1260 1261
1260 1290
1260 1293
1261 1270
1261 1282
1261 1283
1261 1297
1262 1279
1262 1396
1263 1300
1264 1265
1264 1304
1264 1481
1264 1492
1266 1308
1266 1452
1267 1296
1267 1307
1267 1310
1267 1429
1267 1458
1267 1517
1268 1286
1268 1293
1268 1496
1269 1307
1269 1309
1269 1457
1269 1480
1269 1511
1270 1297
1270 1338
1270 1339
1270 1351
1271 1275
1271 1291
1271 1312
1272 1276
1272 1453
1273 1303
1273 1457
1273 1460
1273 1471
1274 1277
1275 1276
1275 1287
1275 1289
1276 1287
1276 1298
1277 1289
1277 1290
1277 1293
1277 1294
1278 1283
1279 1291
1279 1434
1279 1465
1280 1290
1281 1284
1281 1296
1281 1311
1282 1285
1282 1297
1282 1402
1284 1311
1285 1297
1287 1298
1288 1372
1288 1389
1289 1290
1289 1292
1289 1301
1290 1293
1291 1391
1295 1308
1295 1330
1295 1385
1295 1414
1295 1512
1296 1361
1296 1371
1296 1388
1297 1338
1298 1300
1298 1329
1298 1412
1299 1303
1300 1329
1300 1330
1302 1413
1303 1429
1303 1460
1303 1471
1304 1477
1304 1492
1305 1308
1305 1414
1305 1426
1305 1448
1305 1452
1306 1348
1306 1432
1306 1501
1307 1310
1307 1457
1307 1458
1307 1511
1308 1512
1309 1334
1309 1335
1309 1339
1309 1349
1309 1596
1310 1335
1310 1371
1310 1458
1310 1517
1311 1388
1312 1421
1312 1453
1312 1461
1312 1465
1313 1329
1313 1363
1314 1346
1314 1352
1314 1398
1315 1316
1315 1336
1315 1381
1315 1398
1315 1405
1315 1410
1316 1318
1316 1321
1316 1328
1316 1342
1316 1350
1316 1379
1316 1410
1317 1331
1317 1332
1317 1341
1317 1347
1317 1365
1317 1392
1317 1404
1318 1350
1318 1372
1318 1374
1318 1389
1319 1320
1319 1323
1319 1356
1319 1360
1319 1364
1319 1394
1319 1397
1320 1355
1320 1360
1320 1364
1320 1409
1321 1328
1321 1354
1321 1379
1321 1380
1322 1404
1322 1409
1322 1411
1322 1617
1323 1356
1323 1362
1323 1367
1323 1371
1323 1388
1324 1354
1324 1363
1324 1365
1324 1395
1325 1339
1325 1341
1325 1343
1325 1351
1325 1367
1325 1397
1326 1334
1326 1377
1326 1378
1326 1387
1326 1406
1326 1567
1327 1350
1328 1379
1328 1410
1329 1330
1329 1370
1329 1373
1330 1373
1331 1347
1331 1353
1331 1390
1331 1404
1331 1411
1332 1336
1332 1347
1332 1379
1332 1382
1332 1406
1333 1353
1333 1357
1333 1366
1333 1391
1333 1393
1334 1402
1335 1349
1335 1401
1335 1511
1335 1596
1336 1341
1336 1345
1336 1375
1336 1379
1336 1405
1336 1406
1336 1408
1337 1338
1337 1345
1337 1402
1337 1403
1337 1413
1338 1339
1338 1343
1338 1376
1338 1402
1339 1349
1339 1351
1339 1376
1340 1366
1340 1382
1340 1383
1340 1390
1340 1393
1340 1539
1340 1576
1340 1595
1340 1619
1341 1365
1341 1376
1341 1397
1342 1369
1342 1381
1342 1382
1342 1383
1342 1384
1342 1393
1343 1351
1343 1403
1344 1348
1344 1377
1344 1378
1344 1387
1344 1400
1345 1375
1345 1376
1345 1403
1345 1405
1345 1408
1346 1377
1346 1381
1346 1526
1346 1567
1346 1588
1347 1353
1347 1393
1348 1387
1349 1376
1349 1401
1349 1407
1349 1596
1350 1374
1350 1410
1351 1361
1351 1367
1352 1369
1352 1381
1352 1531
1353 1359
1353 1368
1353 1390
1353 1395
1353 1412
1354 1363
1354 1365
1354 1379
1355 1370
1356 1367
1356 1394
1356 1397
1357 1363
1357 1380
1358 1362
1358 1371
1358 1397
1358 1401
1359 1366
1359 1368
1359 1390
1359 1549
1359 1597
1359 1618
1360 1364
1360 1365
1360 1394
1360 1395
1360 1404
1361 1367
1361 1371
1362 1371
1365 1394
1365 1397
1366 1390
1366 1421
1366 1525
1366 1597
1367 1371
1367 1397
1368 1395
1368 1409
1368 1412
1368 1618
1369 1383
1369 1386
1369 1523
1369 1568
1370 1373
1372 1389
1372 1396
1373 1395
1373 1409
1374 1384
1374 1386
1374 1396
1375 1379
1375 1403
1375 1408
1376 1406
1377 1378
1377 1387
1377 1398
1377 1406
1377 1567
1378 1400
1378 1402
1378 1405
1380 1389
1381 1382
1381 1406
1381 1588
1382 1588
1382 1619
1383 1384
1383 1391
1383 1393
1383 1539
1384 1391
1384 1393
1384 1396
1385 1414
1385 1512
1386 1396
1386 1568
1387 1524
1387 1567
1387 1601
1390 1411
1390 1595
1390 1597
1391 1393
1392 1401
1392 1407
1392 1565
1392 1570
1394 1397
1395 1404
1395 1409
1398 1399
1398 1405
1399 1400
1399 1405
1400 1413
1401 1565
1401 1591
1403 1408
1404 1411
1405 1408
1405 1410
1405 1415
1406 1407
1407 1570
1407 1615
1407 1619
1408 1415
1410 1415
1411 1565
1411 1617
1414 1426
1414 1512
1414 1536
1416 1425
1416 1450
1416 1481
1416 1496
1416 1497
1416 1501
1417 1485
1417 1494
1417 1497
1417 1506
1417 1508
1417 1509
1418 1435
1418 1440
1418 1454
1418 1495
1418 1503
1418 1614
1419 1420
1419 1427
1419 1440
1419 1464
1419 1498
1419 1514
1419 1515
1420 1423
1420 1440
1420 1459
1420 1498
1420 1503
1421 1484
1421 1525
1422 1430
1422 1451
1422 1482
1422 1494
1422 1506
1422 1509
1423 1426
1423 1452
1423 1491
1423 1498
1423 1504
1424 1433
1424 1438
1424 1444
1424 1468
1424 1500
1424 1505
1425 1439
1425 1451
1425 1455
1425 1456
1425 1497
1425 1499
1426 1448
1426 1452
1426 1484
1426 1504
1426 1536
1427 1447
1427 1464
1427 1475
1427 1478
1427 1491
1428 1435
1428 1470
1428 1495
1428 1519
1428 1525
1428 1572
1428 1579
1428 1614
1429 1446
1429 1460
1429 1475
1430 1451
1430 1468
1430 1480
1430 1603
1431 1468
1431 1494
1431 1587
1431 1603
1432 1472
1432 1482
1432 1532
1433 1438
1433 1464
1433 1466
1433 1493
1433 1500
1433 1514
1434 1449
1434 1462
1434 1465
1434 1525
1434 1572
1435 1454
1435 1479
1435 1519
1435 1614
1436 1437
1436 1462
1436 1513
1437 1442
1437 1477
1437 1513
1438 1444
1438 1445
1438 1488
1438 1490
1438 1500
1438 1594
1439 1457
1439 1478
1439 1496
1440 1502
1440 1503
1440 1515
1441 1467
1441 1479
1441 1516
1441 1519
1441 1533
1441 1564
1442 1449
1442 1467
1442 1479
1443 1465
1443 1474
1443 1481
1443 1496
1444 1547
1444 1578
1444 1594
1445 1483
1445 1488
1445 1493
1446 1475
1446 1483
1447 1448
1447 1471
1447 1473
1447 1478
1448 1452
1448 1453
1448 1471
1449 1462
1449 1465
1449 1470
1449 1477
1449 1479
1449 1572
1450 1469
1450 1476
1450 1481
1450 1497
1450 1507
1451 1468
1451 1509
1453 1461
1453 1471
1454 1503
1454 1528
1454 1614
1455 1456
1455 1476
1455 1489
1455 1497
1455 1499
1455 1509
1455 1510
1456 1499
1456 1502
1456 1505
1456 1510
1457 1460
1457 1480
1457 1511
1458 1483
1458 1511
1458 1517
1459 1486
1459 1503
1459 1518
1459 1522
1460 1471
1460 1475
1460 1478
1460 1490
1461 1465
1461 1471
1461 1473
1461 1478
1462 1513
1462 1568
1462 1572
1463 1493
1464 1500
1464 1502
1464 1514
1464 1515
1465 1470
1465 1474
1466 1475
1466 1491
1466 1493
1466 1514
1467 1516
1467 1533
1468 1505
1468 1509
1468 1510
1469 1497
1469 1501
1469 1506
1469 1507
1470 1473
1470 1474
1470 1479
1470 1495
1471 1478
1472 1532
1472 1541
1473 1495
1473 1499
1474 1476
1474 1499
1476 1487
1476 1497
1479 1489
1479 1516
1480 1511
1480 1546
1481 1492
1481 1496
1481 1501
1482 1506
1482 1601
1482 1602
1483 1488
1483 1517
1484 1495
1484 1549
1484 1597
1485 1487
1485 1497
1485 1508
1486 1498
1486 1503
1488 1542
1488 1558
1488 1594
1489 1499
1490 1500
1491 1498
1493 1514
1494 1509
1494 1577
1497 1506
1497 1509
1499 1502
1502 1515
1504 1512
1504 1536
1509 1510
1511 1546
1511 1596
1512 1536
1513 1568
1517 1535
1518 1522
1518 1589
1519 1572
1519 1579
1519 1614
1520 1523
1520 1530
1520 1543
1520 1559
1520 1564
1520 1576
1521 1526
1521 1559
1521 1575
1521 1592
1521 1611
1522 1528
1522 1553
1522 1573
1523 1539
1523 1559
1523 1576
1523 1588
1524 1532
1524 1567
1524 1575
1525 1539
1525 1572
1525 1579
1525 1597
1526 1531
1526 1552
1526 1559
1526 1575
1526 1588
1527 1611
1527 1613
1527 1620
1528 1584
1528 1605
1529 1534
1529 1562
1529 1585
1529 1604
1529 1607
1529 1609
1530 1537
1530 1548
1530 1559
1530 1620
1532 1541
1532 1602
1533 1545
1533 1610
1534 1544
1534 1554
1534 1557
1534 1566
1534 1599
1534 1600
1534 1612
1535 1569
1535 1586
1535 1591
1536 1549
1536 1573
1537 1543
1537 1551
1537 1564
1537 1580
1537 1583
1537 1616
1538 1548
1538 1556
1538 1557
1538 1615
1539 1543
1539 1572
1540 1575
1540 1577
1540 1592
1540 1602
1540 1606
1540 1608
1541 1563
1541 1606
1542 1544
1542 1558
1542 1591
1542 1594
1542 1599
1543 1572
1543 1576
1543 1579
1544 1556
1544 1557
1544 1574
1544 1594
1544 1599
1544 1603
1545 1610
1545 1611
1546 1587
1546 1596
1546 1601
1546 1608
1547 1582
1548 1552
1548 1559
1548 1576
1548 1615
1549 1555
1549 1560
1549 1573
1549 1597
1549 1618
1550 1561
1550 1562
1550 1617
1551 1557
1551 1583
1551 1593
1552 1559
1552 1567
1552 1575
1552 1588
1552 1592
1552 1615
1553 1560
1553 1579
1553 1580
1553 1614
1554 1574
1554 1581
1554 1582
1554 1609
1554 1612
1555 1560
1555 1595
1555 1604
1555 1618
1556 1565
1556 1591
1556 1600
1557 1574
1557 1590
1557 1612
1558 1586
1558 1594
1558 1599
1559 1592
1559 1611
1560 1561
1560 1566
1560 1573
1560 1580
1561 1573
1561 1585
1561 1605
1563 1577
1563 1606
1564 1610
1565 1570
1565 1591
1565 1600
1566 1571
1566 1580
1566 1581
1566 1583
1566 1584
1566 1585
1566 1600
1566 1612
1567 1575
1567 1601
1567 1615
1569 1586
1569 1598
1570 1576
1570 1595
1570 1619
1571 1580
1571 1583
1571 1595
1572 1579
1574 1578
1574 1582
1574 1590
1574 1612
1575 1592
1576 1588
1576 1595
1576 1619
1577 1587
1577 1590
1577 1608
1578 1582
1578 1594
1578 1603
1579 1597
1580 1583
1580 1584
1580 1616
1581 1583
1581 1584
1581 1585
1581 1609
1581 1612
1583 1584
1583 1612
1583 1616
1584 1585
1584 1616
1585 1605
1585 1609
1586 1591
1586 1598
1586 1599
1587 1590
1587 1603
1587 1608
1588 1619
1589 1605
1590 1593
1591 1599
1591 1600
1592 1593
1592 1606
1592 1613
1594 1603
1595 1597
1596 1601
1598 1604
1598 1617
1599 1600
1600 1604
1601 1602
1602 1608
1604 1617
1606 1613
1607 1609
1608 1615
1610 1611
1615 1619
1617 1618
