0.02451000 0.21891000 0.27764000
0.20049000 0.19090000 0.10427000
0.47809000 0.15836000 0.14349000
0.30372000 0.02904000 0.05948000
0.38572000 0.12094000 0.13408000
0.21723000 0.19562000 0.26935000
0.02577000 0.05281000 0.39685000
0.23583000 0.10191000 0.36724000
0.23941000 0.04061000 0.27264000
0.21053000 0.13989000 0.31553000
0.35262000 0.07774000 0.23084000
0.25218000 0.09942000 0.22744000
0.07974000 0.11649000 0.30657000
0.36238000 0.18511000 0.23415000
0.19798000 0.21544000 0.43924000
0.44842000 0.09200000 0.11988000
0.18743000 0.09680000 0.18760000
0.41364000 0.21564000 0.44832000
0.14400000 0.14947000 0.24977000
0.07220000 0.06967000 0.02209000
0.27908000 0.16643000 0.46275000
0.26423000 0.18478000 0.21150000
0.24521000 0.07408000 0.14308000
0.37924000 0.05329000 0.34146000
0.31410000 0.08760000 0.38050000
0.18422000 0.16540000 0.18489000
0.02270000 0.09411000 0.47244000
0.44383000 0.20470000 0.07324000
0.49994000 0.15086000 0.02316000
0.42557000 0.10551000 0.33399000
0.22991000 0.15722000 0.40720000
0.41583000 0.06198000 0.19620000
0.27182000 0.18838000 0.12043000
0.03918000 0.13494000 0.19516000
0.27547000 0.12436000 0.08010000
0.00702000 0.14181000 0.36938000
0.28152000 0.23277000 0.27030000
0.14602000 0.08315000 0.40292000
0.41350000 0.14119000 0.04542000
0.06004000 0.20007000 0.34635000
0.31757000 0.08890000 0.12102000
0.34662000 0.13066000 0.05236000
0.14491000 0.06666000 0.26168000
0.08855000 0.05936000 0.20072000
0.45006000 0.06448000 0.02379000
0.20403000 0.10730000 0.44172000
0.10992000 0.11908000 0.13298000
0.31652000 0.14170000 0.18403000
0.37370000 0.13266000 0.28332000
0.47444000 0.15850000 0.44366000
0.47143000 0.11598000 0.22813000
0.29839000 0.20392000 0.34957000
0.21900000 0.20804000 0.34948000
0.14910000 0.08034000 0.08914000
0.06156000 0.02783000 0.46166000
0.18397000 0.15390000 0.01889000
0.13430000 0.22803000 0.35172000
0.04440000 0.18768000 0.08634000
0.24627000 0.04540000 0.47591000
0.30874000 0.14312000 0.31440000
0.38485000 0.22070000 0.36527000
0.12008000 0.03537000 0.34625000
0.33159000 0.00115000 0.39671000
0.45749000 0.17291000 0.28444000
0.26554000 0.02167000 0.40071000
0.44275000 0.01836000 0.39063000
0.05931000 0.23211000 0.01140000
0.20876000 0.23869000 0.18759000
0.31044000 0.03198000 0.19297000
0.39147000 0.15860000 0.39732000
0.22321000 0.03744000 0.08642000
0.02793000 0.19392000 0.16364000
0.34061000 0.19462000 0.43379000
0.05876000 0.20821000 0.49693000
0.30065000 0.03397000 0.32831000
0.01147000 0.24037000 0.44769000
0.41457000 0.18891000 0.16127000
0.10084000 0.16294000 0.45204000
0.08587000 0.10117000 0.43462000
0.03223000 0.03730000 0.30665000
0.48445000 0.09100000 0.47309000
0.12894000 0.15064000 0.33810000
0.13866000 0.00736000 0.16631000
0.09365000 0.19868000 0.21218000
0.37625000 0.06160000 0.45797000
0.18693000 0.06587000 0.33050000
0.31538000 0.21963000 0.02936000
0.34998000 0.23905000 0.15343000
0.16337000 0.24273000 0.27403000
0.12623000 0.22186000 0.43617000
0.13659000 0.21218000 0.14853000
0.06072000 0.06699000 0.11060000
0.17829000 0.00757000 0.47356000
0.21100000 0.02420000 0.18233000
0.12375000 0.18679000 0.06641000
0.00811000 0.00048000 0.24307000
0.39893000 0.04718000 0.12155000
0.31564000 0.11560000 0.45781000
0.42206000 0.23211000 0.24714000
0.09633000 0.01869000 0.07799000
0.44131000 0.00219000 0.47764000
0.22272000 0.04641000 0.64670000
0.10937000 0.09235000 0.72438000
0.40057000 0.06596000 0.53476000
0.07002000 0.22701000 0.62976000
0.23211000 0.24141000 0.96730000
0.45869000 0.05627000 0.59180000
0.24743000 0.04783000 0.74889000
0.22016000 0.23744000 0.52600000
0.21793000 0.11521000 0.52523000
0.31740000 0.02798000 0.76269000
0.40187000 0.14951000 0.82273000
0.18156000 0.12986000 0.71052000
0.28723000 0.01791000 0.60995000
0.48755000 0.17490000 0.53588000
0.42716000 0.24085000 0.98371000
0.06434000 0.05545000 0.76528000
0.13107000 0.01900000 0.67888000
0.31709000 0.09469000 0.86002000
0.37831000 0.14254000 0.61468000
0.29417000 0.03965000 0.68904000
0.34642000 0.20639000 0.62610000
0.11223000 0.06900000 0.94446000
0.09619000 0.11282000 0.51916000
0.24479000 0.10238000 0.82124000
0.44933000 0.17540000 0.71816000
0.05670000 0.00685000 0.67041000
0.31287000 0.21090000 0.79210000
0.48101000 0.13627000 0.90088000
0.17435000 0.08868000 0.99162000
0.03091000 0.03548000 0.58420000
0.42630000 0.10792000 0.77058000
0.29256000 0.14341000 0.78897000
0.04071000 0.03624000 0.94230000
0.29307000 0.20173000 0.69952000
0.44473000 0.05453000 0.85233000
0.27546000 0.10912000 0.62958000
0.47264000 0.05451000 0.92937000
0.36142000 0.10540000 0.95150000
0.24274000 0.10562000 0.69456000
0.26722000 0.11643000 0.99842000
0.04596000 0.10119000 0.90591000
0.19091000 0.00844000 0.75071000
0.35288000 0.04424000 0.65474000
0.46430000 0.18661000 0.61105000
0.34961000 0.12105000 0.74154000
0.22853000 0.20774000 0.87840000
0.34286000 0.07461000 0.58148000
0.10797000 0.15582000 0.72312000
0.08829000 0.20994000 0.88962000
0.18721000 0.24679000 0.62905000
0.39126000 0.07146000 0.70534000
0.38839000 0.18308000 0.53612000
0.31881000 0.06030000 0.50899000
0.20811000 0.02420000 0.88847000
0.24982000 0.16045000 0.93387000
0.08370000 0.11914000 0.63708000
0.26541000 0.08741000 0.91196000
0.38731000 0.22259000 0.75266000
0.36302000 0.21344000 0.91220000
0.29972000 0.17536000 0.56873000
0.41344000 0.12003000 0.89983000
0.44873000 0.13769000 0.97177000
0.46303000 0.20734000 0.78642000
0.19435000 0.16895000 0.62773000
0.13632000 0.16076000 0.92009000
0.35441000 0.17502000 0.69629000
0.13575000 0.17567000 0.81247000
0.10558000 0.00718000 0.57373000
0.46846000 0.03799000 0.76789000
0.16403000 0.09343000 0.63771000
0.24298000 0.01062000 0.95692000
0.01496000 0.17050000 0.73251000
0.35056000 0.04216000 0.82824000
0.00594000 0.09618000 0.83214000
0.08992000 0.08219000 0.84197000
0.21008000 0.23353000 0.79144000
0.05729000 0.12205000 0.77591000
0.11806000 0.18385000 0.61664000
0.28270000 0.04470000 0.84453000
0.03207000 0.14664000 0.54021000
0.01014000 0.11258000 0.68447000
0.14031000 0.03579000 0.81787000
0.25855000 0.07201000 0.56459000
0.18813000 0.14821000 0.86373000
0.09006000 0.23537000 0.80005000
0.33742000 0.18031000 0.97065000
0.18851000 0.08533000 0.76877000
0.24707000 0.21226000 0.61825000
0.44219000 0.19260000 0.90795000
0.01314000 0.17938000 0.65320000
0.41961000 0.21873000 0.66772000
0.30309000 0.17551000 0.88084000
0.49860000 0.08954000 0.79989000
0.14977000 0.05962000 0.53522000
0.29933000 0.05486000 0.97970000
0.41830000 0.12874000 0.51640000
0.03124000 0.15638000 0.96010000
0.46034000 0.07409000 0.70382000
0.14362000 0.23539000 0.98666000
0.15130000 0.23031000 0.71258000
0.12117000 0.20709000 0.52824000
0.16338000 0.15048000 0.50349000
0.09586000 0.16813000 0.99886000
0.36171000 0.26972000 0.45329000
0.39131000 0.44424000 0.40218000
0.17552000 0.36623000 0.33913000
0.07433000 0.45923000 0.22234000
0.09965000 0.39936000 0.42999000
0.49022000 0.45420000 0.22443000
0.05273000 0.33085000 0.08914000
0.17580000 0.46268000 0.25246000
0.09279000 0.35817000 0.34399000
0.06820000 0.38453000 0.14560000
0.27566000 0.25380000 0.13142000
0.33570000 0.36963000 0.10867000
0.22580000 0.40071000 0.26710000
0.01908000 0.25019000 0.19298000
0.16512000 0.43954000 0.08737000
0.34382000 0.46780000 0.20917000
0.11692000 0.45013000 0.36536000
0.37355000 0.47717000 0.12672000
0.26887000 0.31058000 0.37658000
0.03211000 0.45629000 0.11221000
0.36637000 0.29421000 0.21260000
0.07082000 0.27330000 0.44809000
0.36243000 0.38433000 0.30501000
0.37844000 0.25101000 0.05759000
0.14201000 0.29160000 0.43244000
0.49444000 0.40365000 0.33934000
0.21902000 0.40614000 0.13506000
0.02610000 0.48941000 0.34390000
0.38615000 0.37776000 0.16926000
0.21136000 0.41697000 0.39599000
0.48630000 0.35761000 0.39329000
0.24423000 0.32280000 0.11677000
0.13807000 0.34668000 0.10802000
0.19721000 0.34645000 0.22999000
0.02987000 0.43278000 0.39599000
0.41319000 0.34078000 0.25317000
0.23481000 0.47708000 0.36956000
0.20404000 0.49856000 0.19521000
0.09986000 0.25433000 0.08585000
0.35793000 0.36681000 0.38477000
0.28476000 0.43222000 0.08825000
0.15007000 0.41429000 0.20130000
0.47066000 0.34659000 0.15823000
0.29927000 0.46465000 0.42683000
0.48586000 0.25968000 0.20768000
0.04794000 0.29804000 0.23922000
0.22135000 0.27657000 0.33571000
0.31717000 0.32903000 0.16867000
0.38837000 0.43434000 0.07126000
0.33211000 0.32270000 0.27647000
0.35370000 0.43675000 0.48027000
0.32294000 0.39725000 0.17489000
0.25718000 0.26699000 0.44083000
0.24559000 0.29938000 0.20590000
0.29436000 0.39542000 0.38550000
0.15600000 0.47407000 0.49154000
0.32426000 0.29600000 0.08391000
0.02516000 0.30767000 0.41445000
0.22165000 0.33350000 0.42786000
0.41480000 0.48072000 0.24926000
0.31830000 0.35857000 0.45845000
0.27118000 0.46641000 0.30259000
0.48080000 0.34216000 0.30968000
0.24013000 0.46635000 0.13913000
0.39165000 0.36512000 0.05398000
0.43693000 0.29707000 0.02634000
0.09271000 0.34611000 0.21086000
0.23030000 0.43496000 0.49016000
0.10858000 0.40240000 0.27307000
0.34040000 0.44276000 0.28549000
0.47821000 0.40837000 0.12606000
0.26258000 0.39009000 0.20343000
0.14142000 0.28272000 0.14979000
0.27181000 0.38017000 0.04496000
0.44863000 0.46796000 0.16170000
0.24268000 0.36351000 0.34371000
0.29066000 0.39051000 0.28576000
0.45407000 0.39061000 0.21457000
0.44461000 0.31742000 0.44145000
0.10841000 0.44038000 0.13614000
0.20100000 0.33399000 0.04772000
0.02502000 0.41391000 0.32163000
0.08507000 0.49565000 0.44152000
0.04865000 0.47496000 0.02366000
0.33765000 0.26020000 0.33143000
0.42708000 0.39190000 0.45954000
0.10117000 0.28889000 0.30153000
0.02159000 0.29312000 0.00223000
0.12247000 0.34909000 0.01764000
0.39801000 0.30204000 0.12545000
0.45246000 0.46630000 0.34791000
0.44809000 0.26141000 0.12403000
0.00371000 0.49630000 0.17900000
0.26734000 0.32826000 0.49773000
0.47204000 0.27156000 0.30875000
0.01827000 0.42637000 0.47392000
0.22284000 0.27715000 0.06365000
0.46930000 0.48579000 0.46463000
0.26178000 0.49562000 0.05841000
0.17636000 0.49943000 0.32499000
0.32513000 0.49781000 0.01430000
0.21726000 0.37154000 0.71800000
0.30067000 0.30125000 0.86821000
0.40370000 0.38817000 0.70656000
0.16735000 0.30138000 0.52943000
0.29108000 0.47578000 0.55310000
0.06977000 0.42243000 0.54433000
0.06666000 0.49395000 0.89209000
0.27470000 0.29116000 0.95259000
0.47195000 0.47739000 0.58183000
0.42221000 0.41834000 0.84385000
0.33126000 0.27656000 0.68425000
0.05989000 0.36132000 0.86933000
0.24677000 0.37640000 0.55796000
0.47798000 0.45540000 0.92150000
0.41691000 0.36583000 0.90737000
0.48286000 0.30643000 0.83716000
0.31578000 0.42141000 0.83126000
0.48048000 0.34820000 0.63669000
0.16941000 0.44137000 0.61811000
0.49004000 0.38597000 0.91116000
0.01421000 0.27417000 0.73185000
0.12780000 0.40694000 0.67143000
0.05765000 0.38116000 0.62806000
0.34145000 0.26532000 0.97803000
0.17821000 0.40805000 0.94898000
0.27521000 0.37703000 0.95690000
0.10308000 0.37591000 0.93604000
0.33215000 0.38925000 0.69351000
0.12253000 0.45819000 0.97370000
0.06053000 0.44878000 0.79520000
0.37120000 0.40753000 0.79236000
0.16551000 0.37486000 0.53112000
0.46927000 0.35518000 0.50348000
0.18662000 0.31398000 0.63785000
0.13342000 0.30035000 0.72724000
0.25486000 0.47072000 0.76829000
0.47173000 0.35493000 0.77342000
0.10869000 0.38987000 0.79122000
0.22419000 0.45770000 0.57288000
0.13941000 0.26346000 0.88464000
0.27835000 0.40347000 0.74853000
0.01212000 0.45387000 0.88038000
0.42849000 0.30971000 0.94687000
0.36927000 0.36287000 0.62740000
0.25813000 0.36096000 0.85697000
0.22953000 0.30080000 0.55764000
0.06717000 0.30325000 0.54259000
0.49536000 0.49332000 0.79861000
0.45096000 0.28445000 0.68925000
0.05021000 0.43873000 0.70393000
0.19618000 0.32688000 0.80470000
0.03937000 0.27908000 0.82310000
0.20882000 0.46094000 0.68855000
0.05758000 0.33899000 0.78629000
0.36844000 0.33949000 0.96347000
0.36810000 0.29989000 0.83673000
0.32233000 0.37943000 0.88708000
0.08517000 0.42288000 0.87614000
0.45541000 0.42933000 0.52345000
0.36629000 0.49253000 0.53167000
0.42380000 0.34683000 0.57683000
0.16172000 0.44842000 0.78541000
0.13301000 0.33597000 0.58894000
0.48528000 0.45322000 0.72483000
0.03706000 0.40438000 0.97266000
0.20430000 0.26933000 0.86944000
0.30435000 0.34567000 0.56929000
0.49268000 0.41285000 0.65566000
0.36233000 0.45448000 0.68646000
0.19055000 0.39047000 0.83454000
0.15433000 0.31565000 0.93027000
0.43135000 0.42435000 0.61109000
0.32212000 0.41287000 0.54798000
0.27862000 0.26718000 0.79540000
0.41297000 0.46760000 0.73076000
0.42653000 0.25584000 0.83866000
0.22310000 0.49905000 0.87840000
0.25930000 0.37849000 0.64424000
0.40872000 0.43228000 0.96039000
0.30136000 0.47507000 0.66314000
0.08642000 0.27612000 0.94707000
0.31208000 0.33474000 0.75236000
0.35869000 0.46175000 0.91123000
0.46081000 0.26758000 0.55005000
0.02341000 0.43484000 0.60193000
0.27288000 0.31776000 0.67617000
0.37109000 0.35106000 0.52081000
0.30400000 0.27405000 0.58890000
0.21801000 0.28381000 0.73143000
0.06549000 0.32344000 0.69758000
0.10366000 0.28984000 0.63688000
0.10137000 0.47522000 0.65353000
0.08974000 0.35821000 0.50156000
0.22835000 0.44321000 0.99032000
0.00195000 0.33847000 0.53406000
0.37927000 0.25910000 0.56627000
0.47333000 0.48119000 0.99934000
0.34714000 0.43479000 0.99780000
0.15613000 0.55734000 0.21466000
0.39929000 0.59754000 0.13919000
0.06486000 0.58584000 0.01321000
0.30293000 0.71713000 0.08841000
0.20273000 0.71700000 0.33449000
0.26453000 0.74784000 0.34245000
0.35263000 0.54685000 0.13482000
0.14681000 0.65399000 0.22095000
0.40350000 0.62525000 0.29912000
0.11306000 0.53692000 0.07323000
0.26934000 0.51220000 0.21959000
0.08954000 0.57846000 0.31546000
0.12716000 0.57179000 0.42511000
0.27966000 0.57542000 0.36298000
0.27081000 0.50474000 0.48049000
0.16901000 0.56574000 0.30360000
0.30582000 0.64137000 0.32269000
0.42272000 0.61934000 0.40457000
0.06479000 0.62282000 0.14596000
0.09124000 0.65017000 0.06450000
0.33386000 0.62508000 0.23583000
0.45069000 0.51183000 0.07726000
0.25922000 0.68183000 0.37125000
0.25724000 0.58864000 0.16245000
0.35497000 0.74480000 0.21434000
0.36144000 0.68786000 0.28076000
0.01564000 0.51499000 0.25565000
0.38478000 0.74720000 0.00502000
0.38467000 0.55145000 0.23559000
0.08266000 0.68780000 0.32167000
0.16405000 0.66082000 0.30808000
0.44526000 0.69960000 0.48316000
0.49742000 0.65474000 0.45146000
0.38512000 0.68403000 0.40848000
0.39397000 0.68257000 0.08889000
0.27076000 0.70755000 0.17231000
0.08973000 0.70922000 0.22496000
0.16910000 0.59118000 0.49420000
0.46846000 0.74896000 0.36960000
0.14632000 0.61132000 0.09724000
0.47544000 0.67282000 0.08183000
0.32961000 0.63378000 0.02250000
0.22177000 0.67867000 0.06914000
0.27112000 0.64893000 0.11907000
0.05497000 0.55569000 0.11477000
0.48888000 0.63528000 0.19538000
0.18885000 0.60602000 0.17727000
0.15789000 0.70896000 0.40221000
0.01416000 0.66460000 0.34513000
0.38326000 0.50714000 0.33020000
0.22444000 0.73765000 0.01936000
0.21600000 0.64350000 0.44470000
0.28568000 0.56844000 0.08771000
0.30476000 0.74210000 0.27968000
0.02016000 0.62840000 0.46883000
0.13170000 0.65401000 0.43950000
0.32491000 0.60769000 0.13299000
0.09302000 0.55963000 0.19290000
0.14482000 0.73678000 0.28364000
0.46246000 0.50933000 0.28281000
0.41635000 0.65897000 0.17670000
0.17223000 0.50985000 0.42020000
0.07205000 0.69709000 0.44974000
0.46819000 0.55516000 0.16020000
0.36337000 0.73958000 0.38792000
0.43464000 0.74028000 0.19105000
0.08740000 0.73188000 0.07225000
0.43248000 0.54416000 0.45455000
0.41510000 0.55658000 0.36565000
0.02740000 0.66277000 0.25732000
0.22030000 0.56534000 0.41821000
0.17096000 0.50228000 0.10847000
0.33599000 0.67432000 0.18294000
0.29497000 0.56449000 0.45917000
0.32743000 0.67697000 0.45362000
0.14467000 0.60984000 0.35425000
0.23853000 0.68968000 0.23933000
0.06049000 0.59139000 0.40829000
0.18868000 0.55650000 0.07522000
0.43125000 0.71761000 0.28795000
0.32168000 0.51777000 0.37827000
0.12402000 0.65988000 0.14492000
0.36698000 0.55376000 0.43946000
0.31798000 0.54563000 0.27427000
0.43424000 0.60869000 0.06540000
0.12057000 0.51093000 0.16152000
0.24001000 0.60437000 0.30347000
0.02358000 0.53277000 0.45085000
0.19875000 0.69137000 0.15004000
0.00318000 0.65382000 0.11511000
0.45633000 0.73340000 0.09956000
0.19890000 0.72691000 0.47329000
0.09892000 0.52704000 0.36797000
0.48800000 0.59070000 0.36533000
0.48906000 0.56950000 0.24976000
0.14878000 0.66902000 0.00264000
0.14601000 0.51812000 0.71220000
0.39304000 0.71062000 0.67916000
0.37045000 0.64696000 0.57473000
0.48811000 0.62895000 0.73222000
0.39600000 0.72017000 0.55217000
0.25366000 0.53779000 0.70573000
0.39374000 0.69476000 0.90294000
0.44604000 0.66020000 0.78030000
0.45247000 0.52060000 0.85559000
0.02559000 0.55901000 0.70525000
0.37216000 0.52386000 0.92698000
0.10335000 0.56550000 0.51061000
0.22353000 0.53248000 0.58255000
0.14810000 0.64313000 0.73893000
0.25510000 0.61712000 0.98467000
0.23889000 0.66470000 0.90685000
0.25820000 0.58869000 0.55872000
0.14599000 0.63648000 0.85760000
0.31333000 0.74329000 0.86365000
0.14279000 0.64441000 0.53240000
0.09692000 0.59868000 0.78366000
0.20264000 0.54433000 0.76193000
0.00237000 0.67494000 0.88228000
0.26515000 0.64880000 0.64039000
0.30538000 0.62873000 0.88321000
0.37690000 0.56860000 0.57007000
0.10979000 0.56732000 0.60614000
0.33631000 0.72940000 0.50476000
0.30122000 0.57606000 0.80639000
0.45176000 0.61582000 0.50497000
0.16662000 0.51430000 0.63552000
0.02030000 0.68369000 0.74346000
0.37454000 0.66856000 0.98035000
0.33714000 0.56677000 0.98408000
0.07653000 0.68035000 0.68893000
0.09794000 0.66199000 0.94741000
0.43922000 0.63703000 0.86450000
0.28813000 0.73281000 0.97812000
0.49118000 0.73492000 0.85992000
0.03947000 0.60303000 0.54663000
0.45578000 0.64176000 0.58278000
0.06238000 0.61212000 0.88213000
0.30009000 0.50750000 0.84275000
0.26515000 0.66283000 0.55940000
0.37401000 0.59499000 0.84459000
0.32307000 0.68974000 0.92967000
0.32786000 0.74161000 0.68681000
0.42980000 0.50701000 0.63674000
0.01485000 0.50255000 0.79246000
0.20517000 0.63942000 0.80551000
0.31642000 0.58413000 0.60934000
0.37479000 0.56224000 0.74116000
0.38606000 0.64055000 0.70394000
0.42575000 0.58107000 0.96890000
0.00036000 0.73396000 0.81721000
0.23135000 0.60366000 0.72477000
0.30722000 0.51787000 0.75340000
0.18090000 0.71743000 0.90094000
0.23588000 0.74034000 0.70585000
0.24370000 0.55788000 0.90439000
0.48411000 0.55851000 0.73666000
0.01102000 0.56426000 0.86442000
0.22579000 0.71114000 0.61638000
0.36868000 0.55738000 0.65067000
0.07442000 0.50314000 0.56626000
0.42385000 0.61307000 0.63959000
0.00621000 0.67575000 0.61883000
0.32051000 0.54321000 0.53475000
0.19084000 0.61699000 0.95585000
0.21903000 0.67252000 0.70233000
0.15074000 0.73123000 0.98446000
0.29658000 0.71793000 0.61279000
0.08783000 0.51843000 0.77728000
0.21645000 0.59394000 0.62490000
0.08475000 0.55573000 0.92999000
0.01867000 0.61354000 0.65030000
0.30020000 0.69080000 0.73565000
0.32263000 0.61982000 0.69459000
0.47574000 0.54511000 0.57268000
0.26962000 0.53202000 0.98875000
0.48782000 0.63346000 0.96315000
0.02676000 0.52522000 0.97818000
0.12775000 0.58856000 0.69925000
0.18421000 0.73355000 0.77527000
0.41217000 0.71477000 0.81888000
0.13672000 0.70707000 0.62966000
0.25644000 0.73352000 0.53056000
0.06850000 0.66780000 0.55928000
0.14419000 0.51823000 0.94527000
0.36457000 0.66707000 0.82881000
0.14033000 0.55063000 0.84559000
0.08043000 0.71359000 0.84300000
0.38130000 0.50486000 0.81255000
0.03062000 0.68461000 0.96462000
0.46956000 0.69988000 0.68475000
0.04224000 0.72264000 0.51825000
0.01282000 0.62965000 0.82245000
0.47844000 0.54991000 0.92439000
0.45171000 0.73216000 0.59292000
0.44129000 0.69689000 0.99559000
0.22894000 0.73633000 0.84394000
0.34624000 0.60423000 0.50082000
0.30525000 0.84566000 0.16774000
0.38901000 0.83162000 0.12920000
0.03542000 0.92747000 0.31764000
0.37295000 0.84378000 0.25488000
0.04480000 0.88236000 0.24835000
0.43472000 0.78260000 0.31107000
0.23706000 0.95226000 0.00318000
0.19451000 0.80944000 0.26063000
0.03457000 0.75888000 0.01494000
0.10242000 0.86716000 0.28646000
0.42593000 0.90801000 0.25402000
0.08129000 0.79626000 0.06328000
0.00524000 0.81780000 0.33620000
0.43810000 0.98649000 0.16694000
0.02201000 0.94049000 0.42236000
0.45719000 0.84104000 0.39822000
0.43195000 0.94471000 0.02545000
0.49808000 0.77764000 0.15177000
0.24310000 0.76833000 0.15123000
0.36652000 0.85086000 0.38731000
0.12265000 0.96464000 0.23856000
0.36162000 0.77334000 0.29627000
0.15809000 0.88881000 0.32793000
0.01014000 0.82527000 0.00412000
0.01976000 0.92194000 0.09977000
0.26777000 0.88651000 0.06226000
0.25799000 0.86117000 0.35425000
0.24728000 0.89275000 0.23933000
0.08697000 0.87096000 0.15425000
0.25939000 0.87529000 0.49595000
0.25989000 0.89715000 0.15571000
0.15265000 0.84145000 0.15309000
0.04848000 0.86874000 0.33690000
0.32677000 0.93491000 0.07941000
0.14909000 0.92712000 0.05587000
0.40120000 0.97520000 0.08986000
0.09889000 0.79549000 0.17077000
0.40950000 0.88895000 0.17719000
0.28948000 0.99373000 0.47085000
0.19441000 0.92008000 0.17507000
0.25043000 0.83813000 0.01205000
0.43486000 0.91367000 0.38837000
0.16443000 0.83720000 0.00679000
0.47508000 0.84103000 0.11590000
0.29867000 0.81185000 0.23468000
0.35070000 0.90718000 0.27785000
0.12951000 0.91056000 0.40741000
0.10545000 0.79465000 0.32959000
0.16611000 0.87387000 0.08582000
0.34769000 0.89275000 0.13852000
0.06489000 0.81109000 0.45777000
0.04870000 0.77089000 0.22817000
0.04833000 0.76098000 0.37074000
0.34243000 0.98186000 0.26139000
0.21319000 0.84393000 0.13994000
0.00202000 0.81890000 0.23160000
0.15705000 0.76750000 0.36715000
0.47956000 0.88884000 0.17723000
0.48491000 0.80450000 0.25609000
0.20596000 0.90255000 0.40189000
0.19923000 0.96915000 0.23527000
0.18598000 0.98442000 0.35725000
0.20569000 0.83993000 0.47495000
0.38452000 0.95587000 0.42581000
0.36006000 0.87376000 0.05463000
0.12399000 0.95428000 0.32321000
0.00765000 0.95329000 0.01699000
0.19695000 0.82201000 0.39065000
0.27504000 0.80066000 0.08155000
0.33011000 0.83384000 0.31815000
0.28734000 0.97502000 0.16228000
0.32651000 0.82119000 0.45556000
0.16089000 0.77105000 0.07316000
0.32712000 0.79877000 0.02061000
0.37128000 0.99101000 0.18479000
0.49643000 0.90855000 0.44649000
0.13641000 0.89521000 0.21131000
0.46881000 0.94508000 0.10972000
0.11610000 0.76024000 0.42850000
0.48189000 0.91945000 0.31189000
0.33328000 0.90476000 0.42748000
0.07999000 0.92623000 0.02886000
0.04134000 0.96533000 0.15665000
0.25683000 0.95180000 0.34413000
0.23513000 0.94927000 0.45923000
0.40704000 0.83616000 0.46846000
0.27578000 0.94991000 0.26181000
0.27878000 0.77603000 0.42132000
0.34122000 0.77701000 0.11801000
0.04024000 0.87132000 0.43194000
0.34207000 0.93121000 0.35639000
0.10657000 0.84453000 0.38273000
0.03681000 0.86010000 0.06199000
0.41343000 0.96420000 0.31864000
0.37752000 0.76941000 0.45600000
0.40175000 0.76621000 0.07818000
0.43601000 0.80654000 0.18844000
0.09023000 0.96314000 0.41085000
0.15840000 0.76229000 0.18162000
0.46147000 0.80460000 0.03710000
0.44720000 0.87880000 0.05332000
0.47334000 0.76974000 0.49005000
0.49436000 0.98586000 0.22657000
0.04039000 0.98558000 0.36037000
0.05366000 0.76972000 0.65428000
0.12905000 0.89069000 0.89197000
0.07170000 0.75987000 0.94753000
0.07710000 0.76720000 0.56655000
0.38848000 0.81723000 0.57326000
0.29685000 0.81332000 0.63092000
0.08110000 0.82553000 0.83696000
0.34214000 0.92082000 0.73625000
0.07673000 0.91018000 0.51383000
0.22576000 0.90593000 0.83614000
0.28404000 0.96760000 0.56555000
0.37573000 0.88329000 0.96641000
0.49195000 0.84384000 0.87545000
0.36063000 0.88370000 0.51505000
0.00427000 0.96741000 0.77370000
0.18440000 0.86307000 0.69949000
0.00749000 0.95860000 0.67578000
0.41860000 0.90555000 0.78930000
0.08993000 0.96951000 0.95891000
0.15080000 0.90577000 0.98062000
0.24732000 0.90596000 0.71492000
0.06829000 0.92451000 0.71430000
0.22658000 0.99444000 0.81756000
0.36573000 0.96425000 0.67482000
0.40728000 0.87988000 0.59503000
0.10382000 0.86764000 0.56561000
0.30809000 0.77109000 0.77867000
0.34943000 0.81368000 0.82995000
0.48338000 0.95389000 0.97124000
0.26366000 0.80716000 0.74539000
0.11334000 0.92365000 0.62086000
0.06710000 0.80443000 0.74199000
0.33798000 0.89784000 0.85621000
0.45712000 0.90926000 0.72199000
0.33134000 0.95504000 0.98404000
0.13136000 0.82991000 0.51062000
0.23003000 0.80996000 0.67493000
0.43633000 0.91140000 0.87183000
0.47044000 0.75452000 0.93716000
0.05563000 0.84831000 0.68067000
0.46338000 0.88901000 0.63881000
0.43713000 0.93322000 0.52007000
0.43294000 0.82623000 0.94263000
0.17705000 0.94274000 0.71558000
0.38753000 0.98778000 0.95850000
0.32814000 0.94664000 0.51644000
0.34867000 0.81983000 0.93490000
0.36916000 0.90235000 0.66087000
0.31112000 0.82766000 0.53484000
0.17800000 0.80969000 0.57490000
0.49042000 0.80988000 0.55907000
0.25385000 0.77288000 0.59632000
0.16397000 0.79374000 0.93727000
0.42261000 0.78544000 0.65956000
0.08973000 0.86531000 0.75329000
0.44792000 0.99036000 0.70143000
0.16212000 0.82455000 0.85740000
0.13441000 0.91640000 0.76188000
0.20739000 0.88436000 0.59990000
0.13779000 0.94876000 0.52138000
0.04446000 0.90950000 0.61818000
0.09517000 0.98458000 0.74165000
0.34094000 0.87000000 0.59108000
0.30159000 0.88060000 0.78238000
0.13855000 0.80926000 0.73389000
0.34636000 0.98778000 0.87680000
0.06781000 0.90898000 0.91868000
0.41795000 0.84106000 0.75214000
0.23736000 0.79643000 0.52348000
0.10121000 0.82563000 0.97045000
0.24490000 0.78567000 0.95413000
0.48029000 0.83827000 0.71350000
0.30397000 0.86880000 0.96791000
0.20645000 0.96699000 0.54580000
0.29423000 0.82301000 0.88047000
0.37390000 0.84141000 0.68009000
0.35611000 0.98143000 0.58695000
0.41406000 0.75626000 0.74289000
0.16399000 0.93507000 0.86338000
0.29705000 0.96431000 0.79166000
0.34186000 0.83376000 0.75994000
0.19795000 0.84990000 0.79384000
0.39591000 0.85421000 0.87148000
0.36702000 0.98887000 0.77003000
0.17196000 0.97583000 0.63300000
0.10545000 0.96988000 0.83018000
0.10950000 0.81660000 0.63865000
0.30054000 0.96520000 0.64794000
0.27641000 0.90683000 0.90863000
0.02175000 0.90138000 0.79668000
0.27420000 0.97710000 0.88916000
0.23368000 0.81168000 0.85136000
0.12094000 0.77287000 0.86285000
0.47666000 0.77904000 0.77259000
0.17171000 0.97869000 0.93989000
0.00905000 0.82576000 0.88242000
0.15950000 0.75906000 0.67243000
0.04521000 0.96845000 0.89582000
0.48468000 0.97227000 0.86320000
0.23151000 0.97764000 0.68122000
0.00813000 0.82995000 0.55983000
0.42394000 0.98314000 0.61629000
0.00399000 0.88666000 0.92835000
0.00603000 0.77255000 0.93333000
0.01070000 0.83637000 0.79695000
0.49993000 0.92730000 0.79217000
0.15579000 0.75109000 0.53443000
0.92486000 0.10240000 0.43873000
0.98540000 0.08836000 0.21249000
0.73456000 0.22351000 0.46312000
0.60717000 0.06190000 0.30218000
0.85276000 0.13351000 0.34052000
0.86900000 0.03852000 0.34423000
0.85305000 0.01245000 0.14237000
0.85582000 0.19552000 0.26035000
0.53574000 0.00240000 0.48617000
0.84162000 0.08616000 0.02492000
0.79754000 0.17567000 0.36658000
0.92395000 0.13680000 0.30935000
0.54209000 0.10100000 0.40510000
0.54214000 0.08315000 0.03361000
0.81022000 0.19100000 0.47466000
0.60080000 0.04449000 0.13011000
0.95179000 0.17387000 0.04295000
0.69692000 0.10082000 0.13375000
0.92154000 0.19851000 0.41543000
0.59298000 0.15371000 0.39023000
0.81762000 0.06947000 0.20572000
0.89761000 0.21743000 0.13626000
0.59304000 0.23420000 0.02600000
0.67812000 0.09793000 0.36727000
0.57576000 0.10891000 0.09969000
0.99257000 0.15904000 0.46005000
0.52393000 0.06367000 0.11466000
0.86182000 0.14332000 0.10609000
0.68302000 0.05022000 0.29726000
0.88873000 0.11044000 0.21870000
0.76581000 0.18019000 0.25896000
0.90897000 0.10625000 0.04512000
0.52546000 0.23718000 0.49397000
0.74459000 0.21530000 0.18619000
0.96731000 0.12139000 0.14877000
0.71055000 0.03505000 0.39981000
0.96769000 0.00589000 0.31252000
0.54514000 0.24666000 0.16053000
0.63552000 0.21954000 0.09350000
0.95938000 0.18383000 0.16399000
0.64487000 0.12611000 0.08624000
0.77868000 0.17633000 0.08163000
0.58952000 0.18562000 0.16742000
0.51353000 0.16333000 0.34262000
0.60779000 0.04163000 0.43091000
0.54048000 0.03418000 0.30829000
0.74424000 0.04897000 0.20014000
0.51441000 0.00943000 0.38224000
0.78419000 0.00690000 0.30058000
0.76550000 0.24449000 0.01674000
0.73250000 0.08378000 0.02824000
0.72779000 0.13063000 0.21205000
0.78981000 0.06616000 0.36379000
0.72433000 0.24269000 0.27633000
0.85204000 0.08228000 0.40986000
0.93483000 0.05310000 0.36335000
0.70347000 0.18721000 0.33391000
0.63535000 0.22171000 0.36063000
0.53302000 0.24451000 0.28518000
0.82020000 0.09348000 0.28782000
0.81319000 0.00001000 0.38641000
0.54019000 0.14558000 0.47048000
0.71186000 0.16212000 0.43154000
0.74438000 0.12307000 0.37431000
0.93306000 0.04479000 0.19970000
0.86260000 0.16345000 0.44569000
0.91732000 0.04862000 0.11034000
0.64755000 0.10175000 0.20970000
0.68184000 0.03485000 0.09889000
0.55702000 0.07056000 0.48997000
0.53724000 0.12884000 0.27885000
0.55952000 0.20688000 0.08513000
0.66781000 0.11816000 0.46206000
0.80387000 0.00530000 0.03224000
0.60691000 0.22238000 0.43885000
0.52886000 0.00769000 0.03928000
0.77816000 0.13371000 0.49620000
0.68045000 0.18466000 0.19217000
0.72709000 0.06565000 0.47276000
0.70584000 0.15655000 0.07802000
0.95341000 0.07723000 0.28489000
0.99600000 0.11500000 0.01671000
0.53315000 0.20662000 0.41426000
0.65367000 0.14865000 0.26577000
0.83335000 0.07412000 0.12155000
0.75674000 0.06542000 0.11053000
0.59283000 0.01965000 0.01674000
0.91581000 0.23388000 0.27888000
0.55432000 0.12718000 0.18632000
0.55710000 0.05493000 0.18793000
0.82361000 0.14313000 0.17033000
0.51330000 0.19344000 0.21003000
0.98771000 0.04756000 0.12418000
0.99578000 0.23686000 0.05188000
0.67376000 0.24697000 0.21379000
0.90199000 0.22406000 0.48372000
0.97220000 0.05207000 0.04080000
0.60884000 0.24990000 0.26089000
0.64763000 0.05894000 0.75252000
0.93279000 0.15853000 0.66240000
0.77815000 0.04896000 0.97390000
0.72362000 0.17692000 0.87807000
0.90075000 0.09898000 0.83930000
0.96375000 0.20372000 0.95748000
0.50487000 0.03551000 0.65893000
0.69476000 0.09365000 0.60050000
0.61012000 0.14778000 0.51430000
0.75804000 0.13482000 0.83615000
0.64088000 0.18497000 0.98537000
0.92448000 0.03949000 0.50537000
0.61768000 0.11501000 0.77358000
0.81923000 0.05776000 0.52806000
0.93888000 0.03877000 0.83000000
0.53978000 0.05515000 0.75305000
0.95346000 0.00005000 0.70025000
0.53221000 0.04931000 0.95931000
0.85833000 0.18767000 0.96272000
0.91118000 0.05171000 0.74462000
0.95499000 0.21588000 0.75534000
0.95639000 0.11535000 0.51093000
0.89483000 0.16673000 0.53231000
0.99589000 0.07293000 0.74591000
0.54451000 0.12181000 0.84185000
0.73076000 0.00638000 0.93748000
0.98415000 0.16501000 0.84308000
0.72192000 0.24419000 0.88220000
0.57527000 0.23390000 0.77951000
0.80671000 0.13320000 0.58616000
0.81560000 0.05262000 0.82132000
0.75830000 0.08144000 0.89385000
0.50532000 0.09740000 0.54996000
0.83303000 0.24575000 0.98547000
0.58226000 0.19776000 0.65901000
0.56440000 0.09509000 0.57710000
0.87309000 0.14227000 0.78599000
0.71204000 0.11729000 0.93063000
0.92774000 0.13848000 0.98158000
0.78178000 0.23487000 0.79094000
0.76564000 0.16330000 0.67812000
0.55954000 0.24535000 0.59480000
0.77982000 0.14151000 0.75461000
0.56843000 0.16989000 0.73793000
0.88960000 0.09979000 0.55960000
0.94532000 0.13659000 0.75810000
0.50154000 0.24452000 0.94795000
0.61801000 0.20613000 0.88653000
0.65947000 0.20388000 0.76655000
0.57816000 0.16382000 0.58414000
0.97126000 0.06208000 0.63172000
0.94752000 0.06644000 0.92156000
0.59087000 0.06821000 0.68853000
0.75858000 0.04218000 0.67744000
0.75097000 0.06951000 0.54727000
0.83195000 0.13191000 0.69728000
0.81367000 0.21794000 0.91270000
0.92833000 0.22127000 0.58489000
0.81168000 0.13810000 0.99669000
0.54869000 0.19439000 0.84097000
0.94039000 0.23078000 0.67579000
0.82496000 0.22323000 0.67795000
0.65655000 0.16481000 0.83688000
0.91158000 0.23959000 0.84529000
0.85864000 0.24914000 0.78579000
0.70305000 0.10703000 0.69284000
0.64151000 0.15846000 0.69361000
0.56407000 0.20345000 0.95866000
0.57674000 0.02249000 0.91275000
0.89421000 0.06205000 0.97242000
0.76136000 0.18608000 0.60362000
0.67174000 0.04697000 0.85041000
0.51102000 0.14640000 0.65726000
0.98138000 0.23621000 0.52142000
0.86851000 0.19535000 0.73405000
0.76156000 0.06664000 0.75144000
0.68797000 0.19867000 0.53078000
0.68469000 0.19840000 0.61906000
0.82019000 0.18950000 0.82601000
0.75721000 0.17383000 0.95777000
0.94096000 0.13325000 0.89022000
0.50807000 0.24391000 0.65699000
0.87601000 0.03582000 0.60243000
0.76348000 0.24379000 0.70050000
0.62069000 0.07155000 0.52658000
0.64077000 0.10281000 0.87542000
0.58129000 0.10517000 0.91593000
0.64392000 0.00465000 0.53998000
0.71757000 0.12583000 0.52403000
0.87776000 0.16123000 0.86663000
0.60075000 0.05689000 0.82367000
0.68308000 0.01476000 0.64886000
0.86457000 0.06574000 0.68383000
0.65792000 0.02386000 0.97138000
0.85399000 0.09546000 0.90604000
0.98641000 0.12830000 0.59926000
0.76836000 0.23748000 0.54373000
0.99776000 0.04815000 0.51658000
0.99940000 0.23760000 0.61068000
0.62671000 0.24748000 0.62305000
0.70792000 0.00830000 0.51666000
0.76309000 0.00023000 0.80414000
0.61584000 0.11078000 0.99951000
0.89556000 0.38531000 0.08514000
0.76975000 0.37374000 0.43615000
0.59231000 0.43313000 0.28126000
0.71746000 0.25559000 0.11010000
0.92412000 0.37172000 0.01058000
0.97601000 0.47730000 0.04990000
0.67211000 0.42625000 0.37777000
0.64728000 0.28476000 0.13253000
0.88744000 0.30906000 0.39611000
0.95665000 0.45207000 0.33255000
0.80417000 0.33078000 0.32451000
0.85373000 0.27700000 0.22283000
0.84928000 0.45224000 0.38544000
0.74484000 0.32027000 0.09817000
0.85602000 0.48340000 0.28478000
0.51499000 0.27381000 0.41808000
0.54184000 0.45341000 0.02776000
0.93966000 0.26869000 0.21388000
0.80304000 0.39411000 0.20440000
0.66211000 0.33024000 0.46937000
0.97845000 0.39912000 0.09373000
0.89239000 0.28660000 0.13981000
0.70243000 0.44443000 0.08894000
0.92467000 0.48992000 0.12796000
0.89583000 0.38962000 0.29826000
0.56457000 0.46129000 0.21280000
0.64307000 0.36921000 0.40434000
0.56261000 0.43804000 0.36959000
0.56498000 0.38304000 0.19343000
0.84019000 0.44016000 0.07980000
0.52729000 0.31940000 0.18384000
0.86929000 0.35005000 0.22769000
0.72548000 0.28565000 0.21183000
0.55445000 0.32887000 0.37789000
0.77825000 0.40533000 0.11878000
0.99690000 0.39510000 0.24179000
0.96184000 0.43470000 0.16650000
0.70474000 0.38368000 0.45386000
0.84685000 0.48101000 0.46445000
0.88254000 0.26130000 0.05879000
0.83509000 0.38935000 0.39231000
0.68514000 0.37496000 0.26689000
0.94836000 0.29898000 0.31005000
0.66456000 0.37796000 0.06909000
0.80349000 0.26088000 0.33367000
0.56668000 0.25622000 0.37024000
0.59163000 0.36730000 0.45324000
0.85831000 0.45214000 0.19526000
0.64258000 0.42006000 0.49195000
0.80632000 0.32361000 0.24097000
0.51631000 0.48756000 0.40130000
0.59357000 0.34352000 0.31554000
0.55505000 0.31548000 0.46754000
0.96303000 0.25537000 0.37675000
0.81126000 0.27475000 0.14131000
0.57672000 0.31628000 0.25061000
0.54767000 0.48625000 0.12094000
0.55302000 0.42947000 0.45196000
0.98765000 0.28646000 0.10601000
0.91301000 0.48060000 0.42286000
0.94701000 0.30502000 0.03077000
0.98704000 0.35923000 0.44374000
0.83544000 0.27452000 0.43191000
0.78685000 0.45576000 0.43603000
0.63002000 0.45020000 0.07522000
0.81640000 0.39216000 0.27971000
0.77406000 0.32520000 0.17656000
0.62994000 0.35405000 0.14581000
0.71232000 0.40219000 0.14284000
0.88600000 0.25855000 0.34462000
0.95618000 0.29873000 0.43094000
0.96500000 0.45409000 0.24139000
0.58887000 0.29703000 0.05702000
0.64800000 0.42623000 0.14936000
0.93025000 0.40549000 0.43916000
0.74479000 0.41639000 0.32223000
0.72150000 0.34311000 0.36887000
0.78999000 0.49639000 0.21904000
0.86777000 0.39130000 0.15360000
0.64410000 0.28491000 0.40247000
0.91670000 0.40879000 0.21897000
0.55561000 0.40055000 0.07336000
0.87713000 0.41679000 0.01363000
0.81300000 0.29658000 0.05828000
0.72362000 0.27808000 0.39268000
0.66771000 0.31138000 0.31366000
0.71207000 0.35212000 0.18977000
0.97860000 0.37824000 0.36907000
0.79199000 0.31513000 0.47034000
0.75141000 0.46975000 0.12956000
0.82388000 0.38473000 0.48355000
0.66547000 0.47162000 0.22599000
0.61605000 0.47951000 0.39246000
0.65665000 0.27967000 0.03506000
0.60154000 0.36341000 0.01868000
0.76388000 0.31650000 0.00217000
0.63752000 0.45244000 0.85446000
0.62268000 0.36701000 0.53489000
0.78853000 0.32770000 0.72246000
0.58429000 0.47020000 0.72359000
0.94576000 0.43292000 0.86330000
0.65167000 0.43257000 0.72882000
0.69900000 0.34684000 0.88878000
0.80841000 0.46952000 0.89954000
0.54501000 0.33356000 0.73399000
0.75882000 0.40601000 0.71199000
0.62247000 0.28132000 0.82375000
0.63717000 0.38579000 0.79109000
0.50003000 0.43894000 0.83868000
0.69102000 0.32911000 0.80338000
0.70243000 0.34702000 0.69859000
0.82818000 0.30857000 0.81717000
0.55319000 0.47390000 0.89208000
0.71683000 0.45898000 0.56329000
0.73904000 0.42499000 0.99263000
0.71728000 0.45551000 0.75411000
0.65209000 0.48122000 0.52951000
0.66892000 0.41899000 0.94914000
0.69743000 0.35203000 0.98440000
0.58934000 0.26056000 0.51474000
0.69110000 0.35506000 0.59444000
0.55700000 0.37080000 0.64815000
0.88183000 0.49894000 0.65705000
0.78351000 0.33529000 0.92327000
0.58239000 0.44920000 0.96332000
0.67299000 0.26083000 0.94783000
0.80826000 0.44496000 0.82151000
0.55515000 0.41222000 0.73115000
0.57779000 0.33188000 0.86705000
0.72474000 0.25090000 0.61486000
0.74323000 0.30292000 0.86036000
0.71175000 0.45274000 0.83941000
0.55669000 0.48895000 0.61528000
0.67039000 0.41529000 0.64364000
0.92628000 0.29558000 0.52775000
0.87440000 0.41150000 0.84772000
0.53056000 0.26961000 0.72851000
0.87036000 0.40150000 0.94288000
0.96094000 0.48509000 0.95132000
0.93896000 0.39231000 0.93168000
0.86804000 0.26647000 0.55336000
0.88154000 0.37231000 0.77994000
0.97126000 0.30484000 0.65980000
0.56900000 0.41772000 0.82093000
0.85941000 0.29830000 0.70064000
0.60544000 0.42309000 0.61018000
0.81090000 0.40989000 0.88763000
0.73885000 0.47777000 0.68199000
0.80750000 0.26366000 0.62310000
0.92744000 0.28383000 0.78067000
0.74378000 0.41871000 0.63726000
0.77331000 0.26301000 0.93523000
0.52056000 0.38799000 0.52643000
0.51288000 0.29557000 0.99277000
0.53921000 0.30173000 0.61200000
0.89964000 0.46335000 0.92133000
0.62220000 0.38229000 0.87472000
0.81156000 0.36502000 0.65539000
0.74875000 0.31680000 0.63302000
0.80838000 0.38303000 0.77897000
0.90679000 0.38077000 0.68931000
0.72258000 0.32000000 0.50011000
0.91157000 0.29516000 0.61425000
0.84557000 0.35471000 0.89365000
0.99843000 0.34202000 0.92313000
0.62325000 0.32414000 0.75580000
0.74791000 0.41000000 0.88448000
0.98859000 0.37050000 0.65425000
0.95852000 0.28450000 0.88310000
0.62788000 0.34131000 0.62148000
0.61059000 0.30056000 0.96276000
0.82255000 0.43740000 0.68306000
0.93715000 0.27593000 0.96229000
0.88386000 0.29739000 0.91647000
0.95848000 0.46536000 0.76323000
0.92016000 0.34160000 0.86849000
0.87953000 0.35760000 0.61399000
0.89321000 0.35299000 0.51976000
0.88410000 0.46239000 0.74467000
0.86342000 0.45618000 0.58661000
0.94824000 0.43348000 0.64451000
0.66356000 0.26811000 0.70718000
0.54828000 0.27428000 0.84842000
0.97684000 0.41429000 0.54801000
0.68883000 0.26464000 0.77364000
0.96440000 0.38436000 0.80433000
0.77535000 0.34507000 0.55876000
0.79672000 0.42164000 0.58056000
0.97012000 0.42921000 0.99466000
0.70305000 0.48085000 0.99963000
0.56306000 0.45708000 0.53264000
0.78202000 0.49685000 0.77033000
0.66369000 0.26427000 0.55570000
0.88012000 0.30294000 0.99254000
0.90364000 0.45030000 0.51166000
0.74993000 0.42695000 0.50335000
0.51214000 0.37271000 0.99018000
0.81917000 0.35373000 0.99889000
0.51133000 0.55382000 0.43640000
0.60926000 0.73773000 0.08039000
0.75933000 0.66145000 0.22592000
0.91723000 0.52354000 0.33253000
0.91635000 0.70320000 0.28761000
0.64075000 0.67409000 0.26691000
0.53275000 0.54772000 0.31101000
0.99952000 0.60117000 0.23109000
0.62314000 0.57332000 0.44865000
0.89897000 0.53889000 0.04542000
0.98752000 0.71285000 0.05446000
0.51222000 0.54658000 0.10417000
0.81885000 0.67538000 0.44783000
0.52418000 0.64485000 0.03814000
0.83448000 0.55470000 0.23168000
0.95929000 0.62761000 0.38612000
0.71492000 0.68472000 0.11199000
0.69966000 0.52558000 0.14557000
0.65360000 0.72943000 0.31950000
0.86723000 0.60554000 0.14778000
0.83301000 0.66429000 0.17969000
0.76579000 0.70358000 0.32505000
0.73881000 0.74111000 0.26639000
0.74676000 0.58968000 0.45616000
0.65113000 0.51684000 0.35114000
0.55306000 0.72826000 0.48719000
0.57839000 0.59535000 0.01044000
0.94851000 0.63045000 0.29305000
0.57076000 0.64989000 0.16968000
0.56462000 0.67067000 0.35311000
0.50975000 0.66202000 0.30119000
0.76485000 0.52038000 0.47109000
0.89199000 0.58888000 0.27101000
0.58074000 0.57991000 0.15291000
0.74393000 0.70628000 0.46508000
0.74662000 0.51423000 0.29015000
0.76946000 0.64619000 0.10893000
0.83809000 0.62920000 0.07478000
0.96157000 0.50204000 0.48019000
0.94112000 0.58290000 0.18948000
0.86636000 0.73097000 0.47743000
0.51894000 0.71339000 0.40736000
0.98360000 0.56774000 0.32138000
0.67717000 0.61290000 0.44211000
0.59311000 0.58729000 0.28867000
0.91572000 0.52984000 0.23010000
0.97839000 0.69512000 0.18229000
0.58931000 0.55712000 0.37510000
0.74276000 0.60727000 0.19099000
0.75595000 0.57324000 0.12157000
0.56504000 0.65381000 0.43648000
0.96992000 0.53413000 0.39401000
0.56356000 0.70891000 0.26340000
0.54590000 0.62767000 0.24831000
0.98895000 0.73194000 0.30804000
0.89991000 0.69379000 0.07636000
0.64679000 0.67560000 0.16379000
0.75156000 0.72910000 0.07623000
0.77086000 0.60518000 0.04468000
0.75203000 0.65608000 0.38055000
0.85544000 0.67227000 0.32454000
0.80131000 0.72263000 0.18847000
0.58717000 0.53606000 0.23837000
0.79381000 0.59836000 0.37080000
0.86782000 0.63415000 0.38403000
0.66709000 0.55400000 0.28579000
0.86133000 0.52328000 0.16330000
0.61435000 0.72278000 0.38999000
0.71136000 0.67761000 0.27692000
0.94940000 0.61032000 0.09987000
0.67867000 0.60290000 0.08581000
0.81759000 0.51007000 0.09918000
0.97219000 0.54211000 0.13205000
0.63656000 0.52490000 0.11542000
0.59100000 0.64623000 0.08512000
0.86745000 0.56562000 0.36437000
0.53230000 0.50088000 0.48126000
0.72322000 0.56162000 0.37054000
0.72185000 0.59688000 0.28038000
0.67800000 0.68107000 0.43697000
0.69024000 0.51569000 0.43833000
0.65684000 0.61277000 0.20546000
0.62754000 0.62867000 0.33264000
0.98359000 0.68687000 0.48925000
0.93474000 0.64053000 0.01275000
0.71468000 0.54457000 0.06040000
0.86106000 0.55639000 0.44939000
0.91666000 0.64710000 0.21636000
0.94291000 0.57322000 0.44970000
0.77123000 0.50555000 0.37171000
0.55458000 0.53528000 0.02164000
0.88543000 0.72438000 0.21341000
0.52048000 0.74885000 0.30392000
0.91163000 0.73992000 0.41319000
0.53878000 0.73700000 0.08835000
0.82955000 0.74622000 0.08087000
0.99828000 0.72834000 0.39955000
0.73488000 0.69914000 0.01060000
0.84946000 0.70510000 0.00647000
0.99816000 0.55458000 0.05330000
0.73504000 0.74796000 0.38072000
0.82975000 0.50077000 0.54290000
0.51505000 0.70111000 0.76692000
0.60397000 0.61740000 0.75468000
0.60208000 0.58775000 0.66410000
0.79437000 0.63840000 0.72998000
0.55783000 0.56883000 0.58691000
0.92123000 0.57862000 0.79808000
0.96559000 0.58837000 0.69666000
0.66566000 0.55478000 0.63527000
0.93009000 0.69181000 0.69681000
0.93606000 0.58286000 0.89913000
0.82616000 0.54053000 0.65308000
0.79791000 0.57145000 0.89317000
0.64024000 0.70415000 0.91261000
0.50223000 0.50115000 0.66500000
0.63025000 0.50155000 0.67993000
0.90372000 0.54622000 0.51100000
0.95316000 0.61281000 0.50754000
0.81409000 0.68866000 0.67731000
0.71033000 0.63522000 0.72582000
0.75515000 0.67007000 0.52673000
0.65540000 0.69070000 0.99328000
0.79355000 0.74252000 0.95596000
0.67716000 0.58911000 0.79220000
0.65292000 0.54028000 0.94966000
0.71796000 0.60387000 0.97793000
0.78143000 0.63058000 0.96422000
0.71192000 0.74550000 0.64247000
0.76480000 0.60115000 0.82033000
0.63414000 0.67486000 0.63863000
0.75826000 0.52407000 0.94213000
0.52657000 0.68611000 0.90964000
0.67233000 0.56729000 0.86819000
0.58756000 0.73801000 0.78616000
0.75939000 0.64467000 0.64407000
0.55626000 0.69776000 0.99224000
0.74125000 0.68945000 0.90206000
0.51889000 0.59237000 0.67445000
0.81244000 0.56537000 0.97737000
0.54836000 0.69255000 0.69525000
0.81708000 0.66906000 0.59514000
0.75261000 0.54035000 0.65997000
0.97806000 0.51118000 0.69067000
0.89702000 0.52587000 0.84395000
0.76430000 0.58993000 0.54711000
0.87292000 0.67101000 0.82788000
0.82963000 0.72920000 0.55674000
0.89978000 0.58307000 0.72403000
0.87831000 0.59975000 0.99225000
0.94151000 0.65465000 0.89020000
0.76357000 0.50681000 0.58186000
0.96656000 0.62005000 0.76478000
0.80386000 0.56220000 0.72861000
0.75959000 0.73804000 0.55066000
0.86997000 0.56543000 0.92346000
0.89229000 0.66993000 0.57860000
0.59092000 0.73076000 0.62816000
0.93619000 0.51481000 0.58788000
0.87361000 0.64981000 0.92401000
0.52457000 0.57476000 0.50478000
0.96661000 0.58224000 0.58042000
0.52585000 0.64702000 0.59450000
0.70326000 0.52823000 0.78025000
0.72390000 0.63406000 0.88498000
0.58456000 0.69136000 0.86512000
0.60194000 0.63548000 0.91873000
0.68523000 0.56816000 0.71283000
0.68034000 0.55619000 0.56490000
0.62713000 0.68253000 0.75171000
0.68001000 0.70541000 0.69983000
0.64456000 0.71568000 0.56710000
0.60827000 0.64800000 0.56061000
0.98469000 0.71910000 0.56090000
0.52737000 0.71461000 0.57937000
0.58124000 0.73683000 0.93726000
0.98317000 0.58511000 0.96059000
0.59560000 0.52870000 0.53020000
0.79604000 0.74192000 0.63814000
0.67345000 0.65009000 0.51581000
0.77580000 0.69829000 0.79318000
0.69680000 0.66927000 0.59021000
0.84801000 0.53908000 0.77366000
0.88579000 0.61226000 0.63119000
0.55156000 0.65895000 0.51687000
0.83838000 0.59209000 0.82841000
0.53948000 0.64580000 0.79676000
0.52253000 0.59850000 0.83752000
0.53627000 0.59718000 0.91782000
0.82185000 0.72984000 0.86392000
0.64318000 0.60320000 0.98803000
0.71475000 0.50594000 0.88388000
0.86499000 0.64381000 0.70883000
0.59798000 0.58086000 0.82817000
0.66857000 0.66262000 0.82325000
0.71050000 0.73153000 0.82689000
0.63300000 0.51508000 0.82219000
0.94782000 0.64382000 0.64060000
0.57119000 0.55803000 0.72518000
0.86209000 0.73104000 0.72055000
0.85503000 0.63888000 0.50393000
0.56139000 0.53743000 0.92830000
0.92857000 0.74922000 0.50367000
0.55903000 0.50049000 0.78812000
0.65460000 0.83158000 0.16139000
0.59362000 0.97171000 0.10286000
0.81931000 0.93212000 0.43143000
0.89706000 0.93723000 0.28553000
0.90238000 0.91542000 0.36948000
0.76385000 0.77236000 0.45899000
0.66967000 0.89259000 0.05707000
0.93713000 0.86153000 0.36762000
0.83493000 0.96797000 0.09334000
0.70830000 0.87713000 0.19514000
0.88853000 0.80364000 0.43152000
0.89139000 0.86539000 0.26204000
0.74207000 0.86886000 0.46374000
0.92599000 0.75454000 0.15311000
0.76484000 0.87943000 0.05186000
0.73206000 0.97599000 0.01923000
0.53184000 0.79780000 0.03058000
0.88554000 0.94429000 0.14869000
0.64353000 0.78672000 0.44651000
0.74549000 0.94294000 0.43738000
0.53352000 0.78399000 0.43649000
0.52411000 0.83831000 0.38314000
0.87149000 0.90693000 0.07472000
0.74586000 0.81734000 0.20917000
0.83887000 0.93300000 0.35433000
0.63296000 0.95045000 0.48558000
0.58507000 0.89203000 0.38844000
0.66805000 0.78352000 0.27177000
0.89240000 0.98312000 0.03812000
0.96236000 0.89369000 0.06850000
0.99260000 0.81139000 0.13629000
0.85200000 0.83776000 0.31011000
0.87744000 0.76599000 0.32757000
0.62751000 0.84730000 0.41170000
0.59430000 0.86053000 0.21873000
0.72313000 0.90149000 0.11218000
0.94162000 0.79442000 0.33888000
0.81747000 0.75044000 0.36137000
0.81859000 0.99392000 0.48008000
0.68185000 0.94364000 0.22140000
0.75043000 0.94058000 0.21909000
0.78013000 0.78692000 0.12323000
0.87870000 0.77934000 0.04081000
0.92100000 0.94176000 0.44775000
0.85996000 0.79237000 0.19016000
0.76226000 0.78724000 0.31935000
0.59570000 0.82400000 0.49224000
0.99035000 0.99004000 0.08276000
0.85146000 0.92366000 0.23164000
0.67447000 0.79304000 0.36433000
0.95947000 0.90229000 0.18457000
0.57545000 0.96719000 0.41318000
0.75379000 0.96056000 0.10637000
0.55647000 0.85159000 0.15295000
0.70379000 0.86411000 0.39322000
0.82051000 0.75660000 0.26954000
0.50709000 0.86678000 0.01971000
0.76772000 0.85421000 0.34486000
0.67640000 0.84931000 0.30148000
0.92549000 0.81599000 0.21084000
0.62606000 0.90435000 0.26786000
0.57533000 0.80488000 0.32945000
0.81289000 0.82346000 0.24271000
0.66616000 0.92981000 0.39117000
0.72458000 0.79894000 0.05051000
0.60308000 0.76806000 0.20559000
0.61170000 0.84713000 0.03214000
0.94277000 0.81883000 0.04202000
0.82799000 0.81149000 0.48331000
0.58577000 0.98549000 0.19873000
0.97049000 0.99256000 0.40716000
0.58150000 0.95537000 0.27385000
0.91786000 0.88723000 0.01844000
0.70234000 0.97651000 0.31856000
0.85721000 0.84621000 0.13085000
0.97844000 0.88045000 0.29403000
0.53530000 0.76111000 0.22085000
0.95041000 0.95277000 0.12867000
0.66283000 0.95882000 0.03535000
0.79850000 0.85979000 0.41647000
0.69151000 0.75319000 0.18344000
0.62124000 0.90854000 0.17414000
0.96610000 0.94329000 0.32957000
0.72843000 0.89543000 0.28370000
0.81556000 0.89130000 0.15356000
0.59334000 0.78843000 0.13109000
0.78962000 0.93657000 0.28768000
0.88412000 0.99634000 0.41064000
0.96995000 0.83981000 0.44204000
0.78876000 0.99169000 0.16473000
0.58809000 0.89674000 0.10113000
0.52827000 0.86627000 0.25420000
0.52549000 0.95006000 0.16396000
0.67056000 0.94731000 0.12101000
0.69084000 0.99970000 0.17698000
0.78555000 0.78068000 0.02364000
0.99375000 0.77591000 0.49518000
0.50926000 0.83582000 0.48634000
0.93157000 0.97283000 0.21448000
0.84406000 0.99211000 0.27764000
0.65428000 0.99323000 0.42980000
0.92846000 0.75183000 0.00426000
0.98157000 0.92216000 0.49839000
0.70411000 0.91678000 0.50831000
0.62530000 0.86451000 0.62821000
0.52815000 0.87537000 0.75346000
0.88943000 0.90347000 0.50698000
0.61903000 0.78554000 0.66060000
0.53187000 0.78581000 0.89820000
0.71751000 0.81029000 0.50319000
0.55095000 0.79649000 0.75730000
0.53062000 0.97300000 0.69723000
0.88349000 0.98094000 0.55620000
0.93016000 0.90798000 0.76324000
0.65132000 0.91571000 0.70440000
0.51035000 0.77192000 0.68984000
0.51017000 0.82855000 0.95178000
0.56951000 0.92054000 0.50053000
0.85907000 0.91063000 0.80349000
0.90645000 0.77225000 0.92720000
0.93977000 0.81640000 0.51616000
0.70638000 0.94452000 0.63734000
0.73328000 0.86357000 0.80278000
0.67301000 0.78818000 0.57090000
0.59438000 0.89266000 0.88765000
0.50130000 0.90190000 0.92540000
0.85394000 0.84808000 0.96181000
0.69075000 0.86164000 0.61588000
0.80862000 0.90672000 0.89579000
0.51014000 0.91163000 0.58193000
0.72345000 0.83028000 0.96560000
0.95134000 0.98793000 0.95345000
0.68232000 0.86361000 0.74839000
0.85455000 0.80558000 0.56660000
0.96699000 0.84346000 0.66037000
0.71916000 0.97742000 0.74372000
0.62773000 0.84727000 0.79343000
0.81540000 0.90194000 0.54232000
0.86624000 0.97309000 0.82164000
0.85732000 0.81532000 0.65963000
0.79034000 0.83587000 0.85514000
0.76948000 0.93018000 0.82073000
0.92343000 0.88126000 0.93547000
0.59615000 0.86755000 0.70303000
0.85957000 0.87385000 0.62331000
0.93104000 0.89975000 0.62241000
0.98633000 0.89414000 0.73449000
0.56058000 0.96415000 0.97264000
0.64084000 0.94790000 0.59439000
0.80659000 0.77358000 0.79648000
0.83282000 0.92293000 0.70672000
0.61377000 0.78164000 0.86402000
0.55355000 0.78517000 0.55388000
0.94770000 0.75794000 0.86325000
0.75166000 0.77460000 0.75357000
0.77633000 0.88877000 0.68398000
0.66310000 0.85713000 0.51113000
0.90751000 0.85934000 0.55845000
0.79779000 0.97774000 0.87735000
0.55237000 0.84312000 0.82859000
0.68902000 0.81529000 0.69230000
0.64267000 0.94238000 0.93423000
0.83331000 0.98228000 0.96325000
0.74520000 0.85637000 0.55226000
0.79546000 0.91925000 0.61927000
0.86225000 0.99802000 0.72685000
0.89104000 0.99109000 0.89849000
0.77664000 0.96197000 0.70016000
0.83590000 0.97106000 0.64455000
0.89847000 0.95626000 0.68611000
0.94072000 0.83681000 0.85596000
0.71635000 0.90850000 0.94879000
0.62545000 0.77503000 0.74429000
0.99922000 0.97628000 0.54364000
0.71835000 0.97025000 0.87065000
0.86399000 0.81180000 0.86583000
0.58528000 0.91098000 0.80021000
0.63868000 0.96589000 0.80636000
0.86122000 0.91883000 0.98861000
0.78059000 0.80225000 0.66821000
0.72721000 0.75978000 0.93680000
0.78086000 0.80038000 0.57259000
0.94178000 0.79720000 0.78506000
0.88073000 0.87428000 0.86330000
0.83075000 0.85276000 0.77486000
0.64586000 0.79144000 0.96667000
0.60398000 0.85160000 0.95449000
0.78666000 0.92461000 0.98606000
0.89109000 0.83442000 0.73473000
0.95539000 0.98321000 0.61217000
0.54417000 0.94067000 0.87007000
0.97737000 0.93712000 0.84456000
0.66599000 0.86851000 0.90151000
0.92321000 0.98539000 0.77096000
0.56854000 0.95726000 0.58404000
0.53327000 0.91332000 0.66557000
0.81625000 0.96243000 0.76876000
0.53040000 0.98689000 0.78080000
0.77214000 0.94531000 0.50819000
0.68096000 0.80297000 0.83347000
0.76310000 0.99779000 0.61322000
0.94141000 0.76296000 0.71153000
0.89588000 0.75416000 0.61543000
0.69054000 0.75815000 0.75224000
0.61308000 0.99897000 0.69404000
