1 9
1 14
1 28
1 32
1 75
1 87
2 31
2 68
2 110
2 144
2 1231
2 1262
2 1356
3 24
3 25
3 31
3 33
3 1231
3 1238
4 9
4 11
4 14
4 15
4 18
4 20
4 21
4 24
5 6
5 7
5 15
5 23
5 29
5 335
5 438
5 440
6 15
6 29
6 30
7 10
7 11
7 15
7 21
7 23
7 333
7 440
8 19
8 26
8 28
8 34
8 130
8 135
8 416
9 11
9 14
9 22
9 32
9 97
10 23
10 75
10 89
10 90
10 427
10 440
11 21
11 74
11 94
11 95
12 22
12 32
12 96
12 126
12 1234
12 1329
12 1339
13 24
13 25
13 1231
13 1233
13 1246
14 19
14 20
14 22
14 24
14 32
14 34
15 18
15 21
15 30
15 322
15 324
16 17
16 26
16 27
16 418
16 419
16 421
17 19
17 36
17 107
17 130
18 21
18 30
18 314
18 324
18 339
18 1250
18 1259
19 20
19 34
19 130
20 23
20 25
20 26
21 324
21 339
21 379
22 24
22 1234
22 1242
23 26
23 29
23 427
24 25
24 1242
24 1246
25 27
26 28
26 411
26 414
26 416
27 36
27 55
27 60
28 416
28 437
28 477
29 411
29 415
29 418
29 438
31 36
31 68
31 1231
32 87
32 96
32 97
33 107
33 110
33 132
33 1356
34 114
34 119
34 130
34 131
34 132
35 38
35 42
35 52
35 53
35 447
36 53
36 58
36 60
36 107
36 137
37 38
37 43
37 55
37 415
37 468
38 39
38 52
38 55
38 63
38 459
39 43
39 45
39 61
39 63
39 352
39 363
40 44
40 46
40 50
40 56
40 57
40 79
40 102
40 150
40 443
41 48
41 55
41 60
41 61
42 46
42 50
42 52
42 53
42 56
42 65
42 66
42 447
42 472
43 55
43 350
43 361
44 46
44 47
44 50
44 54
44 57
44 62
44 79
45 51
45 59
45 61
45 64
45 349
45 351
45 352
45 372
46 50
46 56
46 65
46 146
46 150
46 151
47 51
47 54
47 62
48 51
48 58
48 61
48 68
48 1261
48 1272
49 54
49 57
49 63
49 372
49 453
50 52
50 56
50 472
51 59
51 61
51 62
51 64
52 447
52 472
53 65
53 66
53 138
53 159
53 421
54 57
54 59
54 82
54 85
55 60
56 66
56 150
56 154
56 160
56 443
56 472
57 71
57 78
57 79
57 85
58 60
58 62
58 65
58 137
59 64
59 351
59 1290
61 64
61 352
63 372
63 453
63 459
64 1279
64 1284
64 1579
65 137
65 146
66 138
66 160
66 447
66 472
66 566
67 68
67 1261
67 1278
67 1287
67 1390
68 144
68 1231
68 1261
68 1262
68 1272
68 1287
69 71
69 98
69 102
69 195
69 509
70 71
70 72
70 77
70 78
70 91
70 396
70 507
71 78
71 98
71 102
71 507
72 384
72 396
72 508
72 767
73 83
73 84
73 93
73 382
73 386
73 390
73 403
74 83
74 94
74 95
74 97
74 379
74 1315
75 80
75 87
75 89
75 94
75 477
76 99
76 101
76 196
76 1417
76 1428
77 80
77 89
77 483
77 493
77 496
77 798
78 82
78 91
78 93
78 98
79 85
79 100
79 150
79 203
80 88
80 91
80 94
80 98
81 83
81 84
81 86
81 88
81 1297
81 1322
82 84
82 85
82 86
82 91
82 93
82 98
82 103
83 386
83 1311
83 1315
84 103
84 390
84 1324
85 86
85 100
85 101
85 103
86 88
86 98
86 99
86 101
87 92
87 104
87 119
88 91
88 94
88 98
88 99
89 90
89 95
90 440
90 493
90 797
90 798
91 98
92 99
92 193
93 343
93 382
93 390
93 396
94 95
94 97
95 403
96 97
96 99
96 187
96 1316
96 1428
97 1315
97 1316
100 101
100 203
100 1365
100 1402
101 1306
102 443
102 487
102 509
102 592
102 597
103 390
103 1290
103 1306
103 1323
103 1324
104 119
104 185
104 193
104 201
104 437
105 108
105 116
105 120
105 127
105 134
105 147
106 109
106 114
106 115
106 170
106 180
106 185
107 110
107 120
108 112
108 120
108 127
108 133
108 164
109 114
109 115
109 119
109 135
109 185
109 538
110 120
110 144
110 1356
110 1357
110 1358
111 124
111 125
111 236
111 237
111 519
112 123
112 133
112 145
112 166
112 1355
112 1379
113 128
113 536
113 584
114 115
114 118
114 129
114 131
114 132
115 128
115 130
115 135
116 123
116 207
116 217
116 237
116 250
117 121
117 189
117 285
117 1351
117 1353
117 1436
118 122
118 127
118 129
118 132
119 131
119 185
120 127
120 159
120 164
121 122
121 217
121 230
121 233
121 1353
122 129
122 1350
122 1353
123 219
123 250
124 125
124 224
124 236
124 515
124 537
125 127
125 217
125 236
126 129
126 197
126 1329
126 1336
126 1339
126 1414
128 516
128 531
129 180
129 197
130 132
131 180
131 185
133 1347
133 1355
133 1358
134 147
134 167
134 225
134 543
135 416
135 516
135 538
136 153
136 155
136 163
136 1376
136 1386
136 1391
137 141
137 144
137 159
138 146
138 157
138 159
138 160
138 561
138 584
139 151
139 154
139 161
139 204
140 142
140 145
140 155
140 156
140 166
140 1361
140 1386
141 144
141 146
141 152
141 157
141 161
141 1361
142 145
142 155
142 163
142 264
142 1367
142 1379
142 1382
142 1386
142 1495
143 148
143 162
143 168
143 178
143 204
143 265
143 271
143 562
144 164
144 1357
144 1361
145 147
145 156
145 158
145 166
145 264
146 151
146 157
146 160
146 161
147 156
147 158
147 164
147 167
148 149
148 156
148 158
148 162
148 251
148 271
149 157
149 161
149 162
149 167
149 579
150 151
150 154
150 203
151 152
151 165
151 203
152 165
152 1365
153 155
153 163
153 202
153 312
154 160
155 156
155 161
155 163
155 1386
156 158
156 161
156 264
157 159
157 161
157 164
157 167
158 243
158 250
158 264
158 266
159 164
160 554
160 579
162 168
162 554
162 562
162 571
162 579
163 1481
165 200
165 1365
165 1391
165 1402
166 1355
166 1357
166 1361
166 1377
167 568
168 176
168 178
168 204
168 562
168 571
168 612
169 172
169 195
169 201
169 509
169 597
169 605
170 171
170 180
170 181
170 183
170 189
170 205
171 184
171 188
171 189
171 190
171 191
171 198
171 285
172 176
172 177
172 179
172 184
172 186
172 199
173 175
173 194
173 200
173 202
173 1391
173 1392
173 1408
173 1418
174 177
174 179
174 186
174 190
174 200
174 202
174 204
174 312
175 186
175 194
175 196
175 200
175 1402
175 1417
175 1418
176 177
176 179
176 204
176 595
176 597
176 612
177 186
177 195
177 203
177 204
178 179
178 192
178 265
178 562
178 612
178 618
178 687
179 192
179 199
179 204
179 612
180 182
180 185
180 197
181 183
181 184
181 185
181 201
181 593
182 184
182 187
182 188
182 197
183 191
183 224
183 309
183 588
184 186
184 190
185 193
185 201
186 190
186 200
187 1428
188 194
188 197
188 198
188 1394
188 1406
188 1411
188 1418
189 197
189 205
189 285
189 1351
190 194
190 198
191 192
191 284
191 290
191 309
192 280
192 297
192 306
192 312
193 201
194 198
194 1408
194 1411
194 1418
195 196
195 203
196 203
197 1351
197 1414
198 280
198 285
198 297
198 307
198 1411
199 593
199 609
199 610
199 612
200 202
201 593
201 613
202 280
202 305
202 312
202 1408
205 218
205 233
205 290
206 220
206 229
206 230
206 1451
207 209
207 213
207 217
207 219
207 231
207 237
208 209
208 212
208 213
208 221
208 223
208 234
208 240
208 651
209 214
209 216
209 219
209 227
209 234
209 239
210 216
210 227
210 334
210 1454
210 1533
211 212
211 215
211 228
211 232
211 652
212 222
212 223
212 320
212 336
212 641
212 651
213 218
213 221
213 652
213 653
214 231
214 235
214 254
214 272
214 273
215 218
215 224
215 232
215 300
215 629
215 652
216 223
216 227
216 239
216 341
217 218
217 230
218 220
218 233
218 236
219 230
219 250
219 254
220 226
220 228
220 233
220 234
221 231
221 237
221 240
221 635
221 646
221 653
222 223
222 227
222 313
222 320
222 327
222 330
222 336
223 227
223 235
223 336
223 341
223 651
224 236
224 300
224 535
224 629
225 231
225 237
225 243
225 250
225 543
225 658
226 227
226 228
226 234
226 238
226 241
226 1463
227 234
227 313
228 276
228 292
229 1433
229 1451
229 1457
230 1347
231 237
231 273
231 658
232 298
232 300
232 623
232 652
232 697
232 713
233 290
233 292
235 240
235 256
235 341
236 519
236 653
237 519
237 543
237 653
238 241
238 276
238 326
238 330
238 389
238 1463
238 1543
239 244
239 254
239 267
239 270
240 256
240 620
240 646
240 651
240 690
241 286
241 1442
241 1455
241 1463
241 1508
242 245
242 248
242 258
242 259
242 268
242 269
242 281
242 293
242 310
243 251
243 266
243 273
243 550
243 658
243 661
244 247
244 254
244 267
244 270
244 272
244 1468
245 253
245 258
245 261
245 262
245 268
245 281
245 288
246 251
246 258
246 268
246 272
246 273
246 659
246 661
247 249
247 257
247 259
247 263
247 268
247 1468
247 1476
248 269
248 293
248 308
248 366
248 399
248 1522
249 259
249 269
249 367
249 1468
249 1494
250 254
250 264
250 266
251 262
251 271
251 274
251 550
251 661
252 258
252 260
252 275
252 347
252 679
252 688
252 789
253 262
253 263
253 288
253 305
253 310
253 1481
253 1496
254 266
254 272
255 259
255 260
255 270
255 272
256 273
256 675
256 677
256 690
257 262
257 264
257 266
257 268
257 1495
258 259
258 260
258 268
259 260
259 268
260 677
261 265
261 274
261 279
261 659
261 687
261 688
262 268
262 271
263 310
263 1476
263 1481
263 1496
264 1472
264 1495
265 271
265 274
265 279
265 312
265 562
265 687
266 272
266 273
267 270
267 342
267 371
267 1454
267 1478
267 1494
267 1536
268 272
269 1487
269 1522
270 341
270 342
270 362
270 371
271 274
272 273
273 658
274 550
274 562
274 569
274 659
274 661
274 668
274 687
275 281
275 303
275 308
275 347
275 370
275 688
275 721
276 286
276 292
276 311
276 389
277 282
277 296
277 301
277 302
277 307
277 1517
278 289
278 294
278 298
278 375
278 691
278 694
278 697
278 713
279 281
279 288
279 291
279 303
279 306
279 687
279 724
280 297
280 301
280 305
280 307
280 312
281 288
281 293
281 303
281 310
282 285
282 286
282 290
282 292
282 296
282 1513
283 284
283 291
283 294
283 296
283 297
283 298
283 303
283 304
283 306
284 290
284 298
284 300
284 309
284 713
285 290
286 287
286 292
286 1442
286 1508
287 294
287 295
287 296
287 389
287 404
287 1526
288 301
288 305
288 310
288 312
289 294
289 311
289 321
289 375
289 381
289 697
289 828
290 292
291 303
291 306
291 700
291 710
291 724
292 296
292 298
293 304
293 308
293 310
294 296
294 298
294 304
294 381
295 302
295 304
295 399
295 1515
296 297
296 301
296 304
297 301
298 713
299 303
299 375
299 387
299 694
299 721
299 800
300 309
300 629
300 695
300 708
300 713
301 302
301 304
301 305
301 310
302 310
302 1502
303 304
303 700
305 310
305 312
305 1496
305 1497
305 1502
306 610
306 618
306 710
306 724
307 1408
307 1411
307 1502
308 347
308 366
308 387
308 394
309 610
309 695
309 710
310 1496
311 321
311 330
311 381
311 389
313 316
313 334
313 337
314 315
314 322
314 324
314 340
314 1259
314 1538
314 1545
315 324
315 337
315 1538
315 1542
315 1545
315 1548
316 318
316 327
316 336
316 756
317 323
317 327
317 332
317 333
317 335
317 730
317 754
318 341
318 346
319 338
319 346
319 359
320 321
320 327
320 336
320 641
320 754
320 760
321 380
321 641
321 735
321 828
322 323
322 324
323 324
323 327
323 333
323 405
323 406
324 339
325 361
325 1259
325 1291
325 1531
326 330
326 331
326 337
326 406
326 1543
327 330
328 357
328 677
328 747
329 340
329 359
329 361
331 385
331 401
331 406
331 1542
331 1597
332 333
332 380
332 400
332 405
332 737
332 754
332 797
333 335
333 405
333 440
334 340
334 371
334 1533
334 1536
334 1548
335 438
335 440
335 733
336 651
336 756
337 1543
337 1548
338 346
338 733
338 750
338 777
338 784
339 379
339 1232
339 1250
339 1538
339 1597
340 1529
340 1531
340 1536
341 357
341 371
342 354
342 371
342 1494
342 1536
342 1573
343 351
343 372
343 373
343 384
344 348
344 353
344 356
344 360
344 369
344 374
345 348
345 353
345 358
345 364
345 373
346 357
346 359
346 360
347 348
347 366
347 394
347 789
348 353
348 364
348 366
348 369
348 394
349 351
349 358
349 368
349 1570
349 1583
350 360
350 777
350 792
352 361
352 363
352 368
353 360
353 363
353 364
353 771
353 781
354 358
354 365
354 367
354 368
354 369
354 1573
355 358
355 365
355 398
355 1574
355 1578
355 1600
355 1613
356 359
356 360
356 362
356 363
356 368
356 369
357 362
357 677
358 365
358 368
358 1570
359 360
359 361
359 363
360 363
362 369
362 371
364 373
364 384
364 767
365 366
365 367
365 1574
366 367
366 369
367 369
367 1494
368 1570
368 1573
370 394
370 682
370 721
370 773
370 789
370 800
370 827
371 1536
372 384
373 384
374 769
374 775
374 789
375 381
375 391
375 694
375 817
375 828
376 383
376 387
376 394
376 795
376 800
377 400
377 402
377 798
377 803
377 817
377 826
378 385
378 389
378 395
378 404
378 1526
378 1596
379 386
379 401
379 1597
380 388
380 400
380 405
380 406
380 828
381 388
381 389
381 391
381 404
382 383
382 393
382 396
382 403
383 391
383 395
384 396
384 767
385 395
385 1596
385 1607
386 401
386 403
386 1597
386 1610
387 391
387 394
388 391
388 395
388 397
388 406
389 404
389 1526
390 407
390 1323
390 1324
390 1600
391 395
391 404
391 817
392 393
392 395
392 398
392 399
392 1592
392 1596
392 1613
393 395
393 398
393 407
395 397
395 404
396 826
397 401
397 402
397 403
397 405
397 406
398 1613
399 1592
399 1613
400 402
400 405
400 797
400 803
400 817
401 403
401 405
401 406
402 403
402 405
402 798
405 406
407 1324
407 1600
407 1610
408 420
408 424
408 426
408 430
408 431
408 539
408 542
409 412
409 424
409 433
409 436
409 452
409 740
410 414
410 418
410 419
410 424
410 434
410 448
410 471
411 414
411 418
411 429
411 433
411 438
412 413
412 422
412 439
412 841
412 852
413 422
413 435
413 439
413 728
413 740
413 758
414 416
414 418
414 419
414 424
414 426
414 429
414 431
415 434
415 438
415 458
415 468
415 727
416 423
416 431
417 420
417 423
417 482
417 494
417 500
417 525
418 419
418 434
419 421
419 426
419 536
420 539
420 541
420 829
421 448
421 536
421 567
422 429
422 432
422 841
423 425
423 429
423 431
424 426
424 429
424 430
424 431
425 427
425 481
425 494
426 431
426 518
426 520
427 440
428 471
428 514
428 544
428 547
428 560
428 959
429 431
429 433
429 435
430 542
430 856
430 857
432 484
432 494
432 728
432 844
432 849
433 434
433 435
433 438
433 732
434 458
434 465
434 468
435 728
435 752
436 452
436 463
436 858
437 477
437 500
438 727
439 740
439 758
439 858
439 1135
440 752
441 445
441 453
441 454
441 460
441 464
441 470
442 449
442 455
442 464
442 470
442 480
442 505
442 572
443 464
443 470
443 576
444 446
444 451
444 461
444 462
444 465
444 467
444 475
445 446
445 455
445 460
445 473
445 475
445 787
446 467
446 473
446 475
446 782
446 865
446 892
446 1191
447 448
447 472
447 566
448 471
448 566
448 567
449 488
449 505
449 556
449 572
449 581
449 864
450 456
450 457
450 466
450 474
450 556
450 558
450 565
450 581
450 864
450 967
451 457
451 462
451 466
451 469
451 474
452 467
452 788
453 454
453 460
453 507
453 508
454 459
454 460
454 461
454 475
454 771
455 473
455 480
455 488
455 498
456 457
456 462
456 474
456 547
456 873
457 462
457 463
457 466
457 471
457 560
458 461
458 465
458 468
458 792
459 461
459 468
459 771
459 792
460 508
460 767
460 768
461 465
461 475
461 792
462 463
462 467
462 474
462 892
463 471
464 470
464 480
464 492
464 507
465 468
466 470
466 556
467 867
467 892
467 1191
468 792
469 473
469 474
469 864
470 472
471 544
471 560
471 566
471 567
473 498
473 865
473 874
474 864
474 878
474 892
475 763
475 766
475 782
476 480
476 483
476 491
476 492
476 501
476 502
477 485
477 496
477 500
478 483
478 485
478 487
478 492
478 496
478 499
479 494
479 506
479 844
479 897
479 902
479 920
480 487
480 489
480 492
480 505
481 484
481 486
481 491
481 494
481 501
481 820
482 490
482 500
482 525
482 590
482 613
483 486
483 492
483 493
483 496
483 501
483 504
484 494
484 495
484 820
484 897
485 486
485 496
485 499
485 500
486 491
486 494
486 496
486 499
486 500
487 497
487 499
487 505
487 509
487 592
488 489
488 503
488 888
488 918
489 491
489 497
489 503
489 505
489 918
490 497
490 499
490 510
490 615
491 499
491 506
492 504
492 507
492 508
493 496
493 501
493 798
493 822
494 844
495 501
495 502
495 506
495 511
495 820
495 897
495 903
495 1223
495 1227
497 499
497 505
497 592
497 598
498 502
498 503
498 511
498 787
498 917
499 500
499 509
501 807
501 812
501 820
502 511
502 787
502 812
502 816
502 821
503 506
503 511
503 915
503 918
504 508
504 826
505 572
505 592
506 897
506 915
506 920
508 767
508 768
509 592
509 597
509 605
510 920
510 923
510 1013
511 821
511 915
511 1227
512 521
512 526
512 528
512 530
512 531
512 533
512 583
513 514
513 521
513 527
513 532
513 540
513 542
513 955
513 961
514 530
514 542
514 546
514 555
515 519
515 523
515 647
516 517
516 518
516 537
516 538
517 518
517 525
517 529
517 537
517 538
517 590
518 525
518 529
518 539
519 533
519 543
519 647
519 653
520 530
520 531
520 536
520 544
520 545
520 555
521 529
521 530
521 532
521 534
522 524
522 532
522 589
522 616
522 699
522 938
522 942
522 1007
523 529
523 535
523 537
523 606
523 616
523 624
524 532
524 534
524 634
524 650
524 938
524 961
524 1046
525 539
525 590
526 533
526 534
526 540
526 645
527 529
527 532
527 539
527 617
527 949
528 531
528 533
528 543
528 564
528 574
528 583
528 636
529 532
529 616
530 555
530 583
531 545
532 534
532 961
533 543
533 632
533 635
533 636
533 645
534 540
534 650
534 961
535 588
535 624
535 629
535 695
537 538
537 588
537 606
539 542
540 577
540 947
540 957
540 961
541 615
541 829
541 902
541 949
541 956
542 940
543 564
543 635
544 545
544 555
544 560
544 567
545 555
545 567
545 583
545 584
546 547
546 555
546 577
546 950
546 959
546 969
546 973
547 560
547 873
547 959
547 973
548 549
548 553
548 557
548 563
548 565
548 580
548 964
549 551
549 555
549 557
549 559
549 563
549 570
549 574
549 577
549 583
550 564
550 568
550 569
550 661
551 557
551 558
551 559
551 561
551 570
552 553
552 571
552 578
552 585
552 586
552 611
552 667
552 717
553 563
553 570
553 666
553 676
554 561
554 579
555 557
555 560
555 577
555 583
556 558
556 572
556 573
556 576
556 581
557 558
557 560
557 565
558 565
558 573
559 561
559 563
559 568
559 570
559 579
561 566
561 568
561 579
561 584
562 569
562 571
562 578
562 687
563 570
563 574
563 666
563 676
564 568
564 574
565 580
565 581
565 967
565 989
566 567
567 584
568 579
569 570
569 571
569 578
569 666
569 667
569 668
570 571
570 573
571 573
571 578
571 586
572 576
572 599
572 608
573 580
573 585
573 586
573 608
574 583
574 636
574 684
575 580
575 581
575 585
575 587
575 963
575 987
576 599
577 582
577 969
578 586
578 667
578 668
578 687
580 581
580 585
580 587
580 987
581 864
581 880
581 967
582 684
582 964
582 986
582 1057
585 586
585 587
585 608
585 611
586 591
586 595
586 612
587 987
587 988
587 993
588 593
588 601
588 606
588 695
589 600
589 614
589 616
589 699
589 709
589 1007
589 1028
590 613
590 617
591 595
591 602
591 607
591 609
591 611
591 612
592 597
592 599
592 605
593 601
593 606
594 598
594 603
594 615
594 1010
595 599
595 602
595 605
595 609
595 612
596 598
596 601
596 602
596 603
596 605
596 609
597 599
597 605
598 602
598 605
598 613
599 608
600 614
600 704
600 709
600 1026
601 606
601 609
601 610
601 614
601 695
601 707
602 605
602 608
603 615
603 616
603 617
603 1028
604 608
604 1001
604 1003
604 1013
605 609
606 616
607 609
607 610
607 618
607 704
607 707
609 610
609 612
610 618
610 707
610 710
611 717
611 1022
612 618
614 695
614 699
614 701
614 707
614 709
615 617
616 617
617 942
618 687
618 724
619 623
619 624
619 627
619 629
619 643
619 644
619 647
619 652
620 640
620 651
620 747
620 760
621 630
621 642
621 648
621 1056
621 1060
622 633
622 637
622 639
622 719
622 1050
622 1096
622 1122
623 629
623 631
623 643
623 652
623 697
623 708
623 716
624 629
624 644
624 650
624 699
625 634
625 637
625 644
625 696
625 1054
625 1120
626 649
626 753
626 757
626 1047
626 1060
626 1139
627 631
627 640
627 646
627 651
627 652
628 640
628 642
628 656
628 675
628 690
629 652
629 695
629 708
630 632
630 634
630 648
630 650
630 1046
631 638
631 641
631 643
631 716
631 736
631 760
632 645
632 646
632 647
632 650
633 637
633 639
633 706
633 716
633 736
633 738
633 819
634 644
634 696
634 938
635 636
635 646
635 658
635 690
636 645
636 656
636 684
637 643
637 644
637 648
637 706
638 639
638 640
638 643
638 648
639 648
639 753
639 1050
639 1060
639 1156
640 642
640 649
641 697
641 736
641 760
642 649
642 656
643 644
643 648
644 696
644 699
644 706
644 708
645 656
645 684
646 647
646 653
647 650
647 653
648 1031
648 1060
649 729
649 753
651 760
652 653
654 655
654 656
654 663
654 664
654 671
654 672
654 684
654 1093
655 663
655 665
655 669
656 672
656 684
656 1056
657 660
657 673
657 678
657 705
657 720
657 722
658 661
658 690
659 661
659 663
659 668
659 679
660 662
660 663
660 673
660 678
661 663
662 673
662 679
662 681
662 682
662 720
663 666
663 667
663 668
664 670
664 676
664 986
664 1072
664 1093
665 669
665 671
665 672
665 674
665 680
665 681
666 667
666 668
666 676
667 668
667 676
667 717
668 687
669 674
669 675
669 677
669 679
669 681
669 769
670 671
670 676
670 678
670 689
670 1079
671 672
671 678
671 1064
671 1093
672 1091
672 1093
673 678
673 683
673 720
673 824
674 675
674 685
674 783
675 677
675 690
676 689
677 769
678 680
678 683
678 1064
679 681
680 681
680 686
680 765
680 772
681 769
681 772
682 688
682 720
682 721
682 773
682 824
683 714
683 726
683 1069
683 1094
685 686
685 759
685 764
685 765
685 783
685 1091
686 765
686 1091
687 722
687 724
688 700
688 721
689 993
691 694
691 697
691 698
691 703
691 711
691 713
692 696
692 701
692 703
692 706
692 715
692 1098
692 1122
693 704
693 705
693 717
693 725
693 1022
693 1079
693 1110
694 698
694 805
695 707
695 708
696 699
696 701
696 1127
697 711
697 713
697 716
697 828
698 712
698 718
698 723
698 802
698 805
700 718
700 721
700 724
701 702
701 703
701 704
701 707
701 709
702 703
702 704
702 705
702 707
702 715
702 718
703 706
703 708
703 712
703 716
704 707
704 709
704 717
705 715
705 718
705 720
705 726
706 712
706 716
706 719
707 710
708 713
709 1126
709 1127
710 713
710 724
711 716
711 735
711 808
711 828
712 715
712 719
712 723
712 794
712 802
712 808
714 723
714 726
714 809
714 823
714 1113
714 1229
715 723
715 725
715 726
716 735
718 720
718 723
719 794
719 810
719 819
719 1122
720 721
720 723
720 824
721 800
722 724
723 802
723 824
725 1098
725 1110
725 1126
726 1110
726 1116
727 733
727 743
728 744
728 749
728 752
728 814
728 822
729 742
729 753
729 755
729 759
730 737
730 741
730 742
730 743
730 744
730 752
730 754
731 739
731 749
731 811
731 1134
731 1153
731 1162
732 734
732 740
732 743
732 750
733 742
733 743
733 750
733 756
734 740
734 742
734 743
734 746
734 748
734 750
734 780
735 736
735 751
735 796
735 808
735 819
735 828
736 738
736 755
736 760
737 741
737 744
737 751
737 754
737 797
737 814
738 739
738 751
738 755
738 819
738 1153
738 1162
739 741
739 744
739 749
739 751
739 755
739 1153
740 745
740 746
741 742
741 744
741 746
741 755
742 743
742 746
742 750
742 756
743 746
743 750
744 746
744 749
744 752
744 814
745 746
745 749
745 758
745 1132
745 1133
745 1135
746 749
748 780
748 788
748 1192
749 758
749 811
749 1132
750 777
750 790
751 796
751 814
751 819
753 755
753 1149
753 1156
754 756
757 764
757 1133
757 1139
757 1149
757 1192
758 849
758 1132
758 1135
759 764
759 780
759 783
759 790
761 762
761 766
761 768
761 782
761 785
761 791
762 766
762 772
762 773
762 775
762 776
762 791
763 766
763 770
763 782
763 1169
763 1191
764 765
764 780
764 1192
765 770
765 772
765 779
765 783
766 770
766 782
767 768
767 771
768 799
769 775
769 778
769 783
770 772
770 778
770 779
770 780
770 1178
771 781
772 776
772 778
772 779
773 775
773 789
773 791
773 804
773 824
773 827
774 777
774 778
774 784
774 786
774 790
775 778
775 781
775 789
776 779
776 823
776 1094
776 1177
776 1229
777 784
777 786
777 792
778 783
779 1169
779 1177
780 786
780 790
780 1192
782 785
782 787
782 1185
782 1191
783 790
784 790
785 787
785 791
785 816
785 1172
786 790
787 816
787 1185
788 867
788 1183
791 804
791 818
791 823
791 824
791 827
793 795
793 799
793 801
793 805
793 813
793 818
794 802
794 810
794 813
794 1226
795 799
795 800
795 804
795 805
795 817
795 827
796 803
796 808
796 817
796 828
797 803
797 807
797 814
797 822
798 803
799 801
799 826
800 804
800 805
800 827
801 812
802 804
802 805
802 808
802 813
803 807
803 817
804 805
804 818
804 824
804 827
805 808
805 817
806 807
806 812
806 815
806 820
806 825
806 1223
807 814
807 820
807 822
808 813
808 819
809 818
809 823
809 1209
809 1225
809 1226
809 1229
810 813
810 815
810 819
810 1162
810 1199
811 849
811 1223
811 1228
812 816
812 821
812 825
813 815
814 822
815 825
815 1225
816 821
817 828
818 823
820 822
820 1223
821 825
821 1217
821 1227
823 824
823 1229
825 1197
825 1223
825 1225
825 1227
829 856
829 933
829 949
829 956
829 958
830 834
830 837
830 847
830 859
830 886
830 1245
830 1249
830 1255
831 834
831 839
831 842
831 847
831 851
831 852
831 885
832 836
832 841
832 843
832 844
832 846
832 856
832 925
833 835
833 836
833 845
833 851
833 933
833 936
833 958
834 835
834 837
834 838
834 847
834 886
835 837
835 838
835 840
835 851
835 853
836 845
836 925
836 958
837 840
837 847
837 850
837 1245
838 853
838 861
838 869
838 872
838 945
838 995
839 886
839 890
839 1150
839 1170
840 845
840 853
840 936
840 1235
840 1247
841 844
841 852
841 856
842 851
842 852
842 857
842 861
842 873
842 885
843 846
843 847
843 848
843 854
843 855
844 897
845 850
845 936
845 946
845 1235
846 854
846 914
846 925
847 855
847 859
848 854
848 860
848 929
848 1148
848 1157
850 860
850 907
850 1235
850 1257
851 852
851 856
851 857
852 856
852 858
853 872
853 1245
853 1326
853 1359
854 855
854 1135
854 1147
854 1157
855 859
855 1135
855 1136
855 1141
855 1150
857 861
857 940
857 950
857 959
858 1150
859 1249
860 1148
860 1249
860 1256
860 1258
861 869
861 873
861 885
861 959
861 995
862 863
862 868
862 870
862 877
862 881
862 883
863 871
863 882
863 887
863 894
863 1270
863 1281
864 880
864 888
864 967
865 868
865 874
865 892
865 1191
866 876
866 878
866 967
866 976
866 995
867 890
867 892
867 1175
867 1183
868 877
868 879
868 889
868 1184
869 876
869 879
869 882
869 885
869 886
869 891
869 995
870 871
870 875
870 876
870 881
870 888
871 875
871 876
871 882
871 965
871 981
872 935
872 1359
873 885
873 959
874 888
874 889
874 917
875 880
875 881
875 888
875 895
875 965
876 878
876 879
876 882
877 879
877 883
877 884
877 893
877 1274
878 879
878 892
879 890
880 888
880 963
880 1003
881 888
881 895
881 905
881 913
882 891
882 894
882 983
883 904
883 1176
883 1292
884 886
884 893
884 1283
885 890
886 891
886 1286
887 910
887 965
887 1269
887 1270
887 1304
887 1403
888 895
890 892
890 1170
891 1266
891 1280
891 1281
893 1176
893 1188
893 1293
894 966
894 1270
894 1280
894 1281
894 1389
895 898
895 911
895 917
895 918
896 898
896 905
896 909
896 916
896 1216
896 1222
897 903
897 914
898 908
898 909
898 912
898 915
899 900
899 901
899 906
899 907
899 925
899 928
899 1020
900 901
900 1020
900 1235
900 1257
900 1307
901 906
901 908
901 921
901 1310
902 920
902 923
902 928
902 956
902 958
903 914
903 915
903 919
903 927
903 1223
903 1227
904 905
904 1218
904 1292
904 1308
905 913
905 1304
906 908
906 924
906 928
906 1017
906 1021
907 921
907 925
907 929
907 1257
908 912
908 913
909 919
909 1197
909 1216
909 1222
910 913
910 926
910 965
910 1017
910 1023
910 1403
911 913
911 918
911 924
911 1003
912 914
912 919
913 926
913 1017
913 1304
914 919
914 925
914 927
915 920
916 1216
916 1308
916 1314
916 1317
917 1224
919 922
919 927
919 1219
920 923
921 929
921 1257
921 1258
921 1310
921 1314
922 927
922 929
922 1194
922 1219
922 1258
923 924
923 928
924 928
924 1013
924 1016
924 1017
926 1017
926 1303
926 1304
926 1403
926 1407
927 1157
927 1228
928 1008
928 1020
929 1258
930 941
930 950
930 951
930 955
930 957
931 937
931 941
931 948
931 1035
931 1044
931 1344
931 1461
932 933
932 936
932 943
932 946
932 953
932 954
932 958
932 1027
933 936
933 940
933 949
933 955
933 958
934 943
934 944
934 952
934 1025
934 1052
935 945
935 992
935 1352
935 1354
935 1366
936 946
936 953
936 960
937 939
937 941
937 947
937 948
937 951
937 1044
937 1058
938 944
938 1007
938 1011
938 1055
939 948
939 972
939 992
939 1354
940 949
940 950
940 955
941 943
941 948
941 951
941 953
942 944
942 954
942 1028
943 953
943 1327
943 1330
943 1344
944 951
944 954
944 961
945 953
945 968
945 992
946 958
946 960
946 1020
946 1027
947 951
947 957
947 961
947 1046
947 1058
948 1354
948 1464
949 954
949 955
949 956
949 958
950 955
950 959
950 968
951 955
952 1030
952 1341
952 1344
952 1431
953 1327
954 955
954 956
956 958
957 969
960 1235
960 1247
960 1327
960 1330
960 1331
960 1429
961 1046
962 964
962 968
962 969
962 971
962 973
962 976
962 979
962 992
963 965
963 970
963 987
963 1023
964 969
964 973
964 979
964 980
964 986
964 989
965 982
965 1023
966 977
966 981
966 982
966 983
966 990
966 1270
966 1371
966 1389
967 989
968 973
968 976
968 992
968 995
969 973
970 974
970 978
970 980
970 981
970 982
970 984
970 987
970 990
970 1019
971 972
971 976
971 977
971 978
971 979
971 980
971 981
971 983
971 992
972 975
972 977
972 978
972 979
972 992
973 976
973 989
974 978
974 984
974 985
974 990
974 1009
974 1014
975 978
975 979
975 986
975 991
975 994
975 1080
976 981
976 983
976 989
976 995
977 978
977 981
977 983
977 990
977 1362
977 1389
978 979
978 980
978 994
979 980
979 986
979 991
980 987
980 988
980 989
981 983
982 990
982 1019
982 1401
983 995
984 988
984 993
984 1014
984 1082
985 994
985 1063
985 1083
985 1364
985 1492
986 991
987 988
987 989
990 1362
991 1057
991 1058
991 1088
992 1354
993 1014
993 1022
993 1024
993 1117
994 1063
994 1070
994 1077
996 998
996 1000
996 1011
996 1018
996 1052
996 1115
996 1430
997 999
997 1006
997 1015
997 1016
997 1019
997 1023
998 1000
998 1004
998 1005
998 1006
998 1018
998 1025
998 1412
999 1001
999 1002
999 1004
999 1010
999 1012
999 1016
999 1024
999 1026
1000 1002
1000 1012
1000 1095
1000 1101
1000 1102
1000 1125
1001 1010
1001 1013
1001 1024
1001 1026
1002 1006
1002 1014
1002 1024
1002 1101
1002 1117
1003 1013
1004 1006
1004 1008
1004 1012
1004 1016
1004 1018
1005 1409
1005 1412
1005 1431
1005 1432
1006 1009
1006 1015
1006 1432
1007 1011
1007 1028
1007 1127
1008 1016
1008 1020
1008 1021
1008 1027
1009 1014
1009 1019
1009 1401
1009 1424
1010 1013
1010 1016
1010 1026
1011 1012
1011 1018
1011 1052
1011 1115
1011 1118
1011 1127
1012 1018
1012 1026
1013 1016
1014 1019
1015 1017
1015 1019
1015 1401
1015 1407
1017 1023
1018 1025
1018 1052
1019 1023
1019 1401
1020 1021
1020 1027
1020 1429
1021 1397
1021 1407
1022 1024
1022 1117
1022 1126
1024 1026
1025 1027
1025 1431
1026 1028
1029 1031
1029 1032
1029 1034
1029 1045
1029 1054
1029 1055
1030 1041
1030 1052
1030 1059
1030 1453
1031 1032
1031 1049
1031 1060
1032 1038
1032 1046
1033 1043
1033 1044
1033 1070
1033 1080
1033 1464
1033 1465
1034 1054
1034 1055
1034 1114
1034 1115
1034 1118
1034 1120
1035 1044
1035 1045
1035 1055
1036 1039
1036 1048
1036 1049
1036 1050
1036 1054
1036 1062
1036 1096
1037 1038
1037 1040
1037 1042
1037 1049
1037 1061
1038 1042
1038 1044
1038 1058
1038 1061
1039 1048
1039 1062
1039 1151
1039 1159
1039 1437
1039 1447
1040 1049
1040 1053
1040 1146
1040 1159
1041 1045
1041 1048
1041 1453
1041 1458
1041 1461
1042 1047
1042 1056
1042 1061
1042 1075
1042 1088
1042 1089
1043 1053
1043 1061
1043 1458
1043 1465
1044 1058
1045 1048
1045 1055
1047 1060
1047 1091
1047 1139
1047 1146
1048 1049
1049 1051
1050 1156
1051 1139
1051 1142
1051 1146
1051 1156
1052 1055
1052 1059
1052 1115
1053 1452
1053 1462
1053 1491
1054 1096
1054 1120
1056 1057
1056 1089
1056 1091
1057 1058
1057 1088
1059 1456
1059 1520
1061 1080
1061 1087
1061 1088
1062 1142
1062 1144
1062 1151
1062 1159
1063 1077
1063 1078
1063 1082
1063 1083
1064 1081
1064 1084
1064 1086
1064 1094
1065 1069
1065 1074
1065 1078
1065 1084
1065 1090
1065 1103
1066 1067
1066 1071
1066 1076
1066 1087
1066 1474
1066 1491
1067 1076
1067 1087
1067 1187
1067 1190
1067 1577
1068 1071
1068 1073
1068 1076
1068 1077
1068 1078
1068 1081
1069 1079
1069 1094
1069 1113
1070 1080
1070 1383
1070 1465
1070 1486
1070 1493
1071 1077
1071 1087
1071 1470
1071 1491
1071 1493
1072 1073
1072 1086
1072 1093
1073 1077
1073 1080
1073 1088
1074 1084
1074 1085
1074 1090
1074 1092
1074 1124
1075 1076
1075 1081
1075 1087
1075 1089
1076 1081
1076 1087
1077 1078
1077 1080
1077 1493
1078 1084
1078 1086
1079 1110
1079 1129
1080 1088
1081 1084
1081 1089
1082 1117
1082 1123
1082 1129
1083 1503
1085 1103
1085 1130
1085 1483
1085 1485
1088 1089
1089 1091
1089 1093
1090 1119
1090 1124
1090 1196
1092 1124
1092 1166
1092 1483
1092 1490
1094 1174
1094 1177
1094 1229
1095 1097
1095 1100
1095 1101
1095 1102
1095 1106
1095 1108
1095 1109
1095 1121
1095 1125
1096 1111
1096 1120
1096 1122
1096 1195
1097 1106
1097 1109
1097 1125
1097 1400
1097 1412
1097 1426
1097 1498
1098 1108
1098 1118
1098 1120
1098 1122
1098 1127
1099 1100
1099 1108
1099 1110
1099 1112
1099 1113
1099 1116
1099 1119
1100 1106
1100 1108
1100 1119
1100 1121
1101 1102
1101 1117
1101 1121
1101 1123
1101 1125
1102 1108
1102 1115
1102 1118
1102 1126
1103 1119
1103 1121
1103 1130
1104 1112
1104 1131
1104 1212
1104 1221
1105 1109
1105 1111
1105 1128
1105 1131
1105 1512
1105 1521
1106 1121
1106 1125
1106 1130
1106 1503
1106 1521
1107 1119
1107 1124
1107 1131
1107 1196
1107 1211
1107 1512
1108 1110
1108 1118
1108 1121
1109 1511
1109 1521
1110 1117
1110 1121
1110 1129
1111 1114
1111 1128
1112 1113
1112 1116
1112 1196
1112 1198
1112 1221
1112 1226
1113 1116
1113 1229
1114 1115
1114 1118
1114 1120
1115 1118
1117 1129
1118 1120
1118 1127
1119 1196
1120 1122
1121 1123
1121 1129
1123 1125
1123 1503
1124 1208
1124 1483
1125 1426
1125 1503
1126 1127
1128 1215
1128 1520
1128 1619
1130 1503
1130 1521
1130 1523
1131 1196
1131 1205
1131 1211
1131 1215
1131 1512
1132 1133
1132 1134
1132 1138
1132 1147
1132 1149
1132 1153
1133 1136
1133 1145
1133 1149
1134 1138
1134 1147
1134 1153
1134 1162
1134 1220
1134 1228
1135 1136
1136 1141
1136 1145
1136 1150
1137 1143
1137 1155
1137 1187
1137 1190
1137 1539
1137 1577
1138 1142
1138 1145
1138 1147
1138 1149
1139 1146
1140 1148
1140 1157
1140 1161
1140 1194
1140 1554
1140 1558
1141 1145
1141 1147
1141 1148
1141 1152
1142 1145
1142 1155
1142 1156
1143 1152
1143 1155
1143 1160
1143 1163
1144 1151
1144 1159
1144 1163
1144 1558
1145 1149
1145 1155
1145 1158
1146 1155
1147 1157
1147 1228
1148 1157
1148 1160
1148 1249
1148 1256
1148 1550
1149 1153
1149 1156
1150 1170
1150 1183
1151 1204
1151 1207
1151 1619
1152 1154
1152 1155
1152 1158
1152 1160
1152 1535
1153 1156
1153 1162
1154 1189
1154 1255
1154 1535
1154 1587
1155 1158
1157 1228
1159 1163
1160 1535
1160 1549
1160 1550
1160 1558
1161 1194
1161 1200
1161 1206
1161 1207
1161 1554
1161 1558
1161 1605
1162 1195
1162 1220
1163 1444
1164 1166
1164 1171
1164 1180
1164 1187
1164 1565
1165 1166
1165 1168
1165 1171
1165 1208
1165 1214
1165 1560
1165 1580
1166 1168
1166 1171
1166 1208
1167 1177
1167 1178
1167 1180
1167 1181
1167 1182
1168 1171
1168 1180
1168 1181
1168 1188
1169 1172
1169 1177
1169 1178
1169 1186
1169 1191
1170 1184
1171 1572
1172 1173
1172 1179
1172 1185
1172 1186
1173 1174
1173 1179
1173 1193
1173 1209
1173 1217
1173 1229
1174 1177
1174 1181
1174 1193
1174 1229
1175 1178
1175 1183
1175 1184
1175 1191
1176 1580
1177 1181
1178 1183
1178 1192
1179 1186
1180 1181
1180 1182
1180 1187
1182 1188
1184 1188
1185 1186
1185 1224
1186 1191
1187 1189
1187 1190
1187 1566
1187 1577
1188 1189
1189 1535
1189 1566
1189 1585
1189 1587
1193 1196
1193 1208
1193 1210
1194 1200
1194 1219
1194 1258
1194 1554
1194 1606
1194 1615
1195 1199
1195 1204
1195 1212
1195 1220
1196 1208
1196 1211
1197 1201
1197 1203
1197 1213
1197 1217
1197 1222
1197 1227
1198 1202
1198 1209
1198 1213
1198 1221
1198 1225
1198 1226
1199 1212
1199 1220
1199 1221
1199 1226
1200 1202
1200 1205
1200 1206
1200 1219
1200 1606
1201 1202
1201 1210
1201 1213
1201 1216
1201 1219
1201 1222
1202 1205
1202 1210
1202 1213
1203 1213
1203 1220
1203 1223
1203 1228
1204 1205
1204 1206
1204 1207
1204 1212
1204 1215
1205 1206
1205 1212
1205 1215
1206 1207
1206 1212
1207 1215
1207 1527
1207 1605
1207 1619
1208 1211
1208 1214
1208 1560
1209 1217
1209 1225
1209 1229
1210 1214
1210 1222
1212 1213
1212 1220
1212 1221
1213 1220
1213 1221
1213 1225
1214 1218
1214 1612
1215 1603
1215 1605
1215 1619
1216 1218
1216 1219
1216 1222
1216 1616
1217 1222
1217 1224
1218 1222
1218 1308
1218 1612
1219 1606
1220 1228
1221 1226
1222 1224
1223 1227
1225 1226
1230 1238
1230 1253
1230 1254
1230 1329
1230 1332
1230 1342
1230 1356
1231 1233
1231 1238
1231 1272
1232 1239
1232 1240
1232 1250
1232 1538
1233 1236
1233 1241
1233 1272
1233 1291
1234 1242
1234 1253
1234 1316
1234 1339
1235 1247
1235 1257
1236 1239
1236 1243
1236 1259
1236 1557
1237 1241
1237 1262
1237 1273
1237 1338
1238 1241
1238 1246
1238 1253
1238 1356
1239 1240
1239 1243
1239 1252
1239 1256
1239 1546
1240 1248
1240 1252
1240 1256
1241 1243
1241 1246
1241 1254
1241 1273
1242 1246
1242 1248
1242 1250
1242 1253
1243 1252
1243 1273
1244 1248
1244 1251
1244 1253
1244 1294
1245 1266
1247 1251
1247 1254
1247 1331
1247 1334
1248 1252
1248 1296
1249 1256
1249 1550
1250 1315
1251 1253
1251 1331
1251 1334
1251 1342
1251 1419
1253 1254
1253 1342
1254 1338
1255 1286
1255 1587
1256 1258
1256 1540
1256 1550
1257 1294
1258 1615
1259 1538
1259 1541
1260 1264
1260 1267
1260 1275
1260 1279
1260 1284
1260 1293
1260 1559
1260 1582
1260 1583
1261 1263
1261 1272
1261 1278
1261 1279
1261 1282
1261 1287
1262 1287
1262 1372
1262 1390
1263 1267
1263 1271
1263 1277
1263 1278
1263 1279
1263 1282
1263 1285
1263 1287
1264 1267
1264 1273
1264 1276
1264 1283
1264 1284
1264 1285
1264 1286
1265 1268
1265 1282
1265 1290
1265 1306
1265 1321
1266 1273
1266 1280
1266 1286
1267 1268
1267 1274
1267 1275
1267 1279
1268 1269
1268 1275
1268 1288
1268 1292
1268 1305
1268 1321
1269 1271
1269 1292
1269 1295
1270 1371
1271 1277
1271 1278
1271 1282
1271 1388
1272 1285
1272 1287
1273 1285
1273 1286
1274 1281
1274 1283
1274 1293
1275 1279
1275 1290
1275 1298
1275 1571
1275 1582
1275 1583
1276 1286
1276 1557
1276 1562
1276 1585
1277 1278
1277 1280
1277 1289
1277 1371
1277 1384
1278 1282
1278 1287
1278 1384
1278 1390
1279 1284
1279 1290
1280 1281
1280 1285
1280 1289
1283 1286
1284 1291
1284 1559
1284 1579
1285 1287
1287 1390
1288 1292
1288 1293
1288 1571
1288 1580
1288 1582
1289 1373
1290 1323
1291 1557
1291 1579
1292 1305
1293 1569
1293 1582
1294 1301
1294 1307
1295 1299
1295 1304
1295 1321
1296 1311
1296 1315
1296 1316
1296 1322
1297 1306
1297 1309
1297 1311
1297 1313
1297 1322
1298 1305
1298 1318
1298 1323
1298 1324
1298 1571
1298 1604
1299 1320
1299 1321
1299 1388
1299 1413
1299 1423
1300 1301
1300 1314
1300 1317
1300 1318
1300 1319
1300 1620
1301 1310
1301 1313
1301 1317
1301 1319
1302 1309
1302 1316
1302 1393
1302 1419
1302 1425
1302 1428
1303 1407
1303 1413
1303 1425
1305 1318
1305 1321
1305 1604
1306 1313
1306 1321
1307 1331
1307 1397
1307 1419
1307 1425
1308 1317
1308 1318
1308 1604
1308 1612
1309 1313
1309 1320
1309 1322
1310 1317
1311 1312
1311 1315
1311 1319
1311 1620
1312 1315
1312 1594
1312 1620
1313 1320
1314 1317
1315 1316
1316 1322
1317 1318
1318 1604
1319 1615
1320 1393
1320 1413
1320 1417
1320 1423
1323 1324
1323 1600
1324 1600
1325 1355
1325 1357
1325 1358
1325 1372
1326 1327
1326 1352
1326 1359
1327 1330
1327 1344
1327 1348
1328 1332
1328 1335
1328 1340
1328 1343
1328 1352
1329 1336
1329 1339
1329 1342
1330 1331
1330 1344
1330 1348
1330 1429
1330 1431
1331 1334
1331 1419
1331 1421
1331 1429
1332 1334
1332 1336
1332 1342
1332 1343
1333 1335
1333 1345
1333 1347
1333 1349
1333 1440
1334 1342
1335 1349
1335 1370
1335 1464
1336 1339
1336 1342
1336 1350
1336 1414
1337 1343
1337 1345
1337 1346
1337 1351
1337 1422
1338 1340
1338 1359
1339 1342
1339 1414
1339 1419
1340 1352
1340 1359
1340 1370
1340 1372
1341 1346
1341 1405
1341 1430
1341 1431
1343 1345
1343 1346
1343 1348
1344 1346
1344 1348
1344 1349
1345 1346
1345 1347
1345 1350
1345 1353
1345 1441
1346 1348
1346 1349
1347 1353
1347 1441
1349 1440
1349 1461
1349 1464
1350 1353
1350 1358
1351 1353
1351 1406
1351 1420
1351 1422
1352 1354
1352 1359
1353 1436
1354 1366
1354 1383
1355 1357
1355 1377
1355 1379
1356 1358
1357 1358
1357 1361
1357 1372
1360 1376
1360 1385
1360 1387
1360 1391
1360 1392
1360 1415
1360 1423
1361 1377
1361 1390
1362 1364
1362 1369
1363 1367
1363 1369
1363 1374
1363 1377
1363 1379
1363 1486
1364 1381
1364 1424
1364 1492
1365 1402
1366 1369
1366 1370
1366 1389
1367 1374
1367 1375
1367 1379
1367 1382
1367 1477
1368 1385
1368 1399
1368 1410
1368 1424
1368 1484
1368 1488
1368 1524
1369 1370
1369 1374
1369 1383
1369 1486
1370 1372
1370 1377
1371 1378
1371 1380
1371 1384
1371 1387
1371 1388
1371 1389
1372 1373
1372 1377
1372 1390
1373 1378
1373 1384
1373 1390
1374 1375
1374 1381
1374 1492
1375 1377
1375 1378
1375 1381
1375 1386
1376 1385
1376 1386
1376 1391
1376 1399
1376 1497
1378 1381
1378 1384
1378 1387
1378 1389
1379 1448
1379 1472
1380 1387
1380 1388
1380 1401
1380 1403
1380 1415
1381 1382
1381 1385
1382 1386
1382 1466
1382 1481
1382 1497
1383 1486
1384 1387
1384 1390
1385 1387
1385 1399
1385 1410
1385 1415
1387 1388
1391 1392
1392 1399
1392 1415
1392 1418
1392 1423
1393 1394
1393 1398
1393 1417
1393 1418
1393 1425
1393 1428
1394 1398
1394 1406
1394 1414
1394 1418
1394 1428
1395 1407
1395 1409
1395 1413
1395 1416
1396 1399
1396 1404
1396 1408
1396 1488
1396 1497
1396 1502
1396 1524
1397 1407
1397 1409
1397 1425
1397 1429
1398 1405
1398 1406
1398 1409
1398 1414
1398 1416
1398 1421
1398 1422
1399 1404
1399 1410
1399 1415
1399 1524
1400 1404
1400 1412
1400 1416
1400 1426
1400 1427
1400 1498
1401 1403
1401 1410
1402 1417
1402 1423
1404 1408
1404 1411
1404 1416
1404 1505
1404 1524
1405 1409
1405 1416
1405 1421
1405 1422
1405 1427
1406 1411
1406 1420
1406 1422
1407 1413
1408 1411
1409 1421
1410 1415
1410 1424
1411 1416
1412 1430
1412 1432
1412 1498
1413 1415
1413 1423
1414 1421
1414 1422
1415 1423
1416 1427
1417 1418
1417 1423
1417 1428
1419 1421
1419 1425
1420 1422
1420 1427
1420 1436
1420 1506
1421 1422
1424 1426
1426 1432
1426 1503
1427 1498
1427 1505
1427 1506
1427 1518
1430 1431
1430 1498
1433 1443
1433 1445
1433 1451
1433 1457
1434 1438
1434 1440
1434 1448
1434 1457
1434 1480
1435 1441
1435 1443
1435 1446
1435 1450
1435 1451
1436 1450
1436 1460
1437 1447
1437 1520
1438 1448
1438 1454
1438 1457
1438 1473
1438 1489
1439 1452
1439 1473
1439 1553
1439 1556
1440 1441
1440 1449
1440 1461
1440 1464
1441 1450
1442 1451
1442 1455
1442 1460
1442 1509
1443 1445
1443 1447
1443 1451
1443 1455
1443 1459
1444 1459
1444 1462
1444 1537
1444 1556
1445 1455
1445 1459
1445 1463
1445 1532
1445 1537
1445 1555
1446 1450
1446 1456
1446 1460
1446 1509
1446 1518
1447 1458
1447 1462
1448 1457
1448 1472
1448 1480
1449 1452
1449 1458
1450 1460
1451 1455
1451 1457
1452 1458
1452 1462
1452 1473
1452 1491
1453 1456
1453 1461
1454 1478
1454 1533
1455 1508
1455 1509
1455 1525
1455 1555
1456 1511
1456 1518
1456 1520
1458 1462
1459 1527
1459 1537
1459 1552
1460 1509
1460 1513
1460 1518
1461 1464
1463 1543
1464 1465
1464 1486
1465 1470
1465 1486
1466 1482
1466 1484
1466 1488
1467 1469
1467 1476
1467 1477
1467 1479
1467 1480
1467 1489
1468 1476
1468 1487
1468 1489
1468 1494
1469 1470
1469 1477
1469 1480
1469 1486
1469 1492
1469 1493
1470 1473
1470 1479
1470 1491
1470 1493
1471 1479
1471 1563
1471 1576
1472 1477
1472 1495
1473 1479
1473 1480
1473 1489
1474 1479
1474 1485
1474 1490
1475 1482
1475 1483
1475 1485
1475 1523
1476 1487
1476 1495
1477 1480
1477 1495
1478 1489
1478 1494
1478 1575
1479 1489
1481 1495
1481 1497
1482 1484
1482 1488
1482 1496
1482 1500
1483 1490
1483 1523
1484 1488
1484 1500
1484 1503
1484 1523
1484 1524
1485 1493
1487 1522
1488 1497
1488 1500
1488 1524
1490 1565
1490 1576
1492 1493
1496 1497
1496 1502
1498 1511
1498 1518
1499 1509
1499 1511
1499 1513
1499 1517
1499 1518
1499 1519
1500 1502
1500 1504
1500 1507
1500 1523
1500 1524
1501 1504
1501 1510
1501 1516
1501 1598
1501 1609
1504 1514
1504 1515
1504 1516
1504 1522
1505 1506
1505 1507
1506 1513
1507 1521
1507 1524
1508 1509
1508 1517
1508 1526
1508 1617
1509 1513
1509 1525
1510 1515
1510 1519
1510 1598
1510 1601
1510 1603
1510 1608
1511 1518
1511 1519
1511 1520
1512 1516
1512 1603
1513 1517
1514 1522
1514 1574
1514 1586
1514 1592
1515 1517
1515 1526
1515 1592
1515 1601
1516 1523
1525 1608
1526 1601
1526 1617
1527 1547
1527 1552
1527 1619
1528 1530
1528 1538
1528 1540
1528 1545
1528 1546
1528 1549
1528 1552
1529 1531
1529 1533
1529 1534
1529 1536
1529 1544
1529 1553
1530 1538
1530 1542
1530 1597
1530 1618
1531 1541
1531 1557
1531 1562
1532 1537
1532 1542
1532 1543
1532 1547
1532 1552
1532 1555
1533 1536
1533 1544
1533 1548
1533 1553
1534 1539
1534 1541
1534 1551
1534 1564
1534 1585
1535 1539
1535 1551
1535 1585
1536 1573
1537 1544
1537 1552
1538 1545
1539 1551
1539 1556
1539 1566
1539 1577
1540 1546
1540 1549
1540 1550
1540 1552
1540 1554
1540 1558
1541 1545
1541 1557
1542 1543
1542 1597
1542 1607
1543 1555
1544 1545
1544 1548
1544 1553
1545 1548
1546 1549
1546 1550
1547 1552
1547 1555
1547 1607
1547 1608
1547 1618
1549 1551
1549 1552
1549 1558
1551 1556
1552 1558
1553 1556
1553 1575
1554 1558
1554 1615
1554 1618
1555 1617
1556 1577
1557 1562
1559 1562
1559 1564
1559 1567
1559 1569
1559 1579
1559 1582
1560 1581
1560 1590
1560 1609
1561 1564
1561 1567
1561 1572
1561 1581
1561 1584
1562 1564
1562 1579
1562 1585
1563 1576
1563 1578
1563 1581
1563 1584
1563 1586
1564 1567
1565 1576
1566 1572
1566 1585
1567 1570
1567 1582
1567 1583
1567 1584
1568 1571
1568 1580
1568 1581
1568 1582
1568 1590
1568 1612
1568 1614
1569 1572
1569 1585
1569 1587
1570 1579
1570 1583
1570 1584
1571 1582
1571 1583
1571 1604
1571 1614
1573 1575
1573 1584
1574 1578
1574 1588
1574 1613
1576 1581
1576 1586
1578 1583
1578 1588
1578 1614
1580 1612
1582 1583
1585 1587
1586 1588
1588 1590
1588 1611
1589 1591
1589 1593
1589 1610
1589 1611
1589 1614
1590 1593
1590 1609
1590 1612
1590 1614
1591 1593
1591 1595
1591 1602
1591 1616
1592 1596
1592 1601
1592 1611
1592 1613
1593 1595
1593 1598
1593 1599
1593 1611
1594 1599
1594 1602
1594 1610
1594 1620
1595 1599
1595 1602
1595 1605
1595 1606
1595 1616
1596 1601
1596 1611
1598 1599
1598 1601
1598 1603
1598 1608
1599 1607
1599 1618
1601 1617
1602 1606
1602 1615
1602 1618
1603 1608
1604 1612
1604 1614
1605 1606
1605 1618
1605 1619
1606 1616
1607 1617
1608 1617
1608 1619
1610 1620
1611 1613
1612 1616
