0.16435000 0.14907000 0.04800000
0.00020000 0.24281000 0.31832000
0.02951000 0.18823000 0.22391000
0.09283000 0.07797000 0.11882000
0.20708000 0.02330000 0.15916000
0.15625000 0.04366000 0.23061000
0.16713000 0.02055000 0.07214000
0.21793000 0.22529000 0.14282000
0.07566000 0.12178000 0.04972000
0.21522000 0.06809000 0.02078000
0.11732000 0.05805000 0.01474000
0.02637000 0.22660000 0.05652000
0.01511000 0.09308000 0.26254000
0.09314000 0.16955000 0.11285000
0.12563000 0.01244000 0.15415000
0.21703000 0.17547000 0.25665000
0.16648000 0.23264000 0.26147000
0.03204000 0.01340000 0.15993000
0.14234000 0.20373000 0.16073000
0.16537000 0.12715000 0.16830000
0.08101000 0.00354000 0.06941000
0.01467000 0.15657000 0.09203000
0.20212000 0.08529000 0.12113000
0.04237000 0.12123000 0.16084000
0.09101000 0.14508000 0.22874000
0.23325000 0.15972000 0.15310000
0.14499000 0.13566000 0.29003000
0.23890000 0.18138000 0.07371000
0.23467000 0.06763000 0.22506000
0.08923000 0.01126000 0.22603000
0.04639000 0.18752000 0.32084000
0.09491000 0.18482000 0.00848000
0.05100000 0.24807000 0.20327000
0.13378000 0.24870000 0.09089000
0.21150000 0.14911000 0.40780000
0.13339000 0.20508000 0.34067000
0.20886000 0.04925000 0.34756000
0.18452000 0.08393000 0.43736000
0.12979000 0.02098000 0.45784000
0.19983000 0.20131000 0.64707000
0.07108000 0.08079000 0.36927000
0.19446000 0.19807000 0.49314000
0.15025000 0.01164000 0.37020000
0.12655000 0.16222000 0.59195000
0.08019000 0.00522000 0.52740000
0.14430000 0.22383000 0.56743000
0.05385000 0.15275000 0.55747000
0.02093000 0.12884000 0.42224000
0.17122000 0.07133000 0.58471000
0.20424000 0.17558000 0.56698000
0.06400000 0.08621000 0.50636000
0.22226000 0.13929000 0.49646000
0.18396000 0.23822000 0.39530000
0.08696000 0.08803000 0.63029000
0.14347000 0.07919000 0.34748000
0.21274000 0.23926000 0.57930000
0.15099000 0.13680000 0.65711000
0.08954000 0.18387000 0.43659000
0.03713000 0.04202000 0.57373000
0.11730000 0.13545000 0.37542000
0.05926000 0.04925000 0.43725000
0.12249000 0.13394000 0.51211000
0.19542000 0.04004000 0.51819000
0.00486000 0.02860000 0.49374000
0.12858000 0.22734000 0.47745000
0.24565000 0.24813000 0.47314000
0.00266000 0.22779000 0.47165000
0.00048000 0.19893000 0.38588000
0.20487000 0.20754000 0.79359000
0.21580000 0.06573000 0.76764000
0.21094000 0.13488000 0.74692000
0.22338000 0.01273000 0.68630000
0.06481000 0.00465000 0.81790000
0.06362000 0.06199000 0.94944000
0.19579000 0.12563000 0.96616000
0.02251000 0.22576000 0.81664000
0.24078000 0.06010000 0.87518000
0.15876000 0.09616000 0.72699000
0.13676000 0.19463000 0.69089000
0.16988000 0.12090000 0.86359000
0.02735000 0.10800000 0.83386000
0.08358000 0.08687000 0.74275000
0.00990000 0.04327000 0.89855000
0.02874000 0.05684000 0.77840000
0.06627000 0.13506000 0.68320000
0.07911000 0.15422000 0.77161000
0.15209000 0.19416000 0.96473000
0.09787000 0.12714000 0.84714000
0.19647000 0.04895000 0.94583000
0.24094000 0.00469000 0.97675000
0.14576000 0.06911000 0.81483000
0.13971000 0.21595000 0.88192000
0.11202000 0.01891000 0.72202000
0.11590000 0.10723000 0.91716000
0.12520000 0.03258000 0.92672000
0.03694000 0.21608000 0.95653000
0.04331000 0.13320000 0.98185000
0.14202000 0.14309000 0.79051000
0.07584000 0.18739000 0.87111000
0.05301000 0.21692000 0.67195000
0.00047000 0.17829000 0.74893000
0.24448000 0.21533000 0.72811000
0.00114000 0.07456000 0.70162000
0.22035000 0.24903000 0.93826000
0.15269000 0.41014000 0.29532000
0.17090000 0.35540000 0.04276000
0.10146000 0.25705000 0.27048000
0.06978000 0.39960000 0.27326000
0.20940000 0.30285000 0.04646000
0.03100000 0.29903000 0.27073000
0.20336000 0.45008000 0.18811000
0.01756000 0.43899000 0.31647000
0.22781000 0.31690000 0.27279000
0.12819000 0.31785000 0.08453000
0.19123000 0.33948000 0.12387000
0.12343000 0.48117000 0.25475000
0.02497000 0.49305000 0.00990000
0.08586000 0.36317000 0.12885000
0.17743000 0.25271000 0.00532000
0.12068000 0.33629000 0.28241000
0.04781000 0.49702000 0.10781000
0.03799000 0.41888000 0.12304000
0.05682000 0.49651000 0.30648000
0.24160000 0.42895000 0.09887000
0.15232000 0.44971000 0.12431000
0.02070000 0.30398000 0.02882000
0.11396000 0.39340000 0.19295000
0.24165000 0.36090000 0.20506000
0.06227000 0.35574000 0.05667000
0.17218000 0.28170000 0.18103000
0.11557000 0.28299000 0.00292000
0.10133000 0.29295000 0.15746000
0.00825000 0.42463000 0.23608000
0.21410000 0.43147000 0.32660000
0.24834000 0.27539000 0.10122000
0.00921000 0.42140000 0.60367000
0.08642000 0.25132000 0.40306000
0.21525000 0.30387000 0.42057000
0.13932000 0.34766000 0.59776000
0.03084000 0.39768000 0.45951000
0.06632000 0.30687000 0.46871000
0.00486000 0.46467000 0.46847000
0.17941000 0.44679000 0.60756000
0.02924000 0.28858000 0.37829000
0.05764000 0.43470000 0.39536000
0.14135000 0.29054000 0.49083000
0.12390000 0.43388000 0.36646000
0.16752000 0.45009000 0.51791000
0.18777000 0.39168000 0.48978000
0.15982000 0.25351000 0.64509000
0.10386000 0.27763000 0.59351000
0.03042000 0.29692000 0.54599000
0.07120000 0.46410000 0.61398000
0.20332000 0.30768000 0.60711000
0.05965000 0.40986000 0.53538000
0.09797000 0.43200000 0.45732000
0.14819000 0.34208000 0.42660000
0.13433000 0.48230000 0.42591000
0.14923000 0.30560000 0.35767000
0.20929000 0.30127000 0.51798000
0.12688000 0.35528000 0.50277000
0.22828000 0.39641000 0.56339000
0.04999000 0.48377000 0.54486000
0.09431000 0.34830000 0.35144000
0.03062000 0.32497000 0.62787000
0.00260000 0.38891000 0.39001000
0.18915000 0.39736000 0.40423000
0.24644000 0.40276000 0.63443000
0.24241000 0.30655000 0.80777000
0.14217000 0.41492000 0.98167000
0.10069000 0.45013000 0.89652000
0.19169000 0.37160000 0.79809000
0.01421000 0.39427000 0.72449000
0.11062000 0.41804000 0.72127000
0.02856000 0.32207000 0.75020000
0.23507000 0.36614000 0.70784000
0.16242000 0.33835000 0.72440000
0.20946000 0.47437000 0.68969000
0.18590000 0.43399000 0.74473000
0.11051000 0.35721000 0.97760000
0.19930000 0.38325000 0.93232000
0.08408000 0.34357000 0.89244000
0.22237000 0.46292000 0.95756000
0.13911000 0.38995000 0.84511000
0.18141000 0.31553000 0.96441000
0.10463000 0.34989000 0.77395000
0.05404000 0.28085000 0.90413000
0.02485000 0.39350000 0.89560000
0.07097000 0.44816000 0.97637000
0.09685000 0.42429000 0.79961000
0.16805000 0.48682000 0.89863000
0.16517000 0.49790000 0.78741000
0.16225000 0.28369000 0.88474000
0.02309000 0.40216000 0.80417000
0.16411000 0.26643000 0.77026000
0.07459000 0.25790000 0.77425000
0.04412000 0.37839000 0.98789000
0.05501000 0.46748000 0.83632000
0.24565000 0.42578000 0.83400000
0.06833000 0.37266000 0.70151000
0.24920000 0.31031000 0.90813000
0.05153000 0.46248000 0.70715000
0.10812000 0.27506000 0.68437000
0.17335000 0.38617000 0.66674000
0.13506000 0.50330000 0.01572000
0.02080000 0.58419000 0.15251000
0.12633000 0.55485000 0.22219000
0.19167000 0.64424000 0.20240000
0.11343000 0.62987000 0.24130000
0.03069000 0.72248000 0.23379000
0.19536000 0.64625000 0.06570000
0.20191000 0.70612000 0.13487000
0.18861000 0.58684000 0.16691000
0.15976000 0.62617000 0.32248000
0.20721000 0.56777000 0.03334000
0.08868000 0.70253000 0.27462000
0.10728000 0.50933000 0.15606000
0.15328000 0.55504000 0.10084000
0.07823000 0.56461000 0.27212000
0.09004000 0.60390000 0.11751000
0.23537000 0.58507000 0.24873000
0.13875000 0.74317000 0.13190000
0.16842000 0.70728000 0.22207000
0.23768000 0.50723000 0.03910000
0.19660000 0.50962000 0.32705000
0.05440000 0.68657000 0.11071000
0.09679000 0.71109000 0.19093000
0.10570000 0.65270000 0.05315000
0.00595000 0.63311000 0.20770000
0.02466000 0.52084000 0.19348000
0.19293000 0.57065000 0.29945000
0.22365000 0.62387000 0.00606000
0.08694000 0.55953000 0.04922000
0.09904000 0.65038000 0.17051000
0.20097000 0.68144000 0.30965000
0.22362000 0.50008000 0.12170000
0.19759000 0.51060000 0.23752000
0.04770000 0.74403000 0.05221000
0.06511000 0.66285000 0.33113000
0.24829000 0.65444000 0.26192000
0.00262000 0.69675000 0.04020000
0.10358000 0.66986000 0.59316000
0.20966000 0.51860000 0.41464000
0.04309000 0.65587000 0.40790000
0.13364000 0.60938000 0.59324000
0.21025000 0.61571000 0.47591000
0.05371000 0.63218000 0.50362000
0.06430000 0.72753000 0.65194000
0.05612000 0.71216000 0.50004000
0.10822000 0.52749000 0.35043000
0.19090000 0.53885000 0.50814000
0.21068000 0.70105000 0.58181000
0.06901000 0.56412000 0.60382000
0.08705000 0.59910000 0.35386000
0.14370000 0.69565000 0.41547000
0.24359000 0.67474000 0.36645000
0.07669000 0.55472000 0.46689000
0.17325000 0.65862000 0.53687000
0.12330000 0.69785000 0.50906000
0.20204000 0.71124000 0.46995000
0.22185000 0.59711000 0.61842000
0.11793000 0.56278000 0.52930000
0.00781000 0.60264000 0.57568000
0.04765000 0.50493000 0.42511000
0.18738000 0.53001000 0.63740000
0.13471000 0.56615000 0.40871000
0.01820000 0.73208000 0.38164000
0.11735000 0.62443000 0.49754000
0.02458000 0.69489000 0.59700000
0.09495000 0.73485000 0.39039000
0.15408000 0.51085000 0.56939000
0.12665000 0.63185000 0.41957000
0.19382000 0.59694000 0.38434000
0.24340000 0.53380000 0.56174000
0.19804000 0.69876000 0.66023000
0.09647000 0.68786000 0.98125000
0.01753000 0.60134000 0.84256000
0.22416000 0.68375000 0.88244000
0.19172000 0.57589000 0.71295000
0.07028000 0.51660000 0.77003000
0.14796000 0.64470000 0.66847000
0.04175000 0.57904000 0.93385000
0.15789000 0.59384000 0.83198000
0.19099000 0.55813000 0.91161000
0.05542000 0.50977000 0.92416000
0.02826000 0.65164000 0.96269000
0.05851000 0.70010000 0.87503000
0.11066000 0.58364000 0.67768000
0.20063000 0.72807000 0.93875000
0.12460000 0.53916000 0.94644000
0.22460000 0.60320000 0.80208000
0.09296000 0.61739000 0.98072000
0.10077000 0.68227000 0.70266000
0.15098000 0.67595000 0.87352000
0.02715000 0.68682000 0.78617000
0.09368000 0.61231000 0.86870000
0.11318000 0.54263000 0.82335000
0.17711000 0.63035000 0.92761000
0.19715000 0.73198000 0.77084000
0.24292000 0.55624000 0.96944000
0.07999000 0.58943000 0.76109000
0.01006000 0.62201000 0.76436000
0.18160000 0.64041000 0.74705000
0.11467000 0.65203000 0.79266000
0.03901000 0.53664000 0.67833000
0.21764000 0.53803000 0.78493000
0.00487000 0.51568000 0.80260000
0.13704000 0.74261000 0.67522000
0.24996000 0.51014000 0.91524000
0.05692000 0.61806000 0.66807000
0.15122000 0.73741000 0.99729000
0.11072000 0.50261000 0.69823000
0.09399000 0.78815000 0.18545000
0.01935000 0.93515000 0.20355000
0.01011000 0.88644000 0.13353000
0.16950000 0.83111000 0.18394000
0.21992000 0.90103000 0.12105000
0.16420000 0.83745000 0.27019000
0.17875000 0.93692000 0.30081000
0.22818000 0.76989000 0.10389000
0.23081000 0.78379000 0.01185000
0.11281000 0.92701000 0.16911000
0.13160000 0.90239000 0.08348000
0.06034000 0.95056000 0.11299000
0.00631000 0.98100000 0.30415000
0.05608000 0.82159000 0.04768000
0.16424000 0.83004000 0.09747000
0.23930000 0.77496000 0.30786000
0.07858000 0.89331000 0.30896000
0.12166000 0.77959000 0.06701000
0.04002000 0.88238000 0.00938000
0.24298000 0.89476000 0.03298000
0.18565000 0.94744000 0.06117000
0.03882000 0.80861000 0.24830000
0.22338000 0.95859000 0.16108000
0.21305000 0.76145000 0.18339000
0.06012000 0.84424000 0.12978000
0.24920000 0.88239000 0.30910000
0.00097000 0.98101000 0.06998000
0.00206000 0.87347000 0.28767000
0.14317000 0.75098000 0.30727000
0.03025000 0.79672000 0.40295000
0.12132000 0.98022000 0.65459000
0.18547000 0.83678000 0.50139000
0.12321000 0.88520000 0.58259000
0.18797000 0.86803000 0.34611000
0.16625000 0.75905000 0.58382000
0.15433000 0.82744000 0.57466000
0.01728000 0.94434000 0.54867000
0.21907000 0.96068000 0.40586000
0.06829000 0.97742000 0.60141000
0.07597000 0.96572000 0.44533000
0.20191000 0.89846000 0.53784000
0.03657000 0.82593000 0.47844000
0.01835000 0.88443000 0.64782000
0.12689000 0.86337000 0.44357000
0.20014000 0.78376000 0.37666000
0.04494000 0.88423000 0.55638000
0.12481000 0.90248000 0.36729000
0.18856000 0.88372000 0.42617000
0.07466000 0.96214000 0.35213000
0.13200000 0.80513000 0.40644000
0.13674000 0.93685000 0.47322000
0.21221000 0.88946000 0.61849000
0.03226000 0.82586000 0.57899000
0.08991000 0.77999000 0.58688000
0.01853000 0.76966000 0.52081000
0.03729000 0.89278000 0.46668000
0.10696000 0.80175000 0.50291000
0.24072000 0.77873000 0.65725000
0.06445000 0.77902000 0.34162000
0.16395000 0.99336000 0.57771000
0.13942000 0.90341000 0.66622000
0.24032000 0.80127000 0.50132000
0.20637000 0.76442000 0.86448000
0.20533000 0.86301000 0.74730000
0.24272000 0.92388000 0.85531000
0.03158000 0.80174000 0.89564000
0.03397000 0.98690000 0.99443000
0.20398000 0.83827000 0.98088000
0.13503000 0.76554000 0.90571000
0.12006000 0.95369000 0.79775000
0.16143000 0.88931000 0.80197000
0.19880000 0.95514000 0.66998000
0.02451000 0.86440000 0.91628000
0.02699000 0.95921000 0.90781000
0.16011000 0.79498000 0.75386000
0.14391000 0.83029000 0.93388000
0.07407000 0.75645000 0.94845000
0.03260000 0.99874000 0.74035000
0.16664000 0.82304000 0.85498000
0.03279000 0.83071000 0.78546000
0.06290000 0.90054000 0.80352000
0.16979000 0.80585000 0.67461000
0.09661000 0.84416000 0.85038000
0.18361000 0.97652000 0.75834000
0.12457000 0.90960000 0.91662000
0.05063000 0.86489000 0.71472000
0.03132000 0.76298000 0.72835000
0.23551000 0.89028000 0.94121000
0.09776000 0.94686000 0.97049000
0.18943000 0.94948000 0.89864000
0.11580000 0.97570000 0.88006000
0.09114000 0.76686000 0.84391000
0.16402000 0.91971000 0.98500000
0.10801000 0.85472000 0.98872000
0.00364000 0.93000000 0.78340000
0.42932000 0.19865000 0.15090000
0.41833000 0.06785000 0.26209000
0.33700000 0.16249000 0.28442000
0.29000000 0.10375000 0.19019000
0.46620000 0.08533000 0.17572000
0.43413000 0.02847000 0.14569000
0.30646000 0.16714000 0.19650000
0.26549000 0.03347000 0.30361000
0.28877000 0.19789000 0.11342000
0.39551000 0.18370000 0.02408000
0.26762000 0.13018000 0.26223000
0.29439000 0.21029000 0.24986000
0.46380000 0.20244000 0.07294000
0.25196000 0.21647000 0.32881000
0.44195000 0.10673000 0.10198000
0.34629000 0.14505000 0.07820000
0.39007000 0.14664000 0.22215000
0.34490000 0.08481000 0.01893000
0.37085000 0.23140000 0.21127000
0.27215000 0.07550000 0.06996000
0.43033000 0.23834000 0.30912000
0.35820000 0.10391000 0.15117000
0.47873000 0.17987000 0.21746000
0.35966000 0.17982000 0.14755000
0.44887000 0.06188000 0.03765000
0.34325000 0.04765000 0.21978000
0.33107000 0.09200000 0.31686000
0.35415000 0.02551000 0.12668000
0.48771000 0.08928000 0.30802000
0.29083000 0.22926000 0.00307000
0.27561000 0.01786000 0.19631000
0.49698000 0.02684000 0.19841000
0.25252000 0.00628000 0.07496000
0.34356000 0.07936000 0.58405000
0.37850000 0.16879000 0.63091000
0.27659000 0.20268000 0.65049000
0.40487000 0.06208000 0.47098000
0.40119000 0.04175000 0.60611000
0.46605000 0.03990000 0.52539000
0.27109000 0.16619000 0.45923000
0.30699000 0.18349000 0.38270000
0.44117000 0.21302000 0.62249000
0.44525000 0.23193000 0.50108000
0.40697000 0.13338000 0.51263000
0.43831000 0.04262000 0.34965000
0.26424000 0.05679000 0.59475000
0.31022000 0.03727000 0.53318000
0.41888000 0.10831000 0.65851000
0.47844000 0.19610000 0.42479000
0.40743000 0.19430000 0.43711000
0.32264000 0.02518000 0.35363000
0.25775000 0.03858000 0.47344000
0.32726000 0.01395000 0.61864000
0.34721000 0.01978000 0.45453000
0.44360000 0.12255000 0.44095000
0.42859000 0.13708000 0.35567000
0.31983000 0.11873000 0.65707000
0.35247000 0.08379000 0.40387000
0.36907000 0.19972000 0.51811000
0.47239000 0.03897000 0.43213000
0.28509000 0.08253000 0.38287000
0.47062000 0.13494000 0.56260000
0.30908000 0.15470000 0.56829000
0.37156000 0.21320000 0.36996000
0.26176000 0.20396000 0.53185000
0.48249000 0.07568000 0.58688000
0.49986000 0.15895000 0.49571000
0.39693000 0.00398000 0.51433000
0.38504000 0.06980000 0.79101000
0.26323000 0.16419000 0.98787000
0.28640000 0.13455000 0.82685000
0.49629000 0.16795000 0.94885000
0.37443000 0.12168000 0.72114000
0.39205000 0.08005000 0.92086000
0.39183000 0.23096000 0.96583000
0.32178000 0.07768000 0.82791000
0.45622000 0.05841000 0.94737000
0.27555000 0.16930000 0.89316000
0.36492000 0.13519000 0.90108000
0.31066000 0.18325000 0.76604000
0.47450000 0.16394000 0.67244000
0.42919000 0.16882000 0.76040000
0.43089000 0.23095000 0.88757000
0.40654000 0.13134000 0.84209000
0.31856000 0.08203000 0.74355000
0.30362000 0.03021000 0.90893000
0.42309000 0.12889000 0.98073000
0.46728000 0.04081000 0.85566000
0.28375000 0.09773000 0.92080000
0.38605000 0.23767000 0.78740000
0.47074000 0.05988000 0.69666000
0.34196000 0.20012000 0.86532000
0.33113000 0.19236000 0.94736000
0.37815000 0.01816000 0.86173000
0.43525000 0.02182000 0.75582000
0.48044000 0.10962000 0.74840000
0.29847000 0.01084000 0.77232000
0.37893000 0.21058000 0.70928000
0.47695000 0.12609000 0.86017000
0.25854000 0.10440000 0.69328000
0.28965000 0.00604000 0.68684000
0.27606000 0.24612000 0.80357000
0.49941000 0.22785000 0.83311000
0.49684000 0.04541000 0.77609000
0.37090000 0.42406000 0.27401000
0.47162000 0.34610000 0.17460000
0.45315000 0.31132000 0.25030000
0.30809000 0.44753000 0.15074000
0.29106000 0.33247000 0.12740000
0.34195000 0.31485000 0.05782000
0.35998000 0.28553000 0.14220000
0.26755000 0.47901000 0.20700000
0.34055000 0.31071000 0.26126000
0.39210000 0.37463000 0.18373000
0.45349000 0.44919000 0.02266000
0.35085000 0.43681000 0.07105000
0.47885000 0.47729000 0.09435000
0.37433000 0.25416000 0.06142000
0.43014000 0.46416000 0.25518000
0.44906000 0.33075000 0.07694000
0.33140000 0.46014000 0.31812000
0.38131000 0.37004000 0.09850000
0.40436000 0.36206000 0.26369000
0.29621000 0.39149000 0.25199000
0.44762000 0.40411000 0.10871000
0.35343000 0.48956000 0.25950000
0.42264000 0.44825000 0.17194000
0.30812000 0.48619000 0.02196000
0.26679000 0.27136000 0.23833000
0.29101000 0.38384000 0.04614000
0.27195000 0.32259000 0.03096000
0.42977000 0.25977000 0.11833000
0.48235000 0.42213000 0.24230000
0.48690000 0.25457000 0.01180000
0.47308000 0.25352000 0.18319000
0.26477000 0.48143000 0.30644000
0.36612000 0.27133000 0.32498000
0.32439000 0.32871000 0.32634000
0.49982000 0.31983000 0.31503000
0.49042000 0.25623000 0.38376000
0.46335000 0.39814000 0.47226000
0.38387000 0.39096000 0.41719000
0.25606000 0.47734000 0.47880000
0.35812000 0.33722000 0.44494000
0.40094000 0.44859000 0.63341000
0.41923000 0.44320000 0.55376000
0.27804000 0.32980000 0.53684000
0.40780000 0.32824000 0.34214000
0.41336000 0.27105000 0.57351000
0.43093000 0.33666000 0.43416000
0.38636000 0.30373000 0.51679000
0.32431000 0.40082000 0.46153000
0.42077000 0.27216000 0.38837000
0.28129000 0.33909000 0.43795000
0.25294000 0.46480000 0.60861000
0.39887000 0.45918000 0.46664000
0.30435000 0.47614000 0.39538000
0.47040000 0.32102000 0.49819000
0.30636000 0.25116000 0.43395000
0.30845000 0.25873000 0.35762000
0.26985000 0.41037000 0.41943000
0.30986000 0.47181000 0.55755000
0.36002000 0.39754000 0.52650000
0.31489000 0.41524000 0.60004000
0.38577000 0.25460000 0.63969000
0.38744000 0.35404000 0.58911000
0.37896000 0.46962000 0.38318000
0.49892000 0.33445000 0.63918000
0.32118000 0.26117000 0.60744000
0.46151000 0.40088000 0.34856000
0.33317000 0.47606000 0.63009000
0.25814000 0.38043000 0.49028000
0.46211000 0.35580000 0.56457000
0.48510000 0.27378000 0.58332000
0.49382000 0.45927000 0.37874000
0.35389000 0.39103000 0.34806000
0.25859000 0.32525000 0.35483000
0.43353000 0.38255000 0.65367000
0.34951000 0.41044000 0.66206000
0.49928000 0.40199000 0.61280000
0.28658000 0.43049000 0.96519000
0.45455000 0.46689000 0.94235000
0.38250000 0.29568000 0.99586000
0.36280000 0.42980000 0.74190000
0.32339000 0.26311000 0.74323000
0.26945000 0.37576000 0.90369000
0.46121000 0.32649000 0.86311000
0.32738000 0.37277000 0.72069000
0.36641000 0.37319000 0.85312000
0.25450000 0.28616000 0.71792000
0.37022000 0.29984000 0.83428000
0.31258000 0.30886000 0.66678000
0.42512000 0.45465000 0.83660000
0.32795000 0.44547000 0.89439000
0.39625000 0.37044000 0.77587000
0.41828000 0.36946000 0.92170000
0.47036000 0.29583000 0.74919000
0.31204000 0.32580000 0.79622000
0.33376000 0.38645000 0.98164000
0.34271000 0.49596000 0.77778000
0.40335000 0.31523000 0.68570000
0.30923000 0.42036000 0.80465000
0.27721000 0.49054000 0.83655000
0.44441000 0.45434000 0.71533000
0.28128000 0.42344000 0.73033000
0.33419000 0.29078000 0.92125000
0.37941000 0.48669000 0.91492000
0.47011000 0.29845000 0.94088000
0.40199000 0.40533000 0.99674000
0.42735000 0.34369000 0.99536000
0.27621000 0.49528000 0.73910000
0.33315000 0.58533000 0.09714000
0.29721000 0.72043000 0.23674000
0.45524000 0.63425000 0.23133000
0.49756000 0.71634000 0.00422000
0.30080000 0.62889000 0.04245000
0.37000000 0.51952000 0.05859000
0.49805000 0.61293000 0.01005000
0.48297000 0.74264000 0.23892000
0.30036000 0.63289000 0.15939000
0.35182000 0.63881000 0.30291000
0.29337000 0.55117000 0.03169000
0.45228000 0.57733000 0.15519000
0.32912000 0.69526000 0.10105000
0.37628000 0.56375000 0.20965000
0.42287000 0.71921000 0.03392000
0.47817000 0.55559000 0.05564000
0.29305000 0.55814000 0.28445000
0.36614000 0.54271000 0.32675000
0.44192000 0.65180000 0.02532000
0.39107000 0.68554000 0.13538000
0.47758000 0.71596000 0.11637000
0.36126000 0.67105000 0.23407000
0.26656000 0.71673000 0.07080000
0.42373000 0.66995000 0.28565000
0.38635000 0.63712000 0.08662000
0.40475000 0.58989000 0.02256000
0.43397000 0.53566000 0.26549000
0.30160000 0.58533000 0.21784000
0.32326000 0.53835000 0.15987000
0.46106000 0.64804000 0.13656000
0.40344000 0.73171000 0.23750000
0.40072000 0.51098000 0.14271000
0.25588000 0.68194000 0.18271000
0.25161000 0.60503000 0.08868000
0.25030000 0.54695000 0.17297000
0.42570000 0.57725000 0.43552000
0.34395000 0.62821000 0.42878000
0.42668000 0.59455000 0.33804000
0.39750000 0.62495000 0.64521000
0.26207000 0.56328000 0.37672000
0.26657000 0.61441000 0.52461000
0.37222000 0.63026000 0.56253000
0.26990000 0.55434000 0.45694000
0.34713000 0.69401000 0.58267000
0.34623000 0.57140000 0.49808000
0.49150000 0.52065000 0.47318000
0.40490000 0.67800000 0.45818000
0.35251000 0.50004000 0.50538000
0.37807000 0.52958000 0.58442000
0.30776000 0.54422000 0.57439000
0.32196000 0.70753000 0.45793000
0.47015000 0.57826000 0.55630000
0.46943000 0.63090000 0.48832000
0.45622000 0.63953000 0.40710000
0.40713000 0.70341000 0.62220000
0.38079000 0.71527000 0.39435000
0.32495000 0.69811000 0.34855000
0.43559000 0.51475000 0.54631000
0.27060000 0.73221000 0.39743000
0.46118000 0.66638000 0.57330000
0.28924000 0.68650000 0.52460000
0.43406000 0.72582000 0.50073000
0.35798000 0.73718000 0.52082000
0.31151000 0.71753000 0.64629000
0.46885000 0.69633000 0.65844000
0.43682000 0.52432000 0.36758000
0.44845000 0.74326000 0.36124000
0.49004000 0.74393000 0.43955000
0.26493000 0.53623000 0.65604000
0.25432000 0.66547000 0.64531000
0.49630000 0.50671000 0.59539000
0.28481000 0.62867000 0.33500000
0.29942000 0.66933000 0.88936000
0.44417000 0.62681000 0.89586000
0.47246000 0.56151000 0.73328000
0.26465000 0.71395000 0.83042000
0.31640000 0.51698000 0.95041000
0.46118000 0.56966000 0.97208000
0.28007000 0.68629000 0.97711000
0.33788000 0.71783000 0.80814000
0.40816000 0.50423000 0.99414000
0.26169000 0.64497000 0.75021000
0.40707000 0.56625000 0.88682000
0.38455000 0.59705000 0.80042000
0.36540000 0.63640000 0.90133000
0.40739000 0.52444000 0.79602000
0.41968000 0.62596000 0.72512000
0.40376000 0.66350000 0.95296000
0.33457000 0.53475000 0.86023000
0.32911000 0.58491000 0.96088000
0.44460000 0.51371000 0.87800000
0.27284000 0.57793000 0.85029000
0.31730000 0.72629000 0.93039000
0.39479000 0.70256000 0.85262000
0.26107000 0.61764000 0.92858000
0.47000000 0.74909000 0.71137000
0.44027000 0.65510000 0.81204000
0.34619000 0.69015000 0.99101000
0.41634000 0.51514000 0.68334000
0.33883000 0.64838000 0.76827000
0.44978000 0.72244000 0.92010000
0.35284000 0.68108000 0.69172000
0.26756000 0.71617000 0.70427000
0.32060000 0.59009000 0.67876000
0.38742000 0.71858000 0.75598000
0.26593000 0.57278000 0.73773000
0.49608000 0.58319000 0.81216000
0.48038000 0.66032000 0.74621000
0.27349000 0.97204000 0.27221000
0.38716000 0.99035000 0.05834000
0.39437000 0.80484000 0.21083000
0.30452000 0.90040000 0.12754000
0.46887000 0.87250000 0.00618000
0.37671000 0.97005000 0.27272000
0.26089000 0.91097000 0.24089000
0.40922000 0.90420000 0.26116000
0.31872000 0.77718000 0.00602000
0.35127000 0.75961000 0.08005000
0.31196000 0.88535000 0.05261000
0.43868000 0.78823000 0.05141000
0.43171000 0.86447000 0.07583000
0.43637000 0.98427000 0.22122000
0.37168000 0.87606000 0.13353000
0.33639000 0.86807000 0.19962000
0.33170000 0.93766000 0.21842000
0.37029000 0.92621000 0.07603000
0.47447000 0.93286000 0.17218000
0.39804000 0.93462000 0.16771000
0.31203000 0.78189000 0.26777000
0.46173000 0.91410000 0.31424000
0.45014000 0.92587000 0.09562000
0.32938000 0.88726000 0.27783000
0.36764000 0.84086000 0.00560000
0.31742000 0.97416000 0.09494000
0.44712000 0.77290000 0.17348000
0.27248000 0.84132000 0.09597000
0.40202000 0.80191000 0.12939000
0.25554000 0.83583000 0.19733000
0.49211000 0.82952000 0.24964000
0.48241000 0.98545000 0.11441000
0.40653000 0.81014000 0.31384000
0.30709000 0.75169000 0.15043000
0.37500000 0.91501000 0.61263000
0.38236000 0.84792000 0.57421000
0.43968000 0.94924000 0.47721000
0.46905000 0.80848000 0.34377000
0.45735000 0.80574000 0.44573000
0.38482000 0.92967000 0.51765000
0.26052000 0.94907000 0.62484000
0.31805000 0.94082000 0.66414000
0.30209000 0.77450000 0.46281000
0.43422000 0.87068000 0.44882000
0.26726000 0.95860000 0.53229000
0.41543000 0.79352000 0.50566000
0.32256000 0.78388000 0.61789000
0.32659000 0.87883000 0.42582000
0.31048000 0.83053000 0.55077000
0.46161000 0.80315000 0.58805000
0.28466000 0.91884000 0.36754000
0.35840000 0.82997000 0.45908000
0.47556000 0.83528000 0.51226000
0.42462000 0.86915000 0.35676000
0.27709000 0.88608000 0.53022000
0.44072000 0.95978000 0.56888000
0.36909000 0.78829000 0.40146000
0.28422000 0.84814000 0.36856000
0.44329000 0.90569000 0.63238000
0.36841000 0.92823000 0.38401000
0.44425000 0.99255000 0.64790000
0.47279000 0.98063000 0.33724000
0.25075000 0.77682000 0.58287000
0.34938000 0.84361000 0.34470000
0.37456000 0.85206000 0.65988000
0.28900000 0.99957000 0.41315000
0.36259000 0.86166000 0.81977000
0.45819000 0.75375000 0.83107000
0.29057000 0.85292000 0.77759000
0.32072000 0.83257000 0.93141000
0.30228000 0.93114000 0.98545000
0.26122000 0.98691000 0.88118000
0.31744000 0.90733000 0.73415000
0.26197000 0.78842000 0.74509000
0.35666000 0.93388000 0.79968000
0.38584000 0.76707000 0.80228000
0.30041000 0.91434000 0.90478000
0.33707000 0.80793000 0.72506000
0.31448000 0.78724000 0.82457000
0.44173000 0.93079000 0.88946000
0.36883000 0.94144000 0.91713000
0.35923000 0.77606000 0.90191000
0.48308000 0.81015000 0.73144000
0.47393000 0.78758000 0.91581000
0.48320000 0.94182000 0.99682000
0.41850000 0.96280000 0.80867000
0.42075000 0.81330000 0.84707000
0.38100000 0.91794000 0.99436000
0.46288000 0.87114000 0.86700000
0.41748000 0.96590000 0.71110000
0.26006000 0.83608000 0.87227000
0.40917000 0.85275000 0.73404000
0.41105000 0.78158000 0.96665000
0.42428000 0.99851000 0.92093000
0.48317000 0.95947000 0.76151000
0.34810000 0.98132000 0.97723000
0.43275000 0.80443000 0.67023000
0.37492000 0.77003000 0.67187000
0.49675000 0.92606000 0.83175000
0.25082000 0.95241000 0.77398000
0.28800000 0.82352000 0.67579000
0.25085000 0.76613000 0.93121000
0.52735000 0.22720000 0.09102000
0.72637000 0.08708000 0.26108000
0.61974000 0.10618000 0.25214000
0.57046000 0.14043000 0.07487000
0.62678000 0.21560000 0.14228000
0.67841000 0.14529000 0.27333000
0.65822000 0.19717000 0.20983000
0.62022000 0.19206000 0.06572000
0.71436000 0.14246000 0.18662000
0.65638000 0.21178000 0.29842000
0.63636000 0.05442000 0.33069000
0.72852000 0.21224000 0.14912000
0.51711000 0.10867000 0.10978000
0.57201000 0.14801000 0.27211000
0.62507000 0.08269000 0.11552000
0.50680000 0.13137000 0.01241000
0.68687000 0.20728000 0.08955000
0.60089000 0.08202000 0.03860000
0.66063000 0.08912000 0.18838000
0.67000000 0.01983000 0.07648000
0.50570000 0.02398000 0.04712000
0.71081000 0.13008000 0.08379000
0.58876000 0.16979000 0.20484000
0.55377000 0.10797000 0.20065000
0.74401000 0.21897000 0.24994000
0.60380000 0.00333000 0.10107000
0.61375000 0.01391000 0.18696000
0.53720000 0.16516000 0.15003000
0.55969000 0.22526000 0.24923000
0.53441000 0.05404000 0.26956000
0.69810000 0.03785000 0.22191000
0.74063000 0.05870000 0.09007000
0.58977000 0.20765000 0.31778000
0.68778000 0.12299000 0.57342000
0.72937000 0.17240000 0.54782000
0.50904000 0.21351000 0.55804000
0.54196000 0.04441000 0.51870000
0.58598000 0.23221000 0.45213000
0.53247000 0.02850000 0.38604000
0.63861000 0.06028000 0.52938000
0.64473000 0.17784000 0.38622000
0.63113000 0.16322000 0.57677000
0.65164000 0.22432000 0.54815000
0.72660000 0.24497000 0.33587000
0.52012000 0.17614000 0.35166000
0.56058000 0.07988000 0.59861000
0.61090000 0.20240000 0.63927000
0.62453000 0.17800000 0.49695000
0.69928000 0.07950000 0.51752000
0.56560000 0.15375000 0.46049000
0.62458000 0.11076000 0.45833000
0.54707000 0.23872000 0.63539000
0.63812000 0.13694000 0.64873000
0.68147000 0.20538000 0.47956000
0.72511000 0.06735000 0.60043000
0.70873000 0.04520000 0.43170000
0.59585000 0.14309000 0.35134000
0.69602000 0.10131000 0.35731000
0.73259000 0.20614000 0.64437000
0.55634000 0.16290000 0.62523000
0.62194000 0.03195000 0.60624000
0.58363000 0.07188000 0.38760000
0.73081000 0.15264000 0.42161000
0.51716000 0.09274000 0.45272000
0.72337000 0.00404000 0.48736000
0.74510000 0.23458000 0.47775000
0.57596000 0.14616000 0.69843000
0.65522000 0.05785000 0.72951000
0.51913000 0.07630000 0.94247000
0.61121000 0.09153000 0.78276000
0.66926000 0.19208000 0.95952000
0.73923000 0.21019000 0.96517000
0.71522000 0.17793000 0.88864000
0.54940000 0.22157000 0.97709000
0.55535000 0.02732000 0.88921000
0.74027000 0.04011000 0.67404000
0.70797000 0.11678000 0.72236000
0.66617000 0.22383000 0.86022000
0.69201000 0.12129000 0.99128000
0.66101000 0.14591000 0.83866000
0.60696000 0.02258000 0.78885000
0.69683000 0.24321000 0.69801000
0.59083000 0.19135000 0.75377000
0.63634000 0.10138000 0.89203000
0.66542000 0.18182000 0.73929000
0.59088000 0.06958000 0.95122000
0.54912000 0.10225000 0.82888000
0.71382000 0.04276000 0.80510000
0.55797000 0.07420000 0.68582000
0.51803000 0.16322000 0.74745000
0.63329000 0.02578000 0.89511000
0.55256000 0.16663000 0.89045000
0.73648000 0.09428000 0.92656000
0.68449000 0.00090000 0.94771000
0.56522000 0.24678000 0.89800000
0.60369000 0.24207000 0.81739000
0.61789000 0.14379000 0.99606000
0.75000000 0.22003000 0.75896000
0.59949000 0.00067000 0.97493000
0.62564000 0.24903000 0.92539000
0.68923000 0.05471000 0.99199000
0.58912000 0.35954000 0.23399000
0.70533000 0.47501000 0.17995000
0.63720000 0.32670000 0.10705000
0.59600000 0.27262000 0.14650000
0.66454000 0.43273000 0.07214000
0.72094000 0.31451000 0.32567000
0.68807000 0.26937000 0.12246000
0.64633000 0.44467000 0.25531000
0.53988000 0.48545000 0.04817000
0.68957000 0.41468000 0.32417000
0.54226000 0.27441000 0.19061000
0.67084000 0.39686000 0.20765000
0.50857000 0.39279000 0.01788000
0.69724000 0.38039000 0.11046000
0.57810000 0.42168000 0.08925000
0.65671000 0.29268000 0.26238000
0.66884000 0.28480000 0.04865000
0.56470000 0.45307000 0.21767000
0.72577000 0.43659000 0.25109000
0.53586000 0.29924000 0.09547000
0.55834000 0.30118000 0.27356000
0.60963000 0.41109000 0.17162000
0.73627000 0.45853000 0.05522000
0.68166000 0.32965000 0.19463000
0.57259000 0.35812000 0.08371000
0.55216000 0.34123000 0.17143000
0.55994000 0.29008000 0.01585000
0.55440000 0.40468000 0.28665000
0.59294000 0.25119000 0.07279000
0.51767000 0.25076000 0.31459000
0.74565000 0.28907000 0.08324000
0.50426000 0.42712000 0.15541000
0.58761000 0.36286000 0.38359000
0.59303000 0.31962000 0.62272000
0.53518000 0.39510000 0.44259000
0.65776000 0.26068000 0.63653000
0.72288000 0.30243000 0.53243000
0.53177000 0.25787000 0.50539000
0.60442000 0.30954000 0.34768000
0.52539000 0.36838000 0.35775000
0.63007000 0.36830000 0.57921000
0.64056000 0.36072000 0.44680000
0.68041000 0.41199000 0.41683000
0.52982000 0.31381000 0.40368000
0.67532000 0.43759000 0.60726000
0.65124000 0.47325000 0.40479000
0.60069000 0.30832000 0.44921000
0.70105000 0.36226000 0.48459000
0.66032000 0.42266000 0.49563000
0.60832000 0.41629000 0.42314000
0.59120000 0.38979000 0.50996000
0.64534000 0.29004000 0.51761000
0.69959000 0.32251000 0.61957000
0.66999000 0.28901000 0.44321000
0.60616000 0.45295000 0.61286000
0.71719000 0.48398000 0.56072000
0.55989000 0.46594000 0.43298000
0.54559000 0.36524000 0.56921000
0.55067000 0.43430000 0.54765000
0.54960000 0.32352000 0.50031000
0.71944000 0.37168000 0.57049000
0.59344000 0.47567000 0.34945000
0.67233000 0.35226000 0.34303000
0.53940000 0.45833000 0.66007000
0.68545000 0.49716000 0.48080000
0.62912000 0.25021000 0.36469000
0.67608000 0.49116000 0.94073000
0.62076000 0.34042000 0.75828000
0.67637000 0.42133000 0.90394000
0.56657000 0.39930000 0.82150000
0.64320000 0.48022000 0.85236000
0.50326000 0.35680000 0.75857000
0.60356000 0.44136000 0.76305000
0.53165000 0.25550000 0.71554000
0.62097000 0.38704000 0.86671000
0.74385000 0.38763000 0.90361000
0.67789000 0.39554000 0.80206000
0.51667000 0.48261000 0.97727000
0.65439000 0.31301000 0.90081000
0.70947000 0.42040000 0.69883000
0.52640000 0.33483000 0.84011000
0.58454000 0.49620000 0.95460000
0.58166000 0.44387000 0.88256000
0.54737000 0.28314000 0.79301000
0.62301000 0.42617000 0.68666000
0.70118000 0.33025000 0.77690000
0.60811000 0.32422000 0.84395000
0.68478000 0.25852000 0.77944000
0.60597000 0.43888000 0.95845000
0.66457000 0.36574000 0.68253000
0.70434000 0.26719000 0.96187000
0.73452000 0.29066000 0.87727000
0.50648000 0.48567000 0.76010000
0.63068000 0.28777000 0.70372000
0.53183000 0.41506000 0.74805000
0.65536000 0.40471000 0.99641000
0.50223000 0.41149000 0.83966000
0.65200000 0.33622000 0.99589000
0.50186000 0.40301000 0.93621000
0.56417000 0.59487000 0.10055000
0.71143000 0.52061000 0.07361000
0.55602000 0.64341000 0.15737000
0.55644000 0.57959000 0.19266000
0.71326000 0.52500000 0.30048000
0.60125000 0.58848000 0.00096000
0.62248000 0.51058000 0.15118000
0.62192000 0.68251000 0.07023000
0.62932000 0.64842000 0.24497000
0.61825000 0.57238000 0.24834000
0.71086000 0.68732000 0.09429000
0.66223000 0.71208000 0.25917000
0.71318000 0.56596000 0.13032000
0.58662000 0.63819000 0.30291000
0.71435000 0.59582000 0.28092000
0.66797000 0.51859000 0.23433000
0.63418000 0.57485000 0.11615000
0.51756000 0.51584000 0.17887000
0.53851000 0.70930000 0.28312000
0.66499000 0.63820000 0.10747000
0.61787000 0.67719000 0.17226000
0.54046000 0.73425000 0.06481000
0.58355000 0.73440000 0.18040000
0.65314000 0.50404000 0.01869000
0.73887000 0.68529000 0.29200000
0.57316000 0.64674000 0.04193000
0.59426000 0.53513000 0.07314000
0.50908000 0.61099000 0.31364000
0.53308000 0.51971000 0.30629000
0.60107000 0.50847000 0.26581000
0.70747000 0.58266000 0.01548000
0.50537000 0.68205000 0.21056000
0.65077000 0.61462000 0.33276000
0.64308000 0.74974000 0.08800000
0.66286000 0.53911000 0.56032000
0.51769000 0.67192000 0.52571000
0.61995000 0.66553000 0.63245000
0.73974000 0.68658000 0.42235000
0.69729000 0.74597000 0.38897000
0.66876000 0.63690000 0.48425000
0.55047000 0.68025000 0.66152000
0.73770000 0.51953000 0.38959000
0.73469000 0.62129000 0.41647000
0.55242000 0.55586000 0.49351000
0.61091000 0.56709000 0.45409000
0.68004000 0.71493000 0.58864000
0.60325000 0.69678000 0.37702000
0.66205000 0.70491000 0.44814000
0.67937000 0.56667000 0.48087000
0.63694000 0.62297000 0.55384000
0.51181000 0.59758000 0.65639000
0.65803000 0.55041000 0.38648000
0.58346000 0.67938000 0.46934000
0.60798000 0.52344000 0.61346000
0.72842000 0.54019000 0.60824000
0.60214000 0.70746000 0.54773000
0.72626000 0.64774000 0.61330000
0.56293000 0.61299000 0.54840000
0.66717000 0.67510000 0.37109000
0.58796000 0.56094000 0.36852000
0.56179000 0.64349000 0.39723000
0.64743000 0.72270000 0.66468000
0.50328000 0.68360000 0.35596000
0.73645000 0.74637000 0.58931000
0.50884000 0.58856000 0.43017000
0.51287000 0.74506000 0.59659000
0.66958000 0.54848000 0.81679000
0.58477000 0.69833000 0.96984000
0.74414000 0.52699000 0.83725000
0.52212000 0.61486000 0.88687000
0.59612000 0.66841000 0.76908000
0.66743000 0.61638000 0.79156000
0.61949000 0.51294000 0.76174000
0.59996000 0.53059000 0.84075000
0.67790000 0.62155000 0.67158000
0.62200000 0.72834000 0.86274000
0.72534000 0.67086000 0.86396000
0.72331000 0.57581000 0.75752000
0.71432000 0.72640000 0.76761000
0.59749000 0.60625000 0.81990000
0.73111000 0.58431000 0.87978000
0.54800000 0.59410000 0.74320000
0.67009000 0.68159000 0.95018000
0.58344000 0.74247000 0.77804000
0.55624000 0.73313000 0.71160000
0.63510000 0.61780000 0.93112000
0.63336000 0.54925000 0.94461000
0.53394000 0.69050000 0.80533000
0.56230000 0.51708000 0.71398000
0.58049000 0.57562000 0.91578000
0.66375000 0.67787000 0.75277000
0.54886000 0.63477000 0.96636000
0.64307000 0.57894000 0.73789000
0.50101000 0.67810000 0.91807000
0.66982000 0.51392000 0.69567000
0.73745000 0.73497000 0.67446000
0.70536000 0.50543000 0.77230000
0.52046000 0.51444000 0.84294000
0.51652000 0.54144000 0.93505000
0.74629000 0.70612000 0.94239000
0.58091000 0.57447000 0.66971000
0.74932000 0.62101000 0.70369000
0.69949000 0.74990000 0.83916000
0.52020000 0.89838000 0.11074000
0.52014000 0.89990000 0.21984000
0.54008000 0.86777000 0.03721000
0.53675000 0.99674000 0.15126000
0.57147000 0.95141000 0.22046000
0.71501000 0.81871000 0.30173000
0.58978000 0.86971000 0.12427000
0.54023000 0.76924000 0.27215000
0.71790000 0.93406000 0.05389000
0.63948000 0.93940000 0.18677000
0.59979000 0.80449000 0.13458000
0.70114000 0.84281000 0.22173000
0.70235000 0.80463000 0.11627000
0.58089000 0.86721000 0.21268000
0.60620000 0.75532000 0.25874000
0.59339000 0.93174000 0.09469000
0.70777000 0.97209000 0.11719000
0.50507000 0.84124000 0.16996000
0.60760000 0.99602000 0.28298000
0.71228000 0.75901000 0.03461000
0.68034000 0.90449000 0.24158000
0.50016000 0.82189000 0.09107000
0.71808000 0.94755000 0.29602000
0.63484000 0.82566000 0.23720000
0.52399000 0.76803000 0.13844000
0.64893000 0.93794000 0.03661000
0.62694000 0.88906000 0.29514000
0.69093000 0.75429000 0.16379000
0.73012000 0.89602000 0.17677000
0.73354000 0.87744000 0.01506000
0.50226000 0.81470000 0.01429000
0.74775000 0.79825000 0.19454000
0.71526000 0.80363000 0.49130000
0.71180000 0.88665000 0.62387000
0.71765000 0.80960000 0.57514000
0.57457000 0.82606000 0.43458000
0.66455000 0.88231000 0.54152000
0.51374000 0.89725000 0.51072000
0.64058000 0.99529000 0.37455000
0.73345000 0.86854000 0.53162000
0.51322000 0.89289000 0.59250000
0.57065000 0.86376000 0.65443000
0.56278000 0.80508000 0.59907000
0.54458000 0.96488000 0.43092000
0.71140000 0.97892000 0.56682000
0.53536000 0.80957000 0.51712000
0.52193000 0.89381000 0.40971000
0.59432000 0.92471000 0.61850000
0.65506000 0.83595000 0.46327000
0.61066000 0.82923000 0.53940000
0.62434000 0.89035000 0.42144000
0.54565000 0.96871000 0.35523000
0.62268000 0.98842000 0.46728000
0.51113000 0.97715000 0.63772000
0.54041000 0.95478000 0.55981000
0.71783000 0.82198000 0.41018000
0.69631000 0.93556000 0.45863000
0.72694000 0.90450000 0.36869000
0.65162000 0.78507000 0.35711000
0.50259000 0.97705000 0.49796000
0.52077000 0.85810000 0.33600000
0.62859000 0.82064000 0.66420000
0.73814000 0.95453000 0.96209000
0.58372000 0.77953000 0.97234000
0.65459000 0.76005000 0.73939000
0.57951000 0.94020000 0.82141000
0.58437000 0.83342000 0.78182000
0.54423000 0.78228000 0.89479000
0.69091000 0.89893000 0.92003000
0.64920000 0.93185000 0.81642000
0.65384000 0.87155000 0.83142000
0.57858000 0.91488000 0.92040000
0.67907000 0.78251000 0.95897000
0.69069000 0.83510000 0.88748000
0.66918000 0.85376000 0.97157000
0.73974000 0.80937000 0.99109000
0.70428000 0.82110000 0.68218000
0.52767000 0.87553000 0.72188000
0.64907000 0.89785000 0.72630000
0.71269000 0.79940000 0.76555000
0.62410000 0.80962000 0.91990000
0.59159000 0.86782000 0.85548000
0.72255000 0.89234000 0.71161000
0.73048000 0.77132000 0.91015000
0.69066000 0.97872000 0.77546000
0.55800000 0.93484000 0.72694000
0.71273000 0.97482000 0.70002000
0.67094000 0.95785000 0.88308000
0.55927000 0.85713000 0.94570000
0.59526000 0.79499000 0.83919000
0.62460000 0.96950000 0.72936000
0.50979000 0.96427000 0.90024000
0.55802000 0.99936000 0.68730000
0.50569000 0.85967000 0.80637000
0.51246000 0.78844000 0.80913000
0.51419000 0.99090000 0.82630000
0.56945000 0.93416000 0.99899000
0.52695000 0.79715000 0.67274000
0.92897000 0.23384000 0.16963000
0.98464000 0.16834000 0.29672000
0.92024000 0.00394000 0.09871000
0.94699000 0.08736000 0.31124000
0.96583000 0.19618000 0.05313000
0.76076000 0.20626000 0.06245000
0.91102000 0.03646000 0.25130000
0.88944000 0.20206000 0.30775000
0.96657000 0.17900000 0.20261000
0.86439000 0.01099000 0.16371000
0.84423000 0.05642000 0.07728000
0.89423000 0.13419000 0.24179000
0.96393000 0.11279000 0.09449000
0.85415000 0.07359000 0.23950000
0.87175000 0.16881000 0.03882000
0.78632000 0.15535000 0.25357000
0.96817000 0.11267000 0.18083000
0.80490000 0.22749000 0.12144000
0.90275000 0.09436000 0.04947000
0.75225000 0.04069000 0.16647000
0.99183000 0.04998000 0.06496000
0.85976000 0.23560000 0.05419000
0.86360000 0.09266000 0.13953000
0.90749000 0.18121000 0.11196000
0.85442000 0.19911000 0.18812000
0.75540000 0.02076000 0.31993000
0.78947000 0.00381000 0.10869000
0.75451000 0.13349000 0.00317000
0.75360000 0.02777000 0.00580000
0.95993000 0.00185000 0.21354000
0.90342000 0.02673000 0.51186000
0.97290000 0.16296000 0.48671000
0.92635000 0.24599000 0.35800000
0.89855000 0.16373000 0.50167000
0.86892000 0.06454000 0.42313000
0.93193000 0.13279000 0.63710000
0.78760000 0.16772000 0.35783000
0.87417000 0.08786000 0.52461000
0.85432000 0.09405000 0.61173000
0.81561000 0.16133000 0.61867000
0.76391000 0.23380000 0.56756000
0.86308000 0.19667000 0.57051000
0.95806000 0.14076000 0.38373000
0.85136000 0.12307000 0.33640000
0.78873000 0.08045000 0.51033000
0.92511000 0.03918000 0.59002000
0.85113000 0.01593000 0.35055000
0.85084000 0.22922000 0.49953000
0.92708000 0.22790000 0.49396000
0.95312000 0.08516000 0.50429000
0.79614000 0.18542000 0.43172000
0.77801000 0.15431000 0.49579000
0.93492000 0.18474000 0.56986000
0.79771000 0.07006000 0.43558000
0.93969000 0.03066000 0.43356000
0.88404000 0.14954000 0.40630000
0.78798000 0.07556000 0.36134000
0.93030000 0.19688000 0.42218000
0.82363000 0.03153000 0.60063000
0.83315000 0.24586000 0.41481000
0.98260000 0.08019000 0.59829000
0.98210000 0.02584000 0.35584000
0.78762000 0.10062000 0.63517000
0.80920000 0.00413000 0.52219000
0.84099000 0.15526000 0.96590000
0.83047000 0.17781000 0.69344000
0.93357000 0.11908000 0.94463000
0.94857000 0.09907000 0.83065000
0.91276000 0.03278000 0.69346000
0.88770000 0.22123000 0.69175000
0.83720000 0.04576000 0.84868000
0.83711000 0.12593000 0.88176000
0.92671000 0.23037000 0.92920000
0.80691000 0.22824000 0.80062000
0.75410000 0.16133000 0.72045000
0.84592000 0.08071000 0.70575000
0.94045000 0.12127000 0.74669000
0.81520000 0.23454000 0.95101000
0.78419000 0.00959000 0.73697000
0.93151000 0.18283000 0.83725000
0.75795000 0.13763000 0.86670000
0.92757000 0.05815000 0.90350000
0.93389000 0.01117000 0.97340000
0.87936000 0.14603000 0.80860000
0.75655000 0.02959000 0.86767000
0.98364000 0.07143000 0.97888000
0.97888000 0.16281000 0.97203000
0.78898000 0.07531000 0.81062000
0.87247000 0.04109000 0.76797000
0.83960000 0.05499000 0.94855000
0.90757000 0.23101000 0.78220000
0.89109000 0.13212000 0.69489000
0.98459000 0.14846000 0.87903000
0.99498000 0.01056000 0.67366000
0.96615000 0.00079000 0.74715000
0.93828000 0.35800000 0.27546000
0.77087000 0.28395000 0.20820000
0.76779000 0.33513000 0.14660000
0.83097000 0.35810000 0.23252000
0.99087000 0.27655000 0.11681000
0.75938000 0.36282000 0.06219000
0.81604000 0.28825000 0.03723000
0.89645000 0.31862000 0.16228000
0.90459000 0.45822000 0.24071000
0.85265000 0.27953000 0.12026000
0.84440000 0.42745000 0.27965000
0.95512000 0.33278000 0.07381000
0.90499000 0.41981000 0.06084000
0.86599000 0.26879000 0.25891000
0.95793000 0.27003000 0.02730000
0.84025000 0.31115000 0.30998000
0.81148000 0.45144000 0.00067000
0.91313000 0.27447000 0.09989000
0.87424000 0.38586000 0.14947000
0.76748000 0.42002000 0.13995000
0.92135000 0.44605000 0.13940000
0.84950000 0.44988000 0.09577000
0.97046000 0.47036000 0.20586000
0.81791000 0.37757000 0.10883000
0.82201000 0.46120000 0.20067000
0.98079000 0.38514000 0.12428000
0.98933000 0.42885000 0.02144000
0.77024000 0.32402000 0.26869000
0.98822000 0.46521000 0.10533000
0.75962000 0.38678000 0.32931000
0.95132000 0.40676000 0.32507000
0.96261000 0.26835000 0.23169000
0.99534000 0.33939000 0.32887000
0.99616000 0.35051000 0.21795000
0.79489000 0.25021000 0.28728000
0.91238000 0.34012000 0.63743000
0.97650000 0.33144000 0.43419000
0.77090000 0.41116000 0.49393000
0.88819000 0.46604000 0.38041000
0.78100000 0.45446000 0.56991000
0.99866000 0.26597000 0.60539000
0.77456000 0.35090000 0.39397000
0.92851000 0.48101000 0.45118000
0.85017000 0.47850000 0.65813000
0.82641000 0.42196000 0.40572000
0.85731000 0.37781000 0.35361000
0.80553000 0.29823000 0.55098000
0.91070000 0.31500000 0.34630000
0.86675000 0.31212000 0.44023000
0.85687000 0.46140000 0.46540000
0.89707000 0.40188000 0.48539000
0.93635000 0.42250000 0.63180000
0.91964000 0.38123000 0.39011000
0.84923000 0.35220000 0.49597000
0.95895000 0.48691000 0.37659000
0.81239000 0.30946000 0.64376000
0.85846000 0.43298000 0.53960000
0.94009000 0.47872000 0.53795000
0.77363000 0.45324000 0.37197000
0.89784000 0.29256000 0.51550000
0.86441000 0.40126000 0.62612000
0.96575000 0.41699000 0.53753000
0.86377000 0.32335000 0.57932000
0.84966000 0.25451000 0.62341000
0.76719000 0.30433000 0.47269000
0.94322000 0.27084000 0.43632000
0.97310000 0.37025000 0.66247000
0.93487000 0.37158000 0.73433000
0.92551000 0.29540000 0.85932000
0.96507000 0.34830000 0.89532000
0.82533000 0.35557000 0.81457000
0.93931000 0.49267000 0.71019000
0.80339000 0.29013000 0.89388000
0.90140000 0.37623000 0.90422000
0.89057000 0.42988000 0.70548000
0.82335000 0.48087000 0.83009000
0.75781000 0.34645000 0.70189000
0.98931000 0.27597000 0.69466000
0.76003000 0.26954000 0.68714000
0.89629000 0.47918000 0.77342000
0.83911000 0.41944000 0.92645000
0.96431000 0.42377000 0.92817000
0.77152000 0.30110000 0.80396000
0.98313000 0.45372000 0.75139000
0.82631000 0.35912000 0.90587000
0.82127000 0.40862000 0.70696000
0.97069000 0.44272000 0.82715000
0.75346000 0.45252000 0.87346000
0.84886000 0.27635000 0.75911000
0.95820000 0.33464000 0.98297000
0.86738000 0.34151000 0.69601000
0.87979000 0.42358000 0.84479000
0.96943000 0.27696000 0.77063000
0.98649000 0.34146000 0.81166000
0.88136000 0.26658000 0.97734000
0.92576000 0.47039000 0.96544000
0.87072000 0.33923000 0.97222000
0.92043000 0.40528000 0.98428000
0.92151000 0.28850000 0.69511000
0.76666000 0.44952000 0.66898000
0.86562000 0.25142000 0.88840000
0.77211000 0.48370000 0.76463000
0.87302000 0.47754000 0.90116000
0.98544000 0.25915000 0.88077000
0.75625000 0.31342000 0.99032000
0.76741000 0.49224000 0.95396000
0.75165000 0.41922000 0.98517000
0.75017000 0.41894000 0.80372000
0.93182000 0.68171000 0.19688000
0.88840000 0.56597000 0.28853000
0.87955000 0.60274000 0.11960000
0.96584000 0.52556000 0.02684000
0.77389000 0.67249000 0.05236000
0.95521000 0.63296000 0.31020000
0.86194000 0.70365000 0.30783000
0.85334000 0.53084000 0.21536000
0.91270000 0.52136000 0.14356000
0.97637000 0.61995000 0.04547000
0.86143000 0.67339000 0.12151000
0.81023000 0.74783000 0.18825000
0.92184000 0.72368000 0.11833000
0.85886000 0.58857000 0.02770000
0.79171000 0.65476000 0.12953000
0.95936000 0.55521000 0.30247000
0.81338000 0.60489000 0.22513000
0.88033000 0.54061000 0.07432000
0.94294000 0.62627000 0.12481000
0.80521000 0.67084000 0.27608000
0.78740000 0.54249000 0.11246000
0.97718000 0.70091000 0.29894000
0.92965000 0.67794000 0.05091000
0.79103000 0.56541000 0.02532000
0.92917000 0.60267000 0.22876000
0.75539000 0.62087000 0.19790000
0.83748000 0.74363000 0.11030000
0.92311000 0.57624000 0.01110000
0.76632000 0.51756000 0.18338000
0.75345000 0.69332000 0.21811000
0.99856000 0.73290000 0.11056000
0.78855000 0.50400000 0.26709000
0.77250000 0.56353000 0.32728000
0.89084000 0.54114000 0.55246000
0.90399000 0.61356000 0.46771000
0.99954000 0.67552000 0.48112000
0.83963000 0.55239000 0.42868000
0.80076000 0.60908000 0.39431000
0.88056000 0.73715000 0.48376000
0.99636000 0.55806000 0.37937000
0.87103000 0.64366000 0.35183000
0.80784000 0.66399000 0.49120000
0.84301000 0.65316000 0.60282000
0.96314000 0.62530000 0.52544000
0.93063000 0.55829000 0.44595000
0.94723000 0.72445000 0.38200000
0.85429000 0.68050000 0.42641000
0.88969000 0.57078000 0.37258000
0.99568000 0.52789000 0.55365000
0.90547000 0.59779000 0.62658000
0.78259000 0.69529000 0.61486000
0.83478000 0.55607000 0.63764000
0.76974000 0.61842000 0.54472000
0.81177000 0.50843000 0.36737000
0.94240000 0.69281000 0.56831000
0.89928000 0.52981000 0.64096000
0.92899000 0.66154000 0.40589000
0.78899000 0.71971000 0.53683000
0.77544000 0.66968000 0.35214000
0.78189000 0.51158000 0.50024000
0.76333000 0.56441000 0.45389000
0.99136000 0.73773000 0.45170000
0.99613000 0.55351000 0.47626000
0.99263000 0.58290000 0.64856000
0.96839000 0.50627000 0.62720000
0.80916000 0.51968000 0.89128000
0.88136000 0.61509000 0.90882000
0.87632000 0.59103000 0.71215000
0.86516000 0.74579000 0.75868000
0.96679000 0.56246000 0.73653000
0.76159000 0.54362000 0.69804000
0.90818000 0.66944000 0.74285000
0.90146000 0.54175000 0.83427000
0.95467000 0.52586000 0.90793000
0.84291000 0.58196000 0.78373000
0.95561000 0.69139000 0.94227000
0.91733000 0.64149000 0.97659000
0.87585000 0.72279000 0.85363000
0.79087000 0.59752000 0.92006000
0.76873000 0.72419000 0.80490000
0.95022000 0.59380000 0.93698000
0.93947000 0.73851000 0.68247000
0.95860000 0.71641000 0.79354000
0.82618000 0.68197000 0.73152000
0.95745000 0.64518000 0.86888000
0.85322000 0.54881000 0.95081000
0.83016000 0.66616000 0.87286000
0.76024000 0.63794000 0.98935000
0.76581000 0.62602000 0.79422000
0.98022000 0.68306000 0.67317000
0.81242000 0.62680000 0.67831000
0.86453000 0.51993000 0.70922000
0.86019000 0.67978000 0.99204000
0.99926000 0.73821000 0.89409000
0.81332000 0.78809000 0.04728000
0.89184000 0.90444000 0.12338000
0.93049000 0.84299000 0.29206000
0.91354000 0.91925000 0.04472000
0.95872000 0.92499000 0.31669000
0.91824000 0.81430000 0.08600000
0.96130000 0.76986000 0.25903000
0.86498000 0.87577000 0.30700000
0.76927000 0.90418000 0.27908000
0.99819000 0.79843000 0.32429000
0.87745000 0.77881000 0.16033000
0.95621000 0.94847000 0.13093000
0.80179000 0.82843000 0.33210000
0.81507000 0.91989000 0.10844000
0.91572000 0.93261000 0.24584000
0.96488000 0.86487000 0.03900000
0.99744000 0.79763000 0.07051000
0.92634000 0.82222000 0.21569000
0.94888000 0.87581000 0.18059000
0.82627000 0.94458000 0.19084000
0.88101000 0.81317000 0.00642000
0.99290000 0.81954000 0.19057000
0.82000000 0.86662000 0.15739000
0.76305000 0.96504000 0.16923000
0.82078000 0.85280000 0.25201000
0.84832000 0.83214000 0.09693000
0.89181000 0.76195000 0.27856000
0.78561000 0.92852000 0.01961000
0.91554000 0.75726000 0.03485000
0.81665000 0.77202000 0.27605000
0.90639000 0.99120000 0.31321000
0.76434000 0.86981000 0.09804000
0.90365000 0.96382000 0.44160000
0.79318000 0.83829000 0.64277000
0.85066000 0.86074000 0.49045000
0.89916000 0.94623000 0.37415000
0.91382000 0.79860000 0.55289000
0.88052000 0.88918000 0.41489000
0.79105000 0.77964000 0.48618000
0.77691000 0.86819000 0.40987000
0.89429000 0.91196000 0.49428000
0.83742000 0.92651000 0.62325000
0.80540000 0.96498000 0.43839000
0.97111000 0.91030000 0.50584000
0.89655000 0.97513000 0.63056000
0.79405000 0.90605000 0.48243000
0.98055000 0.83455000 0.42278000
0.98621000 0.81287000 0.64165000
0.90721000 0.78716000 0.38338000
0.84017000 0.76525000 0.55295000
0.76118000 0.77513000 0.34548000
0.93020000 0.87281000 0.61500000
0.96944000 0.97011000 0.42420000
0.77787000 0.95216000 0.61200000
0.83408000 0.84580000 0.57958000
0.87717000 0.96932000 0.55062000
0.94322000 0.95402000 0.56529000
0.94011000 0.84438000 0.49802000
0.81067000 0.93122000 0.33693000
0.86721000 0.75890000 0.63199000
0.75743000 0.97138000 0.37281000
0.89738000 0.82374000 0.66474000
0.89857000 0.92243000 0.78994000
0.83062000 0.87663000 0.71176000
0.83149000 0.93492000 0.81526000
0.96080000 0.77876000 0.75916000
0.87019000 0.85096000 0.79831000
0.91469000 0.94388000 0.91657000
0.81322000 0.87661000 0.86479000
0.97856000 0.83168000 0.82933000
0.98739000 0.92983000 0.99832000
0.86842000 0.79191000 0.83824000
0.88394000 0.85671000 0.89806000
0.99206000 0.94509000 0.70003000
0.94818000 0.76592000 0.83822000
0.83161000 0.94061000 0.90182000
0.80132000 0.77230000 0.84912000
0.85327000 0.99003000 0.71543000
0.78399000 0.84433000 0.94814000
0.75704000 0.91955000 0.89596000
0.94085000 0.83109000 0.94918000
0.84977000 0.75212000 0.93458000
0.80858000 0.78982000 0.73368000
0.96353000 0.93760000 0.86260000
0.93322000 0.85704000 0.75299000
0.78706000 0.93904000 0.69929000
0.98715000 0.84442000 0.71145000
0.88528000 0.92632000 0.69413000
0.80665000 0.99335000 0.98565000
0.75802000 0.93780000 0.80839000
0.94004000 0.75378000 0.94447000
0.84281000 0.88500000 0.99361000
0.79112000 0.75414000 0.97576000
0.91120000 0.99946000 0.86545000
