1 16
1 21
1 22
1 28
1 1232
1 1246
2 17
2 25
2 31
2 337
3 4
3 10
3 22
3 26
4 6
4 16
4 18
4 22
4 25
5 6
5 13
5 20
5 23
5 40
5 42
5 134
6 9
6 16
6 17
6 23
6 25
6 40
7 15
7 30
7 59
7 331
7 418
7 438
8 12
8 21
8 28
8 71
8 79
8 91
8 99
8 1245
9 23
9 55
9 1223
9 1248
9 1250
10 19
10 26
10 33
10 407
11 12
11 14
11 29
11 171
12 22
12 24
12 29
12 77
12 83
12 99
13 20
13 23
13 42
13 134
13 136
13 138
13 1251
14 26
14 29
14 113
14 130
14 424
14 535
14 538
15 30
15 411
16 23
16 31
17 25
17 38
17 40
17 59
17 337
17 344
18 20
18 120
19 33
19 68
19 75
19 97
19 317
19 407
19 425
19 744
20 23
20 27
20 127
20 134
20 1228
21 22
21 28
21 75
21 99
21 328
22 27
23 1234
23 1250
24 71
24 77
24 103
24 189
24 1245
24 1304
25 30
25 40
26 30
26 411
26 421
26 424
27 1228
27 1245
28 79
28 328
28 330
28 1236
28 1246
28 1619
29 72
29 82
29 83
29 502
30 411
30 418
30 426
31 337
32 62
32 106
32 134
32 421
33 317
33 721
33 744
34 37
34 38
34 48
34 50
34 55
35 39
35 52
35 165
35 433
35 437
35 445
36 41
36 46
36 47
36 48
36 52
36 57
37 48
37 53
37 58
37 355
37 368
38 59
38 63
38 344
38 354
39 49
39 51
39 66
39 95
39 165
39 433
39 441
39 467
40 42
41 46
41 47
41 54
41 56
41 61
41 64
41 1272
42 57
42 1250
43 52
43 62
43 138
43 157
44 54
44 56
44 64
44 95
44 165
44 197
45 46
45 50
45 53
45 56
45 69
45 85
45 361
45 1281
45 1285
46 48
46 50
46 56
46 57
46 61
46 1261
46 1281
47 57
47 61
47 64
47 154
48 49
48 56
49 51
49 52
49 58
49 433
50 55
50 63
50 355
50 1261
50 1285
51 53
51 58
51 66
51 96
51 465
52 62
52 437
53 56
53 78
53 85
54 56
54 64
54 92
54 1272
55 63
55 1278
56 74
57 61
57 1254
58 60
58 353
58 364
58 774
59 60
59 331
60 434
60 447
61 1254
61 1261
61 1267
61 1275
62 106
62 157
62 437
62 559
63 344
63 354
63 355
63 1560
64 151
64 160
64 1361
64 1380
65 70
65 71
65 79
65 91
65 101
65 1290
65 1293
65 1315
66 74
66 76
66 87
66 95
66 465
66 484
67 70
67 71
67 77
67 81
67 83
67 86
67 89
68 73
68 75
68 82
68 88
68 90
68 97
68 495
68 502
69 74
69 78
69 92
69 1272
69 1281
69 1309
69 1310
70 84
70 86
70 101
71 89
71 1293
71 1304
72 93
72 171
72 184
72 472
72 479
72 502
72 538
73 76
73 81
73 90
73 93
73 497
74 78
74 86
74 92
75 82
75 91
75 97
75 99
75 317
76 87
76 94
76 484
76 488
77 83
77 171
77 194
78 85
78 87
78 374
78 386
79 91
79 1236
79 1290
79 1315
79 1619
80 84
80 87
80 374
80 378
80 388
81 83
81 90
81 93
81 94
81 100
82 83
82 90
82 99
82 502
83 99
84 87
84 90
85 96
85 361
85 374
85 386
86 92
86 176
87 96
87 374
87 379
88 90
88 97
88 378
88 402
88 791
89 1297
89 1402
91 99
92 1272
92 1291
92 1310
93 94
93 98
93 100
93 499
94 95
94 98
94 100
94 196
94 484
95 467
95 484
96 364
96 374
96 379
96 797
97 381
97 495
97 744
97 791
98 100
98 184
98 196
98 473
98 499
98 572
100 176
100 184
100 187
100 196
101 1297
101 1310
101 1312
102 104
102 105
102 109
102 128
102 134
102 150
103 108
103 117
103 120
103 127
103 132
103 189
104 118
104 128
104 131
104 1251
104 1330
104 1346
105 109
105 111
105 112
105 116
105 123
105 137
106 134
107 111
107 122
107 124
107 125
107 129
107 234
107 237
108 127
108 189
108 1334
108 1349
109 112
109 120
109 127
109 129
110 119
110 122
110 125
110 173
110 183
110 185
110 205
111 121
111 124
111 128
111 170
111 237
112 113
112 115
112 117
112 120
112 122
112 129
112 130
113 120
113 421
113 513
113 535
114 117
114 132
114 189
114 190
114 198
114 1334
115 122
115 130
115 521
115 532
115 535
115 537
116 121
116 123
116 133
116 507
116 512
116 521
117 122
117 129
117 130
117 132
117 205
118 124
118 128
118 135
118 1330
118 1349
119 125
119 126
119 193
119 234
121 123
121 137
121 145
121 168
121 169
121 218
121 243
122 125
122 129
123 137
123 168
123 507
123 513
124 128
124 135
124 227
124 234
124 237
125 133
125 216
125 222
125 231
125 234
126 135
126 234
126 1349
126 1444
126 1446
127 1228
128 131
128 150
128 170
130 171
130 205
130 535
130 538
131 142
131 159
131 170
131 1345
131 1346
131 1369
132 189
132 190
132 194
132 195
133 209
133 218
133 512
133 623
134 138
135 1345
135 1349
135 1446
135 1447
136 138
136 154
136 1251
136 1271
136 1346
136 1356
136 1378
137 145
137 149
137 150
137 168
138 150
138 154
139 144
139 153
139 162
139 165
139 167
139 546
139 547
140 141
140 144
140 147
140 151
140 156
140 160
140 162
141 142
141 147
141 148
141 156
141 164
141 1376
142 150
142 156
142 159
142 170
142 1369
142 1378
143 152
143 161
143 166
143 252
143 268
144 149
144 151
144 153
144 157
144 162
144 546
145 149
145 155
145 156
145 158
145 169
145 170
146 147
146 152
146 161
146 247
146 249
146 257
146 314
147 148
147 152
147 1368
148 160
148 1376
148 1380
149 156
149 158
149 168
149 566
151 160
151 162
151 165
152 161
152 202
153 162
153 546
153 549
153 554
153 563
154 1378
154 1380
155 156
155 169
155 170
155 247
155 264
156 158
158 168
158 268
158 563
159 164
159 170
159 1324
159 1369
160 172
160 197
161 247
161 252
161 268
162 167
163 181
163 202
163 204
163 249
163 1414
163 1487
164 1368
164 1369
164 1379
165 167
166 252
166 549
166 666
166 671
167 180
167 197
167 601
168 510
168 555
168 566
169 170
169 237
169 242
169 277
171 184
171 194
171 195
171 538
172 177
172 179
172 197
172 1291
172 1409
173 183
173 185
173 192
173 193
173 201
173 284
173 297
173 302
173 311
174 186
174 199
174 201
174 281
174 294
174 301
174 302
174 603
175 179
175 181
175 186
175 188
175 200
175 202
176 177
176 179
176 196
177 179
177 1291
177 1385
177 1402
177 1409
178 180
178 187
178 188
178 191
178 570
178 574
179 180
179 188
179 196
179 197
180 186
180 188
180 196
180 197
180 570
181 202
181 1383
181 1409
182 189
182 190
182 194
182 198
182 1400
183 185
183 190
183 191
183 192
183 205
183 596
184 479
184 572
184 574
184 593
185 302
185 311
185 534
185 581
185 596
185 697
186 188
186 199
186 202
187 188
187 190
187 191
187 192
187 195
188 191
188 192
189 194
189 1334
189 1400
190 192
190 193
190 195
190 198
190 200
191 192
191 603
192 200
192 201
193 200
193 290
193 297
193 1387
194 195
195 205
198 203
198 1384
198 1387
198 1400
199 200
199 201
199 291
199 294
199 296
199 300
199 314
200 201
200 203
200 296
201 281
201 296
201 297
201 300
201 302
202 314
203 290
203 296
203 1387
203 1389
204 291
204 296
204 1502
204 1506
205 537
205 596
206 208
206 220
206 235
206 241
206 287
206 332
206 334
206 607
207 219
207 226
207 236
207 240
207 244
207 1421
207 1440
208 212
208 223
208 235
208 238
208 287
208 299
208 305
208 332
209 214
209 215
209 216
209 217
209 218
209 222
209 231
209 623
209 635
210 214
210 220
210 224
210 232
210 614
210 619
210 635
210 667
211 212
211 230
211 238
211 245
211 1434
211 1442
211 1504
212 216
212 221
212 233
212 235
212 238
213 226
213 227
213 234
213 239
213 244
213 1420
213 1446
213 1447
214 215
214 220
214 225
214 228
214 229
214 235
215 216
215 223
215 231
215 235
215 241
216 221
216 222
216 231
216 233
216 234
216 284
217 218
217 224
217 242
217 243
217 278
217 635
218 222
218 237
218 242
219 225
219 228
219 229
219 230
219 236
219 240
220 322
220 614
220 742
221 222
221 229
221 233
221 234
221 239
222 229
222 234
222 237
223 241
223 287
223 289
223 674
223 705
224 225
224 229
224 232
224 236
224 242
225 228
225 232
225 236
225 315
226 227
226 229
226 237
226 242
226 244
226 277
227 237
227 244
227 277
227 1324
228 230
228 235
228 332
230 239
230 245
230 1421
230 1442
231 311
231 612
232 236
232 256
232 667
233 284
234 237
235 332
236 240
236 271
236 338
238 245
238 283
238 299
238 305
238 1504
239 1420
239 1421
240 338
240 1440
241 607
241 608
241 613
241 705
242 255
242 277
243 248
243 512
243 555
243 644
244 277
244 1420
244 1431
244 1443
245 305
245 332
245 343
245 346
245 1530
246 251
246 260
246 261
246 265
246 266
246 272
246 274
246 276
247 254
247 257
247 264
247 266
248 250
248 259
248 262
248 264
248 268
248 278
248 644
249 257
249 314
249 1368
249 1487
250 251
250 255
250 256
250 262
250 278
251 253
251 255
251 259
251 260
251 264
251 266
252 259
252 268
252 275
252 671
253 258
253 260
253 267
253 271
253 274
253 276
253 1484
254 1379
254 1476
254 1477
255 258
255 264
255 277
256 271
256 370
256 665
256 667
257 266
257 272
257 312
257 1476
258 277
258 1471
258 1477
259 261
259 262
259 264
259 266
259 268
259 269
259 671
260 276
260 349
260 363
260 370
261 263
261 269
261 270
261 275
261 280
261 647
262 269
262 278
262 644
262 648
262 659
262 662
263 269
263 270
263 349
263 647
263 654
263 659
263 665
264 266
264 268
265 272
265 273
265 276
265 282
265 307
265 312
265 1486
267 271
267 338
267 356
267 1484
267 1585
268 671
269 647
269 648
269 659
269 660
269 671
270 280
270 282
270 349
270 359
270 647
271 338
271 370
272 274
272 312
272 1467
272 1476
272 1483
272 1486
273 282
273 307
273 310
273 376
273 1486
273 1494
274 1456
274 1467
274 1476
274 1484
274 1486
275 280
275 294
275 308
275 313
276 352
276 363
276 1486
277 1324
277 1477
278 644
278 662
278 663
278 667
278 668
279 285
279 286
279 299
279 303
279 304
279 306
279 309
280 295
280 298
280 308
281 286
281 300
281 302
281 308
281 686
282 310
282 352
282 380
282 400
283 285
283 293
283 299
283 1490
284 297
284 311
285 286
285 293
285 297
285 299
285 300
285 304
286 288
286 289
286 298
286 300
286 304
286 308
287 292
287 334
287 392
287 705
288 289
288 292
288 295
288 308
289 292
289 299
289 674
290 293
290 296
290 1387
290 1489
290 1502
291 296
291 298
291 300
291 304
291 312
291 314
291 1515
292 303
292 398
292 692
292 705
293 297
293 1489
294 298
294 301
294 314
295 308
295 400
295 647
295 680
295 690
295 786
296 300
297 300
298 300
298 304
298 312
300 304
301 313
301 603
301 666
301 686
302 581
303 309
303 384
303 392
303 393
303 398
304 306
304 307
304 1515
305 309
305 332
305 343
305 377
305 392
305 1504
306 309
306 310
306 1507
306 1515
307 310
307 312
307 1494
307 1515
308 313
308 680
308 686
309 377
309 384
310 376
310 380
311 534
311 674
311 697
313 666
313 680
313 686
315 323
315 324
315 338
315 339
315 341
315 342
315 350
316 320
316 324
316 326
316 335
316 336
316 339
316 1539
317 319
317 328
317 340
317 381
317 744
318 319
318 324
318 326
319 329
319 333
319 340
320 324
320 327
320 337
320 348
321 325
321 330
321 340
321 383
321 390
321 401
321 1517
321 1544
322 333
322 342
323 342
323 345
323 350
323 724
323 764
324 325
324 326
324 339
324 342
325 326
325 329
325 335
325 339
325 340
325 343
326 328
326 340
327 331
327 337
327 342
327 345
327 365
327 733
328 330
328 340
329 332
329 334
329 343
329 387
329 392
330 390
330 1246
330 1544
330 1619
331 337
331 365
331 733
332 343
333 708
333 729
333 739
333 742
334 387
334 392
334 404
334 739
334 802
335 336
335 339
335 346
335 1517
335 1534
335 1544
336 339
336 341
336 1516
336 1543
337 344
338 341
338 350
338 356
340 381
340 390
340 401
341 348
341 356
341 1543
342 345
343 377
343 392
345 728
345 733
345 763
346 1442
346 1517
346 1530
346 1534
347 361
347 371
347 386
347 1618
349 359
349 363
350 356
350 367
350 370
351 354
351 357
351 358
352 360
352 376
352 395
353 357
353 365
353 366
353 434
353 746
354 355
355 361
355 1584
356 363
356 370
357 362
357 365
357 366
357 368
358 369
358 373
358 1555
358 1567
358 1584
360 362
360 371
360 395
361 386
361 1285
362 364
362 368
362 371
362 372
362 776
363 370
364 368
364 372
364 774
365 366
366 746
366 756
366 763
366 766
367 370
367 759
369 373
369 1482
369 1567
371 372
371 379
371 395
372 379
372 776
373 1566
373 1581
374 379
374 382
375 389
375 393
375 398
375 400
375 786
376 380
376 391
376 395
377 384
377 392
377 399
377 1530
377 1611
378 385
378 388
378 390
378 1315
379 397
379 402
380 384
380 393
380 394
380 395
381 390
381 401
382 385
382 386
382 388
382 391
383 399
383 1590
383 1595
383 1598
383 1611
384 392
384 393
384 394
384 396
385 388
385 394
385 399
385 1595
386 1563
387 392
387 396
387 404
387 809
388 1315
388 1594
388 1595
389 397
389 403
389 800
390 401
390 1619
391 394
391 1609
391 1618
392 396
393 398
393 400
394 396
394 399
396 401
397 402
397 403
398 404
398 786
399 1595
399 1598
399 1605
399 1609
399 1611
400 786
400 793
402 403
402 475
402 780
402 781
402 791
403 780
403 791
403 809
404 800
404 802
405 408
405 411
405 413
405 414
405 422
405 426
405 428
406 429
406 452
406 466
406 710
406 715
406 769
406 771
407 424
407 425
407 498
407 502
408 412
408 423
409 427
409 710
409 715
409 723
409 727
410 414
410 415
410 416
410 420
410 424
411 421
411 426
411 428
412 418
412 423
412 426
412 723
413 417
413 428
413 448
413 515
414 420
414 422
414 428
414 430
415 419
415 420
415 833
415 843
415 897
416 424
416 472
416 479
416 498
416 536
416 538
417 428
417 455
417 515
417 561
419 477
419 500
419 745
419 843
420 487
420 541
421 428
421 513
422 431
422 834
422 844
423 425
423 720
423 721
423 745
425 495
425 500
425 744
425 745
426 466
427 812
427 820
427 837
427 842
427 843
427 846
428 430
429 444
429 448
429 466
429 817
429 837
429 846
429 875
430 431
430 511
430 523
431 508
431 515
431 541
431 844
431 946
432 436
432 439
432 442
432 450
432 456
433 437
433 441
433 442
433 456
434 438
434 447
434 450
434 746
435 440
435 444
435 447
435 452
435 453
436 439
436 450
436 469
436 470
437 445
437 455
437 460
437 559
438 447
438 452
438 771
439 450
439 465
439 503
439 774
440 446
440 449
440 854
441 443
441 456
441 457
441 462
441 467
442 447
442 450
442 456
443 445
443 454
443 456
443 462
443 542
443 547
444 448
444 452
444 453
444 463
444 466
444 851
444 875
445 451
445 455
445 456
445 542
445 546
445 559
446 449
446 461
446 463
446 848
446 860
447 450
447 452
447 460
448 463
448 466
449 462
449 468
449 483
449 860
450 469
450 746
450 774
451 455
451 456
451 460
451 461
451 542
452 453
452 466
452 469
452 771
453 469
453 777
453 849
453 854
454 459
454 462
454 542
454 548
454 552
455 460
455 559
455 561
456 462
457 465
457 467
457 484
457 488
457 491
457 503
458 461
458 514
458 515
458 830
458 874
458 973
459 462
459 468
459 485
459 492
459 586
459 595
459 879
460 466
461 463
461 552
461 852
462 491
462 492
463 851
463 854
463 863
464 470
464 483
464 504
464 855
464 882
464 1182
465 488
465 503
465 774
467 473
467 484
467 601
468 483
468 485
468 860
468 879
468 890
469 751
469 756
470 768
470 849
470 1157
470 1182
471 478
471 480
471 483
471 489
471 490
471 493
471 494
471 901
472 479
472 481
472 497
472 498
472 499
472 502
473 482
473 484
473 492
473 499
474 486
474 487
474 493
474 888
474 889
474 899
474 901
474 905
475 488
475 496
475 787
475 791
475 797
476 477
476 495
476 496
476 497
476 498
476 500
477 493
477 500
477 795
477 897
478 488
478 490
478 491
478 494
478 501
478 503
479 538
479 572
479 593
479 594
480 489
480 490
480 493
480 899
480 913
481 486
481 497
481 499
482 492
482 494
482 499
482 572
482 582
482 599
483 489
483 491
483 504
483 890
484 488
484 499
485 492
485 494
485 586
485 600
485 879
485 890
485 915
486 487
486 598
488 503
489 501
489 504
489 767
489 804
489 913
489 1211
490 493
490 496
490 501
491 492
491 494
492 494
492 595
493 899
493 901
494 600
495 496
495 791
495 803
496 497
496 806
497 499
498 502
499 572
500 745
500 795
500 803
500 806
501 503
501 504
501 767
501 787
501 804
503 797
504 767
505 525
505 536
505 541
505 589
505 594
505 598
505 905
506 520
506 524
506 525
506 529
506 589
506 605
507 509
507 510
507 513
507 519
507 521
507 523
508 511
508 522
508 525
508 541
508 923
508 946
509 518
509 521
509 527
509 529
509 530
509 531
509 532
510 512
510 519
510 526
510 545
510 555
511 523
511 525
511 527
511 532
512 530
512 623
513 523
514 515
514 539
514 550
514 946
514 973
516 517
516 526
516 539
516 540
516 550
516 921
517 519
517 522
517 526
517 527
517 539
518 529
518 530
518 533
518 534
518 623
519 544
520 522
520 524
520 527
520 528
520 529
520 531
520 948
521 532
522 527
522 539
522 946
522 947
522 949
524 531
524 571
524 948
525 536
526 528
526 540
526 545
526 620
527 528
527 529
527 531
528 531
528 620
528 941
528 949
529 531
529 532
529 533
529 605
530 531
530 620
530 623
532 537
532 605
533 534
533 577
533 605
533 625
533 697
534 537
534 596
534 697
535 538
536 594
537 596
537 605
538 593
539 550
539 921
539 938
539 946
539 949
540 921
540 925
540 987
540 1043
541 841
541 923
542 552
542 560
543 544
543 550
543 556
543 560
543 955
543 963
544 550
544 560
544 561
545 664
546 547
546 554
546 566
547 558
547 601
548 552
548 567
548 852
548 985
549 558
549 563
549 564
549 602
550 955
550 970
550 973
551 553
551 558
551 565
551 567
551 568
551 573
551 590
551 595
552 560
552 567
552 955
553 573
553 586
553 590
553 604
553 968
553 979
554 556
554 561
554 563
554 566
555 644
556 558
556 560
556 564
556 565
556 569
557 565
557 567
557 958
557 963
557 979
557 982
558 564
558 565
558 568
559 561
559 566
560 567
561 566
562 564
562 639
562 666
562 670
562 700
563 564
564 565
564 670
565 567
565 569
568 573
568 590
568 595
568 597
568 602
569 638
569 661
569 664
569 958
570 591
570 597
570 599
570 602
570 603
571 577
571 584
571 589
571 988
571 1016
571 1018
572 574
572 582
572 583
572 599
573 587
573 590
573 604
573 979
574 579
574 583
574 593
575 576
575 577
575 581
575 585
575 591
575 592
575 684
575 703
576 591
576 592
576 603
576 700
576 703
577 579
577 605
577 694
578 582
578 583
578 585
578 590
578 597
578 599
579 583
579 593
579 596
579 605
580 582
580 585
580 588
580 594
580 598
581 697
581 703
582 583
582 599
582 600
583 585
583 591
583 597
583 599
584 592
584 673
584 679
584 684
584 1018
584 1106
585 588
586 590
586 600
586 879
586 993
586 1022
587 592
587 679
587 700
587 1009
587 1095
588 589
588 1002
588 1018
588 1022
589 1014
589 1016
590 595
590 604
591 597
591 603
592 679
592 684
593 594
595 599
595 601
596 605
597 599
597 602
598 905
598 1014
598 1019
599 601
600 1019
600 1022
603 703
604 1009
606 611
606 619
606 620
606 626
606 627
607 610
607 613
607 621
607 630
607 705
607 802
608 610
608 612
608 613
608 626
608 630
609 611
609 616
609 627
609 631
609 632
609 941
609 1025
609 1043
610 615
610 621
610 626
610 630
610 730
610 742
611 620
611 624
611 625
611 627
612 613
612 623
612 625
613 630
613 674
613 695
614 619
614 629
614 724
615 626
615 628
615 709
615 711
615 741
616 624
616 941
616 948
616 1025
616 1028
616 1041
617 618
617 626
617 629
617 738
618 738
618 752
618 1029
618 1058
618 1064
619 629
619 635
619 663
619 667
619 668
620 632
621 628
621 630
621 702
621 711
621 730
622 628
622 675
622 711
622 735
622 741
622 1031
622 1138
622 1216
623 635
624 628
624 634
624 1028
624 1037
625 630
625 695
626 627
626 629
627 631
627 634
627 1033
628 630
628 634
628 675
629 650
629 732
630 695
631 632
631 633
631 1029
631 1043
631 1052
631 1072
632 633
632 1043
632 1072
633 650
633 658
633 1072
634 1033
634 1037
636 643
636 652
636 655
636 656
636 658
636 1064
637 642
637 649
637 665
637 754
637 759
637 760
637 765
638 655
638 658
638 661
638 664
638 987
638 1085
639 646
639 660
639 661
639 670
640 661
640 689
640 978
640 1086
640 1095
641 653
641 657
641 685
641 778
641 784
642 651
642 653
642 654
642 659
642 760
643 645
643 656
643 750
643 752
643 1064
643 1076
643 1177
644 648
644 668
645 657
645 669
645 753
645 778
645 1070
645 1177
646 652
646 653
646 660
646 700
646 704
647 653
647 654
647 659
647 690
648 659
648 660
648 670
648 671
649 650
649 667
649 732
649 754
649 759
649 764
649 773
650 656
650 663
650 754
651 653
651 656
651 659
651 662
652 655
652 657
652 1061
653 657
653 659
653 660
654 690
654 760
655 661
655 1069
655 1085
655 1086
656 658
656 663
657 669
657 685
657 689
657 778
658 663
658 664
659 660
659 662
659 665
660 666
660 671
661 958
661 978
661 1069
661 1086
662 663
662 665
662 667
663 667
663 668
664 670
666 671
666 700
667 764
669 689
669 698
669 778
669 1061
669 1066
669 1070
669 1100
670 671
672 674
672 676
672 678
672 680
672 686
672 688
672 692
673 677
673 694
673 988
673 1028
673 1091
673 1106
674 678
674 692
675 682
675 687
675 1037
675 1091
676 680
676 681
676 692
676 693
676 699
676 706
676 786
677 679
677 701
677 1091
677 1097
677 1103
677 1106
678 684
678 688
678 692
678 695
678 703
679 691
679 1021
679 1095
679 1097
680 686
680 690
681 683
681 685
681 688
681 693
681 699
681 701
682 687
682 695
682 699
682 701
683 685
683 687
683 696
683 698
683 701
683 1113
684 688
684 694
684 701
685 696
685 704
686 703
687 699
687 701
687 702
687 1113
688 691
688 701
688 703
688 704
689 698
689 1061
689 1066
690 693
690 786
690 793
691 700
691 701
691 704
692 699
692 705
693 696
693 706
693 786
693 788
694 695
696 698
696 707
696 784
698 707
698 778
698 784
698 1100
698 1118
699 701
699 702
700 704
702 706
702 794
702 799
706 786
706 799
706 800
707 1113
707 1118
708 721
708 725
708 739
708 782
708 809
709 717
709 722
709 726
709 729
709 731
709 732
710 713
710 715
710 723
710 740
710 769
710 771
711 730
711 735
712 717
712 719
712 722
712 725
712 730
712 734
712 735
712 782
712 808
713 714
713 722
713 723
713 726
713 727
713 731
713 736
713 740
714 716
714 718
714 726
714 736
714 1181
715 736
715 769
715 777
715 837
716 717
716 718
716 726
716 741
716 1058
716 1146
717 718
717 719
717 722
718 719
718 727
718 736
718 743
718 1146
718 1147
719 734
719 743
719 1138
719 1146
719 1148
720 721
720 722
720 725
720 727
720 737
720 745
721 725
721 744
722 725
722 727
722 729
723 727
724 732
724 764
725 745
725 808
726 732
726 738
726 740
726 755
727 736
727 737
727 743
728 729
728 731
728 733
729 731
729 742
730 739
730 742
730 782
730 802
731 732
732 738
732 754
732 755
732 773
733 763
734 737
734 743
734 805
734 808
734 1124
734 1215
735 794
735 805
735 1138
736 743
737 743
737 745
737 1124
738 752
738 754
738 755
739 742
739 782
739 802
740 755
740 769
740 771
740 775
741 1138
741 1146
741 1150
743 842
743 1124
743 1137
743 1148
745 808
746 751
746 756
746 766
746 774
747 748
747 749
747 751
747 760
747 761
747 765
747 766
748 759
748 760
748 766
749 751
749 756
749 757
749 768
749 772
749 775
750 752
750 754
750 765
750 1177
751 756
751 766
751 768
751 770
752 754
752 755
752 1064
752 1151
753 757
753 761
753 762
753 778
753 1070
753 1165
753 1168
753 1192
753 1198
754 755
754 765
754 773
755 773
755 775
756 766
756 771
756 775
757 762
757 768
757 772
757 1153
757 1157
757 1168
758 770
758 776
758 789
758 793
759 763
759 764
759 773
760 761
760 765
762 768
762 783
762 1182
762 1192
763 773
765 773
765 775
766 776
767 783
767 804
768 783
769 771
769 775
769 777
769 1181
770 774
770 776
770 790
770 797
772 1157
772 1168
772 1169
772 1176
772 1181
773 775
774 776
774 797
777 1164
777 1169
777 1181
778 784
778 1070
778 1198
779 780
779 782
779 800
779 801
779 803
779 809
780 781
780 787
780 791
780 796
780 803
781 787
781 789
781 790
781 797
782 801
782 802
782 809
783 790
783 798
783 804
784 785
784 798
784 1198
785 792
785 796
785 798
785 799
785 807
786 793
786 800
787 790
787 796
787 797
788 789
788 793
788 796
788 798
788 800
789 790
789 793
790 796
790 798
791 803
792 796
792 805
792 1213
792 1217
794 799
794 801
795 806
795 808
795 902
795 1215
799 801
803 806
804 807
804 1211
805 808
805 1184
805 1215
805 1217
807 1192
807 1207
807 1208
807 1211
807 1213
810 825
810 884
810 952
810 1289
811 828
811 837
811 850
811 869
811 875
811 1164
812 820
812 828
812 829
812 834
812 837
812 846
813 814
813 839
814 822
814 835
814 836
815 818
815 819
815 839
815 922
815 933
815 1244
815 1317
815 1338
816 824
816 833
816 841
816 884
816 888
816 905
816 940
817 829
817 844
817 846
817 851
817 875
818 819
818 822
819 829
819 835
819 845
819 881
819 919
819 933
819 942
820 837
820 842
820 1133
820 1136
820 1137
821 838
821 842
821 843
821 916
821 1124
821 1125
821 1199
822 826
822 828
822 836
823 826
823 827
823 831
823 1133
823 1144
824 825
824 833
824 884
825 832
825 836
825 895
825 916
825 1289
826 827
826 831
826 840
826 1229
826 1242
826 1249
827 840
827 869
827 1139
827 1144
827 1160
827 1161
827 1249
828 829
828 840
828 845
828 850
829 830
829 835
829 844
829 845
830 844
830 874
830 942
830 960
831 832
831 836
831 838
831 1239
832 838
832 916
833 834
833 843
833 888
833 897
834 835
834 844
834 846
835 841
835 844
835 942
836 1224
836 1242
837 846
837 875
837 1164
838 916
838 1125
838 1133
838 1140
838 1145
839 952
839 1241
839 1338
839 1344
840 869
840 1249
841 937
841 940
842 843
842 1124
842 1125
842 1137
843 897
843 1124
845 850
845 858
845 881
847 856
847 859
847 867
847 873
847 904
847 909
847 1273
848 860
848 861
848 863
848 873
848 877
849 854
849 855
849 866
849 1157
849 1179
850 851
850 853
850 858
850 863
850 866
850 869
850 875
851 863
851 874
851 875
852 861
852 874
852 972
852 973
853 858
853 863
853 864
853 866
853 869
853 1180
854 855
854 863
854 866
855 860
855 871
855 876
855 882
856 862
856 864
856 867
856 878
856 880
856 1258
856 1260
856 1265
857 858
857 868
857 870
857 881
857 965
857 974
857 1266
857 1284
858 864
858 867
858 869
858 870
859 865
859 868
859 877
859 986
859 1273
859 1287
860 871
860 879
861 863
861 870
861 874
861 877
861 986
862 876
862 878
862 880
862 1170
862 1171
863 866
864 867
864 880
864 1256
864 1262
865 877
865 985
865 1023
866 875
867 868
867 870
867 873
867 877
867 1273
868 870
868 877
868 965
868 986
868 1273
869 1180
870 877
870 986
871 872
871 873
871 882
871 883
871 894
872 876
872 878
872 882
872 883
872 1218
873 877
874 960
874 973
876 1179
876 1218
877 985
877 986
878 903
878 1170
878 1197
878 1260
879 890
879 915
879 985
880 1162
880 1262
880 1265
881 919
881 922
881 974
881 1284
882 1182
882 1211
882 1218
883 886
883 892
883 893
883 894
883 896
883 909
884 887
884 889
884 1000
885 891
885 895
885 899
885 900
886 891
886 892
886 903
886 912
886 1185
886 1189
887 889
887 898
887 900
887 906
887 908
887 1000
887 1005
887 1020
888 889
888 897
888 899
888 905
889 900
889 905
889 906
889 1005
890 893
890 894
890 901
890 915
891 892
891 917
891 1189
891 1219
892 893
892 913
892 1185
892 1219
893 894
893 900
893 901
893 913
894 896
894 900
894 915
895 908
895 914
895 916
895 1289
896 907
896 908
896 909
896 910
896 911
897 899
897 902
898 907
898 908
898 1000
898 1020
898 1397
899 900
899 901
899 902
900 901
900 906
902 1199
902 1219
903 912
903 1197
903 1260
903 1302
903 1307
903 1575
903 1617
904 909
904 911
904 1287
904 1311
904 1392
905 940
905 1014
906 915
906 1005
906 1011
906 1019
907 908
907 910
907 1292
907 1299
907 1311
907 1397
908 910
909 1258
910 912
910 914
910 1292
911 1008
911 1023
911 1392
912 1189
912 1302
912 1307
912 1617
913 1207
913 1211
913 1219
914 917
914 1289
914 1298
914 1303
914 1599
915 993
915 1023
916 917
916 1199
917 1187
917 1189
917 1209
917 1212
917 1599
918 920
918 937
918 938
918 939
918 942
918 944
918 947
919 922
919 933
919 960
919 974
920 931
920 933
920 937
920 939
920 943
920 945
921 925
921 928
921 938
921 949
921 967
921 970
921 976
922 933
922 969
922 974
922 1317
922 1328
923 924
923 937
923 940
923 946
923 947
924 926
924 927
924 932
924 939
924 947
924 948
925 928
925 941
925 944
925 949
925 1046
925 1054
925 1055
926 927
926 940
926 945
926 996
926 1007
927 932
927 939
927 990
928 929
928 944
928 967
928 1046
929 930
929 931
929 934
929 951
929 1336
930 951
930 954
930 1336
930 1342
931 934
931 935
931 936
931 939
931 943
931 1332
932 948
932 988
932 1001
932 1041
933 942
934 1328
934 1336
934 1337
934 1338
935 936
935 950
935 1056
935 1057
935 1322
935 1327
935 1332
936 1051
936 1055
936 1056
936 1057
937 939
937 942
937 947
938 960
938 967
938 970
939 944
939 947
940 1014
941 948
941 949
941 1043
942 946
943 945
943 1322
943 1338
943 1341
944 947
944 948
944 949
945 952
945 994
945 1341
946 947
947 948
947 949
948 949
950 990
950 1003
950 1010
950 1057
950 1412
951 1046
951 1049
951 1056
951 1336
951 1430
952 994
952 1341
953 957
953 960
953 961
953 967
953 969
953 972
953 974
954 956
954 1078
955 963
955 970
955 972
955 973
956 957
956 961
956 969
956 1371
956 1382
957 961
957 965
957 975
957 1381
957 1382
958 959
958 963
958 978
958 982
958 987
958 1069
959 963
959 966
959 971
959 980
959 982
959 983
959 1069
960 972
960 973
961 962
961 966
961 971
961 975
961 977
962 968
962 972
962 975
962 982
962 985
963 966
963 970
963 987
964 971
964 977
964 989
964 1024
964 1360
964 1364
964 1382
965 974
965 986
965 1284
965 1381
966 970
966 976
966 1078
967 969
967 970
968 979
968 982
968 984
968 985
968 993
968 1015
969 974
969 1328
970 972
971 977
971 980
971 982
972 973
974 1284
975 986
976 987
976 1054
976 1078
976 1085
977 980
977 981
977 1080
977 1373
977 1382
978 979
978 983
978 1009
979 982
979 1009
979 1015
980 983
980 1068
980 1074
980 1079
980 1080
981 1074
981 1080
981 1373
981 1460
981 1474
982 983
982 1015
983 1009
983 1079
983 1087
983 1096
984 989
984 993
984 1015
984 1023
987 1085
988 1001
988 1016
988 1028
988 1106
989 992
989 1015
989 1024
990 996
990 1001
990 1003
990 1004
990 1007
990 1010
991 992
991 995
991 997
991 999
991 1004
991 1006
991 1017
992 1006
992 1013
992 1015
992 1017
992 1096
992 1121
993 998
993 1022
993 1023
994 996
994 1000
994 1010
994 1341
994 1411
995 1013
995 1391
995 1396
995 1406
995 1410
996 997
996 999
996 1000
996 1007
996 1014
997 998
997 999
997 1002
997 1004
997 1006
997 1011
998 1002
998 1006
998 1011
998 1022
999 1012
999 1020
999 1411
1000 1005
1000 1020
1001 1004
1001 1016
1001 1102
1002 1006
1002 1011
1002 1014
1002 1019
1002 1022
1003 1010
1003 1391
1003 1514
1004 1006
1004 1007
1004 1016
1004 1017
1005 1011
1005 1014
1005 1019
1006 1018
1006 1021
1007 1014
1007 1016
1008 1011
1008 1012
1008 1020
1008 1023
1008 1392
1009 1015
1009 1021
1009 1095
1009 1096
1010 1322
1010 1411
1011 1020
1012 1020
1012 1392
1012 1396
1012 1406
1013 1074
1013 1121
1013 1364
1013 1393
1013 1410
1016 1018
1017 1121
1018 1106
1019 1022
1020 1397
1021 1095
1021 1096
1021 1101
1021 1117
1024 1360
1024 1364
1024 1392
1024 1396
1025 1032
1025 1041
1025 1052
1025 1055
1026 1027
1026 1029
1026 1030
1026 1040
1026 1050
1026 1059
1026 1088
1026 1089
1027 1034
1027 1036
1027 1040
1027 1050
1027 1053
1028 1037
1028 1041
1028 1091
1028 1114
1029 1033
1029 1052
1029 1058
1029 1059
1029 1089
1030 1039
1030 1049
1030 1071
1030 1084
1030 1088
1030 1089
1030 1450
1031 1032
1031 1035
1031 1037
1031 1047
1031 1107
1031 1216
1032 1034
1032 1035
1032 1037
1032 1045
1032 1050
1033 1058
1033 1150
1034 1035
1034 1036
1034 1044
1034 1045
1034 1048
1034 1050
1034 1053
1034 1426
1035 1048
1035 1105
1035 1116
1035 1119
1036 1051
1036 1053
1036 1426
1036 1450
1037 1091
1037 1114
1038 1039
1038 1046
1038 1049
1038 1051
1038 1052
1038 1054
1038 1055
1039 1052
1039 1054
1039 1089
1040 1053
1040 1088
1040 1135
1041 1042
1041 1045
1042 1045
1042 1057
1042 1105
1042 1114
1043 1052
1043 1054
1043 1072
1044 1045
1044 1048
1044 1051
1044 1057
1044 1426
1044 1433
1044 1501
1045 1051
1046 1049
1046 1054
1046 1055
1047 1050
1047 1127
1047 1150
1048 1092
1048 1105
1048 1110
1048 1119
1048 1426
1049 1051
1049 1430
1050 1053
1050 1135
1050 1150
1051 1055
1051 1056
1052 1054
1052 1072
1053 1143
1053 1437
1054 1055
1056 1425
1058 1059
1058 1150
1059 1088
1059 1089
1059 1128
1059 1135
1060 1061
1060 1062
1060 1066
1060 1070
1060 1081
1060 1100
1060 1108
1060 1159
1060 1183
1061 1062
1061 1066
1061 1070
1061 1076
1061 1086
1062 1065
1062 1076
1062 1077
1062 1159
1063 1067
1063 1077
1063 1178
1063 1454
1063 1458
1063 1582
1063 1587
1064 1076
1065 1076
1065 1084
1065 1085
1066 1087
1066 1100
1066 1108
1067 1077
1067 1081
1067 1454
1067 1472
1068 1078
1068 1080
1069 1079
1069 1085
1069 1086
1070 1100
1070 1159
1070 1165
1070 1183
1071 1077
1071 1084
1071 1469
1071 1475
1073 1074
1073 1075
1073 1087
1073 1109
1075 1079
1075 1087
1076 1177
1077 1083
1077 1084
1077 1178
1079 1086
1079 1087
1080 1460
1080 1474
1080 1475
1081 1082
1081 1108
1081 1123
1081 1183
1081 1472
1082 1123
1082 1455
1082 1472
1082 1480
1082 1488
1082 1491
1083 1084
1083 1152
1083 1154
1083 1178
1084 1088
1084 1089
1087 1096
1087 1109
1087 1117
1088 1089
1088 1090
1088 1149
1088 1154
1090 1149
1090 1419
1090 1458
1090 1561
1090 1587
1091 1103
1091 1106
1091 1114
1092 1099
1092 1110
1092 1119
1092 1500
1092 1509
1092 1513
1093 1099
1093 1109
1093 1122
1093 1491
1094 1104
1094 1115
1094 1122
1094 1186
1094 1201
1094 1204
1095 1096
1095 1097
1095 1117
1096 1117
1096 1121
1097 1101
1097 1103
1097 1112
1097 1113
1097 1117
1098 1111
1098 1121
1098 1410
1098 1513
1098 1514
1099 1115
1099 1122
1099 1493
1099 1500
1100 1108
1100 1118
1100 1183
1101 1103
1101 1106
1101 1111
1101 1112
1101 1117
1101 1121
1102 1105
1102 1110
1102 1111
1102 1120
1103 1106
1103 1111
1103 1112
1103 1113
1103 1114
1103 1116
1104 1112
1104 1113
1104 1118
1105 1110
1105 1114
1105 1116
1107 1113
1107 1204
1107 1216
1108 1109
1108 1123
1108 1183
1109 1112
1109 1117
1110 1120
1110 1501
1110 1513
1111 1112
1111 1116
1112 1117
1115 1116
1115 1119
1115 1186
1115 1193
1115 1204
1116 1119
1117 1121
1118 1198
1119 1193
1120 1501
1120 1513
1120 1514
1122 1123
1122 1201
1122 1205
1122 1488
1123 1183
1123 1205
1123 1488
1124 1215
1125 1140
1125 1141
1125 1148
1125 1199
1126 1132
1126 1140
1126 1142
1126 1143
1126 1545
1127 1134
1127 1138
1127 1146
1127 1216
1128 1131
1128 1135
1128 1147
1128 1149
1128 1172
1129 1131
1129 1139
1129 1149
1129 1158
1129 1172
1129 1174
1129 1577
1130 1132
1130 1134
1130 1143
1130 1193
1130 1206
1130 1210
1130 1550
1131 1136
1131 1139
1131 1147
1131 1160
1131 1172
1131 1173
1132 1140
1132 1143
1132 1541
1132 1542
1132 1546
1133 1136
1133 1137
1133 1144
1134 1184
1134 1206
1135 1142
1135 1143
1135 1150
1136 1137
1136 1160
1136 1164
1136 1173
1137 1148
1138 1146
1138 1216
1139 1144
1139 1160
1140 1141
1140 1145
1141 1187
1141 1199
1141 1206
1141 1212
1142 1143
1142 1146
1142 1147
1142 1148
1143 1546
1144 1535
1145 1239
1145 1522
1145 1535
1145 1541
1146 1147
1146 1148
1146 1150
1149 1154
1149 1158
1149 1577
1151 1152
1151 1168
1151 1176
1151 1177
1152 1159
1152 1165
1152 1167
1152 1168
1152 1177
1152 1178
1153 1157
1153 1166
1153 1167
1153 1169
1153 1171
1153 1176
1153 1179
1154 1158
1154 1172
1154 1178
1155 1163
1155 1200
1155 1205
1155 1578
1156 1163
1156 1167
1156 1170
1156 1171
1156 1175
1156 1574
1156 1576
1157 1169
1157 1179
1158 1174
1158 1175
1158 1178
1158 1577
1159 1165
1159 1167
1159 1178
1159 1183
1160 1164
1160 1173
1160 1174
1160 1180
1161 1162
1161 1249
1161 1257
1161 1537
1161 1554
1162 1180
1162 1257
1162 1554
1162 1576
1163 1167
1163 1170
1163 1188
1163 1196
1163 1197
1163 1200
1164 1173
1165 1167
1165 1168
1166 1170
1166 1179
1166 1182
1166 1188
1166 1218
1167 1171
1167 1175
1168 1176
1168 1177
1169 1173
1169 1176
1169 1181
1170 1188
1170 1197
1171 1179
1171 1180
1172 1173
1172 1174
1172 1176
1173 1176
1173 1181
1174 1175
1175 1178
1179 1180
1182 1211
1182 1218
1183 1196
1184 1190
1184 1217
1185 1189
1185 1207
1185 1211
1185 1218
1186 1193
1186 1201
1186 1202
1186 1204
1186 1210
1186 1214
1187 1189
1187 1190
1187 1195
1187 1199
1187 1212
1187 1219
1188 1196
1188 1200
1188 1203
1189 1191
1189 1209
1189 1219
1190 1195
1190 1213
1190 1215
1191 1195
1191 1203
1191 1209
1192 1198
1192 1203
1193 1210
1193 1500
1193 1550
1194 1206
1194 1209
1194 1210
1194 1212
1194 1214
1194 1542
1194 1588
1194 1603
1195 1202
1195 1206
1196 1200
1196 1201
1196 1203
1197 1200
1197 1574
1197 1575
1197 1617
1199 1215
1200 1201
1200 1205
1201 1202
1201 1205
1202 1204
1202 1208
1202 1217
1203 1207
1203 1208
1205 1488
1206 1210
1207 1208
1207 1211
1207 1213
1207 1219
1208 1213
1208 1217
1209 1599
1209 1603
1209 1613
1209 1617
1210 1214
1210 1550
1211 1218
1212 1542
1212 1599
1213 1219
1214 1588
1214 1593
1214 1613
1220 1237
1220 1242
1220 1249
1220 1264
1220 1282
1221 1227
1221 1230
1221 1236
1221 1238
1221 1247
1221 1295
1221 1549
1222 1223
1222 1234
1222 1246
1222 1536
1223 1248
1223 1539
1224 1227
1224 1231
1224 1233
1224 1242
1225 1227
1225 1229
1225 1231
1225 1527
1225 1536
1225 1549
1226 1234
1226 1250
1226 1282
1227 1230
1227 1231
1227 1238
1227 1243
1227 1247
1227 1549
1228 1329
1229 1237
1229 1239
1229 1242
1229 1527
1229 1535
1229 1537
1230 1238
1230 1295
1231 1233
1231 1234
1231 1243
1232 1234
1232 1235
1232 1243
1232 1245
1233 1240
1233 1241
1233 1242
1233 1244
1234 1250
1235 1236
1235 1238
1235 1243
1235 1245
1236 1247
1236 1619
1237 1249
1237 1257
1237 1274
1237 1537
1237 1548
1238 1243
1239 1242
1239 1527
1239 1549
1240 1241
1240 1323
1240 1329
1241 1344
1241 1348
1244 1276
1244 1282
1244 1317
1245 1304
1246 1247
1247 1549
1248 1274
1248 1278
1248 1548
1249 1257
1249 1537
1250 1271
1251 1271
1251 1329
1251 1330
1251 1346
1252 1263
1252 1269
1252 1362
1252 1413
1253 1259
1253 1274
1253 1278
1253 1553
1253 1560
1253 1570
1253 1580
1253 1583
1254 1261
1254 1271
1254 1275
1254 1277
1254 1356
1255 1256
1255 1262
1255 1263
1255 1264
1255 1270
1255 1275
1255 1279
1256 1262
1256 1263
1256 1264
1256 1265
1256 1266
1256 1273
1256 1279
1257 1262
1257 1264
1257 1274
1257 1554
1258 1260
1258 1273
1258 1280
1259 1261
1259 1270
1259 1281
1259 1283
1259 1285
1259 1309
1259 1580
1260 1265
1260 1280
1260 1302
1260 1575
1261 1275
1261 1281
1262 1264
1262 1265
1262 1274
1262 1583
1263 1268
1263 1269
1263 1270
1263 1273
1263 1275
1263 1279
1264 1266
1264 1274
1264 1277
1264 1282
1265 1280
1265 1580
1265 1583
1266 1277
1266 1279
1266 1282
1266 1284
1267 1268
1267 1272
1267 1275
1267 1361
1267 1362
1268 1275
1268 1350
1268 1356
1268 1362
1268 1365
1269 1270
1269 1272
1269 1283
1270 1283
1271 1276
1271 1277
1271 1356
1271 1370
1272 1281
1272 1310
1273 1287
1274 1278
1274 1553
1274 1583
1275 1277
1276 1277
1276 1282
1276 1284
1276 1286
1276 1326
1276 1370
1277 1279
1277 1282
1277 1286
1278 1560
1279 1286
1280 1283
1280 1302
1280 1575
1281 1285
1281 1309
1283 1306
1283 1309
1284 1286
1285 1563
1286 1363
1286 1365
1286 1370
1287 1381
1287 1392
1288 1293
1288 1296
1288 1312
1288 1313
1289 1298
1290 1293
1290 1300
1290 1312
1290 1314
1290 1315
1292 1294
1292 1296
1292 1298
1292 1299
1292 1303
1292 1308
1293 1297
1293 1304
1293 1312
1294 1296
1294 1300
1294 1303
1294 1305
1294 1306
1294 1307
1294 1308
1294 1312
1295 1303
1295 1599
1295 1604
1295 1615
1296 1298
1296 1299
1296 1301
1296 1303
1296 1308
1296 1312
1297 1301
1297 1312
1298 1303
1299 1301
1299 1308
1299 1311
1299 1397
1299 1401
1300 1305
1300 1306
1300 1312
1300 1314
1300 1594
1300 1608
1301 1306
1301 1308
1301 1312
1302 1305
1302 1307
1303 1615
1304 1313
1304 1333
1305 1306
1305 1307
1305 1608
1305 1614
1305 1616
1306 1308
1306 1309
1306 1312
1307 1615
1307 1617
1308 1311
1309 1310
1309 1616
1311 1392
1311 1404
1311 1413
1313 1333
1313 1348
1314 1315
1314 1590
1314 1604
1314 1608
1314 1619
1315 1595
1315 1619
1316 1318
1316 1319
1316 1326
1316 1328
1316 1337
1316 1342
1316 1366
1317 1326
1317 1328
1317 1337
1317 1338
1318 1319
1318 1326
1318 1330
1318 1345
1318 1357
1318 1372
1319 1321
1319 1336
1319 1337
1319 1345
1319 1372
1319 1451
1320 1334
1320 1335
1320 1347
1320 1349
1321 1325
1321 1327
1321 1332
1321 1336
1321 1418
1321 1451
1322 1332
1322 1340
1322 1341
1322 1343
1323 1326
1323 1329
1323 1330
1323 1331
1324 1345
1324 1447
1325 1327
1325 1340
1325 1347
1325 1435
1326 1330
1326 1366
1326 1370
1327 1332
1327 1340
1327 1412
1327 1433
1327 1449
1328 1337
1328 1366
1329 1330
1329 1339
1330 1346
1331 1337
1331 1339
1331 1340
1332 1336
1332 1337
1332 1340
1333 1334
1333 1335
1333 1348
1334 1400
1335 1339
1335 1343
1335 1348
1335 1390
1335 1403
1336 1337
1336 1342
1337 1338
1338 1341
1338 1344
1339 1348
1340 1343
1341 1344
1341 1390
1342 1351
1342 1359
1342 1366
1342 1372
1343 1403
1343 1408
1343 1412
1344 1348
1345 1447
1346 1370
1346 1378
1347 1387
1347 1408
1347 1439
1347 1444
1348 1390
1350 1354
1350 1361
1350 1362
1350 1365
1350 1376
1350 1380
1351 1357
1351 1359
1351 1371
1351 1372
1351 1373
1351 1457
1352 1363
1352 1365
1352 1374
1352 1381
1353 1364
1353 1367
1353 1377
1353 1388
1353 1407
1353 1414
1354 1361
1354 1362
1354 1383
1354 1407
1354 1409
1355 1356
1355 1358
1355 1363
1355 1365
1355 1370
1355 1376
1355 1378
1355 1380
1356 1365
1356 1380
1357 1358
1357 1359
1357 1369
1357 1372
1358 1359
1358 1365
1358 1369
1358 1375
1358 1376
1359 1363
1359 1366
1359 1371
1360 1364
1360 1374
1360 1377
1360 1381
1360 1382
1361 1362
1361 1380
1362 1374
1362 1413
1363 1365
1364 1377
1364 1393
1364 1396
1367 1414
1367 1485
1367 1487
1368 1375
1368 1379
1368 1487
1369 1376
1369 1378
1371 1373
1371 1382
1372 1451
1372 1470
1373 1457
1373 1460
1373 1475
1374 1407
1374 1413
1375 1376
1376 1378
1376 1380
1377 1382
1379 1453
1379 1457
1379 1464
1381 1382
1383 1385
1383 1399
1383 1407
1383 1409
1383 1414
1384 1385
1384 1389
1384 1400
1385 1402
1386 1388
1386 1394
1386 1399
1386 1404
1386 1405
1386 1406
1387 1389
1388 1393
1388 1395
1388 1396
1388 1399
1388 1407
1388 1414
1389 1399
1389 1408
1389 1415
1391 1395
1391 1398
1391 1403
1391 1406
1393 1395
1393 1410
1393 1485
1394 1397
1394 1401
1394 1403
1394 1406
1394 1411
1395 1398
1395 1399
1395 1410
1395 1415
1395 1492
1395 1499
1396 1404
1396 1406
1398 1408
1398 1412
1398 1415
1398 1449
1398 1495
1398 1514
1399 1415
1400 1402
1401 1402
1401 1405
1403 1408
1403 1411
1404 1405
1404 1406
1404 1407
1404 1413
1405 1413
1408 1412
1408 1449
1410 1492
1410 1514
1412 1449
1414 1487
1415 1489
1415 1495
1415 1502
1416 1417
1416 1423
1416 1428
1416 1429
1416 1434
1416 1442
1416 1448
1417 1442
1417 1445
1417 1525
1418 1424
1418 1425
1418 1431
1418 1435
1418 1436
1418 1447
1418 1451
1419 1422
1419 1441
1419 1450
1419 1458
1419 1466
1419 1469
1419 1479
1420 1421
1420 1424
1420 1431
1420 1432
1420 1446
1420 1447
1421 1432
1421 1440
1421 1445
1422 1423
1422 1441
1422 1450
1423 1424
1423 1425
1423 1441
1424 1431
1424 1432
1424 1436
1425 1430
1426 1429
1426 1437
1427 1434
1427 1436
1427 1439
1427 1444
1427 1490
1427 1510
1428 1429
1428 1434
1428 1448
1428 1452
1428 1490
1428 1503
1428 1510
1429 1501
1429 1509
1429 1510
1430 1451
1430 1470
1431 1432
1431 1443
1431 1447
1431 1451
1431 1470
1432 1438
1432 1440
1432 1441
1432 1443
1433 1436
1433 1449
1433 1501
1434 1442
1434 1490
1434 1504
1435 1436
1435 1439
1435 1444
1435 1446
1435 1447
1436 1439
1437 1448
1437 1546
1437 1550
1438 1440
1438 1445
1438 1466
1438 1479
1438 1585
1439 1444
1439 1449
1440 1445
1440 1585
1441 1450
1441 1479
1442 1445
1442 1452
1442 1525
1442 1534
1443 1470
1443 1471
1443 1477
1444 1446
1445 1534
1446 1447
1447 1451
1448 1452
1448 1525
1448 1538
1448 1550
1448 1610
1449 1495
1449 1501
1451 1470
1452 1504
1452 1525
1452 1526
1452 1530
1452 1610
1453 1457
1453 1464
1453 1468
1453 1476
1453 1478
1454 1472
1454 1582
1454 1586
1455 1461
1455 1472
1455 1480
1455 1508
1455 1512
1456 1463
1456 1467
1456 1471
1456 1476
1456 1478
1456 1484
1456 1486
1457 1460
1457 1464
1458 1469
1458 1473
1458 1587
1459 1464
1459 1469
1459 1470
1460 1465
1460 1468
1460 1474
1460 1475
1461 1468
1461 1474
1461 1483
1461 1485
1462 1467
1462 1482
1462 1568
1462 1581
1462 1586
1463 1466
1463 1471
1463 1473
1463 1479
1463 1482
1463 1484
1463 1579
1463 1585
1464 1470
1464 1478
1465 1468
1465 1472
1465 1473
1465 1475
1465 1478
1466 1479
1466 1561
1467 1476
1467 1481
1467 1483
1467 1486
1468 1478
1469 1473
1469 1475
1471 1477
1471 1478
1471 1484
1472 1474
1473 1478
1473 1479
1474 1485
1480 1488
1480 1568
1481 1494
1481 1505
1481 1508
1481 1581
1481 1612
1482 1484
1482 1579
1482 1581
1483 1494
1486 1581
1489 1495
1489 1502
1489 1510
1490 1503
1490 1504
1490 1510
1491 1512
1492 1495
1492 1496
1492 1499
1492 1512
1492 1513
1492 1514
1493 1496
1493 1509
1493 1511
1494 1505
1494 1515
1495 1496
1495 1510
1496 1498
1496 1503
1496 1509
1496 1510
1496 1513
1497 1499
1497 1507
1497 1508
1497 1512
1498 1503
1498 1509
1498 1511
1498 1600
1498 1610
1498 1620
1499 1506
1499 1512
1500 1509
1500 1550
1500 1593
1501 1513
1502 1506
1503 1507
1503 1510
1504 1530
1505 1508
1505 1511
1505 1591
1505 1612
1507 1511
1507 1515
1508 1511
1508 1512
1508 1591
1511 1591
1513 1514
1516 1520
1516 1524
1516 1533
1516 1539
1516 1547
1517 1521
1517 1530
1517 1544
1518 1547
1518 1561
1518 1565
1519 1520
1519 1527
1519 1528
1519 1536
1519 1537
1519 1540
1519 1548
1520 1524
1520 1536
1520 1539
1520 1547
1520 1548
1520 1552
1521 1523
1521 1526
1521 1529
1521 1533
1521 1544
1522 1523
1522 1531
1522 1541
1522 1542
1522 1549
1523 1531
1523 1601
1523 1604
1524 1533
1524 1536
1524 1539
1524 1544
1525 1526
1525 1534
1525 1538
1526 1531
1526 1538
1526 1601
1526 1610
1527 1535
1527 1536
1527 1540
1527 1541
1527 1549
1528 1537
1528 1540
1528 1577
1529 1533
1529 1538
1529 1540
1529 1541
1529 1545
1530 1611
1531 1538
1531 1542
1531 1601
1532 1545
1532 1546
1533 1534
1535 1540
1535 1541
1535 1545
1536 1548
1537 1554
1538 1546
1539 1552
1540 1541
1540 1545
1541 1542
1541 1545
1543 1547
1543 1585
1545 1546
1546 1550
1547 1552
1547 1565
1547 1573
1548 1552
1551 1553
1551 1554
1551 1556
1551 1562
1551 1564
1551 1569
1551 1570
1551 1573
1551 1576
1551 1583
1552 1560
1552 1562
1552 1573
1553 1554
1553 1560
1553 1562
1553 1570
1553 1573
1553 1583
1554 1569
1554 1573
1554 1576
1555 1563
1555 1566
1555 1570
1555 1571
1555 1584
1555 1618
1556 1558
1556 1559
1556 1562
1556 1564
1556 1565
1556 1569
1556 1573
1557 1564
1557 1571
1557 1574
1557 1575
1557 1580
1557 1614
1558 1564
1558 1566
1558 1568
1558 1572
1558 1581
1559 1561
1559 1565
1559 1579
1559 1586
1559 1587
1560 1562
1560 1584
1561 1577
1561 1587
1562 1565
1562 1567
1562 1570
1562 1573
1562 1584
1563 1571
1563 1602
1563 1616
1563 1618
1564 1570
1564 1572
1565 1567
1565 1573
1565 1579
1566 1571
1566 1618
1567 1584
1568 1581
1568 1586
1569 1572
1569 1576
1569 1577
1570 1580
1570 1583
1570 1584
1571 1592
1571 1602
1571 1614
1571 1616
1571 1618
1572 1574
1572 1578
1572 1582
1574 1576
1574 1578
1575 1614
1576 1583
1578 1607
1579 1585
1580 1583
1580 1616
1582 1586
1582 1587
1586 1587
1588 1593
1588 1597
1588 1600
1588 1603
1588 1613
1589 1591
1589 1592
1589 1593
1589 1597
1589 1607
1590 1598
1590 1601
1590 1604
1590 1619
1591 1607
1591 1612
1592 1596
1592 1597
1592 1602
1592 1607
1592 1609
1592 1612
1593 1597
1593 1600
1594 1595
1594 1602
1594 1608
1595 1606
1596 1597
1596 1613
1596 1614
1596 1617
1597 1598
1597 1600
1597 1606
1597 1609
1598 1600
1598 1601
1598 1606
1598 1609
1598 1611
1599 1603
1599 1615
1600 1610
1600 1620
1601 1604
1602 1616
1602 1618
1603 1613
1603 1615
1604 1615
1605 1609
1605 1620
1606 1608
1606 1609
1607 1612
1608 1615
1610 1620
1611 1620
1613 1617
1614 1616
