0.02591000 0.07337000 0.11240000
0.15831000 0.02659000 0.22141000
0.17116000 0.10383000 0.11370000
0.12579000 0.12001000 0.18147000
0.08424000 0.16573000 0.29114000
0.09218000 0.10403000 0.25855000
0.23804000 0.03259000 0.30238000
0.05246000 0.12580000 0.00232000
0.02080000 0.08390000 0.30888000
0.23449000 0.06585000 0.11976000
0.17097000 0.20213000 0.04781000
0.11496000 0.16973000 0.02979000
0.04490000 0.21842000 0.29670000
0.22555000 0.21668000 0.09061000
0.24402000 0.12576000 0.31747000
0.05777000 0.07619000 0.19864000
0.12628000 0.05181000 0.31142000
0.13960000 0.19494000 0.18695000
0.22445000 0.04303000 0.02832000
0.04684000 0.20710000 0.20957000
0.08771000 0.06871000 0.06024000
0.10520000 0.12676000 0.10425000
0.01629000 0.14335000 0.23705000
0.05298000 0.22315000 0.01287000
0.15969000 0.10204000 0.26239000
0.23956000 0.15225000 0.16219000
0.05152000 0.16557000 0.12213000
0.02804000 0.03914000 0.03761000
0.20513000 0.15257000 0.01614000
0.24032000 0.08960000 0.23183000
0.07812000 0.01071000 0.20904000
0.19472000 0.21344000 0.27975000
0.20246000 0.00731000 0.11127000
0.10771000 0.07795000 0.44578000
0.23117000 0.21335000 0.51233000
0.11081000 0.16879000 0.49806000
0.13163000 0.03542000 0.51017000
0.12627000 0.02087000 0.39650000
0.20971000 0.17324000 0.61111000
0.13478000 0.11983000 0.34062000
0.05855000 0.18242000 0.57854000
0.05591000 0.16997000 0.36414000
0.13834000 0.21820000 0.40482000
0.12580000 0.22480000 0.65793000
0.05118000 0.06190000 0.59562000
0.04560000 0.12282000 0.54964000
0.06417000 0.22221000 0.49795000
0.12416000 0.10533000 0.51937000
0.18878000 0.12069000 0.53824000
0.02259000 0.05228000 0.48745000
0.19115000 0.08278000 0.61933000
0.18337000 0.16463000 0.44404000
0.12777000 0.05733000 0.62035000
0.05385000 0.20382000 0.64821000
0.03286000 0.07944000 0.39057000
0.09937000 0.14136000 0.61432000
0.04860000 0.16771000 0.44878000
0.21788000 0.04563000 0.53618000
0.18742000 0.03960000 0.37017000
0.23049000 0.07823000 0.43492000
0.00509000 0.18592000 0.52401000
0.21828000 0.22464000 0.37472000
0.03241000 0.00380000 0.41482000
0.07097000 0.24911000 0.57625000
0.00495000 0.08537000 0.88041000
0.18645000 0.11752000 0.68682000
0.08359000 0.17574000 0.88083000
0.23471000 0.06395000 0.92686000
0.02882000 0.09638000 0.67500000
0.06827000 0.13159000 0.81805000
0.02397000 0.16409000 0.93336000
0.23251000 0.20107000 0.94427000
0.23124000 0.10556000 0.84056000
0.11173000 0.13542000 0.69647000
0.15782000 0.04760000 0.98762000
0.21537000 0.11267000 0.76010000
0.11253000 0.21913000 0.95745000
0.08576000 0.07093000 0.70967000
0.01219000 0.07171000 0.96876000
0.08978000 0.02691000 0.81283000
0.16580000 0.17275000 0.85158000
0.18012000 0.10704000 0.94839000
0.13910000 0.15970000 0.94415000
0.12246000 0.09238000 0.81419000
0.10119000 0.01222000 0.66968000
0.08224000 0.19784000 0.77155000
0.16352000 0.04670000 0.74918000
0.18233000 0.00568000 0.86239000
0.02215000 0.22149000 0.87084000
0.17047000 0.08215000 0.86725000
0.08436000 0.06974000 0.93250000
0.05000000 0.16968000 0.71404000
0.22869000 0.18174000 0.83960000
0.18749000 0.19306000 0.77418000
0.19917000 0.20508000 0.69506000
0.18955000 0.01035000 0.69021000
0.22852000 0.00272000 0.95557000
0.24960000 0.24580000 0.79736000
0.11779000 0.10602000 0.98395000
0.17535000 0.24543000 0.84554000
0.00105000 0.09024000 0.79435000
0.10577000 0.32536000 0.26192000
0.10180000 0.28807000 0.07325000
0.03280000 0.31758000 0.26578000
0.16632000 0.36137000 0.23172000
0.18997000 0.28758000 0.30382000
0.12302000 0.44909000 0.17811000
0.01970000 0.31454000 0.08679000
0.12003000 0.33090000 0.17750000
0.16423000 0.44940000 0.01863000
0.12940000 0.43948000 0.25469000
0.17576000 0.33273000 0.12840000
0.22755000 0.27123000 0.17641000
0.06647000 0.37938000 0.00915000
0.22830000 0.36451000 0.12505000
0.23150000 0.42386000 0.23155000
0.13841000 0.36441000 0.06839000
0.01761000 0.37798000 0.20278000
0.10250000 0.47043000 0.04894000
0.14395000 0.26266000 0.16239000
0.19763000 0.45760000 0.29194000
0.17385000 0.42340000 0.12015000
0.24349000 0.38190000 0.29166000
0.05992000 0.45644000 0.21799000
0.15180000 0.49577000 0.10912000
0.02277000 0.45402000 0.09567000
0.04477000 0.27313000 0.15658000
0.07321000 0.39686000 0.26929000
0.10169000 0.38825000 0.13692000
0.20276000 0.30348000 0.05765000
0.01054000 0.38893000 0.32149000
0.10477000 0.32478000 0.00900000
0.22528000 0.49979000 0.18557000
0.11006000 0.25010000 0.27561000
0.00059000 0.44116000 0.18452000
0.00572000 0.25300000 0.38063000
0.17856000 0.38495000 0.33681000
0.07647000 0.26904000 0.36248000
0.23056000 0.29757000 0.58587000
0.12766000 0.36599000 0.52578000
0.06732000 0.38597000 0.48642000
0.07326000 0.39084000 0.39678000
0.18953000 0.45654000 0.60897000
0.18474000 0.33036000 0.49935000
0.15742000 0.44024000 0.39186000
0.08102000 0.49088000 0.60625000
0.06212000 0.42212000 0.56883000
0.03302000 0.36103000 0.57719000
0.19577000 0.36205000 0.42259000
0.11414000 0.34509000 0.35235000
0.12913000 0.29577000 0.54823000
0.12205000 0.42987000 0.62090000
0.24718000 0.37041000 0.54055000
0.05684000 0.28826000 0.45014000
0.10527000 0.48771000 0.43413000
0.12715000 0.42004000 0.45380000
0.16930000 0.26474000 0.44282000
0.21762000 0.43332000 0.44143000
0.02146000 0.44512000 0.38629000
0.08743000 0.33100000 0.61245000
0.14627000 0.47689000 0.55608000
0.19118000 0.34802000 0.59831000
0.00530000 0.44457000 0.66087000
0.00774000 0.44463000 0.46206000
0.17985000 0.25113000 0.57275000
0.24997000 0.47286000 0.60846000
0.20410000 0.30502000 0.66187000
0.24944000 0.41737000 0.35836000
0.12467000 0.49879000 0.34963000
0.08851000 0.44325000 0.33444000
0.19608000 0.25990000 0.97072000
0.05231000 0.28792000 0.70372000
0.16055000 0.49057000 0.92701000
0.18277000 0.49207000 0.78549000
0.08592000 0.39959000 0.78522000
0.10830000 0.26278000 0.79983000
0.03705000 0.29428000 0.78376000
0.23119000 0.35028000 0.80473000
0.10252000 0.33322000 0.76486000
0.17466000 0.35436000 0.72894000
0.01747000 0.39622000 0.72949000
0.05488000 0.33272000 0.90352000
0.18565000 0.42723000 0.94329000
0.24093000 0.27078000 0.89064000
0.23085000 0.47595000 0.95815000
0.14639000 0.41994000 0.73950000
0.16706000 0.33487000 0.86396000
0.15424000 0.38335000 0.81117000
0.04310000 0.30187000 0.98719000
0.10381000 0.38536000 0.92719000
0.21172000 0.40792000 0.85597000
0.14979000 0.42719000 0.88110000
0.07847000 0.46907000 0.94590000
0.10775000 0.28282000 0.94171000
0.14772000 0.32634000 0.94531000
0.17305000 0.27239000 0.77256000
0.11478000 0.31325000 0.68734000
0.00614000 0.38841000 0.92712000
0.10812000 0.49665000 0.77466000
0.07699000 0.44407000 0.85007000
0.13741000 0.48992000 0.85072000
0.07718000 0.41651000 0.68862000
0.00288000 0.43384000 0.85262000
0.00407000 0.49060000 0.75276000
0.20227000 0.37489000 0.99869000
0.21410000 0.72274000 0.07501000
0.03384000 0.64135000 0.27976000
0.14391000 0.68986000 0.01233000
0.20683000 0.57821000 0.16715000
0.24207000 0.67281000 0.24112000
0.02678000 0.68516000 0.06934000
0.09971000 0.64642000 0.06666000
0.01992000 0.54531000 0.20698000
0.17669000 0.65781000 0.16778000
0.19857000 0.62032000 0.10024000
0.14842000 0.56847000 0.09266000
0.21016000 0.57682000 0.28090000
0.17450000 0.53272000 0.23475000
0.08684000 0.68463000 0.21467000
0.24260000 0.72661000 0.16525000
0.09166000 0.59663000 0.13241000
0.13797000 0.56553000 0.17632000
0.20927000 0.64898000 0.00233000
0.15949000 0.64625000 0.28592000
0.15363000 0.72874000 0.23287000
0.06923000 0.57748000 0.26505000
0.04044000 0.51735000 0.27391000
0.12204000 0.72345000 0.15848000
0.12741000 0.63021000 0.20873000
0.04047000 0.68715000 0.15014000
0.21025000 0.56044000 0.06977000
0.19653000 0.69702000 0.30035000
0.06725000 0.56974000 0.04606000
0.08252000 0.51644000 0.14611000
0.15306000 0.67836000 0.09895000
0.10336000 0.68157000 0.30139000
0.10686000 0.50468000 0.24622000
0.07155000 0.68352000 0.00333000
0.02404000 0.59967000 0.15348000
0.05009000 0.72873000 0.26372000
0.24950000 0.65798000 0.06568000
0.13425000 0.57378000 0.32454000
0.23021000 0.50943000 0.33216000
0.00029000 0.58334000 0.28539000
0.06027000 0.74884000 0.07290000
0.09638000 0.64536000 0.56483000
0.08347000 0.50920000 0.51421000
0.19734000 0.55035000 0.42586000
0.01077000 0.51108000 0.63947000
0.18331000 0.62872000 0.40058000
0.12255000 0.63325000 0.46331000
0.18002000 0.52636000 0.60196000
0.05367000 0.69549000 0.45927000
0.01390000 0.55824000 0.47924000
0.09781000 0.59309000 0.40830000
0.19103000 0.70566000 0.39858000
0.04802000 0.56118000 0.59877000
0.03955000 0.62299000 0.39556000
0.18154000 0.57407000 0.51217000
0.13337000 0.70628000 0.49385000
0.18251000 0.64166000 0.58752000
0.23581000 0.61095000 0.45882000
0.23165000 0.69921000 0.55448000
0.12545000 0.55112000 0.46883000
0.07522000 0.68450000 0.62846000
0.10745000 0.57425000 0.54842000
0.02372000 0.72613000 0.38852000
0.19381000 0.50218000 0.50845000
0.23961000 0.60583000 0.55337000
0.17726000 0.71102000 0.61056000
0.09809000 0.70297000 0.38425000
0.01749000 0.62874000 0.59728000
0.02239000 0.72349000 0.66057000
0.01432000 0.65000000 0.51591000
0.17922000 0.58456000 0.65766000
0.06391000 0.72967000 0.55550000
0.04869000 0.54565000 0.36767000
0.24886000 0.60767000 0.36113000
0.09406000 0.68343000 0.85861000
0.15512000 0.65774000 0.69128000
0.19102000 0.55533000 0.81505000
0.11491000 0.74501000 0.68552000
0.04974000 0.63207000 0.95596000
0.12952000 0.55925000 0.98862000
0.08396000 0.61104000 0.87889000
0.14978000 0.61268000 0.83103000
0.19642000 0.72915000 0.99353000
0.18256000 0.67134000 0.80232000
0.18397000 0.64159000 0.90573000
0.01073000 0.50972000 0.88146000
0.04976000 0.56419000 0.75682000
0.21445000 0.70247000 0.89929000
0.03174000 0.56453000 0.93732000
0.14578000 0.53632000 0.71175000
0.22544000 0.69711000 0.72041000
0.04998000 0.50402000 0.81771000
0.10732000 0.53766000 0.91532000
0.11329000 0.59159000 0.75618000
0.11956000 0.66220000 0.94103000
0.10589000 0.56092000 0.83025000
0.23638000 0.51410000 0.71912000
0.20161000 0.51901000 0.87199000
0.13492000 0.74196000 0.87998000
0.06533000 0.64153000 0.79805000
0.08163000 0.74562000 0.98259000
0.00500000 0.69109000 0.83701000
0.04935000 0.66921000 0.71723000
0.20844000 0.62676000 0.74440000
0.05434000 0.73562000 0.87732000
0.05505000 0.73824000 0.75698000
0.22483000 0.53875000 0.99049000
0.06892000 0.59830000 0.67338000
0.24765000 0.57380000 0.67340000
0.09166000 0.50502000 0.68185000
0.12852000 0.80398000 0.27102000
0.06093000 0.89688000 0.21057000
0.17265000 0.96635000 0.04073000
0.17209000 0.91855000 0.16210000
0.18688000 0.90762000 0.06336000
0.11744000 0.90542000 0.27581000
0.04446000 0.88779000 0.02718000
0.20834000 0.79134000 0.16425000
0.19866000 0.79705000 0.31802000
0.13354000 0.86789000 0.19306000
0.09489000 0.84894000 0.10519000
0.09314000 0.92322000 0.13160000
0.18443000 0.89662000 0.30258000
0.09584000 0.99551000 0.09551000
0.15690000 0.83926000 0.05867000
0.01714000 0.96532000 0.06421000
0.21475000 0.97312000 0.32620000
0.12515000 0.75434000 0.07886000
0.24342000 0.85730000 0.11543000
0.21634000 0.78867000 0.01993000
0.02719000 0.84341000 0.15042000
0.02131000 0.82964000 0.23772000
0.14126000 0.97151000 0.28061000
0.08136000 0.76675000 0.31415000
0.08267000 0.81679000 0.18712000
0.11030000 0.92350000 0.03948000
0.05672000 0.82353000 0.32750000
0.18381000 0.83312000 0.23107000
0.09671000 0.80731000 0.02800000
0.08707000 0.99327000 0.32748000
0.24101000 0.86742000 0.31209000
0.00676000 0.78076000 0.10408000
0.04880000 0.92365000 0.64389000
0.07341000 0.89853000 0.34010000
0.18061000 0.75222000 0.52757000
0.14674000 0.80774000 0.37957000
0.11471000 0.89000000 0.47489000
0.09873000 0.78768000 0.62453000
0.21689000 0.97511000 0.47093000
0.09765000 0.96051000 0.44611000
0.05524000 0.98294000 0.50436000
0.07943000 0.79925000 0.41343000
0.18992000 0.90563000 0.48949000
0.04406000 0.88087000 0.52328000
0.20515000 0.78478000 0.61276000
0.11084000 0.85660000 0.60522000
0.04628000 0.99337000 0.58515000
0.17623000 0.89540000 0.59015000
0.10650000 0.78277000 0.49711000
0.19988000 0.97708000 0.60934000
0.17942000 0.92451000 0.38462000
0.24450000 0.92719000 0.42521000
0.19855000 0.81375000 0.43399000
0.14688000 0.95682000 0.56088000
0.00359000 0.80755000 0.48718000
0.13625000 0.75398000 0.41897000
0.13741000 0.89757000 0.66571000
0.20820000 0.90796000 0.66410000
0.00182000 0.82642000 0.57320000
0.12236000 0.98951000 0.74860000
0.20248000 0.79992000 0.78740000
0.02904000 0.80824000 0.69058000
0.04315000 0.79542000 0.93273000
0.09010000 0.98230000 0.87817000
0.18059000 0.95495000 0.73775000
0.08947000 0.80014000 0.76526000
0.15800000 0.94847000 0.95400000
0.06259000 0.93394000 0.76485000
0.00020000 0.89279000 0.93650000
0.09551000 0.78711000 0.85661000
0.06146000 0.91720000 0.84161000
0.03566000 0.99223000 0.68451000
0.18217000 0.84136000 0.96217000
0.03076000 0.98872000 0.81255000
0.22855000 0.85283000 0.81298000
0.06638000 0.95671000 0.98055000
0.01932000 0.87175000 0.74544000
0.13713000 0.79388000 0.96054000
0.14567000 0.75978000 0.79434000
0.07658000 0.85242000 0.83228000
0.11576000 0.84296000 0.70182000
0.14071000 0.84386000 0.88771000
0.16371000 0.90427000 0.79108000
0.20464000 0.75654000 0.85351000
0.00238000 0.84807000 0.85739000
0.19774000 0.76026000 0.72476000
0.09852000 0.89386000 0.94771000
0.22585000 0.96083000 0.79925000
0.22847000 0.90296000 0.87243000
0.24879000 0.79272000 0.91815000
0.36160000 0.13595000 0.20929000
0.40686000 0.03284000 0.32512000
0.26997000 0.08351000 0.05482000
0.33438000 0.08166000 0.14930000
0.42146000 0.02130000 0.20420000
0.37827000 0.14602000 0.07586000
0.28804000 0.14813000 0.23674000
0.32098000 0.02293000 0.19515000
0.39615000 0.19578000 0.27459000
0.37586000 0.18465000 0.14564000
0.46281000 0.12817000 0.04801000
0.31261000 0.19671000 0.02455000
0.33658000 0.22510000 0.30738000
0.25755000 0.00288000 0.20914000
0.42292000 0.05306000 0.04568000
0.43678000 0.18292000 0.06267000
0.26716000 0.21943000 0.20350000
0.44748000 0.17422000 0.17970000
0.34348000 0.00813000 0.10490000
0.28281000 0.15506000 0.08689000
0.31459000 0.02727000 0.02697000
0.33220000 0.07883000 0.26738000
0.49788000 0.04263000 0.16507000
0.34028000 0.19330000 0.22270000
0.44844000 0.10540000 0.28710000
0.36650000 0.24729000 0.16028000
0.46299000 0.24864000 0.17625000
0.35969000 0.09034000 0.57412000
0.26355000 0.14498000 0.53751000
0.28424000 0.01552000 0.44618000
0.40636000 0.10455000 0.46427000
0.40463000 0.03178000 0.55352000
0.26954000 0.17529000 0.42932000
0.28943000 0.03076000 0.36217000
0.33912000 0.02625000 0.61133000
0.45260000 0.11129000 0.52280000
0.30216000 0.18181000 0.59461000
0.31071000 0.09487000 0.51360000
0.33118000 0.23752000 0.55597000
0.45126000 0.10688000 0.39177000
0.29739000 0.23365000 0.47971000
0.47148000 0.17759000 0.52693000
0.31903000 0.08605000 0.43724000
0.42719000 0.16048000 0.34901000
0.43919000 0.14935000 0.59615000
0.32016000 0.02328000 0.52316000
0.37870000 0.20911000 0.44046000
0.37922000 0.05085000 0.40223000
0.45948000 0.03290000 0.43773000
0.40712000 0.24239000 0.56623000
0.32679000 0.21590000 0.39019000
0.34620000 0.17219000 0.52275000
0.29403000 0.12815000 0.66304000
0.48705000 0.23786000 0.33539000
0.42859000 0.24399000 0.64485000
0.33060000 0.15005000 0.39460000
0.46285000 0.21160000 0.44035000
0.36977000 0.19736000 0.61874000
0.49477000 0.15284000 0.43068000
0.48613000 0.05472000 0.62012000
0.25753000 0.06816000 0.63924000
0.36687000 0.11117000 0.34058000
0.26202000 0.21614000 0.65931000
0.48018000 0.16855000 0.65981000
0.37838000 0.00252000 0.48544000
0.47112000 0.00247000 0.56008000
0.44417000 0.11263000 0.77484000
0.30422000 0.17849000 0.92286000
0.30145000 0.21242000 0.73469000
0.47602000 0.16621000 0.90509000
0.26686000 0.01780000 0.77610000
0.34671000 0.07441000 0.92508000
0.44153000 0.07140000 0.94410000
0.36866000 0.11299000 0.75186000
0.29681000 0.24558000 0.94129000
0.46835000 0.04263000 0.82966000
0.35037000 0.16984000 0.85926000
0.34866000 0.24097000 0.78017000
0.46207000 0.10871000 0.69229000
0.26059000 0.15446000 0.73028000
0.46681000 0.21255000 0.71889000
0.41436000 0.19394000 0.87403000
0.41435000 0.17714000 0.95800000
0.29264000 0.09818000 0.73969000
0.45932000 0.02784000 0.74183000
0.39513000 0.08064000 0.82063000
0.38220000 0.15013000 0.69134000
0.37718000 0.22496000 0.69843000
0.45634000 0.10202000 0.86369000
0.40953000 0.18608000 0.75513000
0.29465000 0.02538000 0.92018000
0.32349000 0.03998000 0.84290000
0.30505000 0.11060000 0.85456000
0.32324000 0.12639000 0.97960000
0.29233000 0.19790000 0.81785000
0.38906000 0.02568000 0.95778000
0.38675000 0.02175000 0.73641000
0.25358000 0.12122000 0.97000000
0.32132000 0.05386000 0.68559000
0.42462000 0.05459000 0.67187000
0.44344000 0.28780000 0.00070000
0.40999000 0.38784000 0.04546000
0.31193000 0.38057000 0.23919000
0.44711000 0.29863000 0.12829000
0.34144000 0.43361000 0.16620000
0.33119000 0.44831000 0.31265000
0.37200000 0.32656000 0.14040000
0.28578000 0.48123000 0.24902000
0.26985000 0.30448000 0.23538000
0.47456000 0.29508000 0.30194000
0.41783000 0.26308000 0.26262000
0.48330000 0.41404000 0.32164000
0.42146000 0.37139000 0.26055000
0.30421000 0.47857000 0.10241000
0.36268000 0.38146000 0.30856000
0.44754000 0.41363000 0.12161000
0.28143000 0.39234000 0.16277000
0.46308000 0.37230000 0.19594000
0.33702000 0.30600000 0.21133000
0.44856000 0.45589000 0.04601000
0.40636000 0.32819000 0.06061000
0.41514000 0.46290000 0.28297000
0.39643000 0.39323000 0.17963000
0.43875000 0.47238000 0.20177000
0.36009000 0.42744000 0.08604000
0.33507000 0.49429000 0.17956000
0.40500000 0.46842000 0.12311000
0.31826000 0.37497000 0.09054000
0.33161000 0.47664000 0.01973000
0.25707000 0.47577000 0.05084000
0.26546000 0.29248000 0.10157000
0.37637000 0.25874000 0.03154000
0.25152000 0.38869000 0.04824000
0.26155000 0.25479000 0.00933000
0.49680000 0.35821000 0.27037000
0.49209000 0.47867000 0.33238000
0.47491000 0.25106000 0.08907000
0.36833000 0.28163000 0.49636000
0.44740000 0.39242000 0.44417000
0.39698000 0.34933000 0.37422000
0.38912000 0.45120000 0.38388000
0.26343000 0.31531000 0.49795000
0.30708000 0.29135000 0.59492000
0.48851000 0.28013000 0.53166000
0.28495000 0.40794000 0.59750000
0.47086000 0.36692000 0.37021000
0.40665000 0.34313000 0.61661000
0.43931000 0.28198000 0.47527000
0.47430000 0.34700000 0.66545000
0.30530000 0.36415000 0.45398000
0.29310000 0.47468000 0.37217000
0.38477000 0.40824000 0.48784000
0.49453000 0.39029000 0.54738000
0.34902000 0.35391000 0.56775000
0.27347000 0.25839000 0.39553000
0.40682000 0.34316000 0.46807000
0.33252000 0.29925000 0.37743000
0.35820000 0.48097000 0.61708000
0.27677000 0.42722000 0.49494000
0.34143000 0.42470000 0.54271000
0.41918000 0.40689000 0.56142000
0.25661000 0.34303000 0.40020000
0.45100000 0.34059000 0.54529000
0.36419000 0.37724000 0.66559000
0.43449000 0.47997000 0.51166000
0.26008000 0.39013000 0.74011000
0.46357000 0.43694000 0.94986000
0.31143000 0.27141000 0.84816000
0.42663000 0.40568000 0.68947000
0.26828000 0.33048000 0.87191000
0.35225000 0.46681000 0.87811000
0.33823000 0.47801000 0.76725000
0.38009000 0.44523000 0.95586000
0.39091000 0.35649000 0.79028000
0.30853000 0.38556000 0.92638000
0.42706000 0.31496000 0.88553000
0.27777000 0.49225000 0.89385000
0.38938000 0.29607000 0.82436000
0.33169000 0.36224000 0.84783000
0.45246000 0.48161000 0.86588000
0.40195000 0.38552000 0.86745000
0.47899000 0.29171000 0.70643000
0.43967000 0.47803000 0.72674000
0.47754000 0.36595000 0.86092000
0.47611000 0.36501000 0.96836000
0.42681000 0.34238000 0.72453000
0.31114000 0.41736000 0.80950000
0.40001000 0.46679000 0.79166000
0.29714000 0.30573000 0.97374000
0.37160000 0.26837000 0.93990000
0.38212000 0.28878000 0.68501000
0.25605000 0.41401000 0.97345000
0.33450000 0.38337000 0.74567000
0.46746000 0.26412000 0.90935000
0.31878000 0.31965000 0.75343000
0.44700000 0.25644000 0.78636000
0.29680000 0.29733000 0.67443000
0.31002000 0.41112000 0.67776000
0.25412000 0.45826000 0.78093000
0.49886000 0.39613000 0.74536000
0.33468000 0.40763000 0.99956000
0.36615000 0.59732000 0.20453000
0.29743000 0.70854000 0.03162000
0.31213000 0.64882000 0.12043000
0.47665000 0.56019000 0.20291000
0.33515000 0.71707000 0.10390000
0.39954000 0.57022000 0.14032000
0.30204000 0.57440000 0.09940000
0.30287000 0.61554000 0.01836000
0.29007000 0.71417000 0.21797000
0.40053000 0.72615000 0.12880000
0.49548000 0.51547000 0.12107000
0.42546000 0.71820000 0.25330000
0.49104000 0.72193000 0.33033000
0.31334000 0.63571000 0.26919000
0.38597000 0.52296000 0.22331000
0.36595000 0.71553000 0.01706000
0.47465000 0.73191000 0.03350000
0.28978000 0.54213000 0.17154000
0.46255000 0.58278000 0.07458000
0.36713000 0.55025000 0.05778000
0.38218000 0.66801000 0.18251000
0.45207000 0.63665000 0.19370000
0.42746000 0.66841000 0.05154000
0.35512000 0.69931000 0.25276000
0.35914000 0.63908000 0.04683000
0.48586000 0.62378000 0.26415000
0.43811000 0.57275000 0.28798000
0.42373000 0.63527000 0.31987000
0.48221000 0.65368000 0.12348000
0.25351000 0.59423000 0.22548000
0.44696000 0.63153000 0.45725000
0.31759000 0.74685000 0.44614000
0.45488000 0.53519000 0.43780000
0.38796000 0.55399000 0.56343000
0.48850000 0.56261000 0.64108000
0.38310000 0.73266000 0.64454000
0.36041000 0.72345000 0.52769000
0.45564000 0.71959000 0.47347000
0.27016000 0.55047000 0.41817000
0.47224000 0.73333000 0.56299000
0.37467000 0.60004000 0.63226000
0.26169000 0.67456000 0.62556000
0.29404000 0.57073000 0.49882000
0.32471000 0.74081000 0.36692000
0.37708000 0.68390000 0.35146000
0.35707000 0.66083000 0.49806000
0.43794000 0.64058000 0.56022000
0.34802000 0.65885000 0.60237000
0.29272000 0.74496000 0.58918000
0.47804000 0.57519000 0.50125000
0.40476000 0.67744000 0.42426000
0.43186000 0.68274000 0.62606000
0.38918000 0.58725000 0.40834000
0.28645000 0.66126000 0.53047000
0.31905000 0.59131000 0.57246000
0.47929000 0.52178000 0.54659000
0.29219000 0.65180000 0.43804000
0.33758000 0.63135000 0.37682000
0.36751000 0.50425000 0.44180000
0.25826000 0.71237000 0.46325000
0.30164000 0.52810000 0.65120000
0.26564000 0.67267000 0.33637000
0.31368000 0.56252000 0.33524000
0.49890000 0.68856000 0.64137000
0.33609000 0.50175000 0.53308000
0.25147000 0.53654000 0.56218000
0.27290000 0.61901000 0.83165000
0.47542000 0.53375000 0.94791000
0.25674000 0.59346000 0.93663000
0.46447000 0.66460000 0.98507000
0.29250000 0.69099000 0.81581000
0.48940000 0.57066000 0.86603000
0.31196000 0.58154000 0.88512000
0.48027000 0.51755000 0.79475000
0.27172000 0.64338000 0.74382000
0.35687000 0.66288000 0.80232000
0.41518000 0.62572000 0.94380000
0.44507000 0.65735000 0.79582000
0.39627000 0.53551000 0.86985000
0.38594000 0.67485000 0.71432000
0.25517000 0.57223000 0.77321000
0.43534000 0.67588000 0.89684000
0.35163000 0.58444000 0.81190000
0.48492000 0.63641000 0.68538000
0.28928000 0.72506000 0.69408000
0.41861000 0.56861000 0.76210000
0.29898000 0.66128000 0.90147000
0.34542000 0.74391000 0.77816000
0.40529000 0.52434000 0.95456000
0.36593000 0.57612000 0.97178000
0.43937000 0.72748000 0.76690000
0.29170000 0.50702000 0.97628000
0.48946000 0.70651000 0.71971000
0.36528000 0.66814000 0.88462000
0.36391000 0.52807000 0.69112000
0.42040000 0.60229000 0.83449000
0.37190000 0.74145000 0.92174000
0.30136000 0.52738000 0.82899000
0.37077000 0.60262000 0.70813000
0.25517000 0.69946000 0.96344000
0.31784000 0.74813000 0.85108000
0.49797000 0.74421000 0.80414000
0.28767000 0.88560000 0.03791000
0.38514000 0.79996000 0.18693000
0.39171000 0.97498000 0.28719000
0.40679000 0.76108000 0.04051000
0.41120000 0.86766000 0.04279000
0.40389000 0.90067000 0.23463000
0.48626000 0.87023000 0.25970000
0.45979000 0.99170000 0.28368000
0.48519000 0.81058000 0.20329000
0.42357000 0.83082000 0.13338000
0.49357000 0.87688000 0.17324000
0.49530000 0.87479000 0.09279000
0.36827000 0.94469000 0.10999000
0.28197000 0.96165000 0.10138000
0.37041000 0.87922000 0.13377000
0.35780000 0.95863000 0.22448000
0.26865000 0.76966000 0.26672000
0.35395000 0.92811000 0.03914000
0.42851000 0.83374000 0.26590000
0.42105000 0.94040000 0.17186000
0.26784000 0.88611000 0.22904000
0.30123000 0.84062000 0.16204000
0.34967000 0.80018000 0.05318000
0.33118000 0.84276000 0.24289000
0.36147000 0.78686000 0.29014000
0.26487000 0.93079000 0.30141000
0.47224000 0.91831000 0.04122000
0.44709000 0.81157000 0.00938000
0.47196000 0.93361000 0.22710000
0.44213000 0.97000000 0.10079000
0.43051000 0.77305000 0.30619000
0.27981000 0.81809000 0.05135000
0.39428000 0.90661000 0.32525000
0.48354000 0.75686000 0.11423000
0.29615000 0.77784000 0.11285000
0.49272000 0.93635000 0.13687000
0.25468000 0.98160000 0.02721000
0.38862000 0.99414000 0.03254000
0.28457000 0.96603000 0.50307000
0.36111000 0.85769000 0.52561000
0.27541000 0.82980000 0.51175000
0.41494000 0.89672000 0.49912000
0.43484000 0.78548000 0.45247000
0.34994000 0.93520000 0.54857000
0.47025000 0.76623000 0.38621000
0.49175000 0.81493000 0.60537000
0.39273000 0.77290000 0.38580000
0.42628000 0.83368000 0.35156000
0.33795000 0.93214000 0.44708000
0.49152000 0.88932000 0.54564000
0.30028000 0.85065000 0.64409000
0.27449000 0.80173000 0.41374000
0.33115000 0.78763000 0.53584000
0.39998000 0.81871000 0.59365000
0.48701000 0.90666000 0.62658000
0.28770000 0.86300000 0.37404000
0.25926000 0.76623000 0.34336000
0.36901000 0.81115000 0.45521000
0.29919000 0.89531000 0.50218000
0.42022000 0.98921000 0.66264000
0.41846000 0.92700000 0.57141000
0.43104000 0.95089000 0.37326000
0.32426000 0.93281000 0.63386000
0.36486000 0.97710000 0.36007000
0.48526000 0.88843000 0.44853000
0.35087000 0.82492000 0.36243000
0.27221000 0.99167000 0.59251000
0.39300000 0.87408000 0.40963000
0.26707000 0.90005000 0.59896000
0.49698000 0.98573000 0.38271000
0.47082000 0.75161000 0.64974000
0.32844000 0.88860000 0.91362000
0.30689000 0.92749000 0.83797000
0.27781000 0.91860000 0.75173000
0.34145000 0.84487000 0.97911000
0.41576000 0.91153000 0.67329000
0.42962000 0.77769000 0.71035000
0.44460000 0.83407000 0.79543000
0.26435000 0.76466000 0.77465000
0.33808000 0.96163000 0.77480000
0.34430000 0.83156000 0.77795000
0.31497000 0.85838000 0.72019000
0.35185000 0.91527000 0.70834000
0.26005000 0.96989000 0.87406000
0.46101000 0.88890000 0.87113000
0.27602000 0.80188000 0.70501000
0.44822000 0.77070000 0.92888000
0.46955000 0.98324000 0.93428000
0.38453000 0.90591000 0.81132000
0.27266000 0.98109000 0.69407000
0.41325000 0.85384000 0.70646000
0.40551000 0.79033000 0.85702000
0.29586000 0.81241000 0.86508000
0.38533000 0.84136000 0.91902000
0.29629000 0.78691000 0.98228000
0.32353000 0.96126000 0.92848000
0.44966000 0.95501000 0.73749000
0.47063000 0.88261000 0.95024000
0.39419000 0.99341000 0.88969000
0.49545000 0.90353000 0.75854000
0.41966000 0.93697000 0.98565000
0.25361000 0.88236000 0.95608000
0.70047000 0.18466000 0.02254000
0.59614000 0.05831000 0.32023000
0.57266000 0.09265000 0.18978000
0.65846000 0.21637000 0.12189000
0.64846000 0.14493000 0.15095000
0.73099000 0.22806000 0.21952000
0.57032000 0.19476000 0.03782000
0.50976000 0.14613000 0.28700000
0.71653000 0.16335000 0.24056000
0.64733000 0.20818000 0.25449000
0.56463000 0.02397000 0.20661000
0.59139000 0.03156000 0.06339000
0.66758000 0.11793000 0.21922000
0.66156000 0.02229000 0.23338000
0.60931000 0.12464000 0.03359000
0.68154000 0.11075000 0.03298000
0.72062000 0.05879000 0.24072000
0.68920000 0.00358000 0.31178000
0.61823000 0.11012000 0.27278000
0.58351000 0.16582000 0.25377000
0.55228000 0.23607000 0.28779000
0.69473000 0.04645000 0.14257000
0.70831000 0.03209000 0.04369000
0.54864000 0.12284000 0.06728000
0.52418000 0.14826000 0.15221000
0.57433000 0.19285000 0.18159000
0.72461000 0.11865000 0.12815000
0.52010000 0.04423000 0.26673000
0.65613000 0.00396000 0.09308000
0.73537000 0.23381000 0.13337000
0.70050000 0.08735000 0.32214000
0.55215000 0.23027000 0.10329000
0.54256000 0.00229000 0.12131000
0.50329000 0.05768000 0.09110000
0.50682000 0.20692000 0.22485000
0.63424000 0.16495000 0.33178000
0.50017000 0.10199000 0.23012000
0.68518000 0.15423000 0.62540000
0.56037000 0.17258000 0.53658000
0.52692000 0.01010000 0.50320000
0.59176000 0.11169000 0.37788000
0.53370000 0.14240000 0.36558000
0.54201000 0.24688000 0.45063000
0.63102000 0.06680000 0.45873000
0.50617000 0.08981000 0.48814000
0.54376000 0.07559000 0.57536000
0.71870000 0.07682000 0.57691000
0.71614000 0.20438000 0.41453000
0.66820000 0.12694000 0.42147000
0.68915000 0.22496000 0.59067000
0.53016000 0.15808000 0.61016000
0.58827000 0.20061000 0.46183000
0.68621000 0.00460000 0.54744000
0.56885000 0.13272000 0.45742000
0.72169000 0.08890000 0.46331000
0.62061000 0.23418000 0.62314000
0.55962000 0.06354000 0.43274000
0.68961000 0.13819000 0.51760000
0.71573000 0.20048000 0.51116000
0.65775000 0.04529000 0.36548000
0.65753000 0.18578000 0.45841000
0.58928000 0.12011000 0.64417000
0.62766000 0.05434000 0.64750000
0.62716000 0.13586000 0.56948000
0.55253000 0.21132000 0.36647000
0.50733000 0.08623000 0.34960000
0.61789000 0.02519000 0.57618000
0.62784000 0.20219000 0.54770000
0.70215000 0.00775000 0.63991000
0.50739000 0.22621000 0.64762000
0.73800000 0.03456000 0.50145000
0.69816000 0.21324000 0.33656000
0.54590000 0.05062000 0.66278000
0.63621000 0.10175000 0.72736000
0.62916000 0.19225000 0.98701000
0.60979000 0.10448000 0.90069000
0.66385000 0.03710000 0.75899000
0.63806000 0.19876000 0.88776000
0.53269000 0.15200000 0.96086000
0.56736000 0.19863000 0.91015000
0.52139000 0.16883000 0.72924000
0.63238000 0.05291000 0.85624000
0.58791000 0.04996000 0.78662000
0.55611000 0.10525000 0.76671000
0.59141000 0.15162000 0.72187000
0.67823000 0.09844000 0.94775000
0.67933000 0.14536000 0.77021000
0.51455000 0.07118000 0.98079000
0.71536000 0.21128000 0.89640000
0.53126000 0.09170000 0.87821000
0.59369000 0.14780000 0.82937000
0.50513000 0.13538000 0.82006000
0.55495000 0.02510000 0.92048000
0.73747000 0.00589000 0.71836000
0.74200000 0.20465000 0.68648000
0.50568000 0.22784000 0.97586000
0.58891000 0.21917000 0.82668000
0.74681000 0.18730000 0.82378000
0.69236000 0.15678000 0.86362000
0.71741000 0.13087000 0.69264000
0.72159000 0.10484000 0.81353000
0.67710000 0.22625000 0.72381000
0.73265000 0.03120000 0.79915000
0.52004000 0.01933000 0.78842000
0.73766000 0.06646000 0.91388000
0.56204000 0.21982000 0.71939000
0.64139000 0.03993000 0.98819000
0.68097000 0.00151000 0.90750000
0.61087000 0.35224000 0.19903000
0.64734000 0.26476000 0.31824000
0.66165000 0.33319000 0.14753000
0.54887000 0.42106000 0.32202000
0.71734000 0.27668000 0.27678000
0.51409000 0.32686000 0.10137000
0.55290000 0.39306000 0.07471000
0.57196000 0.46953000 0.26701000
0.60700000 0.34871000 0.02277000
0.62803000 0.42228000 0.05885000
0.63485000 0.43987000 0.27661000
0.70194000 0.43394000 0.24288000
0.74623000 0.44882000 0.31046000
0.69960000 0.41493000 0.15405000
0.56719000 0.46464000 0.05977000
0.66611000 0.27201000 0.22583000
0.73076000 0.36783000 0.22492000
0.73576000 0.45559000 0.09086000
0.68041000 0.49351000 0.14954000
0.59388000 0.30277000 0.13071000
0.57880000 0.34987000 0.30128000
0.62507000 0.39265000 0.13181000
0.57017000 0.28800000 0.02032000
0.51324000 0.49035000 0.21330000
0.59120000 0.27125000 0.21311000
0.72920000 0.35113000 0.10740000
0.58706000 0.42347000 0.18161000
0.67721000 0.32593000 0.06276000
0.50249000 0.30515000 0.20453000
0.54329000 0.36797000 0.15325000
0.51445000 0.44571000 0.12140000
0.51959000 0.41962000 0.21388000
0.71832000 0.45954000 0.00981000
0.73269000 0.49184000 0.25138000
0.72146000 0.25155000 0.02814000
0.63379000 0.32613000 0.40496000
0.69907000 0.45964000 0.38983000
0.50559000 0.33720000 0.42548000
0.72067000 0.37720000 0.42602000
0.69236000 0.34568000 0.48353000
0.50550000 0.45537000 0.52573000
0.58036000 0.45802000 0.51978000
0.58832000 0.28413000 0.35077000
0.64723000 0.39350000 0.47789000
0.58350000 0.34385000 0.53285000
0.51455000 0.41872000 0.45856000
0.70209000 0.40091000 0.59372000
0.73454000 0.28111000 0.45782000
0.59107000 0.43963000 0.44145000
0.62933000 0.38155000 0.35561000
0.55654000 0.33153000 0.62592000
0.70385000 0.34870000 0.34893000
0.55285000 0.38106000 0.40020000
0.63248000 0.43047000 0.54888000
0.57350000 0.31767000 0.44630000
0.51056000 0.29021000 0.37515000
0.70543000 0.28364000 0.37743000
0.64467000 0.31952000 0.54011000
0.59027000 0.49297000 0.37832000
0.69634000 0.44671000 0.52170000
0.50363000 0.47783000 0.61158000
0.50391000 0.39726000 0.62663000
0.64900000 0.49608000 0.55627000
0.74817000 0.49297000 0.56242000
0.56677000 0.40585000 0.58638000
0.58266000 0.49136000 0.62063000
0.61930000 0.32395000 0.66656000
0.56726000 0.26519000 0.58479000
0.65547000 0.25628000 0.50349000
0.50092000 0.48161000 0.42107000
0.52995000 0.48792000 0.99396000
0.67470000 0.38939000 0.68088000
0.65944000 0.42005000 0.96610000
0.67446000 0.40887000 0.80985000
0.63511000 0.44896000 0.74707000
0.55194000 0.29738000 0.70742000
0.70599000 0.31484000 0.99271000
0.74104000 0.42024000 0.78213000
0.63161000 0.33512000 0.94012000
0.62372000 0.34882000 0.85163000
0.58935000 0.34545000 0.78258000
0.69052000 0.34829000 0.88155000
0.64749000 0.26447000 0.92830000
0.60981000 0.47167000 0.96268000
0.54403000 0.33395000 0.84568000
0.73027000 0.44597000 0.90396000
0.60935000 0.42173000 0.89299000
0.59128000 0.25344000 0.89263000
0.57887000 0.41170000 0.82088000
0.57971000 0.38072000 0.94770000
0.68051000 0.27083000 0.78358000
0.52720000 0.45200000 0.69357000
0.73395000 0.39381000 0.99044000
0.60972000 0.28505000 0.81514000
0.73615000 0.32364000 0.79743000
0.72359000 0.47413000 0.72524000
0.54083000 0.30346000 0.92596000
0.58612000 0.40410000 0.68105000
0.53481000 0.43019000 0.94826000
0.65675000 0.47595000 0.83089000
0.50539000 0.44279000 0.88255000
0.50732000 0.25020000 0.83825000
0.69472000 0.27127000 0.86204000
0.54338000 0.48177000 0.78389000
0.50373000 0.30370000 0.78494000
0.61902000 0.25464000 0.70554000
0.72756000 0.34654000 0.66777000
0.54740000 0.57655000 0.16779000
0.63482000 0.69789000 0.26481000
0.66555000 0.66690000 0.18725000
0.51978000 0.54705000 0.02664000
0.54706000 0.68980000 0.28464000
0.67935000 0.63777000 0.32069000
0.55350000 0.69855000 0.03328000
0.58642000 0.63127000 0.10326000
0.52564000 0.69082000 0.19340000
0.67630000 0.65103000 0.09418000
0.63538000 0.65315000 0.02647000
0.72446000 0.63903000 0.16110000
0.52448000 0.61539000 0.04407000
0.63770000 0.57553000 0.24365000
0.61352000 0.60663000 0.32030000
0.70019000 0.72724000 0.22770000
0.56639000 0.52581000 0.10442000
0.63463000 0.54306000 0.04902000
0.50525000 0.54019000 0.30977000
0.72748000 0.57542000 0.06936000
0.64103000 0.58412000 0.11704000
0.65330000 0.51361000 0.27497000
0.60128000 0.73409000 0.07607000
0.71512000 0.63610000 0.02157000
0.70688000 0.55785000 0.28554000
0.61939000 0.71048000 0.15300000
0.69017000 0.56300000 0.17418000
0.55667000 0.60546000 0.26507000
0.70091000 0.71741000 0.13327000
0.58613000 0.53270000 0.30637000
0.60849000 0.52011000 0.20911000
0.74160000 0.51775000 0.16181000
0.69148000 0.50246000 0.05878000
0.52865000 0.74815000 0.23922000
0.59484000 0.74645000 0.28190000
0.60170000 0.68899000 0.61251000
0.53121000 0.64346000 0.58465000
0.59467000 0.67803000 0.52927000
0.71631000 0.73291000 0.48020000
0.50668000 0.68456000 0.41553000
0.57740000 0.62196000 0.46197000
0.56894000 0.64274000 0.65729000
0.70819000 0.65405000 0.52355000
0.65136000 0.54686000 0.48721000
0.55356000 0.51856000 0.51547000
0.53580000 0.73527000 0.60836000
0.68830000 0.61747000 0.41750000
0.51179000 0.60356000 0.33872000
0.66695000 0.58035000 0.65914000
0.68122000 0.50256000 0.64052000
0.63199000 0.58778000 0.59558000
0.53161000 0.68494000 0.48382000
0.66288000 0.68826000 0.48158000
0.65059000 0.50816000 0.41685000
0.58443000 0.54697000 0.58247000
0.70896000 0.53842000 0.52728000
0.68905000 0.69260000 0.60067000
0.74857000 0.66392000 0.65274000
0.60868000 0.73216000 0.43498000
0.63148000 0.67238000 0.40199000
0.54314000 0.54983000 0.44707000
0.51958000 0.57763000 0.57005000
0.59556000 0.57578000 0.66234000
0.67369000 0.71349000 0.33710000
0.59565000 0.67250000 0.33629000
0.74343000 0.73445000 0.34020000
0.51327000 0.59892000 0.95786000
0.74277000 0.66587000 0.94651000
0.73469000 0.64361000 0.77209000
0.63877000 0.72849000 0.79814000
0.50774000 0.52759000 0.72597000
0.58069000 0.50787000 0.70604000
0.52702000 0.59219000 0.80256000
0.70677000 0.55895000 0.82549000
0.73465000 0.69703000 0.86030000
0.57674000 0.72059000 0.67606000
0.57934000 0.54434000 0.83079000
0.66706000 0.53996000 0.93896000
0.56294000 0.60477000 0.88540000
0.58820000 0.68017000 0.80504000
0.63583000 0.58965000 0.98336000
0.53506000 0.52409000 0.89840000
0.54001000 0.70301000 0.92708000
0.64280000 0.68181000 0.68730000
0.65206000 0.61940000 0.74031000
0.71607000 0.60476000 0.94724000
0.63775000 0.57957000 0.86772000
0.59639000 0.61326000 0.80720000
0.52482000 0.67416000 0.84942000
0.56976000 0.57856000 0.98816000
0.65645000 0.70629000 0.89993000
0.62205000 0.64654000 0.92756000
0.57190000 0.56514000 0.74944000
0.54859000 0.72500000 0.74421000
0.68068000 0.70441000 0.98336000
0.73569000 0.54231000 0.94493000
0.64922000 0.51120000 0.76082000
0.71276000 0.73265000 0.78380000
0.69489000 0.72448000 0.68302000
0.51327000 0.97686000 0.05921000
0.61102000 0.95146000 0.07093000
0.68191000 0.86540000 0.15728000
0.57405000 0.79321000 0.05184000
0.62384000 0.80891000 0.25359000
0.68777000 0.86566000 0.32495000
0.69131000 0.79668000 0.01956000
0.60828000 0.89706000 0.27481000
0.72087000 0.84807000 0.06618000
0.63446000 0.96732000 0.18557000
0.62067000 0.83936000 0.00265000
0.62456000 0.77085000 0.18446000
0.57305000 0.95314000 0.25966000
0.56690000 0.95462000 0.17677000
0.50340000 0.81659000 0.05428000
0.68704000 0.91976000 0.27755000
0.66768000 0.91383000 0.07149000
0.64583000 0.93764000 0.00150000
0.61070000 0.84391000 0.14355000
0.66452000 0.80195000 0.12703000
0.69930000 0.96549000 0.22494000
0.72816000 0.95068000 0.10623000
0.54447000 0.81797000 0.12156000
0.58031000 0.85742000 0.21512000
0.57010000 0.90238000 0.10094000
0.70088000 0.79161000 0.31699000
0.55552000 0.75459000 0.15521000
0.53618000 0.79743000 0.42640000
0.57294000 0.78476000 0.51473000
0.58402000 0.90929000 0.51995000
0.62844000 0.78246000 0.38594000
0.71942000 0.81437000 0.64557000
0.69475000 0.88610000 0.55039000
0.51826000 0.94319000 0.50835000
0.68656000 0.81432000 0.39950000
0.61892000 0.76440000 0.56307000
0.63750000 0.95471000 0.33749000
0.74588000 0.97068000 0.35649000
0.73710000 0.98127000 0.43663000
0.66537000 0.86806000 0.62498000
0.56542000 0.99349000 0.34389000
0.56301000 0.82164000 0.59636000
0.58826000 0.93686000 0.61598000
0.62923000 0.85310000 0.55413000
0.52013000 0.83210000 0.52325000
0.54149000 0.92434000 0.42654000
0.67508000 0.94962000 0.62514000
0.65130000 0.92892000 0.50416000
0.60465000 0.86122000 0.34308000
0.57621000 0.91868000 0.35454000
0.67592000 0.89270000 0.40042000
0.67755000 0.83481000 0.48124000
0.57370000 0.86781000 0.43923000
0.51105000 0.76328000 0.49527000
0.65671000 0.76716000 0.46811000
0.58782000 0.98070000 0.52083000
0.64371000 0.99203000 0.42964000
0.50633000 0.90284000 0.35727000
0.52033000 0.99067000 0.63216000
0.62654000 0.75403000 0.64589000
0.54727000 0.85580000 0.95213000
0.61844000 0.98053000 0.73833000
0.66971000 0.77934000 0.87059000
0.63214000 0.95027000 0.91014000
0.63342000 0.89458000 0.68670000
0.65609000 0.98090000 0.80846000
0.56993000 0.91493000 0.91016000
0.66748000 0.91083000 0.81340000
0.52549000 0.87625000 0.67984000
0.68737000 0.75766000 0.94244000
0.73602000 0.88482000 0.92623000
0.63385000 0.88358000 0.88269000
0.61601000 0.82099000 0.70197000
0.73100000 0.92186000 0.67537000
0.51155000 0.80272000 0.70773000
0.60078000 0.98305000 0.99235000
0.70063000 0.85886000 0.71219000
0.66036000 0.80445000 0.77078000
0.60803000 0.82040000 0.85557000
0.59355000 0.87508000 0.75341000
0.58714000 0.75358000 0.88794000
0.72657000 0.79606000 0.71939000
0.66691000 0.86267000 0.94730000
0.56541000 0.94143000 0.78377000
0.54657000 0.85611000 0.82374000
0.72573000 0.93273000 0.85605000
0.71670000 0.81512000 0.94237000
0.53010000 0.96934000 0.71466000
0.71554000 0.94568000 0.97028000
0.52008000 0.92297000 0.83862000
0.73608000 0.82513000 0.85581000
0.52845000 0.95090000 0.98738000
0.53453000 0.75701000 0.99571000
0.52020000 0.82596000 0.88364000
0.58226000 0.99302000 0.67212000
0.57612000 0.99984000 0.84777000
0.80201000 0.10616000 0.30539000
0.88470000 0.02561000 0.03217000
0.96423000 0.04059000 0.21374000
0.99763000 0.02296000 0.28336000
0.81439000 0.11471000 0.13606000
0.85471000 0.02591000 0.18481000
0.90620000 0.14338000 0.30374000
0.86690000 0.07068000 0.11880000
0.99272000 0.22277000 0.14959000
0.79870000 0.00826000 0.23085000
0.81893000 0.04968000 0.02299000
0.87612000 0.10693000 0.19080000
0.96115000 0.11572000 0.13031000
0.82037000 0.16304000 0.21155000
0.94854000 0.12980000 0.23800000
0.93686000 0.11723000 0.02948000
0.95745000 0.03280000 0.02245000
0.82136000 0.02746000 0.31456000
0.87486000 0.09424000 0.02643000
0.76465000 0.02459000 0.13767000
0.88910000 0.22250000 0.19293000
0.82418000 0.20929000 0.15427000
0.78143000 0.08641000 0.21234000
0.90401000 0.14766000 0.10111000
0.80757000 0.20668000 0.27346000
0.99111000 0.16390000 0.04266000
0.99429000 0.01590000 0.14170000
0.92812000 0.00616000 0.09453000
0.93089000 0.04764000 0.32436000
0.75336000 0.04233000 0.32878000
0.97645000 0.15640000 0.33160000
0.96995000 0.24686000 0.27735000
0.85062000 0.20034000 0.64354000
0.91016000 0.02349000 0.48252000
0.96510000 0.18615000 0.44729000
0.86457000 0.11615000 0.49687000
0.79691000 0.11853000 0.49700000
0.79302000 0.02962000 0.39238000
0.78606000 0.12162000 0.63813000
0.92765000 0.05642000 0.58747000
0.75487000 0.03998000 0.64557000
0.96763000 0.11580000 0.51771000
0.80639000 0.04759000 0.47492000
0.85053000 0.17020000 0.55956000
0.83369000 0.11292000 0.40814000
0.79903000 0.03400000 0.54841000
0.77990000 0.17634000 0.41595000
0.96041000 0.20613000 0.58181000
0.90360000 0.23256000 0.54207000
0.90068000 0.14913000 0.64604000
0.88007000 0.10123000 0.58024000
0.93725000 0.21841000 0.36516000
0.99351000 0.16429000 0.64049000
0.75869000 0.17177000 0.57853000
0.86531000 0.04852000 0.40733000
0.90984000 0.17178000 0.50068000
0.85925000 0.23771000 0.34222000
0.87631000 0.18423000 0.40557000
0.93891000 0.07896000 0.41624000
0.81497000 0.19645000 0.48285000
0.82014000 0.04478000 0.65026000
0.98600000 0.10244000 0.59798000
0.82629000 0.16560000 0.34692000
0.87723000 0.08056000 0.65609000
0.77998000 0.24845000 0.37591000
0.98789000 0.02504000 0.58165000
0.84671000 0.24781000 0.43551000
0.75381000 0.24719000 0.61533000
0.89584000 0.15451000 0.92323000
0.75395000 0.12872000 0.99710000
0.93163000 0.06356000 0.91345000
0.99111000 0.23526000 0.72836000
0.80196000 0.12618000 0.83751000
0.96410000 0.14212000 0.91535000
0.85447000 0.07680000 0.81683000
0.83705000 0.02219000 0.95272000
0.85536000 0.15130000 0.85663000
0.97324000 0.17058000 0.83097000
0.77898000 0.13338000 0.92097000
0.82755000 0.20817000 0.84580000
0.91847000 0.03275000 0.82919000
0.89153000 0.17489000 0.78883000
0.78265000 0.05477000 0.73494000
0.81591000 0.08188000 0.89147000
0.96553000 0.22455000 0.97158000
0.85639000 0.01274000 0.75435000
0.88905000 0.09022000 0.74449000
0.79815000 0.00755000 0.79654000
0.82786000 0.14427000 0.76384000
0.96330000 0.06229000 0.68598000
0.98830000 0.13122000 0.72459000
0.79865000 0.22678000 0.74865000
0.91671000 0.11823000 0.82417000
0.89312000 0.19851000 0.99390000
0.93195000 0.00073000 0.91529000
0.99890000 0.00828000 0.89159000
0.84159000 0.37208000 0.28300000
0.79609000 0.27691000 0.24713000
0.90674000 0.38152000 0.31624000
0.86776000 0.43053000 0.23475000
0.95074000 0.38577000 0.02729000
0.83487000 0.47817000 0.17963000
0.78296000 0.37478000 0.07007000
0.89047000 0.30341000 0.22743000
0.98689000 0.48913000 0.31990000
0.90238000 0.44191000 0.12236000
0.86087000 0.30511000 0.29791000
0.82048000 0.46820000 0.08419000
0.76296000 0.33850000 0.28284000
0.94391000 0.26123000 0.18849000
0.94682000 0.33642000 0.25702000
0.85750000 0.34030000 0.17598000
0.78812000 0.42933000 0.14684000
0.92293000 0.25813000 0.01761000
0.98684000 0.32754000 0.01627000
0.87752000 0.32643000 0.01516000
0.78931000 0.44322000 0.23034000
0.80040000 0.36627000 0.21886000
0.75130000 0.29721000 0.16939000
0.91930000 0.32437000 0.11407000
0.84005000 0.39887000 0.10133000
0.75732000 0.30860000 0.06025000
0.80651000 0.41849000 0.32972000
0.84023000 0.39397000 0.01529000
0.79723000 0.26775000 0.12425000
0.95536000 0.43133000 0.28035000
0.98127000 0.30431000 0.32801000
0.93229000 0.45501000 0.02476000
0.86323000 0.25428000 0.07643000
0.99463000 0.39741000 0.11485000
0.93013000 0.31863000 0.57807000
0.82484000 0.45603000 0.40889000
0.81397000 0.29236000 0.53205000
0.85040000 0.40562000 0.64075000
0.94204000 0.30351000 0.65980000
0.93687000 0.31693000 0.44563000
0.95324000 0.25568000 0.46750000
0.90919000 0.41017000 0.40914000
0.91133000 0.37566000 0.48007000
0.84687000 0.38515000 0.42331000
0.75843000 0.36019000 0.59376000
0.98158000 0.26900000 0.59840000
0.89457000 0.25879000 0.63211000
0.83865000 0.31249000 0.44803000
0.76695000 0.41535000 0.65133000
0.87960000 0.30039000 0.51369000
0.81419000 0.35284000 0.34637000
0.86754000 0.47922000 0.61474000
0.99563000 0.46992000 0.54026000
0.97775000 0.39791000 0.40743000
0.90609000 0.28986000 0.36067000
0.78539000 0.40827000 0.44582000
0.87156000 0.46163000 0.34132000
0.77565000 0.48289000 0.47405000
0.83248000 0.30795000 0.63245000
0.93078000 0.42269000 0.54065000
0.97503000 0.35964000 0.50673000
0.81073000 0.39361000 0.55762000
0.99973000 0.33419000 0.41698000
0.95100000 0.49311000 0.45426000
0.99590000 0.29711000 0.53409000
0.75114000 0.30342000 0.55496000
0.75080000 0.37456000 0.51711000
0.94530000 0.37889000 0.72064000
0.93826000 0.36415000 0.89658000
0.97133000 0.34294000 0.81346000
0.86966000 0.36293000 0.80530000
0.99622000 0.45895000 0.94125000
0.85329000 0.41795000 0.74598000
0.92198000 0.43421000 0.88714000
0.82202000 0.28358000 0.99687000
0.79660000 0.42052000 0.85570000
0.75078000 0.27162000 0.70324000
0.80284000 0.47912000 0.71791000
0.83354000 0.30874000 0.88525000
0.84679000 0.48070000 0.81118000
0.77194000 0.36556000 0.73690000
0.76738000 0.25718000 0.88625000
0.82099000 0.48664000 0.91712000
0.91023000 0.44395000 0.79363000
0.99072000 0.31375000 0.92537000
0.89427000 0.26444000 0.85591000
0.97839000 0.27367000 0.86120000
0.83133000 0.37475000 0.94054000
0.82752000 0.31742000 0.75322000
0.88878000 0.27327000 0.77915000
0.79358000 0.35771000 0.81014000
0.88668000 0.34500000 0.68910000
0.87851000 0.44306000 0.97153000
0.99163000 0.33487000 0.69557000
0.76430000 0.49415000 0.79294000
0.75568000 0.34429000 0.93675000
0.80302000 0.46479000 0.99957000
0.85581000 0.25172000 0.69009000
0.91375000 0.45361000 0.66797000
0.88330000 0.49969000 0.87924000
0.87360000 0.67129000 0.09691000
0.89626000 0.71386000 0.15873000
0.87351000 0.53905000 0.17893000
0.78567000 0.67949000 0.33013000
0.96478000 0.58784000 0.20555000
0.97786000 0.66436000 0.21593000
0.80866000 0.70091000 0.22865000
0.83462000 0.63946000 0.18181000
0.89781000 0.60390000 0.18258000
0.79182000 0.56945000 0.18096000
0.75729000 0.64366000 0.08652000
0.95156000 0.58071000 0.02466000
0.89852000 0.67399000 0.02045000
0.83266000 0.64521000 0.01734000
0.79866000 0.53648000 0.27365000
0.91367000 0.56916000 0.25104000
0.91414000 0.64625000 0.25267000
0.80175000 0.54680000 0.06669000
0.94788000 0.65846000 0.07788000
0.92025000 0.51212000 0.12115000
0.88861000 0.57403000 0.10385000
0.75998000 0.71477000 0.06041000
0.90215000 0.71516000 0.30732000
0.91382000 0.52394000 0.04090000
0.98878000 0.69730000 0.28610000
0.82050000 0.62955000 0.26429000
0.95906000 0.71625000 0.11425000
0.94416000 0.59699000 0.32847000
0.98337000 0.52202000 0.07177000
0.93345000 0.73850000 0.21900000
0.98100000 0.51149000 0.15791000
0.94670000 0.50765000 0.23115000
0.84300000 0.74279000 0.03133000
0.84231000 0.52534000 0.00467000
0.75272000 0.64500000 0.27058000
0.88021000 0.50192000 0.25681000
0.92153000 0.74955000 0.01749000
0.91801000 0.54346000 0.50742000
0.77324000 0.69065000 0.53529000
0.81945000 0.64485000 0.64759000
0.94431000 0.64823000 0.49441000
0.85820000 0.50432000 0.48541000
0.77066000 0.67772000 0.42106000
0.82409000 0.55436000 0.38307000
0.80541000 0.54059000 0.53717000
0.86106000 0.59238000 0.62108000
0.87849000 0.71416000 0.53505000
0.90924000 0.69681000 0.42441000
0.88546000 0.54379000 0.42345000
0.80922000 0.59644000 0.50339000
0.84579000 0.71188000 0.35051000
0.94146000 0.65236000 0.57984000
0.87079000 0.59134000 0.53979000
0.77018000 0.60264000 0.38372000
0.87927000 0.53368000 0.33648000
0.95483000 0.64401000 0.39640000
0.76299000 0.63411000 0.57704000
0.83780000 0.64002000 0.44605000
0.77025000 0.56319000 0.60320000
0.75118000 0.56150000 0.47126000
0.97988000 0.58757000 0.53572000
0.98578000 0.58449000 0.40953000
0.88981000 0.60377000 0.45984000
0.85599000 0.64460000 0.35397000
0.81603000 0.73162000 0.64738000
0.92222000 0.71985000 0.65679000
0.94828000 0.74788000 0.48716000
0.93976000 0.60978000 0.64935000
0.98705000 0.69595000 0.44607000
0.81721000 0.52219000 0.66417000
0.99926000 0.68917000 0.57233000
0.94334000 0.50112000 0.60848000
0.76370000 0.72481000 0.71580000
0.94562000 0.56115000 0.91119000
0.97047000 0.64331000 0.98580000
0.76125000 0.58837000 0.71827000
0.81066000 0.56793000 0.82291000
0.81176000 0.68213000 0.83032000
0.97121000 0.65074000 0.70375000
0.85540000 0.55664000 0.89988000
0.84947000 0.62535000 0.90073000
0.89393000 0.61568000 0.76603000
0.88996000 0.70936000 0.90159000
0.86212000 0.54494000 0.76421000
0.76988000 0.73195000 0.92925000
0.78983000 0.57805000 0.98450000
0.94827000 0.52637000 0.83395000
0.92777000 0.65668000 0.92234000
0.99703000 0.70758000 0.99963000
0.94055000 0.71963000 0.74110000
0.95034000 0.54043000 0.74065000
0.94637000 0.63482000 0.83221000
0.87569000 0.68538000 0.72550000
0.82976000 0.68358000 0.93804000
0.89011000 0.60698000 0.96956000
0.88976000 0.70774000 0.80232000
0.82651000 0.60672000 0.73594000
0.75549000 0.60385000 0.88639000
0.75304000 0.52037000 0.87313000
0.99762000 0.61911000 0.77603000
0.96242000 0.88398000 0.24269000
0.98982000 0.85217000 0.05821000
0.86843000 0.82132000 0.31251000
0.85059000 0.92375000 0.26104000
0.92523000 0.93704000 0.27387000
0.91776000 0.89365000 0.09939000
0.80180000 0.94662000 0.03288000
0.87478000 0.92790000 0.04656000
0.96031000 0.93248000 0.19718000
0.90470000 0.77054000 0.08996000
0.89682000 0.82729000 0.02397000
0.82249000 0.95713000 0.17056000
0.78874000 0.88472000 0.29275000
0.85386000 0.84851000 0.14834000
0.98671000 0.78617000 0.02185000
0.82361000 0.86099000 0.01162000
0.77030000 0.79405000 0.20037000
0.90810000 0.85502000 0.19609000
0.94481000 0.80280000 0.15729000
0.75785000 0.93603000 0.18569000
0.90389000 0.98738000 0.22223000
0.79057000 0.96787000 0.30112000
0.83309000 0.80098000 0.08382000
0.99976000 0.95354000 0.26355000
0.81307000 0.88748000 0.21504000
0.78682000 0.90514000 0.10801000
0.76462000 0.88569000 0.00301000
0.98457000 0.80723000 0.32326000
0.98677000 0.90456000 0.11599000
0.76785000 0.85590000 0.16712000
0.75932000 0.79881000 0.10568000
0.93587000 0.86037000 0.32448000
0.89771000 0.99234000 0.30635000
0.84161000 0.99729000 0.11613000
0.75958000 0.77219000 0.00048000
0.84314000 0.91892000 0.47459000
0.96591000 0.94175000 0.35473000
0.88302000 0.96605000 0.43110000
0.79370000 0.93566000 0.40217000
0.96355000 0.91497000 0.57192000
0.85687000 0.85103000 0.46219000
0.83768000 0.92669000 0.61994000
0.88474000 0.83400000 0.55662000
0.84467000 0.78446000 0.44671000
0.96388000 0.98765000 0.41721000
0.82276000 0.78254000 0.36661000
0.93252000 0.90883000 0.44794000
0.95945000 0.96407000 0.63128000
0.86539000 0.90033000 0.54444000
0.90787000 0.83856000 0.39879000
0.93421000 0.85413000 0.61135000
0.98237000 0.86786000 0.44796000
0.86364000 0.76503000 0.57637000
0.78157000 0.87081000 0.45658000
0.90919000 0.94737000 0.51177000
0.90335000 0.90972000 0.65921000
0.78894000 0.85380000 0.55103000
0.88152000 0.90874000 0.39063000
0.75457000 0.90203000 0.58771000
0.79570000 0.97277000 0.65915000
0.75948000 0.93996000 0.49847000
0.76614000 0.83121000 0.37048000
0.78708000 0.84129000 0.63430000
0.92013000 0.77127000 0.42156000
0.87595000 0.99432000 0.57524000
0.93945000 0.75827000 0.57076000
0.75354000 0.78298000 0.54112000
0.84271000 0.98733000 0.48248000
0.99314000 0.93827000 0.50891000
0.95285000 0.75118000 0.35041000
0.81314000 0.75337000 0.51026000
0.77306000 0.75163000 0.43616000
0.80796000 0.84331000 0.88637000
0.83355000 0.80860000 0.76081000
0.94749000 0.93567000 0.96158000
0.87522000 0.75978000 0.75058000
0.89859000 0.86869000 0.73852000
0.81157000 0.77845000 0.84452000
0.96311000 0.99101000 0.78411000
0.98534000 0.93500000 0.84427000
0.83433000 0.91385000 0.75562000
0.86654000 0.84383000 0.82060000
0.91874000 0.86269000 0.90063000
0.76284000 0.97813000 0.90455000
0.87304000 0.79613000 0.88994000
0.87472000 0.88506000 0.97472000
0.94855000 0.93891000 0.72207000
0.79324000 0.91017000 0.88647000
0.86927000 0.96205000 0.94570000
0.98616000 0.79054000 0.81212000
0.90390000 0.90784000 0.84922000
0.84923000 0.82123000 0.68415000
0.89694000 0.97331000 0.81946000
0.94571000 0.85221000 0.80451000
0.86019000 0.77322000 0.96166000
0.97679000 0.82361000 0.94206000
0.93367000 0.78337000 0.70994000
0.76465000 0.87476000 0.80848000
0.85084000 0.95610000 0.69678000
0.82531000 0.99311000 0.87616000
0.90991000 0.98668000 0.67568000
0.75465000 0.94913000 0.76191000
0.98915000 0.90215000 0.66837000
0.99440000 0.99008000 0.97744000
0.93436000 0.75549000 0.89389000
