1 11
1 19
1 20
1 108
1 141
1 1255
1 1342
2 4
2 10
2 14
2 17
2 21
2 31
2 331
3 10
3 15
3 22
3 24
3 80
4 5
4 6
4 14
4 28
4 31
4 32
4 33
4 331
5 6
5 32
5 35
5 445
6 7
6 13
6 14
6 28
6 40
6 55
7 13
7 40
7 461
7 491
8 12
8 18
8 23
8 29
8 30
8 436
8 438
9 18
9 22
9 24
9 29
9 88
9 141
9 200
10 14
10 18
10 21
10 22
11 13
11 19
11 20
11 51
11 128
12 18
12 23
12 25
12 30
12 101
12 438
12 441
12 453
13 54
13 128
14 16
14 20
14 21
14 23
15 17
15 22
15 1249
15 1258
16 17
16 20
16 27
16 28
16 1235
16 1258
17 27
17 31
17 329
18 20
18 22
18 25
18 29
19 51
19 1228
19 1258
19 1338
19 1342
20 22
21 23
21 26
21 32
21 331
21 453
22 24
23 438
24 73
24 88
24 99
25 30
25 76
25 88
25 95
25 101
26 77
26 355
26 359
26 440
26 759
27 28
27 31
27 1235
27 1236
27 1237
27 1247
27 1527
28 31
28 33
28 55
28 56
28 58
28 1235
29 30
29 107
29 121
29 141
30 116
30 436
30 444
31 33
31 329
31 343
31 1527
32 331
32 345
32 349
32 358
32 445
32 741
33 35
33 37
33 56
33 328
33 343
33 376
34 38
34 44
34 53
34 57
34 58
34 59
34 63
35 37
35 49
35 358
35 387
35 477
36 38
36 43
36 47
36 50
36 53
36 67
37 49
37 59
37 63
37 376
37 384
38 41
38 46
38 53
38 59
38 63
38 65
39 48
39 53
39 67
39 75
39 381
39 411
40 41
40 54
40 59
40 65
41 49
41 59
41 469
41 471
41 477
41 483
42 51
42 52
42 57
42 62
42 170
42 172
42 1275
43 61
43 74
43 94
43 176
44 45
44 58
44 63
44 383
44 1260
44 1292
45 48
45 53
45 63
45 365
45 383
45 1279
46 60
46 381
46 395
47 50
47 57
47 65
47 170
47 176
48 53
48 74
48 97
49 59
49 384
49 477
50 64
50 65
50 159
50 171
50 486
50 571
51 52
51 54
51 55
51 57
51 172
51 1276
52 57
52 58
52 1275
52 1276
52 1286
52 1292
53 63
53 67
54 57
54 65
54 124
54 168
54 170
54 172
55 58
56 58
56 343
56 1235
56 1236
56 1566
57 65
57 170
59 63
60 67
60 68
60 481
60 490
61 62
61 1264
61 1282
61 1292
62 146
62 1275
62 1365
63 365
63 381
63 383
63 384
64 84
64 154
64 571
65 66
65 170
66 160
66 171
66 476
66 491
66 591
67 68
67 71
68 71
68 493
68 517
68 529
69 199
69 1282
69 1299
69 1361
70 83
70 85
70 89
70 90
70 98
70 1305
70 1306
71 72
71 75
71 79
71 92
71 529
72 79
72 81
72 83
72 85
72 89
72 92
72 96
73 90
73 93
73 99
73 1297
73 1306
73 1315
74 78
74 83
74 91
74 94
74 102
75 92
75 527
76 81
76 86
76 95
76 101
76 103
76 524
77 87
77 95
77 359
77 425
78 102
78 1282
78 1296
79 81
79 84
79 86
79 94
79 529
80 90
80 98
80 1229
80 1297
80 1298
81 86
81 87
81 95
81 499
81 524
82 91
82 94
82 178
82 183
82 199
83 85
83 89
83 92
84 94
84 178
84 198
84 513
85 89
85 90
85 92
85 96
85 98
85 420
85 424
86 89
86 103
86 104
86 187
87 95
87 96
87 101
87 503
87 531
89 91
89 93
90 98
90 425
91 94
91 100
91 102
92 96
92 409
92 424
93 104
93 1306
93 1315
95 101
96 409
96 420
96 424
97 390
97 404
97 411
97 1603
98 407
98 410
98 1298
98 1305
98 1594
99 142
99 200
99 1227
99 1315
99 1421
100 102
100 190
100 1299
101 440
101 496
101 524
102 1296
103 116
103 187
103 188
104 187
104 195
104 203
105 187
105 524
105 597
105 626
106 128
106 131
106 436
106 449
106 540
106 545
107 116
107 118
107 121
107 126
107 213
107 545
108 109
108 115
108 135
108 138
108 1342
109 115
109 120
109 121
109 126
109 131
109 136
109 137
109 140
110 120
110 125
110 137
110 143
110 228
110 554
110 557
110 634
111 114
111 117
111 129
111 197
111 230
111 244
112 129
112 130
112 136
112 191
112 1352
113 119
113 120
113 132
113 136
113 228
113 244
114 117
114 180
114 216
114 230
114 304
114 562
115 119
115 127
115 132
115 136
115 138
115 140
115 1351
116 213
116 444
116 543
116 545
116 597
117 120
117 230
117 557
117 562
117 660
118 121
118 126
118 129
118 130
118 188
118 191
118 200
119 125
119 132
119 133
119 137
119 140
119 158
120 126
120 136
120 137
120 139
120 557
121 126
121 130
121 141
122 130
122 135
122 142
122 200
122 210
122 1352
122 1421
123 126
123 129
123 193
123 213
123 543
123 562
124 128
124 131
124 160
124 168
124 172
125 137
125 140
125 143
125 158
125 165
126 129
126 136
126 139
127 132
127 135
127 1347
127 1348
127 1351
127 1354
128 131
129 191
129 193
130 135
130 136
130 141
131 137
131 160
131 540
131 564
132 136
132 217
132 1354
133 144
133 158
133 175
133 240
133 252
133 285
133 1354
134 217
134 244
134 255
134 1344
134 1428
135 1347
137 139
137 140
138 172
138 1338
138 1384
139 540
139 545
139 551
139 557
140 164
140 165
141 142
142 200
142 1227
142 1255
143 156
143 554
143 564
143 588
144 149
144 158
144 161
144 175
144 264
144 285
144 1381
145 147
145 155
145 163
145 206
145 277
146 148
146 167
146 169
146 176
146 1365
146 1387
147 150
147 154
147 159
147 163
147 173
147 184
147 206
147 214
148 149
148 164
148 166
148 168
148 169
148 170
148 172
148 1384
149 161
149 162
149 164
149 166
149 169
149 1383
150 173
150 177
150 206
150 587
150 693
151 155
151 156
151 157
151 166
151 174
151 587
152 155
152 156
152 161
152 264
152 276
152 289
153 163
153 167
153 181
153 196
153 1355
153 1360
153 1387
154 159
154 174
154 212
154 214
154 571
155 161
155 166
155 276
156 165
156 592
157 159
157 166
157 168
157 171
157 174
158 165
158 240
159 169
159 171
159 174
159 176
160 591
161 162
161 166
161 264
162 169
162 1360
162 1380
162 1381
162 1387
162 1390
163 167
163 169
163 181
163 214
164 165
164 166
164 168
165 166
166 169
167 176
167 199
168 170
168 172
169 1387
170 172
171 174
171 476
171 595
173 174
173 184
173 212
173 585
173 587
173 608
174 569
174 571
174 585
175 1351
175 1354
175 1375
175 1385
177 206
177 208
177 294
177 306
177 608
177 724
178 187
178 198
179 191
179 192
179 194
179 197
179 207
179 211
180 189
180 207
180 209
180 216
180 304
180 312
180 320
181 183
181 186
181 196
181 202
181 214
181 1399
182 186
182 192
182 194
182 202
182 205
182 207
182 215
182 294
183 190
183 196
183 199
183 203
183 214
184 202
184 204
184 206
184 212
184 214
185 192
185 194
185 201
185 202
185 203
185 204
186 202
186 215
186 297
186 1360
186 1399
186 1512
187 188
187 203
188 191
188 193
188 200
188 203
188 213
189 193
189 201
189 209
189 602
189 610
190 195
190 196
190 1395
190 1399
191 193
191 210
192 194
192 202
192 205
192 207
193 201
193 213
194 202
194 211
194 215
194 1399
195 203
195 210
195 1315
195 1421
196 199
196 1395
196 1399
197 207
197 250
197 304
197 318
198 204
198 212
198 615
198 626
200 210
201 204
201 599
202 205
202 206
204 208
204 212
204 599
204 622
205 207
205 208
205 209
205 294
206 278
206 294
207 312
208 209
208 608
208 622
208 624
208 724
209 623
209 720
210 1352
210 1394
210 1421
211 215
211 1401
211 1420
212 585
212 615
212 622
213 543
213 597
215 1399
215 1420
215 1512
216 320
216 562
216 610
216 705
217 242
217 244
217 1435
218 219
218 236
218 247
218 327
218 361
218 661
219 233
219 247
219 254
219 640
219 641
219 664
220 225
220 236
220 246
220 248
220 335
220 640
220 648
221 222
221 232
221 239
221 241
221 242
221 1427
221 1431
222 231
222 241
222 1427
222 1445
222 1457
223 231
223 232
223 245
223 248
223 249
223 253
223 295
223 314
224 229
224 235
224 239
224 241
224 242
224 247
224 262
224 279
224 287
225 232
225 233
225 239
225 246
225 248
225 249
225 662
226 229
226 234
226 241
226 332
226 1430
226 1432
227 230
227 237
227 635
227 638
227 651
227 660
227 662
228 233
228 243
229 261
229 265
229 279
229 1432
229 1444
229 1473
230 237
230 244
230 250
230 304
231 251
231 319
231 1457
232 239
232 246
232 249
232 250
232 253
233 235
233 239
233 246
233 247
233 664
234 236
234 238
234 247
234 287
234 351
235 239
235 240
235 243
235 247
235 254
235 262
235 290
236 238
236 246
236 247
236 333
237 249
237 253
237 295
237 303
237 304
237 638
238 241
238 246
238 333
238 342
238 351
239 241
239 242
239 246
239 247
240 242
240 243
240 252
240 280
240 285
241 1430
241 1454
242 1431
243 290
243 634
243 664
244 250
245 248
245 314
245 344
245 352
245 398
245 406
246 247
246 248
247 254
247 262
247 287
248 249
248 344
249 253
249 295
249 654
249 662
250 251
250 253
250 304
250 318
251 253
251 255
251 299
251 305
251 318
252 285
252 1339
252 1354
252 1385
252 1431
252 1485
253 295
253 304
253 305
254 258
254 260
254 262
254 290
254 681
255 318
255 1427
255 1428
255 1493
256 266
256 270
256 272
256 282
256 296
256 307
256 310
256 326
257 281
257 289
257 290
257 671
258 260
258 287
258 361
258 380
258 394
259 263
259 266
259 270
259 283
259 286
260 262
260 268
260 269
260 273
260 280
260 281
260 284
261 265
261 268
261 269
261 279
261 1473
261 1478
261 1483
262 268
262 279
262 280
262 287
263 269
263 273
263 368
263 377
263 391
263 393
264 268
264 285
264 288
264 1481
265 269
265 391
265 1432
265 1473
265 1482
266 267
266 270
266 271
266 278
266 307
267 271
267 277
267 283
267 288
267 1480
268 269
268 279
268 280
268 284
269 273
269 391
270 271
270 272
270 273
270 283
270 284
271 276
271 277
271 278
271 284
272 275
272 284
272 674
272 691
273 284
273 368
274 282
274 368
274 382
274 695
275 326
275 691
275 693
276 284
276 289
277 278
277 288
277 297
277 1390
278 294
278 326
279 285
279 1478
281 290
281 671
281 674
281 681
282 286
282 307
282 377
282 431
283 288
283 1466
283 1480
285 1481
286 307
286 317
286 324
286 377
287 361
288 1390
288 1481
289 587
289 592
289 671
289 687
290 664
290 666
291 292
291 299
291 305
291 318
292 298
292 299
292 305
292 308
292 315
292 316
292 319
293 296
293 306
293 309
293 310
293 311
293 698
293 721
294 306
294 315
295 301
295 303
295 309
295 314
295 654
295 730
296 300
296 307
296 310
296 311
297 325
297 1512
298 300
298 302
298 308
298 316
298 319
298 321
298 323
299 305
299 308
299 318
299 319
299 1506
300 311
300 323
300 418
300 422
301 344
301 654
301 696
301 730
301 801
302 308
302 319
302 321
302 323
302 398
302 415
302 1503
302 1510
303 309
303 320
303 638
303 654
303 696
303 730
304 305
304 312
304 320
305 309
305 312
305 318
305 319
306 326
306 724
307 316
307 317
308 316
308 321
308 322
308 1504
308 1506
308 1507
308 1510
309 312
309 320
309 721
309 730
310 326
310 698
311 429
311 698
311 726
311 730
312 315
312 320
313 316
313 322
313 325
313 1480
313 1507
314 319
314 323
314 398
314 406
315 316
316 317
316 321
316 322
316 1507
317 321
317 322
317 324
317 414
317 417
317 422
320 720
320 721
321 322
321 414
321 418
321 422
321 1510
321 1589
322 324
322 414
322 1507
322 1510
323 398
323 406
323 412
323 418
324 414
324 1471
324 1600
325 1507
325 1512
327 330
327 353
327 360
327 375
327 661
327 750
328 343
328 363
328 376
328 392
329 340
329 341
329 347
329 357
330 351
330 353
330 361
330 370
330 392
331 345
331 349
331 355
332 348
332 351
332 1432
332 1517
332 1525
332 1544
332 1582
333 350
334 341
334 345
334 350
335 344
335 356
335 737
335 758
336 338
336 341
336 348
336 1545
337 340
337 346
337 347
337 355
337 359
337 405
337 407
337 425
338 340
338 341
338 346
338 354
338 1520
338 1542
338 1545
338 1618
339 349
339 359
339 426
339 740
339 758
339 759
340 341
340 346
340 347
340 357
340 1520
340 1617
341 346
341 350
341 355
342 354
342 1445
343 376
343 1527
344 352
344 356
344 406
344 421
344 801
345 349
345 358
345 360
345 741
346 352
346 354
346 399
347 355
347 357
347 425
348 351
348 363
348 1517
348 1545
349 741
349 758
349 759
350 352
350 356
351 370
352 356
352 399
352 406
352 421
353 358
353 375
353 387
353 750
353 787
354 430
354 1542
354 1547
354 1618
355 359
356 406
356 421
356 758
357 1229
357 1520
357 1530
358 387
358 445
358 739
358 741
358 787
359 425
360 750
360 758
361 370
361 375
361 380
362 371
362 377
362 378
362 388
362 393
362 1551
362 1560
362 1579
363 370
363 392
363 1577
363 1582
364 369
364 374
364 386
364 779
364 781
365 372
365 381
365 383
365 388
365 390
366 367
366 372
366 378
366 391
366 1579
367 372
367 376
367 383
367 1562
367 1577
368 377
368 378
368 380
368 391
369 373
369 379
369 385
369 389
370 374
370 391
370 392
371 373
371 388
371 390
371 417
371 419
371 1574
372 378
372 379
372 388
373 385
373 396
374 379
374 380
374 386
374 392
375 386
375 394
375 661
375 793
376 383
376 392
377 378
377 417
379 384
379 389
379 392
380 391
380 394
381 384
381 395
382 385
382 402
382 431
382 676
382 782
384 389
385 396
385 402
385 428
386 387
386 774
386 781
387 389
387 784
387 787
388 390
388 1562
388 1574
389 781
389 783
390 411
390 419
390 1574
393 1482
393 1483
393 1560
393 1576
393 1579
394 661
394 695
394 774
395 490
396 402
396 403
396 417
397 402
397 403
397 427
397 429
398 399
398 406
398 415
398 430
399 405
399 406
399 412
399 413
399 421
400 401
400 403
400 405
400 409
400 412
400 413
400 416
400 423
401 402
401 403
401 409
401 428
401 815
402 403
402 428
403 416
404 410
404 411
404 424
404 1305
404 1603
405 413
405 420
406 412
406 421
406 427
407 410
407 420
407 425
407 1594
407 1617
408 413
408 415
408 1589
408 1597
408 1598
409 423
409 796
409 815
410 420
410 424
410 1305
410 1594
410 1597
411 419
411 424
412 418
412 421
412 427
413 415
413 416
414 417
414 1589
414 1604
415 418
415 430
415 1589
416 419
417 422
418 422
420 424
420 425
421 426
421 427
421 801
422 431
423 426
423 796
426 740
427 801
427 823
428 777
428 815
429 431
429 822
430 1547
430 1612
430 1618
432 450
432 452
432 454
432 456
433 442
433 472
433 473
433 736
433 739
434 458
434 511
434 560
434 565
434 841
434 846
435 444
435 459
435 497
435 511
435 536
435 616
436 449
436 450
436 545
436 550
437 446
437 447
437 457
437 732
438 441
438 442
438 453
438 457
439 451
439 460
439 495
439 533
439 552
439 856
439 990
440 447
440 453
440 462
440 496
440 531
440 740
440 759
441 447
441 453
441 459
442 457
442 461
443 446
443 504
443 508
443 519
443 733
443 842
444 459
444 536
444 597
444 616
445 457
445 741
446 456
446 458
446 842
447 453
447 459
447 462
447 496
447 522
448 452
448 456
448 460
448 851
449 450
449 455
449 540
449 550
450 454
450 536
450 550
451 452
451 455
451 460
451 470
451 488
451 495
452 454
452 456
452 460
453 457
453 759
454 455
454 538
454 550
455 559
455 591
456 841
456 846
457 741
458 508
458 510
458 511
458 519
458 842
459 497
460 488
460 830
460 840
460 851
461 483
461 491
462 522
462 732
462 740
462 747
462 748
463 467
463 469
463 471
463 474
463 481
463 487
463 494
464 474
464 480
464 481
464 484
464 493
465 470
465 482
465 488
465 489
465 495
465 872
465 979
466 468
466 469
466 472
466 494
466 771
466 783
466 794
467 468
467 474
467 479
467 494
467 761
467 795
468 475
468 765
468 881
469 471
469 472
469 477
469 483
469 487
469 494
469 783
470 482
470 485
470 488
470 491
470 495
471 481
471 483
471 485
471 486
471 487
471 492
472 477
472 483
472 784
473 475
473 488
474 481
474 490
474 493
474 505
474 517
474 795
475 487
475 488
476 485
476 486
476 491
476 581
477 483
477 784
478 485
478 486
478 492
478 493
478 571
478 573
478 579
479 520
479 523
479 763
479 888
479 1164
480 484
480 500
480 525
480 593
480 868
481 492
481 493
482 485
482 492
482 495
483 487
483 491
484 489
484 492
484 877
485 486
485 487
485 491
485 492
487 492
488 495
488 872
489 859
489 877
490 517
490 527
491 591
493 517
493 529
494 771
494 783
494 791
495 552
495 566
495 990
496 497
496 498
496 522
496 531
497 498
497 506
497 510
497 519
497 524
498 499
498 502
498 503
498 506
498 518
498 522
499 503
499 506
499 507
499 509
499 518
499 524
499 529
500 525
500 593
500 905
500 912
500 915
500 995
500 1005
501 506
501 512
501 519
501 521
501 528
502 518
502 531
502 796
502 806
502 818
502 820
503 518
503 529
503 796
504 519
504 522
504 528
504 733
504 806
504 817
505 507
505 516
505 517
505 518
505 520
505 521
505 795
506 507
506 510
506 512
506 514
506 518
507 509
507 517
507 518
508 510
508 519
508 528
508 842
508 909
508 918
509 513
509 526
509 529
510 511
510 512
510 514
510 519
510 530
510 909
511 530
511 558
511 565
511 616
512 514
512 909
512 912
512 915
513 526
513 579
513 615
513 626
514 515
514 525
514 526
514 530
514 621
514 912
515 526
515 530
515 607
515 616
515 621
516 520
516 523
516 915
517 529
518 521
518 820
519 522
520 521
520 523
520 805
520 899
520 900
521 805
521 806
523 877
523 879
523 888
523 900
525 526
525 609
525 621
526 607
526 621
526 626
527 815
527 820
528 806
528 917
528 1203
528 1221
530 565
530 612
530 621
530 627
530 912
531 740
531 796
532 537
532 556
532 561
532 606
532 629
533 538
533 552
533 553
533 576
533 928
533 961
534 541
534 554
534 563
534 568
535 537
535 549
535 551
535 555
535 556
535 557
536 542
536 543
536 550
536 616
537 549
537 556
537 557
537 561
537 633
538 544
538 546
538 552
538 555
538 559
539 546
539 548
539 553
539 561
539 663
539 938
539 949
540 550
540 551
540 559
540 564
541 544
541 551
541 559
541 563
541 564
541 567
542 543
542 555
542 558
542 616
542 619
542 629
542 631
543 545
543 619
544 549
544 551
544 552
544 553
544 559
544 563
545 550
546 549
546 553
546 555
546 928
546 949
546 959
547 631
547 658
547 929
547 938
547 1019
548 553
548 643
548 663
549 551
549 553
549 555
550 559
551 554
551 559
552 567
553 563
553 947
554 557
554 634
556 557
556 562
557 660
558 560
558 565
558 612
558 631
558 959
558 1025
560 841
560 959
561 637
561 658
561 663
562 610
562 635
563 567
563 576
563 580
564 588
564 595
565 956
565 1007
565 1025
566 567
566 583
566 584
566 596
566 979
567 580
567 581
568 570
568 580
568 588
568 592
569 582
569 587
569 588
569 590
569 595
570 574
570 577
570 580
570 590
570 592
570 677
570 687
571 573
571 615
572 574
572 577
572 578
572 964
572 1083
572 1092
573 579
573 582
573 584
573 594
574 578
574 586
574 589
574 590
575 578
575 584
575 628
575 630
576 583
576 947
576 961
577 643
577 670
578 589
578 628
578 974
579 615
580 583
580 588
580 589
580 590
581 591
581 595
582 584
582 585
582 589
582 590
583 589
583 596
584 589
584 594
585 598
585 615
586 587
586 590
586 687
586 689
586 693
587 590
587 592
587 687
588 590
588 592
588 595
589 590
592 687
593 609
593 630
593 868
593 972
593 995
593 1005
596 979
596 986
597 599
597 607
597 616
597 619
598 605
598 608
598 625
598 628
599 602
599 607
599 618
599 626
600 601
600 604
600 613
600 614
600 620
600 625
600 703
601 604
601 611
601 617
601 625
601 1022
602 610
602 618
602 620
602 623
603 607
603 611
603 612
603 616
603 619
603 620
603 629
604 611
604 612
604 627
604 1011
604 1022
605 609
605 618
605 625
605 626
606 610
606 613
606 620
606 629
606 705
607 611
607 618
607 621
607 626
608 622
608 624
608 693
608 709
609 621
609 630
609 1005
610 623
610 705
611 612
611 618
611 620
611 621
611 627
612 627
612 629
612 631
612 1025
613 620
613 703
613 716
613 719
614 699
614 707
614 1008
614 1022
614 1121
617 628
617 630
617 994
617 1022
617 1027
618 620
618 622
618 624
618 625
619 629
620 629
621 627
622 624
623 624
623 705
623 712
623 720
623 724
624 625
624 709
624 724
625 628
627 1004
627 1025
629 631
630 1005
630 1027
631 1019
631 1025
632 633
632 634
632 641
632 655
632 659
632 664
632 666
632 694
633 637
633 651
633 660
634 664
634 666
635 638
635 660
636 639
636 649
636 659
636 663
636 1030
636 1033
636 1036
636 1045
637 646
637 657
637 663
638 654
638 656
638 662
638 696
638 717
639 643
639 645
639 659
639 668
639 670
639 1033
639 1044
640 641
640 648
640 667
641 655
641 664
641 694
642 645
642 649
642 655
642 752
642 1044
643 659
643 668
643 670
644 661
644 667
644 685
644 738
644 757
644 793
645 655
645 668
645 692
645 1044
645 1084
646 652
646 656
646 719
646 729
647 653
647 667
647 753
648 653
648 654
648 662
648 737
649 652
649 657
649 659
649 1036
649 1044
650 752
650 1034
650 1036
651 657
651 660
651 662
651 664
652 653
652 656
652 665
652 727
652 729
653 656
653 657
654 696
655 659
655 668
655 685
655 694
656 657
656 717
656 727
657 659
658 716
658 938
658 1031
658 1045
658 1120
659 668
661 681
661 685
663 1030
664 666
665 727
665 731
665 808
665 812
665 1034
666 694
667 737
667 757
668 670
669 675
669 679
669 701
669 722
669 1061
669 1072
670 983
670 1075
670 1086
671 674
671 687
672 678
672 679
672 680
672 683
672 686
672 688
673 684
673 689
673 700
673 701
673 1079
674 681
674 691
674 695
675 679
675 1061
675 1073
675 1176
676 782
676 822
677 680
677 682
677 684
677 687
678 683
678 688
678 695
678 769
678 779
678 780
679 683
679 686
680 682
680 683
680 686
680 688
681 688
681 694
682 684
682 687
682 689
682 691
682 704
683 780
684 689
684 690
684 1079
684 1083
685 688
685 692
685 694
685 769
686 690
686 1084
686 1086
687 693
688 694
689 700
689 704
689 709
690 1074
690 1083
690 1086
692 738
692 769
692 773
693 709
696 706
696 714
696 717
696 726
696 727
696 730
697 703
697 706
697 707
697 711
697 716
697 717
697 719
697 723
697 729
697 1123
698 708
698 715
698 721
698 725
698 726
699 700
699 707
699 709
699 712
699 713
699 715
700 713
700 994
700 1079
700 1121
701 710
701 713
701 718
701 722
701 1072
702 710
702 711
702 714
702 723
702 728
702 1123
702 1125
703 707
703 716
703 719
704 708
704 709
704 713
704 715
705 720
706 712
706 715
706 717
706 721
706 723
706 726
707 713
707 718
707 1108
708 715
708 724
710 713
710 715
710 718
710 722
710 723
710 725
710 728
711 714
711 729
711 1094
711 1123
711 1125
711 1210
712 715
712 720
712 721
712 724
713 715
713 718
714 723
714 727
714 800
715 723
716 719
716 1108
716 1120
717 719
717 727
718 1121
720 721
720 724
721 726
721 730
722 725
722 824
722 1225
723 726
723 728
725 822
726 730
727 729
728 800
728 816
728 819
728 824
731 734
731 743
731 744
731 760
731 808
731 812
731 1149
732 733
732 735
732 747
732 748
733 804
733 817
733 1156
733 1203
734 743
734 751
734 810
734 812
735 755
735 854
735 1143
736 739
736 742
736 745
737 753
737 756
738 749
738 752
738 773
739 746
739 754
739 784
739 787
739 788
740 751
740 759
741 747
741 759
742 755
742 785
742 794
742 857
743 744
743 748
743 804
744 745
744 746
744 749
744 753
744 757
744 760
745 746
745 749
745 754
745 755
745 1155
746 750
746 754
746 757
747 748
747 759
748 751
749 752
749 754
749 786
749 1128
749 1155
750 754
750 757
750 787
750 793
751 799
751 817
752 1128
752 1160
753 756
753 757
754 785
754 787
754 788
755 825
755 1144
755 1155
756 801
756 812
760 1149
761 763
761 765
761 766
761 771
761 772
761 790
762 767
762 768
762 770
762 776
762 778
762 779
762 780
762 792
763 766
763 772
763 805
763 814
763 1161
763 1164
764 767
764 768
764 775
764 790
764 1170
764 1174
764 1186
765 789
765 790
765 881
765 1164
765 1187
766 772
766 776
766 791
766 795
766 802
767 768
767 780
767 1174
768 772
768 776
768 790
768 1170
768 1175
769 773
769 774
769 793
770 776
770 777
770 782
770 792
770 802
770 807
770 822
771 775
771 778
771 783
771 791
772 776
772 790
772 814
772 1161
772 1175
773 786
773 793
773 1174
774 778
774 779
774 793
775 778
775 785
775 788
775 789
775 790
775 794
776 792
776 802
777 791
778 779
778 781
778 788
779 780
779 782
780 782
780 792
781 783
783 784
783 791
784 787
784 788
785 788
785 794
785 1141
786 1128
786 1141
786 1174
786 1183
787 788
787 793
789 790
789 794
789 1167
789 1187
789 1188
791 795
796 815
796 818
796 820
797 809
797 816
797 1204
797 1207
797 1208
797 1218
798 802
798 813
798 815
799 801
799 811
799 818
799 823
800 812
800 823
801 823
802 807
802 813
802 821
803 807
803 811
803 813
803 819
803 823
804 810
804 817
804 1133
804 1156
804 1203
804 1204
805 809
805 813
805 1208
806 809
806 817
807 819
807 821
807 822
807 824
808 810
808 812
808 1149
808 1210
809 811
809 813
809 1208
810 811
810 812
810 817
811 813
811 816
811 817
811 818
813 821
814 821
814 1161
814 1215
814 1226
815 820
816 821
816 1218
817 818
818 820
819 822
819 823
819 824
821 824
821 1226
822 824
825 838
825 839
825 851
825 854
825 857
825 1132
825 1144
826 839
826 847
826 875
826 1131
827 828
827 830
827 838
827 846
827 854
828 842
828 848
828 853
828 854
828 855
829 834
829 843
829 860
829 862
829 869
829 886
830 838
830 840
830 843
830 851
830 860
831 836
831 837
831 843
831 849
831 852
831 932
831 953
831 1240
831 1257
832 842
832 846
832 849
832 850
832 853
832 913
832 918
832 956
833 834
833 840
833 843
833 856
833 885
833 932
833 941
834 840
834 843
834 845
834 862
834 885
835 836
835 849
835 853
835 1231
835 1257
836 844
836 849
836 853
836 953
836 954
836 1257
837 838
837 843
837 849
838 839
838 848
839 1131
839 1132
839 1152
840 856
840 860
841 846
841 850
841 856
842 846
842 918
843 852
843 932
844 913
844 922
844 954
844 1257
844 1323
845 852
845 863
845 886
845 932
845 945
845 991
845 1233
846 849
846 850
847 848
847 1152
847 1153
847 1230
848 855
848 1150
848 1153
849 850
849 853
850 954
850 956
851 857
851 860
852 932
852 933
852 1233
852 1240
853 903
853 918
853 920
854 855
855 1143
855 1150
855 1156
856 941
857 860
857 1188
858 866
858 914
858 921
858 1278
858 1293
859 868
859 882
859 887
859 972
859 979
860 873
860 874
861 866
861 870
861 888
861 890
861 1164
861 1166
861 1168
861 1169
861 1224
862 863
862 864
862 865
862 869
863 886
863 991
863 1274
863 1281
863 1291
864 869
864 871
864 880
864 884
864 889
865 867
865 871
865 882
865 887
866 883
866 890
866 910
866 914
866 1278
867 870
867 871
867 877
867 882
868 879
868 882
868 972
868 995
869 874
869 886
869 889
870 871
870 877
870 881
870 888
871 873
871 874
871 884
872 968
872 979
872 990
873 874
874 1187
874 1188
875 889
875 1131
875 1180
875 1262
875 1290
875 1578
876 921
876 965
876 984
876 1001
876 1293
876 1295
876 1371
876 1374
877 879
877 881
878 880
878 1274
878 1293
879 900
879 907
880 889
880 1265
880 1269
880 1274
882 887
882 965
883 884
883 890
883 1168
883 1265
883 1270
883 1278
883 1575
884 1168
884 1169
884 1180
885 941
885 945
885 968
885 991
886 889
886 1251
887 962
887 968
887 980
888 1164
888 1197
888 1224
889 1262
889 1284
890 910
890 1168
890 1171
890 1219
890 1224
890 1270
891 898
891 900
891 902
891 907
891 908
892 893
892 908
892 909
892 912
892 1010
893 904
893 905
893 908
893 912
893 1004
893 1005
893 1009
893 1010
894 899
894 902
894 1197
894 1212
894 1221
894 1224
895 896
895 902
895 903
895 917
895 920
896 897
896 901
896 911
896 919
896 922
896 1301
896 1313
897 898
897 901
897 904
897 916
897 919
898 904
898 905
898 907
898 914
899 900
899 917
899 1197
899 1208
899 1221
900 907
900 915
901 916
901 1301
901 1312
901 1313
901 1414
902 919
903 906
903 911
903 920
903 1158
904 905
904 1001
904 1010
904 1016
904 1020
905 908
905 912
905 995
906 911
906 1158
906 1198
907 914
908 909
908 912
908 915
909 912
909 918
910 914
910 1219
910 1270
910 1278
910 1310
911 922
911 1319
912 915
913 954
913 956
914 916
916 919
916 921
917 920
917 1221
918 920
919 1313
921 1001
921 1268
921 1293
921 1295
921 1316
921 1371
922 1231
922 1301
922 1313
922 1319
922 1320
923 926
923 934
923 943
923 946
923 957
923 1353
924 934
924 935
924 940
924 952
924 963
924 967
924 1041
924 1051
925 929
925 930
925 936
925 937
925 942
925 944
925 946
925 949
925 950
926 936
926 944
926 957
926 1326
926 1346
926 1353
927 944
927 955
927 958
927 960
927 1046
927 1054
928 939
928 942
928 943
928 949
929 930
929 937
929 938
929 942
929 949
929 950
929 959
929 1019
930 937
930 948
930 950
930 1017
930 1028
931 935
931 937
931 938
931 949
931 1030
931 1031
931 1046
932 933
932 946
932 953
933 953
933 957
933 1233
934 952
934 963
934 966
934 982
934 1353
935 939
935 949
935 1041
935 1059
936 937
936 944
936 951
936 955
936 1029
937 938
937 944
937 1028
938 1028
939 943
939 947
939 949
939 963
940 944
940 952
940 1041
940 1046
940 1051
940 1057
940 1326
940 1330
941 943
941 961
942 946
942 949
942 950
942 959
943 946
943 966
944 1046
945 957
945 966
945 989
945 991
945 1233
947 961
947 963
947 983
948 950
948 951
948 954
948 1012
950 954
950 956
950 959
951 953
951 1323
951 1331
952 1051
952 1326
952 1353
952 1452
952 1479
953 954
953 1257
954 956
955 960
955 1029
955 1330
955 1333
957 1353
958 960
958 997
958 1028
958 1029
958 1107
958 1122
960 1006
960 1029
960 1107
960 1333
960 1418
961 968
961 990
962 968
962 973
962 987
962 991
963 966
963 967
963 975
964 971
964 974
964 978
964 986
964 992
964 1083
964 1092
965 980
965 984
966 982
966 989
967 975
967 1049
967 1051
967 1062
967 1071
967 1089
968 979
968 990
969 980
969 996
969 1016
969 1027
970 973
970 975
970 978
970 980
970 985
970 986
971 974
971 977
971 992
971 1013
971 1027
971 1065
971 1067
972 980
972 995
973 985
973 987
973 993
974 986
974 994
974 1027
975 978
975 982
975 985
975 1062
976 981
976 985
976 988
976 1066
976 1366
976 1377
976 1484
977 978
977 981
977 985
977 986
977 988
977 992
978 986
978 992
978 1092
979 990
980 986
981 985
981 988
981 993
981 1026
981 1362
981 1377
982 989
982 1353
982 1357
983 1075
983 1092
984 993
984 1371
984 1374
985 993
985 1366
987 989
987 991
987 1281
987 1356
988 999
988 1026
988 1065
988 1066
988 1424
989 991
989 1357
989 1388
991 1281
992 1065
992 1066
992 1067
992 1070
993 1359
994 1079
994 1121
994 1124
995 1005
995 1016
996 999
996 1013
996 1018
996 1023
996 1026
997 998
997 1006
997 1015
997 1028
997 1029
997 1122
998 1002
998 1008
998 1011
998 1126
999 1002
999 1013
999 1026
999 1093
999 1126
999 1424
1000 1010
1000 1012
1000 1020
1000 1021
1000 1301
1000 1402
1001 1016
1001 1371
1001 1414
1001 1417
1002 1003
1002 1014
1002 1096
1003 1014
1003 1018
1003 1021
1003 1413
1003 1417
1004 1007
1004 1009
1004 1010
1005 1009
1006 1096
1006 1107
1006 1113
1006 1400
1006 1418
1006 1505
1007 1010
1007 1017
1007 1025
1008 1011
1008 1108
1008 1115
1009 1014
1009 1016
1009 1018
1009 1023
1010 1020
1011 1017
1011 1019
1011 1028
1011 1120
1012 1015
1012 1021
1012 1024
1013 1023
1013 1027
1013 1124
1013 1126
1014 1015
1014 1018
1014 1023
1015 1017
1015 1024
1015 1029
1016 1018
1017 1019
1017 1025
1017 1028
1018 1020
1018 1023
1019 1025
1019 1028
1020 1021
1020 1414
1021 1024
1021 1402
1021 1413
1021 1417
1022 1023
1023 1027
1024 1029
1024 1397
1026 1362
1026 1409
1026 1424
1028 1120
1030 1033
1030 1045
1030 1059
1031 1037
1031 1045
1031 1046
1031 1120
1032 1047
1032 1055
1032 1056
1032 1058
1032 1140
1033 1036
1033 1038
1033 1043
1033 1044
1033 1049
1033 1059
1034 1048
1034 1149
1034 1159
1034 1210
1035 1037
1035 1047
1035 1050
1035 1054
1035 1055
1035 1437
1036 1038
1036 1044
1036 1045
1036 1048
1037 1045
1037 1046
1038 1043
1038 1044
1038 1048
1039 1041
1039 1043
1039 1049
1039 1052
1039 1055
1039 1057
1040 1042
1040 1047
1040 1048
1040 1118
1040 1159
1041 1046
1041 1049
1041 1051
1041 1057
1042 1047
1042 1050
1042 1054
1042 1106
1042 1118
1043 1044
1043 1049
1043 1053
1047 1050
1047 1055
1047 1056
1047 1438
1049 1059
1049 1075
1049 1089
1050 1054
1050 1060
1050 1437
1050 1438
1050 1443
1051 1057
1051 1089
1051 1479
1052 1055
1052 1436
1052 1455
1052 1472
1053 1069
1053 1154
1054 1107
1054 1443
1055 1436
1055 1437
1056 1140
1056 1146
1056 1147
1056 1438
1056 1548
1057 1436
1057 1452
1058 1134
1058 1136
1060 1192
1060 1438
1060 1456
1060 1495
1060 1548
1061 1072
1061 1087
1061 1173
1061 1176
1061 1196
1061 1225
1062 1071
1062 1089
1062 1479
1062 1484
1063 1073
1063 1077
1063 1078
1063 1085
1063 1087
1063 1178
1064 1078
1064 1089
1064 1472
1065 1066
1065 1067
1065 1076
1065 1080
1065 1097
1066 1070
1066 1080
1066 1484
1067 1070
1067 1076
1067 1079
1067 1083
1067 1097
1067 1119
1068 1172
1068 1191
1068 1464
1069 1084
1069 1085
1069 1090
1069 1154
1069 1160
1069 1162
1070 1071
1070 1076
1070 1083
1071 1075
1071 1089
1072 1076
1072 1102
1072 1119
1073 1074
1073 1087
1073 1090
1073 1176
1074 1078
1074 1084
1074 1085
1074 1086
1075 1086
1075 1092
1076 1080
1076 1081
1076 1102
1077 1172
1077 1178
1077 1475
1077 1580
1078 1085
1079 1083
1079 1119
1080 1081
1080 1088
1080 1091
1081 1082
1081 1087
1081 1088
1081 1101
1081 1102
1082 1088
1082 1112
1082 1475
1082 1514
1083 1092
1084 1086
1084 1090
1085 1191
1087 1101
1087 1176
1087 1178
1088 1112
1088 1461
1090 1174
1091 1461
1091 1476
1093 1096
1093 1097
1093 1111
1093 1113
1093 1126
1094 1095
1094 1098
1094 1116
1094 1118
1094 1123
1094 1125
1094 1127
1094 1210
1095 1098
1095 1106
1095 1114
1095 1115
1095 1116
1095 1117
1095 1118
1095 1123
1096 1105
1096 1113
1096 1403
1096 1505
1097 1102
1097 1119
1097 1124
1097 1126
1098 1099
1098 1100
1098 1125
1098 1127
1098 1211
1099 1225
1100 1101
1100 1104
1100 1109
1100 1110
1100 1117
1100 1127
1100 1211
1101 1110
1101 1114
1101 1196
1101 1211
1101 1222
1102 1114
1102 1119
1103 1105
1103 1106
1103 1107
1103 1495
1103 1511
1104 1109
1104 1117
1104 1488
1104 1495
1104 1499
1105 1106
1105 1107
1105 1111
1105 1113
1105 1117
1105 1511
1106 1107
1106 1109
1106 1113
1106 1117
1106 1118
1106 1122
1107 1113
1107 1122
1107 1505
1108 1115
1108 1116
1108 1120
1108 1123
1109 1117
1109 1118
1109 1127
1109 1201
1110 1112
1110 1117
1110 1488
1110 1502
1111 1112
1111 1113
1111 1114
1111 1117
1111 1511
1112 1509
1112 1511
1113 1122
1116 1118
1116 1123
1119 1121
1119 1124
1120 1122
1121 1124
1123 1125
1124 1126
1125 1210
1125 1214
1125 1218
1127 1201
1127 1205
1127 1211
1127 1214
1128 1136
1128 1137
1128 1154
1128 1160
1128 1183
1129 1134
1129 1135
1129 1142
1129 1146
1129 1147
1129 1151
1129 1223
1130 1140
1130 1147
1130 1148
1130 1151
1130 1515
1130 1521
1130 1539
1131 1145
1131 1152
1131 1578
1132 1137
1132 1141
1132 1144
1132 1145
1132 1152
1133 1135
1133 1143
1133 1149
1133 1156
1133 1206
1134 1146
1134 1149
1134 1151
1134 1159
1135 1143
1135 1150
1135 1151
1136 1137
1136 1154
1137 1141
1137 1144
1137 1145
1137 1155
1137 1183
1138 1139
1138 1145
1138 1189
1139 1145
1139 1148
1139 1151
1139 1152
1140 1147
1140 1151
1141 1155
1141 1167
1141 1183
1142 1148
1142 1151
1142 1153
1142 1157
1142 1515
1143 1156
1144 1152
1144 1155
1145 1152
1145 1181
1146 1147
1146 1159
1146 1205
1146 1223
1147 1151
1147 1548
1148 1153
1148 1515
1148 1538
1149 1159
1150 1158
1153 1523
1153 1549
1154 1160
1154 1162
1154 1183
1156 1203
1156 1216
1157 1158
1157 1202
1157 1217
1157 1601
1158 1217
1159 1205
1159 1210
1160 1174
1160 1183
1161 1164
1161 1166
1161 1175
1161 1197
1161 1215
1162 1174
1162 1177
1162 1182
1162 1183
1162 1186
1162 1191
1163 1184
1163 1185
1163 1550
1163 1559
1163 1575
1164 1166
1164 1169
1165 1171
1165 1172
1165 1178
1165 1185
1165 1190
1165 1222
1165 1550
1165 1580
1165 1615
1166 1169
1166 1171
1166 1175
1166 1179
1166 1185
1167 1179
1167 1181
1167 1186
1167 1187
1167 1188
1168 1169
1168 1171
1168 1185
1169 1179
1169 1187
1170 1175
1170 1176
1170 1177
1170 1186
1171 1185
1171 1190
1172 1177
1172 1178
1172 1580
1173 1175
1173 1176
1173 1196
1173 1226
1174 1183
1176 1178
1177 1178
1177 1182
1177 1185
1177 1186
1178 1190
1179 1180
1179 1181
1179 1182
1179 1185
1179 1186
1180 1181
1180 1578
1181 1182
1181 1184
1182 1184
1182 1186
1184 1189
1184 1552
1187 1188
1189 1521
1189 1552
1189 1578
1190 1193
1190 1196
1190 1222
1192 1201
1192 1456
1192 1548
1192 1601
1193 1194
1193 1215
1194 1195
1194 1198
1194 1200
1194 1209
1194 1212
1195 1198
1195 1200
1195 1202
1195 1204
1195 1212
1195 1216
1195 1217
1196 1211
1196 1222
1197 1208
1197 1215
1197 1224
1198 1202
1198 1209
1198 1212
1198 1220
1198 1588
1199 1213
1199 1222
1199 1590
1199 1616
1200 1201
1200 1202
1200 1209
1200 1213
1201 1205
1201 1213
1201 1223
1202 1209
1202 1217
1202 1223
1202 1601
1203 1204
1203 1216
1203 1221
1204 1206
1204 1214
1204 1216
1205 1206
1205 1210
1205 1214
1205 1223
1206 1214
1206 1217
1206 1223
1207 1211
1207 1214
1207 1218
1207 1226
1208 1215
1208 1221
1209 1213
1209 1588
1209 1592
1209 1605
1210 1214
1212 1216
1212 1221
1213 1590
1214 1218
1216 1217
1216 1221
1217 1223
1218 1225
1218 1226
1219 1220
1219 1310
1219 1619
1220 1304
1220 1310
1220 1605
1222 1616
1225 1226
1227 1300
1227 1335
1227 1421
1228 1238
1228 1239
1228 1255
1228 1258
1228 1342
1229 1234
1229 1249
1229 1297
1229 1298
1229 1620
1230 1240
1230 1241
1231 1232
1231 1245
1231 1246
1231 1257
1231 1319
1231 1320
1232 1309
1232 1319
1232 1321
1232 1549
1233 1324
1233 1388
1234 1243
1234 1245
1234 1249
1234 1297
1234 1309
1234 1620
1235 1236
1235 1247
1235 1272
1235 1276
1236 1237
1236 1253
1236 1272
1236 1519
1236 1527
1236 1566
1237 1247
1237 1249
1237 1254
1237 1519
1238 1244
1238 1248
1238 1252
1238 1324
1239 1243
1239 1245
1239 1249
1239 1250
1239 1255
1239 1258
1240 1244
1240 1252
1240 1257
1241 1251
1241 1254
1241 1290
1241 1523
1242 1247
1242 1248
1242 1251
1242 1253
1242 1254
1242 1284
1243 1245
1243 1249
1244 1250
1244 1252
1244 1254
1245 1250
1245 1320
1246 1250
1246 1252
1246 1257
1246 1320
1246 1322
1246 1323
1247 1254
1247 1258
1248 1276
1248 1283
1248 1338
1248 1378
1250 1252
1250 1335
1251 1284
1251 1291
1252 1325
1253 1254
1253 1259
1253 1272
1253 1290
1253 1522
1254 1259
1255 1258
1256 1259
1256 1528
1256 1529
1256 1530
1259 1519
1259 1523
1260 1261
1260 1263
1260 1279
1260 1280
1261 1263
1261 1264
1261 1279
1261 1280
1261 1288
1261 1573
1262 1265
1262 1284
1262 1290
1263 1266
1263 1280
1263 1286
1263 1288
1264 1282
1264 1292
1265 1269
1265 1278
1265 1288
1266 1272
1266 1280
1266 1284
1266 1286
1266 1290
1267 1271
1267 1277
1267 1288
1267 1289
1268 1273
1268 1277
1268 1289
1268 1293
1268 1294
1268 1295
1268 1316
1269 1274
1269 1284
1269 1285
1269 1288
1270 1273
1270 1278
1270 1575
1271 1277
1271 1294
1271 1361
1271 1368
1272 1286
1272 1566
1273 1288
1273 1289
1273 1314
1274 1281
1274 1285
1274 1291
1274 1356
1275 1283
1275 1287
1275 1292
1275 1365
1275 1368
1276 1283
1276 1286
1277 1293
1277 1294
1277 1295
1277 1374
1278 1293
1279 1562
1279 1573
1280 1565
1280 1570
1280 1573
1281 1291
1281 1356
1281 1388
1282 1289
1283 1287
1283 1338
1283 1378
1283 1384
1284 1290
1285 1286
1285 1287
1285 1291
1287 1356
1287 1368
1287 1378
1289 1294
1289 1296
1289 1316
1290 1522
1290 1564
1293 1295
1294 1295
1294 1299
1294 1316
1294 1361
1295 1316
1295 1371
1295 1374
1295 1382
1296 1299
1296 1308
1296 1311
1297 1298
1298 1306
1298 1318
1299 1361
1299 1415
1300 1315
1300 1317
1300 1392
1300 1411
1300 1421
1300 1423
1301 1312
1301 1313
1301 1317
1301 1402
1302 1309
1302 1312
1302 1317
1302 1318
1303 1304
1303 1307
1303 1308
1303 1310
1303 1314
1303 1318
1303 1610
1304 1309
1304 1321
1304 1588
1304 1610
1305 1307
1305 1603
1306 1311
1307 1308
1307 1314
1307 1318
1307 1586
1307 1608
1308 1314
1309 1318
1309 1319
1309 1321
1310 1314
1311 1315
1311 1392
1312 1313
1312 1317
1312 1422
1313 1319
1314 1586
1315 1392
1315 1421
1316 1410
1317 1320
1317 1411
1317 1422
1318 1610
1319 1320
1321 1549
1321 1588
1321 1610
1321 1620
1322 1323
1322 1325
1322 1335
1322 1345
1322 1423
1323 1345
1324 1329
1324 1332
1324 1337
1324 1388
1325 1329
1325 1331
1325 1335
1325 1337
1325 1345
1326 1330
1326 1346
1326 1353
1326 1452
1327 1332
1327 1334
1327 1353
1327 1363
1327 1369
1327 1458
1328 1330
1328 1334
1328 1341
1328 1343
1328 1346
1328 1348
1328 1429
1329 1337
1329 1347
1329 1349
1330 1346
1330 1429
1330 1452
1331 1337
1331 1345
1331 1346
1332 1349
1332 1372
1332 1388
1332 1389
1333 1336
1333 1341
1333 1418
1333 1425
1333 1447
1334 1337
1334 1339
1334 1346
1334 1348
1334 1349
1334 1363
1334 1458
1336 1340
1336 1341
1336 1343
1336 1345
1336 1350
1336 1397
1336 1412
1337 1343
1337 1346
1337 1349
1338 1342
1338 1384
1338 1389
1339 1354
1339 1385
1339 1435
1339 1442
1339 1458
1340 1341
1340 1343
1340 1344
1340 1347
1340 1350
1340 1352
1341 1343
1341 1344
1341 1350
1341 1425
1341 1428
1341 1447
1343 1344
1343 1346
1343 1347
1343 1348
1344 1348
1344 1428
1344 1435
1345 1397
1345 1423
1347 1348
1347 1349
1348 1349
1348 1351
1348 1354
1349 1351
1349 1389
1350 1352
1350 1398
1350 1401
1350 1412
1350 1425
1350 1428
1351 1354
1351 1375
1352 1394
1352 1401
1354 1385
1355 1361
1355 1387
1356 1368
1356 1373
1356 1374
1357 1359
1357 1366
1357 1369
1358 1376
1358 1379
1358 1380
1358 1386
1358 1391
1359 1366
1359 1367
1359 1370
1359 1372
1359 1373
1360 1386
1360 1390
1362 1376
1362 1377
1362 1379
1362 1409
1362 1424
1363 1364
1363 1369
1363 1375
1363 1385
1363 1458
1364 1367
1364 1369
1364 1381
1364 1385
1364 1477
1365 1368
1365 1383
1365 1384
1365 1387
1366 1367
1366 1369
1366 1377
1366 1484
1367 1369
1367 1370
1367 1376
1367 1377
1367 1391
1368 1372
1368 1373
1369 1479
1370 1372
1370 1373
1370 1380
1370 1383
1371 1374
1371 1382
1371 1409
1372 1373
1372 1375
1372 1378
1372 1389
1373 1376
1373 1382
1374 1382
1375 1383
1375 1384
1375 1389
1376 1377
1377 1379
1377 1391
1378 1388
1378 1389
1379 1391
1379 1404
1379 1424
1379 1461
1379 1487
1380 1381
1380 1383
1380 1387
1380 1390
1381 1481
1382 1407
1382 1409
1383 1384
1383 1387
1384 1389
1385 1458
1385 1485
1386 1396
1390 1480
1391 1459
1391 1461
1392 1411
1392 1421
1393 1397
1393 1405
1393 1411
1393 1412
1393 1413
1393 1419
1394 1405
1394 1412
1394 1421
1394 1423
1395 1399
1395 1406
1395 1407
1395 1415
1396 1404
1396 1416
1396 1426
1396 1487
1396 1512
1397 1412
1398 1401
1398 1408
1398 1412
1398 1420
1398 1425
1398 1426
1399 1420
1400 1403
1400 1408
1400 1413
1400 1418
1400 1505
1402 1411
1402 1422
1403 1404
1403 1408
1404 1424
1404 1487
1405 1416
1405 1420
1406 1407
1406 1409
1406 1413
1406 1416
1406 1419
1407 1409
1407 1410
1407 1415
1407 1419
1408 1416
1408 1418
1408 1426
1408 1496
1408 1505
1409 1417
1409 1419
1410 1414
1410 1415
1410 1419
1410 1422
1411 1422
1411 1423
1412 1418
1412 1425
1413 1417
1413 1419
1414 1417
1415 1419
1416 1420
1416 1426
1417 1419
1418 1425
1418 1505
1419 1422
1420 1426
1421 1423
1424 1461
1424 1487
1425 1447
1426 1496
1426 1512
1427 1440
1427 1446
1427 1454
1428 1435
1428 1446
1428 1493
1429 1436
1429 1437
1429 1449
1429 1452
1430 1434
1430 1439
1430 1445
1430 1454
1430 1544
1431 1442
1431 1454
1432 1482
1432 1581
1432 1582
1433 1434
1433 1451
1433 1531
1434 1439
1434 1525
1434 1531
1434 1535
1435 1442
1435 1446
1436 1437
1436 1449
1436 1452
1437 1441
1437 1443
1437 1451
1438 1451
1438 1456
1438 1548
1439 1440
1439 1445
1439 1448
1439 1451
1439 1531
1439 1533
1439 1534
1439 1535
1440 1441
1440 1445
1440 1446
1440 1448
1440 1451
1440 1453
1440 1500
1441 1446
1441 1448
1441 1451
1441 1453
1441 1498
1442 1448
1442 1449
1442 1454
1443 1447
1444 1450
1444 1473
1444 1478
1444 1485
1445 1457
1445 1533
1445 1547
1446 1447
1446 1448
1446 1493
1446 1498
1447 1498
1448 1451
1448 1454
1449 1450
1449 1452
1449 1463
1450 1465
1451 1534
1452 1458
1453 1491
1453 1497
1453 1498
1453 1500
1453 1543
1455 1472
1455 1536
1456 1497
1456 1534
1456 1543
1456 1548
1457 1503
1458 1463
1459 1462
1459 1469
1459 1474
1459 1476
1460 1464
1460 1465
1460 1470
1460 1472
1460 1475
1460 1476
1461 1476
1461 1487
1462 1484
1463 1465
1463 1477
1463 1479
1463 1485
1464 1556
1464 1568
1465 1470
1465 1472
1465 1477
1466 1469
1466 1471
1466 1474
1466 1480
1466 1483
1467 1471
1467 1486
1467 1514
1467 1557
1468 1470
1468 1473
1468 1482
1468 1483
1468 1556
1468 1557
1468 1581
1469 1470
1469 1474
1470 1473
1470 1478
1471 1483
1471 1486
1471 1501
1471 1560
1471 1600
1473 1478
1473 1482
1474 1480
1474 1513
1475 1476
1475 1553
1475 1567
1475 1580
1477 1478
1477 1481
1477 1485
1478 1481
1478 1485
1480 1513
1482 1483
1482 1576
1483 1557
1483 1560
1486 1553
1486 1557
1486 1560
1486 1572
1486 1600
1486 1607
1487 1509
1487 1513
1488 1490
1488 1499
1488 1502
1488 1590
1489 1492
1489 1496
1489 1501
1489 1504
1489 1507
1489 1513
1490 1492
1490 1501
1490 1502
1490 1504
1490 1508
1490 1514
1491 1497
1491 1499
1491 1503
1491 1506
1491 1510
1491 1543
1491 1602
1491 1612
1492 1496
1492 1504
1492 1509
1492 1511
1493 1494
1493 1498
1493 1500
1494 1496
1494 1498
1494 1506
1495 1497
1495 1499
1496 1509
1497 1499
1497 1508
1497 1543
1498 1500
1499 1508
1499 1599
1499 1602
1500 1506
1501 1504
1501 1514
1501 1600
1502 1514
1502 1616
1503 1506
1503 1510
1504 1506
1504 1507
1504 1508
1504 1510
1506 1510
1509 1511
1510 1589
1512 1513
1514 1553
1515 1518
1515 1528
1515 1539
1515 1541
1516 1521
1516 1525
1516 1526
1516 1531
1516 1535
1516 1539
1516 1546
1517 1525
1517 1526
1517 1540
1517 1555
1517 1577
1517 1582
1518 1524
1518 1528
1518 1531
1518 1532
1518 1534
1518 1535
1518 1537
1518 1539
1519 1526
1519 1527
1519 1530
1520 1530
1520 1537
1520 1542
1520 1617
1520 1618
1521 1536
1521 1538
1521 1539
1521 1546
1521 1568
1522 1526
1522 1538
1522 1540
1522 1546
1522 1564
1523 1538
1524 1537
1524 1541
1524 1596
1524 1601
1525 1535
1525 1544
1525 1581
1525 1582
1526 1528
1526 1532
1526 1539
1526 1540
1528 1529
1528 1530
1528 1532
1528 1537
1528 1539
1528 1541
1529 1530
1529 1537
1529 1541
1529 1620
1530 1532
1531 1533
1531 1534
1531 1535
1532 1535
1532 1537
1532 1539
1532 1542
1532 1545
1533 1534
1533 1535
1533 1542
1533 1543
1533 1544
1533 1547
1534 1543
1534 1548
1535 1544
1535 1545
1536 1568
1537 1541
1537 1542
1537 1618
1538 1539
1538 1546
1540 1546
1540 1555
1540 1566
1540 1577
1541 1549
1541 1596
1542 1545
1542 1547
1542 1618
1543 1547
1543 1612
1544 1545
1546 1552
1546 1555
1546 1563
1546 1564
1547 1612
1547 1618
1550 1559
1550 1571
1550 1580
1550 1615
1551 1560
1551 1569
1551 1572
1551 1574
1551 1579
1552 1558
1552 1563
1552 1568
1553 1567
1553 1572
1553 1580
1553 1607
1553 1616
1554 1558
1554 1559
1554 1561
1554 1563
1554 1569
1554 1570
1555 1556
1555 1563
1555 1576
1555 1577
1556 1557
1556 1568
1556 1581
1557 1561
1557 1567
1558 1559
1558 1561
1558 1563
1558 1567
1559 1563
1559 1565
1559 1571
1559 1575
1560 1561
1560 1579
1560 1600
1561 1576
1561 1579
1562 1574
1563 1564
1564 1570
1564 1578
1565 1571
1565 1573
1565 1575
1566 1570
1566 1577
1567 1580
1569 1571
1569 1573
1569 1574
1569 1585
1571 1575
1571 1585
1571 1614
1572 1585
1572 1607
1572 1613
1576 1579
1576 1582
1577 1582
1583 1585
1583 1586
1583 1597
1583 1603
1583 1604
1583 1609
1584 1587
1584 1590
1584 1605
1584 1611
1584 1613
1585 1587
1585 1613
1585 1614
1586 1603
1586 1608
1586 1614
1587 1595
1587 1606
1587 1607
1587 1609
1587 1613
1588 1592
1588 1596
1588 1605
1588 1610
1588 1611
1589 1595
1589 1604
1589 1606
1590 1599
1591 1593
1591 1594
1591 1598
1591 1609
1591 1610
1591 1617
1591 1620
1592 1596
1592 1599
1592 1601
1592 1611
1593 1596
1593 1598
1593 1612
1593 1618
1594 1597
1594 1598
1594 1617
1595 1598
1595 1602
1595 1606
1595 1609
1595 1612
1596 1601
1597 1598
1597 1609
1598 1609
1598 1617
1598 1618
1599 1602
1599 1612
1600 1606
1600 1607
1602 1606
1602 1612
1604 1606
1605 1608
1605 1611
1605 1619
1606 1607
1607 1613
1608 1609
1608 1610
1608 1611
1608 1614
1609 1611
1610 1611
1612 1618
1613 1614
1613 1615
1613 1616
1614 1619
1615 1616
1615 1619
1617 1618
