0.05641000 0.23193000 0.18981000
0.12743000 0.04556000 0.15062000
0.05409000 0.10650000 0.04455000
0.13543000 0.03445000 0.24546000
0.20404000 0.06094000 0.27941000
0.14773000 0.10579000 0.30324000
0.21447000 0.16489000 0.31444000
0.20953000 0.17647000 0.13625000
0.10771000 0.21751000 0.05381000
0.12707000 0.09473000 0.08967000
0.09446000 0.20323000 0.26022000
0.23305000 0.12776000 0.08535000
0.16483000 0.18604000 0.27533000
0.14037000 0.10393000 0.19075000
0.02289000 0.09821000 0.11179000
0.05578000 0.10243000 0.22897000
0.04978000 0.04881000 0.16343000
0.14963000 0.16162000 0.09891000
0.02513000 0.20513000 0.27080000
0.10051000 0.16834000 0.16795000
0.19323000 0.05888000 0.15019000
0.07127000 0.14626000 0.10198000
0.21257000 0.12277000 0.19184000
0.04910000 0.16846000 0.02238000
0.19005000 0.15161000 0.01212000
0.18718000 0.02525000 0.05159000
0.00966000 0.04911000 0.22847000
0.08129000 0.06610000 0.29164000
0.16059000 0.22808000 0.09332000
0.23429000 0.21126000 0.06199000
0.06737000 0.00138000 0.21743000
0.20944000 0.00957000 0.21941000
0.11211000 0.00179000 0.31001000
0.10577000 0.10239000 0.47160000
0.19776000 0.00934000 0.34830000
0.16955000 0.16490000 0.56075000
0.13722000 0.02984000 0.40456000
0.18577000 0.10504000 0.49938000
0.14500000 0.03528000 0.62987000
0.17984000 0.14487000 0.38148000
0.24194000 0.10543000 0.43416000
0.04683000 0.22866000 0.44040000
0.09770000 0.17724000 0.61403000
0.04145000 0.06167000 0.47931000
0.06357000 0.03703000 0.54743000
0.22835000 0.04894000 0.54084000
0.13323000 0.20499000 0.50982000
0.08211000 0.07079000 0.61812000
0.21683000 0.03649000 0.42355000
0.20033000 0.23774000 0.52779000
0.04373000 0.19612000 0.35643000
0.01361000 0.15542000 0.41610000
0.12904000 0.08231000 0.54772000
0.13413000 0.22065000 0.37604000
0.08623000 0.13203000 0.33991000
0.03306000 0.03103000 0.35110000
0.10142000 0.17830000 0.44080000
0.04591000 0.08846000 0.39329000
0.16610000 0.09199000 0.42505000
0.23781000 0.09547000 0.59911000
0.05324000 0.15910000 0.55301000
0.01676000 0.23163000 0.52103000
0.12201000 0.03512000 0.48563000
0.20959000 0.23887000 0.62855000
0.18762000 0.18858000 0.44658000
0.23003000 0.24143000 0.40720000
0.17294000 0.10859000 0.63939000
0.23858000 0.14615000 0.65637000
0.00066000 0.21884000 0.65999000
0.05422000 0.07908000 0.82347000
0.19822000 0.09550000 0.71284000
0.15821000 0.08606000 0.79116000
0.01578000 0.14844000 0.93726000
0.06783000 0.13334000 0.70278000
0.19731000 0.01781000 0.69582000
0.20594000 0.19115000 0.93350000
0.16441000 0.04503000 0.97794000
0.00083000 0.12679000 0.69561000
0.18225000 0.16712000 0.77878000
0.02283000 0.06189000 0.99227000
0.20733000 0.13000000 0.85871000
0.11202000 0.24843000 0.70770000
0.10431000 0.07953000 0.74819000
0.21140000 0.22313000 0.74042000
0.11418000 0.05433000 0.84666000
0.15634000 0.18865000 0.87329000
0.23088000 0.06427000 0.89833000
0.10955000 0.17266000 0.98061000
0.09424000 0.14060000 0.83437000
0.08079000 0.08223000 0.93010000
0.07981000 0.19375000 0.76054000
0.17661000 0.02090000 0.77623000
0.05151000 0.17989000 0.87355000
0.13196000 0.18311000 0.71032000
0.18760000 0.10472000 0.93737000
0.17357000 0.02140000 0.86552000
0.04316000 0.02070000 0.67859000
0.02650000 0.03345000 0.88603000
0.02752000 0.23000000 0.98343000
0.00800000 0.24730000 0.78804000
0.24899000 0.12343000 0.98172000
0.01721000 0.17235000 0.76366000
0.17283000 0.24595000 0.95335000
0.09546000 0.24307000 0.87288000
0.24861000 0.24781000 0.84772000
0.21801000 0.26564000 0.19400000
0.18850000 0.30234000 0.06191000
0.05973000 0.29995000 0.21483000
0.13465000 0.35089000 0.21133000
0.21515000 0.44711000 0.23401000
0.14204000 0.47699000 0.07804000
0.05785000 0.40523000 0.06297000
0.12196000 0.46504000 0.19066000
0.18991000 0.49245000 0.01180000
0.05971000 0.36579000 0.24779000
0.24362000 0.27274000 0.01808000
0.21743000 0.46706000 0.10074000
0.12137000 0.32537000 0.03868000
0.10952000 0.43739000 0.27038000
0.17983000 0.42576000 0.17064000
0.13777000 0.29740000 0.11892000
0.01555000 0.31608000 0.03785000
0.23292000 0.38686000 0.03937000
0.14407000 0.27908000 0.32237000
0.17324000 0.43307000 0.30345000
0.17082000 0.36238000 0.11177000
0.00778000 0.38343000 0.19594000
0.15382000 0.25682000 0.25001000
0.14941000 0.40165000 0.03974000
0.06841000 0.34376000 0.10017000
0.20390000 0.32224000 0.28408000
0.04893000 0.43443000 0.19750000
0.05820000 0.47762000 0.30092000
0.00612000 0.48310000 0.09333000
0.00157000 0.32873000 0.14952000
0.10655000 0.38727000 0.15001000
0.18551000 0.38779000 0.24028000
0.03003000 0.32484000 0.31510000
0.22771000 0.36033000 0.16787000
0.11770000 0.37184000 0.29845000
0.08220000 0.25660000 0.11538000
0.00859000 0.25325000 0.07191000
0.23958000 0.43166000 0.33029000
0.02617000 0.45608000 0.40113000
0.11704000 0.44352000 0.59904000
0.03326000 0.29823000 0.53479000
0.15643000 0.39028000 0.61603000
0.07266000 0.32098000 0.44772000
0.04808000 0.39565000 0.44442000
0.21252000 0.46477000 0.61547000
0.19884000 0.40920000 0.48575000
0.14738000 0.49805000 0.47561000
0.01440000 0.36087000 0.64525000
0.18641000 0.30564000 0.63829000
0.13717000 0.45095000 0.51828000
0.20314000 0.44644000 0.41270000
0.17472000 0.34747000 0.48511000
0.11315000 0.47566000 0.35460000
0.14840000 0.31527000 0.55256000
0.21906000 0.26321000 0.33591000
0.07611000 0.45077000 0.47642000
0.02011000 0.43766000 0.52297000
0.07648000 0.38386000 0.61727000
0.09450000 0.36665000 0.38685000
0.14188000 0.41393000 0.37949000
0.11485000 0.39758000 0.45572000
0.05684000 0.30042000 0.61046000
0.13549000 0.30149000 0.40387000
0.07313000 0.36191000 0.51905000
0.11948000 0.25284000 0.45724000
0.21751000 0.28889000 0.47816000
0.07694000 0.27035000 0.36496000
0.24374000 0.40950000 0.60671000
0.23969000 0.34450000 0.55417000
0.01121000 0.42819000 0.33512000
0.11243000 0.25374000 0.57626000
0.22420000 0.48456000 0.70802000
0.15820000 0.27722000 0.75543000
0.08421000 0.43792000 0.92938000
0.17876000 0.49048000 0.91604000
0.07130000 0.38934000 0.70724000
0.07494000 0.47719000 0.80494000
0.06670000 0.32452000 0.75093000
0.18563000 0.39640000 0.68914000
0.14680000 0.36634000 0.80959000
0.04506000 0.44365000 0.73167000
0.16441000 0.25416000 0.86179000
0.14303000 0.30879000 0.94193000
0.22570000 0.41692000 0.89312000
0.00860000 0.31740000 0.79054000
0.10332000 0.38697000 0.98032000
0.11595000 0.42136000 0.84974000
0.18665000 0.38269000 0.96226000
0.05817000 0.39709000 0.83134000
0.04124000 0.30223000 0.88840000
0.00241000 0.33890000 0.71289000
0.08970000 0.49064000 0.99746000
0.22350000 0.30084000 0.75286000
0.04906000 0.26776000 0.68380000
0.07601000 0.27135000 0.99264000
0.20995000 0.35137000 0.86824000
0.11805000 0.42473000 0.75729000
0.10324000 0.30638000 0.84633000
0.21552000 0.37457000 0.78633000
0.16080000 0.46349000 0.80542000
0.14791000 0.45655000 0.68366000
0.11238000 0.48890000 0.89052000
0.23074000 0.44105000 0.77739000
0.21484000 0.47351000 0.84833000
0.04443000 0.34443000 0.95591000
0.01218000 0.45013000 0.89873000
0.23764000 0.35435000 0.68868000
0.21836000 0.32885000 0.99457000
0.12832000 0.35707000 0.67605000
0.00119000 0.45328000 0.80278000
0.23902000 0.49485000 0.95888000
0.03337000 0.51985000 0.16774000
0.20668000 0.73996000 0.27409000
0.22836000 0.66512000 0.24875000
0.21517000 0.72650000 0.14375000
0.05144000 0.61255000 0.14594000
0.01933000 0.66254000 0.09280000
0.11848000 0.67142000 0.03993000
0.08056000 0.63521000 0.27901000
0.19862000 0.63721000 0.13761000
0.00534000 0.72109000 0.25743000
0.24826000 0.56346000 0.07114000
0.17608000 0.52120000 0.20139000
0.00768000 0.66536000 0.33057000
0.18091000 0.53574000 0.07572000
0.05468000 0.66818000 0.02180000
0.11516000 0.62266000 0.11672000
0.18161000 0.61125000 0.21003000
0.08765000 0.73509000 0.27017000
0.15338000 0.60436000 0.28532000
0.15985000 0.74975000 0.19450000
0.20949000 0.59075000 0.01317000
0.08431000 0.73853000 0.17393000
0.11664000 0.62814000 0.19998000
0.09837000 0.53419000 0.29522000
0.03713000 0.66696000 0.18953000
0.07032000 0.57687000 0.22535000
0.19115000 0.53457000 0.29920000
0.09627000 0.51257000 0.11680000
0.12314000 0.74605000 0.02188000
0.15114000 0.67904000 0.16030000
0.14606000 0.68139000 0.26050000
0.17798000 0.71415000 0.07664000
0.19267000 0.64533000 0.05631000
0.10311000 0.56098000 0.04539000
0.05626000 0.59863000 0.00435000
0.00292000 0.53356000 0.29088000
0.13593000 0.60954000 0.00826000
0.20381000 0.65134000 0.32946000
0.00185000 0.55404000 0.05665000
0.16425000 0.66305000 0.63696000
0.23334000 0.55018000 0.43537000
0.18423000 0.71865000 0.40110000
0.06465000 0.66538000 0.59573000
0.16381000 0.64495000 0.43213000
0.01200000 0.65594000 0.44142000
0.12966000 0.62692000 0.34739000
0.07079000 0.73100000 0.54028000
0.05981000 0.52719000 0.44373000
0.02953000 0.72384000 0.39030000
0.10186000 0.60212000 0.66522000
0.06335000 0.56986000 0.59871000
0.08656000 0.61272000 0.44680000
0.08162000 0.68638000 0.45208000
0.12610000 0.64052000 0.57348000
0.12710000 0.57378000 0.59164000
0.21795000 0.63316000 0.57262000
0.13921000 0.68964000 0.50233000
0.19421000 0.74866000 0.57413000
0.23525000 0.56942000 0.59944000
0.15724000 0.53334000 0.53283000
0.07143000 0.50656000 0.59545000
0.14219000 0.53221000 0.66460000
0.04081000 0.61054000 0.36664000
0.13581000 0.56946000 0.39143000
0.23693000 0.61716000 0.43899000
0.14403000 0.72368000 0.64149000
0.03579000 0.61020000 0.54965000
0.14941000 0.59902000 0.50697000
0.03986000 0.54019000 0.36440000
0.06437000 0.71055000 0.65478000
0.11382000 0.69570000 0.34076000
0.04159000 0.54148000 0.52720000
0.23610000 0.50117000 0.51260000
0.22721000 0.59145000 0.33655000
0.02430000 0.56145000 0.88265000
0.06701000 0.63388000 0.85703000
0.21040000 0.61580000 0.78335000
0.15182000 0.52143000 0.75885000
0.19243000 0.66009000 0.96887000
0.17290000 0.65928000 0.74736000
0.05015000 0.51541000 0.70345000
0.09401000 0.69272000 0.84747000
0.02112000 0.62340000 0.92224000
0.15643000 0.70809000 0.82009000
0.24688000 0.72010000 0.94427000
0.04141000 0.72952000 0.88946000
0.24701000 0.61542000 0.95368000
0.15088000 0.54331000 0.98048000
0.10371000 0.59758000 0.92956000
0.21505000 0.54936000 0.74902000
0.11415000 0.67070000 0.70524000
0.00654000 0.65854000 0.83736000
0.17704000 0.62535000 0.88148000
0.23163000 0.65107000 0.70026000
0.23410000 0.69937000 0.80410000
0.14047000 0.56106000 0.88148000
0.00985000 0.62732000 0.69411000
0.14286000 0.70497000 0.95897000
0.10333000 0.57490000 0.79705000
0.06051000 0.64707000 0.77294000
0.08752000 0.72568000 0.73584000
0.04643000 0.54411000 0.95576000
0.07622000 0.67161000 0.93399000
0.21499000 0.56358000 0.90216000
0.05406000 0.73432000 0.80077000
0.00536000 0.69808000 0.75714000
0.13708000 0.74713000 0.90141000
0.00969000 0.74241000 0.68519000
0.00816000 0.54675000 0.75339000
0.20579000 0.58403000 0.67292000
0.24258000 0.80593000 0.26352000
0.10681000 0.91162000 0.30571000
0.04860000 0.96196000 0.14176000
0.16185000 0.83241000 0.27679000
0.16802000 0.98687000 0.15880000
0.00974000 0.79319000 0.26710000
0.13704000 0.79461000 0.14537000
0.14772000 0.89301000 0.17182000
0.24079000 0.80025000 0.10395000
0.05085000 0.85272000 0.15529000
0.10862000 0.93709000 0.00948000
0.01182000 0.88222000 0.08368000
0.24027000 0.93225000 0.04831000
0.04411000 0.93350000 0.05514000
0.09284000 0.89281000 0.12492000
0.04569000 0.76091000 0.09563000
0.04940000 0.95978000 0.29547000
0.21003000 0.76179000 0.02498000
0.21634000 0.92178000 0.21738000
0.07323000 0.86875000 0.02418000
0.07526000 0.99554000 0.05046000
0.02841000 0.87702000 0.23771000
0.23412000 0.94682000 0.14644000
0.15816000 0.86848000 0.08430000
0.08412000 0.80134000 0.25337000
0.13667000 0.82183000 0.02692000
0.22319000 0.86501000 0.31300000
0.02538000 0.81198000 0.03714000
0.14113000 0.96619000 0.08900000
0.19966000 0.82483000 0.04497000
0.00183000 0.98553000 0.08500000
0.24642000 0.95182000 0.29430000
0.17097000 0.97493000 0.00849000
0.24837000 0.86099000 0.19457000
0.16569000 0.76936000 0.33301000
0.03441000 0.82235000 0.58691000
0.05708000 0.86800000 0.34528000
0.22826000 0.83424000 0.50617000
0.09222000 0.96849000 0.55953000
0.06228000 0.84901000 0.46247000
0.03286000 0.91812000 0.45857000
0.14019000 0.76344000 0.51926000
0.19549000 0.88964000 0.54933000
0.10059000 0.81025000 0.36001000
0.06149000 0.87008000 0.64180000
0.08820000 0.89948000 0.51676000
0.15617000 0.89189000 0.63779000
0.16322000 0.84383000 0.43538000
0.23707000 0.80514000 0.35538000
0.09565000 0.95818000 0.38869000
0.09059000 0.77600000 0.60999000
0.11830000 0.82279000 0.54467000
0.15829000 0.90827000 0.46826000
0.16529000 0.77385000 0.44467000
0.16161000 0.98702000 0.56557000
0.23785000 0.78824000 0.63328000
0.06470000 0.98963000 0.47530000
0.17965000 0.98716000 0.47314000
0.21019000 0.85464000 0.62606000
0.24756000 0.85877000 0.42472000
0.24764000 0.94078000 0.37446000
0.04300000 0.91351000 0.57442000
0.22808000 0.94299000 0.47499000
0.07356000 0.95146000 0.63850000
0.09133000 0.76403000 0.44264000
0.13010000 0.87058000 0.37222000
0.00678000 0.76661000 0.50700000
0.24902000 0.76346000 0.43162000
0.23379000 0.98811000 0.57694000
0.15557000 0.84004000 0.67963000
0.22783000 0.82476000 0.79403000
0.08254000 0.77469000 0.94554000
0.12315000 0.84520000 0.95138000
0.16411000 0.89074000 0.84172000
0.20163000 0.91611000 0.75942000
0.22451000 0.84222000 0.71385000
0.16117000 0.86213000 0.76972000
0.03778000 0.99539000 0.76472000
0.13133000 0.91143000 0.92723000
0.17321000 0.78589000 0.96321000
0.04557000 0.96423000 0.93470000
0.01236000 0.86217000 0.84879000
0.21047000 0.96862000 0.80606000
0.04333000 0.97090000 0.83800000
0.10077000 0.98304000 0.70382000
0.18084000 0.82514000 0.89809000
0.08510000 0.87887000 0.86453000
0.03184000 0.78689000 0.75128000
0.04926000 0.80829000 0.88257000
0.09188000 0.89105000 0.78468000
0.08310000 0.81017000 0.70654000
0.11594000 0.78911000 0.83646000
0.06754000 0.91765000 0.70843000
0.10695000 0.97095000 0.88460000
0.21571000 0.84452000 0.97154000
0.14122000 0.75736000 0.76581000
0.22037000 0.92960000 0.88225000
0.10719000 0.98926000 0.80186000
0.10643000 0.99695000 0.96962000
0.23826000 0.91285000 0.96317000
0.24802000 0.81050000 0.90422000
0.24959000 0.91367000 0.67045000
0.24382000 0.75041000 0.75315000
0.00252000 0.80546000 0.95601000
0.18788000 0.75075000 0.70269000
0.38031000 0.15654000 0.17057000
0.36039000 0.04171000 0.29374000
0.48533000 0.21252000 0.07373000
0.37709000 0.21341000 0.02560000
0.26080000 0.23385000 0.14229000
0.39342000 0.06545000 0.13604000
0.27592000 0.12074000 0.18268000
0.46351000 0.24486000 0.29518000
0.26658000 0.04193000 0.02331000
0.29807000 0.12179000 0.10213000
0.33139000 0.09928000 0.25950000
0.46297000 0.04671000 0.03655000
0.30560000 0.22186000 0.01030000
0.26722000 0.01911000 0.24976000
0.43985000 0.10168000 0.08456000
0.32452000 0.06545000 0.06288000
0.44465000 0.08921000 0.23483000
0.27900000 0.22344000 0.21907000
0.32454000 0.20705000 0.14379000
0.40767000 0.19584000 0.31173000
0.43090000 0.15509000 0.23996000
0.27153000 0.05533000 0.11759000
0.39222000 0.22917000 0.20455000
0.34798000 0.23382000 0.27506000
0.45691000 0.15224000 0.16144000
0.30853000 0.05422000 0.18610000
0.45781000 0.15076000 0.02919000
0.34725000 0.14981000 0.03700000
0.47820000 0.16253000 0.29597000
0.28132000 0.13043000 0.29995000
0.34942000 0.00225000 0.04357000
0.35144000 0.07041000 0.55029000
0.38570000 0.15215000 0.64415000
0.45319000 0.20087000 0.44454000
0.38424000 0.00996000 0.46311000
0.42133000 0.02868000 0.58856000
0.44414000 0.05102000 0.50840000
0.30920000 0.05059000 0.47394000
0.38232000 0.19154000 0.38620000
0.29315000 0.11951000 0.48458000
0.34390000 0.03183000 0.39689000
0.41693000 0.08823000 0.36031000
0.35606000 0.08321000 0.63250000
0.44051000 0.09913000 0.44304000
0.28169000 0.24018000 0.45804000
0.27016000 0.04676000 0.36877000
0.32388000 0.21861000 0.57229000
0.48560000 0.02586000 0.64868000
0.45048000 0.19484000 0.64271000
0.31505000 0.12336000 0.57409000
0.38658000 0.21558000 0.47223000
0.30570000 0.09742000 0.38626000
0.42237000 0.14035000 0.55729000
0.31766000 0.18677000 0.46557000
0.25993000 0.19435000 0.52599000
0.36659000 0.10611000 0.46880000
0.45590000 0.15663000 0.37205000
0.48918000 0.17000000 0.51910000
0.28091000 0.03679000 0.63743000
0.28485000 0.18667000 0.38199000
0.36627000 0.16378000 0.52009000
0.31227000 0.16381000 0.64557000
0.34950000 0.01119000 0.53664000
0.43481000 0.24623000 0.38161000
0.30682000 0.08240000 0.96907000
0.36375000 0.15186000 0.94980000
0.33669000 0.08005000 0.88949000
0.29626000 0.12777000 0.83987000
0.49343000 0.21957000 0.74032000
0.45277000 0.07610000 0.86568000
0.33711000 0.00981000 0.88069000
0.27486000 0.06573000 0.80972000
0.43061000 0.01381000 0.96492000
0.38747000 0.05509000 0.73217000
0.38242000 0.14113000 0.86053000
0.35431000 0.12967000 0.77517000
0.49131000 0.11071000 0.97942000
0.30130000 0.17867000 0.78732000
0.43974000 0.16386000 0.94019000
0.44123000 0.22769000 0.99080000
0.46713000 0.14593000 0.85290000
0.30662000 0.23886000 0.72434000
0.42475000 0.19847000 0.83630000
0.36254000 0.23319000 0.87767000
0.44164000 0.10694000 0.72401000
0.31272000 0.09698000 0.70280000
0.36365000 0.07428000 0.81022000
0.42665000 0.09591000 0.96293000
0.46622000 0.03741000 0.73514000
0.42818000 0.02346000 0.81126000
0.36935000 0.04612000 0.98904000
0.49230000 0.08598000 0.67382000
0.27619000 0.17699000 0.91474000
0.42480000 0.21839000 0.74472000
0.34754000 0.24348000 0.79082000
0.27804000 0.00265000 0.71952000
0.49645000 0.03507000 0.91514000
0.25895000 0.13699000 0.73620000
0.44873000 0.24853000 0.90617000
0.27154000 0.00198000 0.95058000
0.37611000 0.46887000 0.04832000
0.48580000 0.32804000 0.28570000
0.34648000 0.45396000 0.30138000
0.34042000 0.39438000 0.14376000
0.34866000 0.26001000 0.06921000
0.36330000 0.45806000 0.15793000
0.42239000 0.31398000 0.21673000
0.48067000 0.44467000 0.18192000
0.26380000 0.30666000 0.23541000
0.33587000 0.36190000 0.31465000
0.37986000 0.33839000 0.04740000
0.30172000 0.32072000 0.04427000
0.38449000 0.35812000 0.26278000
0.25737000 0.30088000 0.10817000
0.45479000 0.38106000 0.16956000
0.47279000 0.42261000 0.04495000
0.43822000 0.47851000 0.25644000
0.38959000 0.40709000 0.19457000
0.32526000 0.28426000 0.15865000
0.31086000 0.36833000 0.21409000
0.41965000 0.29466000 0.32184000
0.45259000 0.40182000 0.25755000
0.28283000 0.44658000 0.23577000
0.40377000 0.36000000 0.11895000
0.31574000 0.42952000 0.07595000
0.27424000 0.44262000 0.15427000
0.45332000 0.30768000 0.03039000
0.34299000 0.31271000 0.23404000
0.45241000 0.26795000 0.11955000
0.42507000 0.48799000 0.11711000
0.25723000 0.46818000 0.03701000
0.40964000 0.39678000 0.32756000
0.25277000 0.35509000 0.33212000
0.49955000 0.26390000 0.00138000
0.43086000 0.30736000 0.44738000
0.37782000 0.33818000 0.38906000
0.33647000 0.46783000 0.37774000
0.29389000 0.36023000 0.49963000
0.35475000 0.48659000 0.45152000
0.26192000 0.27839000 0.58466000
0.46192000 0.48149000 0.50521000
0.33593000 0.28484000 0.56668000
0.39720000 0.46941000 0.52791000
0.43170000 0.34765000 0.61343000
0.48319000 0.36231000 0.37080000
0.43466000 0.49443000 0.41500000
0.44317000 0.41746000 0.58358000
0.36126000 0.27657000 0.65116000
0.38410000 0.40711000 0.41919000
0.32465000 0.28448000 0.41514000
0.34430000 0.36225000 0.55860000
0.46741000 0.39398000 0.45814000
0.39019000 0.31931000 0.52727000
0.30408000 0.36605000 0.62920000
0.34243000 0.46904000 0.58161000
0.26000000 0.44191000 0.52947000
0.29746000 0.40011000 0.41225000
0.41099000 0.39535000 0.50615000
0.34050000 0.41815000 0.51048000
0.30918000 0.25594000 0.34390000
0.28676000 0.46694000 0.43265000
0.48451000 0.26935000 0.66524000
0.42819000 0.26243000 0.55981000
0.26715000 0.33635000 0.42090000
0.49739000 0.33605000 0.50569000
0.28065000 0.28096000 0.93126000
0.36197000 0.38960000 0.68284000
0.28024000 0.34461000 0.84940000
0.43102000 0.46479000 0.85016000
0.44600000 0.39818000 0.80366000
0.30087000 0.41482000 0.88028000
0.37149000 0.33600000 0.92781000
0.48983000 0.39308000 0.87236000
0.35434000 0.33876000 0.75428000
0.35295000 0.46568000 0.96732000
0.35432000 0.29815000 0.85990000
0.28987000 0.44308000 0.69458000
0.43274000 0.30057000 0.74879000
0.28417000 0.44735000 0.94758000
0.41627000 0.36227000 0.86577000
0.44332000 0.33382000 0.93573000
0.44123000 0.48541000 0.93125000
0.47956000 0.49399000 0.79724000
0.28078000 0.29761000 0.67297000
0.36866000 0.26424000 0.97814000
0.48699000 0.42028000 0.71024000
0.34842000 0.38685000 0.82244000
0.31381000 0.35058000 0.96915000
0.38511000 0.42067000 0.90294000
0.41315000 0.27369000 0.82988000
0.27390000 0.39453000 0.74901000
0.30852000 0.48532000 0.84786000
0.31670000 0.45999000 0.77828000
0.38580000 0.41944000 0.76572000
0.29463000 0.29499000 0.80236000
0.48270000 0.31063000 0.88009000
0.42524000 0.41330000 0.67296000
0.37936000 0.39265000 0.98307000
0.49231000 0.34521000 0.70023000
0.44507000 0.37336000 0.99710000
0.32865000 0.57941000 0.26430000
0.35249000 0.51515000 0.19647000
0.26422000 0.51472000 0.27149000
0.31090000 0.54124000 0.04616000
0.47461000 0.57932000 0.19261000
0.39699000 0.54723000 0.12304000
0.29464000 0.60881000 0.02529000
0.48485000 0.59017000 0.27283000
0.27172000 0.68853000 0.19278000
0.29889000 0.64709000 0.25159000
0.43868000 0.68463000 0.25438000
0.41618000 0.53493000 0.31518000
0.33954000 0.74857000 0.26971000
0.45903000 0.66058000 0.33041000
0.43768000 0.59371000 0.05761000
0.38173000 0.73301000 0.16687000
0.29538000 0.69957000 0.08958000
0.44337000 0.63878000 0.18317000
0.48213000 0.72496000 0.16217000
0.30262000 0.58807000 0.15355000
0.43476000 0.65702000 0.07589000
0.36645000 0.67880000 0.11114000
0.27524000 0.68120000 0.01692000
0.38213000 0.64591000 0.29589000
0.36467000 0.62310000 0.06291000
0.37871000 0.61180000 0.17160000
0.49557000 0.51227000 0.04346000
0.41315000 0.58830000 0.25607000
0.28765000 0.51843000 0.14096000
0.26890000 0.73297000 0.32909000
0.25635000 0.62331000 0.11057000
0.45777000 0.51097000 0.18189000
0.25465000 0.57951000 0.23183000
0.43626000 0.74249000 0.04624000
0.29642000 0.55703000 0.33140000
0.30784000 0.74936000 0.19635000
0.41830000 0.59908000 0.34965000
0.48086000 0.69720000 0.64280000
0.48044000 0.54339000 0.36971000
0.27258000 0.57063000 0.49025000
0.41371000 0.69201000 0.47258000
0.45731000 0.58731000 0.63241000
0.26174000 0.65942000 0.50681000
0.49313000 0.72339000 0.56369000
0.29124000 0.71968000 0.63231000
0.37866000 0.56095000 0.49025000
0.33345000 0.73439000 0.47974000
0.44224000 0.67459000 0.55071000
0.37354000 0.62619000 0.48165000
0.27467000 0.66182000 0.40133000
0.35720000 0.58392000 0.57800000
0.36585000 0.69984000 0.54108000
0.43615000 0.56838000 0.55662000
0.35541000 0.69467000 0.33935000
0.45169000 0.64001000 0.45052000
0.30886000 0.52069000 0.52212000
0.35083000 0.66586000 0.42295000
0.40348000 0.53155000 0.61646000
0.49136000 0.59742000 0.49609000
0.28919000 0.61080000 0.59339000
0.41505000 0.73236000 0.35263000
0.29202000 0.50834000 0.62864000
0.31651000 0.63403000 0.33976000
0.25187000 0.72627000 0.51098000
0.31529000 0.66871000 0.94287000
0.43217000 0.61065000 0.91761000
0.28748000 0.63405000 0.75757000
0.39881000 0.53407000 0.76564000
0.45823000 0.54475000 0.68910000
0.45918000 0.64967000 0.69271000
0.44613000 0.70437000 0.85036000
0.40614000 0.52832000 0.89998000
0.36176000 0.58596000 0.67685000
0.30965000 0.51254000 0.92253000
0.35101000 0.61381000 0.88082000
0.43685000 0.56125000 0.82786000
0.30119000 0.58197000 0.70547000
0.35508000 0.50234000 0.70001000
0.41980000 0.66842000 0.76201000
0.46862000 0.69664000 0.92402000
0.33235000 0.55136000 0.81684000
0.41877000 0.59695000 0.74548000
0.40261000 0.70910000 0.92479000
0.35203000 0.60217000 0.77425000
0.48246000 0.53924000 0.94640000
0.35221000 0.61418000 0.96507000
0.47737000 0.60249000 0.78863000
0.40492000 0.56120000 0.97577000
0.27632000 0.53964000 0.86646000
0.26474000 0.60711000 0.84031000
0.43709000 0.71403000 0.70435000
0.38966000 0.66028000 0.84525000
0.27895000 0.51937000 0.77523000
0.34902000 0.69701000 0.72752000
0.30794000 0.68913000 0.84419000
0.37834000 0.68539000 0.99170000
0.40295000 0.74509000 0.80974000
0.45444000 0.64927000 0.99825000
0.25042000 0.66423000 0.88162000
0.45025000 0.83060000 0.07730000
0.40350000 0.99238000 0.10512000
0.46259000 0.97787000 0.01675000
0.39340000 0.85493000 0.02770000
0.46953000 0.98806000 0.14565000
0.38882000 0.99107000 0.23416000
0.30497000 0.78138000 0.09638000
0.40474000 0.77290000 0.27707000
0.34161000 0.95548000 0.29053000
0.29181000 0.95905000 0.00035000
0.28059000 0.97031000 0.19429000
0.44720000 0.99207000 0.30864000
0.43280000 0.89688000 0.08448000
0.41891000 0.84504000 0.16579000
0.42169000 0.92404000 0.21086000
0.35769000 0.89532000 0.22840000
0.32788000 0.97555000 0.11168000
0.37201000 0.92813000 0.10848000
0.44534000 0.84854000 0.26859000
0.30913000 0.84776000 0.26469000
0.33371000 0.89471000 0.01466000
0.46801000 0.77085000 0.25417000
0.36280000 0.80671000 0.12703000
0.38590000 0.88920000 0.30035000
0.48729000 0.97262000 0.23591000
0.33075000 0.77227000 0.02715000
0.34640000 0.82492000 0.20371000
0.26678000 0.86912000 0.09729000
0.25090000 0.99267000 0.08870000
0.49828000 0.83038000 0.14303000
0.44092000 0.95671000 0.55622000
0.38810000 0.84414000 0.54193000
0.48455000 0.94836000 0.65231000
0.49123000 0.85025000 0.47253000
0.48644000 0.99050000 0.51153000
0.40949000 0.92657000 0.62902000
0.44211000 0.79675000 0.49014000
0.46644000 0.84520000 0.54921000
0.34460000 0.77071000 0.39382000
0.34036000 0.82149000 0.63787000
0.38738000 0.95059000 0.50113000
0.47203000 0.88991000 0.60942000
0.41289000 0.80552000 0.36903000
0.31271000 0.82919000 0.42536000
0.43611000 0.90450000 0.43230000
0.43192000 0.83837000 0.61694000
0.30499000 0.88478000 0.61656000
0.35390000 0.87622000 0.45948000
0.32009000 0.81964000 0.51208000
0.37905000 0.77117000 0.53431000
0.28109000 0.91381000 0.49993000
0.30136000 0.78245000 0.58365000
0.30884000 0.97874000 0.48418000
0.30902000 0.96622000 0.38876000
0.46229000 0.92894000 0.33539000
0.47147000 0.83467000 0.34610000
0.30758000 0.90682000 0.34104000
0.38760000 0.91618000 0.37760000
0.47978000 0.95451000 0.44764000
0.48663000 0.91468000 0.51058000
0.33868000 0.95192000 0.58744000
0.39783000 0.77350000 0.61488000
0.32191000 0.81950000 0.34135000
0.44174000 0.99456000 0.40193000
0.37351000 0.99422000 0.65176000
0.26377000 0.98087000 0.85274000
0.49686000 0.88312000 0.83776000
0.34132000 0.91846000 0.71847000
0.33135000 0.85777000 0.93805000
0.37423000 0.76923000 0.91396000
0.28351000 0.80301000 0.97750000
0.38873000 0.87209000 0.68402000
0.33930000 0.83919000 0.82347000
0.47765000 0.90311000 0.98376000
0.44507000 0.96612000 0.74937000
0.41384000 0.99075000 0.89179000
0.35165000 0.82126000 0.72310000
0.47394000 0.79502000 0.98256000
0.43639000 0.92468000 0.83580000
0.43154000 0.85341000 0.96029000
0.39582000 0.86659000 0.89004000
0.39462000 0.79735000 0.99364000
0.38371000 0.90008000 0.78624000
0.49397000 0.88741000 0.71636000
0.28314000 0.94707000 0.75943000
0.44743000 0.81647000 0.84636000
0.39273000 0.93299000 0.95722000
0.32948000 0.92779000 0.88568000
0.33384000 0.77586000 0.79343000
0.33342000 0.98742000 0.80943000
0.42703000 0.85086000 0.74833000
0.31880000 0.76287000 0.70801000
0.31288000 0.77901000 0.88861000
0.40916000 0.77783000 0.74263000
0.54561000 0.02542000 0.24595000
0.69681000 0.02923000 0.27968000
0.54945000 0.10642000 0.16831000
0.57129000 0.07744000 0.07467000
0.63978000 0.11317000 0.31520000
0.55811000 0.13243000 0.24423000
0.69373000 0.20169000 0.17171000
0.58397000 0.17220000 0.05649000
0.60707000 0.21738000 0.25090000
0.63147000 0.17807000 0.31498000
0.70235000 0.11878000 0.06991000
0.67653000 0.19546000 0.08549000
0.66922000 0.12823000 0.17999000
0.60603000 0.06197000 0.19924000
0.62447000 0.01546000 0.28523000
0.54581000 0.18143000 0.29861000
0.51645000 0.21086000 0.16766000
0.51450000 0.11170000 0.04890000
0.64817000 0.16593000 0.24135000
0.71463000 0.22979000 0.02036000
0.70598000 0.21777000 0.31497000
0.53312000 0.16121000 0.10763000
0.69966000 0.03246000 0.18994000
0.65153000 0.04292000 0.12354000
0.63062000 0.14958000 0.11100000
0.58518000 0.20437000 0.13239000
0.50670000 0.07582000 0.27467000
0.73108000 0.19368000 0.24671000
0.63529000 0.12776000 0.02187000
0.51245000 0.04018000 0.14987000
0.56239000 0.01294000 0.09292000
0.54498000 0.24517000 0.24879000
0.51115000 0.02962000 0.32437000
0.70403000 0.14492000 0.62289000
0.53039000 0.22419000 0.54246000
0.54964000 0.09791000 0.35061000
0.61262000 0.00281000 0.59738000
0.65071000 0.15947000 0.41343000
0.72563000 0.18796000 0.38592000
0.68082000 0.08752000 0.47311000
0.61368000 0.17678000 0.48858000
0.67048000 0.07827000 0.60382000
0.59557000 0.13773000 0.55727000
0.53062000 0.20868000 0.62962000
0.66490000 0.08887000 0.38764000
0.57511000 0.07422000 0.57381000
0.61307000 0.09016000 0.50206000
0.52830000 0.20778000 0.41239000
0.55583000 0.10096000 0.44755000
0.58227000 0.04987000 0.42386000
0.74267000 0.00346000 0.35721000
0.72492000 0.24004000 0.62012000
0.51413000 0.11991000 0.58780000
0.71284000 0.19197000 0.51191000
0.54090000 0.13797000 0.65888000
0.74269000 0.12036000 0.46791000
0.50805000 0.06388000 0.54606000
0.61237000 0.21182000 0.58240000
0.73380000 0.03369000 0.54972000
0.66423000 0.02357000 0.48701000
0.61612000 0.23962000 0.35843000
0.72476000 0.13481000 0.33710000
0.60443000 0.24453000 0.50830000
0.56195000 0.03681000 0.63707000
0.74637000 0.07015000 0.40560000
0.68943000 0.00060000 0.64425000
0.60582000 0.11539000 0.78344000
0.57899000 0.21206000 0.88335000
0.57774000 0.24244000 0.80988000
0.61423000 0.01055000 0.78785000
0.62980000 0.11610000 0.89663000
0.71278000 0.16564000 0.89779000
0.68010000 0.17402000 0.81418000
0.64021000 0.17613000 0.70913000
0.54622000 0.03640000 0.80046000
0.54069000 0.08562000 0.73991000
0.74586000 0.19523000 0.82448000
0.64164000 0.07213000 0.82785000
0.64917000 0.07247000 0.98190000
0.64799000 0.23885000 0.78617000
0.56793000 0.20598000 0.74222000
0.67986000 0.03408000 0.92440000
0.60232000 0.11504000 0.68894000
0.56442000 0.16061000 0.82955000
0.51720000 0.15789000 0.91075000
0.73613000 0.06206000 0.68564000
0.71675000 0.08423000 0.95554000
0.50655000 0.21415000 0.82317000
0.63612000 0.22346000 0.98322000
0.67909000 0.10454000 0.70445000
0.50715000 0.13531000 0.77531000
0.73309000 0.14327000 0.75576000
0.55239000 0.06698000 0.87726000
0.55135000 0.15000000 0.99217000
0.71357000 0.10099000 0.82795000
0.58746000 0.07208000 0.95153000
0.74340000 0.19270000 0.67327000
0.74920000 0.17062000 0.97394000
0.68812000 0.37735000 0.24447000
0.65171000 0.47063000 0.28241000
0.62015000 0.37527000 0.13565000
0.73469000 0.40095000 0.18300000
0.68408000 0.49366000 0.06992000
0.52895000 0.34483000 0.22939000
0.54026000 0.39451000 0.09250000
0.59534000 0.36845000 0.04565000
0.57309000 0.47687000 0.13713000
0.66804000 0.25352000 0.21850000
0.73672000 0.28367000 0.21949000
0.68929000 0.40893000 0.30879000
0.59167000 0.45796000 0.23535000
0.69733000 0.40042000 0.08618000
0.61068000 0.42705000 0.08382000
0.52597000 0.45822000 0.08216000
0.56564000 0.39743000 0.26376000
0.69921000 0.48799000 0.20945000
0.57640000 0.27499000 0.30637000
0.55627000 0.34105000 0.15973000
0.60306000 0.33990000 0.27893000
0.67194000 0.43484000 0.14936000
0.69239000 0.29068000 0.32605000
0.63032000 0.32549000 0.19472000
0.52602000 0.40862000 0.32580000
0.66035000 0.32536000 0.02689000
0.54998000 0.40399000 0.17709000
0.58726000 0.31361000 0.09048000
0.72101000 0.33038000 0.06659000
0.71941000 0.46780000 0.29110000
0.72947000 0.26270000 0.13023000
0.64395000 0.25856000 0.07596000
0.74401000 0.44095000 0.06231000
0.57516000 0.25753000 0.05702000
0.74730000 0.33980000 0.25373000
0.65316000 0.48956000 0.00083000
0.50323000 0.34175000 0.10718000
0.73576000 0.48767000 0.00204000
0.54303000 0.32883000 0.37439000
0.65911000 0.27358000 0.45916000
0.61427000 0.41641000 0.36044000
0.54653000 0.45762000 0.53078000
0.66965000 0.28126000 0.58461000
0.65530000 0.34609000 0.34987000
0.64189000 0.49715000 0.36197000
0.57564000 0.28416000 0.44797000
0.60920000 0.34460000 0.65968000
0.62899000 0.37312000 0.48060000
0.59345000 0.45498000 0.62669000
0.54646000 0.28728000 0.59261000
0.69607000 0.33984000 0.48499000
0.52732000 0.44493000 0.59994000
0.66251000 0.44292000 0.42989000
0.73386000 0.47860000 0.55732000
0.64214000 0.42970000 0.57445000
0.60054000 0.45281000 0.48478000
0.50369000 0.26837000 0.48417000
0.60601000 0.31277000 0.55550000
0.71889000 0.41918000 0.60798000
0.71079000 0.40467000 0.39044000
0.52682000 0.46379000 0.36873000
0.72175000 0.32459000 0.61959000
0.69882000 0.41370000 0.51353000
0.57272000 0.38042000 0.55044000
0.73424000 0.29254000 0.45350000
0.69980000 0.47810000 0.63365000
0.73904000 0.33471000 0.37855000
0.50754000 0.26872000 0.39028000
0.70219000 0.25262000 0.38859000
0.62102000 0.49879000 0.55286000
0.74764000 0.34968000 0.55123000
0.50474000 0.48750000 0.66408000
0.56188000 0.25840000 0.67869000
0.66063000 0.40035000 0.70015000
0.64975000 0.45565000 0.92634000
0.61219000 0.46377000 0.84734000
0.68278000 0.46562000 0.73363000
0.68893000 0.26322000 0.89065000
0.71751000 0.25583000 0.71684000
0.67935000 0.43862000 0.80962000
0.72297000 0.38361000 0.81644000
0.56226000 0.30365000 0.85709000
0.52030000 0.29526000 0.75242000
0.72054000 0.48815000 0.90439000
0.57719000 0.30060000 0.95143000
0.54284000 0.49711000 0.85700000
0.58892000 0.33021000 0.77180000
0.62668000 0.27936000 0.87818000
0.54588000 0.44963000 0.92922000
0.69107000 0.32063000 0.95071000
0.60570000 0.44473000 0.70677000
0.65604000 0.37748000 0.83171000
0.65712000 0.38477000 0.92246000
0.62625000 0.28165000 0.69385000
0.59056000 0.37216000 0.93882000
0.66172000 0.34307000 0.75974000
0.51168000 0.38899000 0.98902000
0.67888000 0.28538000 0.81987000
0.74083000 0.33684000 0.86985000
0.51788000 0.40815000 0.80023000
0.58626000 0.39262000 0.76396000
0.73304000 0.38781000 0.93633000
0.51445000 0.32474000 0.96981000
0.74152000 0.40909000 0.69060000
0.56309000 0.39599000 0.67571000
0.58067000 0.44179000 0.99511000
0.68529000 0.41518000 0.98854000
0.54283000 0.53161000 0.18757000
0.57828000 0.53719000 0.05852000
0.65464000 0.71209000 0.17563000
0.55293000 0.59420000 0.23381000
0.51279000 0.73681000 0.06898000
0.68722000 0.60159000 0.12758000
0.51565000 0.64759000 0.16285000
0.61558000 0.57785000 0.12384000
0.57792000 0.64666000 0.19030000
0.66343000 0.60573000 0.24404000
0.60070000 0.69087000 0.04177000
0.64693000 0.52800000 0.22467000
0.64767000 0.62372000 0.01642000
0.59183000 0.64463000 0.28596000
0.50970000 0.65866000 0.25555000
0.52727000 0.56826000 0.11013000
0.63739000 0.51609000 0.12858000
0.67266000 0.66968000 0.10867000
0.54646000 0.66511000 0.09057000
0.59344000 0.56118000 0.30412000
0.72598000 0.64478000 0.05218000
0.69824000 0.52700000 0.30612000
0.74049000 0.63952000 0.28127000
0.61863000 0.71303000 0.28421000
0.69641000 0.58049000 0.04027000
0.72203000 0.64604000 0.18350000
0.69945000 0.73342000 0.11384000
0.71970000 0.55318000 0.22988000
0.59553000 0.74725000 0.14871000
0.55364000 0.50779000 0.25744000
0.74335000 0.70308000 0.01088000
0.54651000 0.72963000 0.65516000
0.71141000 0.52156000 0.42607000
0.64907000 0.70050000 0.51957000
0.70156000 0.63059000 0.40839000
0.64914000 0.52454000 0.62873000
0.68361000 0.52903000 0.54168000
0.58112000 0.54076000 0.60172000
0.74379000 0.72701000 0.44727000
0.55330000 0.72003000 0.36406000
0.59562000 0.55730000 0.51784000
0.63859000 0.53777000 0.42774000
0.53814000 0.64922000 0.62979000
0.57011000 0.71328000 0.52105000
0.55358000 0.64566000 0.48340000
0.55311000 0.53339000 0.39982000
0.61113000 0.59857000 0.58401000
0.70983000 0.74424000 0.56502000
0.64774000 0.63739000 0.47279000
0.51257000 0.54826000 0.62157000
0.68591000 0.58079000 0.58779000
0.66593000 0.64985000 0.63204000
0.74227000 0.68049000 0.64137000
0.51130000 0.52899000 0.53275000
0.50772000 0.67656000 0.39851000
0.61631000 0.68291000 0.42073000
0.52727000 0.59889000 0.42377000
0.61747000 0.71294000 0.61975000
0.71862000 0.59710000 0.66141000
0.65755000 0.56482000 0.36224000
0.50611000 0.73025000 0.44480000
0.73545000 0.61689000 0.54267000
0.52815000 0.50000000 0.46894000
0.69100000 0.53500000 0.74838000
0.56130000 0.70110000 0.92222000
0.59916000 0.64571000 0.85574000
0.73996000 0.51028000 0.82734000
0.63308000 0.55318000 0.69651000
0.57631000 0.71253000 0.81445000
0.53441000 0.67795000 0.76033000
0.66419000 0.72283000 0.82224000
0.64513000 0.71458000 0.71223000
0.60761000 0.62260000 0.67344000
0.74574000 0.60863000 0.93101000
0.73978000 0.71451000 0.87953000
0.71483000 0.58978000 0.85912000
0.64926000 0.61277000 0.92360000
0.69982000 0.54983000 0.94129000
0.52202000 0.56410000 0.88387000
0.66143000 0.70419000 0.93022000
0.71747000 0.69952000 0.76703000
0.68823000 0.60522000 0.77498000
0.73054000 0.63791000 0.73064000
0.66889000 0.54366000 0.85711000
0.63094000 0.64067000 0.75781000
0.57613000 0.57300000 0.82652000
0.54826000 0.61783000 0.94561000
0.68487000 0.66714000 0.85366000
0.60532000 0.66446000 0.96781000
0.54953000 0.58890000 0.68850000
0.54531000 0.51129000 0.97378000
0.50737000 0.55119000 0.74230000
0.62856000 0.53419000 0.93700000
0.50482000 0.65483000 0.88335000
0.55681000 0.50733000 0.72455000
0.50728000 0.73395000 0.87280000
0.62588000 0.50570000 0.75285000
0.61437000 0.74861000 0.87316000
0.52178000 0.80839000 0.27152000
0.64941000 0.85763000 0.06726000
0.73974000 0.83673000 0.19227000
0.69659000 0.95428000 0.29185000
0.57782000 0.94379000 0.28530000
0.53238000 0.89294000 0.03673000
0.59616000 0.80131000 0.09191000
0.58815000 0.89544000 0.10581000
0.56620000 0.77534000 0.22263000
0.56365000 0.86836000 0.24175000
0.68021000 0.84973000 0.28437000
0.66455000 0.89809000 0.20593000
0.69001000 0.76839000 0.18877000
0.52577000 0.90628000 0.31210000
0.70718000 0.90489000 0.09108000
0.52705000 0.92872000 0.10795000
0.56781000 0.95857000 0.21654000
0.63514000 0.90278000 0.28364000
0.64397000 0.77617000 0.03515000
0.69718000 0.80234000 0.10229000
0.72731000 0.91466000 0.18085000
0.53361000 0.80719000 0.06491000
0.62460000 0.97163000 0.09531000
0.65935000 0.84383000 0.15154000
0.63985000 0.96189000 0.22099000
0.71769000 0.98479000 0.13632000
0.59434000 0.77282000 0.30927000
0.50319000 0.90242000 0.22681000
0.53064000 0.96349000 0.01535000
0.71722000 0.93279000 0.01936000
0.67040000 0.99882000 0.00828000
0.57768000 0.75479000 0.02420000
0.51245000 0.75095000 0.31494000
0.55573000 0.91614000 0.65011000
0.58852000 0.78341000 0.41472000
0.73728000 0.89463000 0.50743000
0.54623000 0.97536000 0.58924000
0.69387000 0.84510000 0.59907000
0.59925000 0.91818000 0.56877000
0.55233000 0.91095000 0.41814000
0.67353000 0.99125000 0.55492000
0.58691000 0.98216000 0.52405000
0.54891000 0.81834000 0.52755000
0.66889000 0.91371000 0.62067000
0.70723000 0.79896000 0.50832000
0.54688000 0.80700000 0.65311000
0.50034000 0.79839000 0.39923000
0.53752000 0.86284000 0.59635000
0.56383000 0.76717000 0.58404000
0.62928000 0.81930000 0.50188000
0.63862000 0.78051000 0.57698000
0.61457000 0.92827000 0.46148000
0.69981000 0.96513000 0.42640000
0.64072000 0.91682000 0.39059000
0.63697000 0.85203000 0.41395000
0.54033000 0.83552000 0.34153000
0.70289000 0.86540000 0.41777000
0.66495000 0.90430000 0.52604000
0.56843000 0.85929000 0.46860000
0.54437000 0.99870000 0.45916000
0.54677000 0.98874000 0.38060000
0.73355000 0.86989000 0.33983000
0.63969000 0.84348000 0.66216000
0.67695000 0.75325000 0.39418000
0.73104000 0.78050000 0.97568000
0.65048000 0.89300000 0.73200000
0.66641000 0.91279000 0.81551000
0.62865000 0.92263000 0.90811000
0.61271000 0.78779000 0.69391000
0.56857000 0.98506000 0.72452000
0.70335000 0.94642000 0.89645000
0.71064000 0.80972000 0.77188000
0.65061000 0.85144000 0.86690000
0.65581000 0.79490000 0.91780000
0.69724000 0.87898000 0.94521000
0.50749000 0.95794000 0.92816000
0.54639000 0.89258000 0.90969000
0.59231000 0.78823000 0.95519000
0.57541000 0.85505000 0.97306000
0.56461000 0.82676000 0.79246000
0.50886000 0.96287000 0.80414000
0.74006000 0.88772000 0.86853000
0.53004000 0.75494000 0.96039000
0.61974000 0.77452000 0.79255000
0.61675000 0.96797000 0.85335000
0.71088000 0.80851000 0.86130000
0.55003000 0.81604000 0.89352000
0.56144000 0.92437000 0.73252000
0.57287000 0.96693000 0.95014000
0.63228000 0.92590000 0.98971000
0.50883000 0.79254000 0.81599000
0.71538000 0.98127000 0.72474000
0.73607000 0.99880000 0.81840000
0.54827000 0.98646000 0.86291000
0.68967000 0.78885000 0.68954000
0.65662000 0.84124000 0.99375000
0.62198000 0.99097000 0.67989000
0.51196000 0.75096000 0.73849000
0.50148000 0.82139000 0.71695000
0.94944000 0.23400000 0.02516000
0.94847000 0.21758000 0.20761000
0.96676000 0.02418000 0.02246000
0.77039000 0.07748000 0.15160000
0.78490000 0.13557000 0.04736000
0.80595000 0.05672000 0.03578000
0.76214000 0.24568000 0.27677000
0.90289000 0.06359000 0.01675000
0.98638000 0.07976000 0.30101000
0.94953000 0.01861000 0.29228000
0.94702000 0.05940000 0.19007000
0.87694000 0.20664000 0.23431000
0.93108000 0.15839000 0.12352000
0.77667000 0.16171000 0.18375000
0.78402000 0.07508000 0.25917000
0.87131000 0.12390000 0.30973000
0.88601000 0.09486000 0.08746000
0.84531000 0.15983000 0.18165000
0.87622000 0.14900000 0.03757000
0.80616000 0.21383000 0.06395000
0.93874000 0.11323000 0.23815000
0.91405000 0.20421000 0.33166000
0.95461000 0.08008000 0.11058000
0.86106000 0.19383000 0.10620000
0.80436000 0.14448000 0.30693000
0.82263000 0.23096000 0.16971000
0.87288000 0.03422000 0.27723000
0.86390000 0.09438000 0.20708000
0.99514000 0.20730000 0.12950000
0.87857000 0.00140000 0.11654000
0.75391000 0.18098000 0.10733000
0.99339000 0.15147000 0.18757000
0.85031000 0.00138000 0.20308000
0.96789000 0.03042000 0.47635000
0.92725000 0.04833000 0.53629000
0.78673000 0.03025000 0.44144000
0.90614000 0.08119000 0.47859000
0.99110000 0.11037000 0.55973000
0.79311000 0.07303000 0.52448000
0.88060000 0.05636000 0.41147000
0.89720000 0.16455000 0.55564000
0.82218000 0.15414000 0.63131000
0.81429000 0.12105000 0.46628000
0.77287000 0.01489000 0.62312000
0.91223000 0.23564000 0.57426000
0.93735000 0.05824000 0.35772000
0.84837000 0.06785000 0.64220000
0.78558000 0.18750000 0.47218000
0.96176000 0.21162000 0.47665000
0.97096000 0.16105000 0.35550000
0.84190000 0.21039000 0.59037000
0.75324000 0.08872000 0.58559000
0.97674000 0.00211000 0.56048000
0.88508000 0.00403000 0.47826000
0.76794000 0.23078000 0.41212000
0.98704000 0.16023000 0.62219000
0.94913000 0.23597000 0.39060000
0.82842000 0.08782000 0.37640000
0.85740000 0.17124000 0.43428000
0.92554000 0.12442000 0.40763000
0.87757000 0.22812000 0.45699000
0.85461000 0.09174000 0.53999000
0.90201000 0.13253000 0.65871000
0.82007000 0.02086000 0.33869000
0.80641000 0.18651000 0.38139000
0.99529000 0.13722000 0.49186000
0.76206000 0.17220000 0.59330000
0.88533000 0.20967000 0.65748000
0.80095000 0.22188000 0.66125000
0.93296000 0.16463000 0.75187000
0.96072000 0.10063000 0.98375000
0.97065000 0.05339000 0.92496000
0.94179000 0.23696000 0.70776000
0.91669000 0.23331000 0.95084000
0.75638000 0.21759000 0.91519000
0.87881000 0.13053000 0.90340000
0.83176000 0.05304000 0.81183000
0.78007000 0.02951000 0.89724000
0.99478000 0.03394000 0.81395000
0.98889000 0.12766000 0.85962000
0.90116000 0.01172000 0.79948000
0.89782000 0.10004000 0.78858000
0.84952000 0.07100000 0.94554000
0.78123000 0.02600000 0.74512000
0.92868000 0.19329000 0.83895000
0.83064000 0.18915000 0.86471000
0.77864000 0.14348000 0.87489000
0.87287000 0.05719000 0.72776000
0.98559000 0.22906000 0.90746000
0.83117000 0.17606000 0.71687000
0.85072000 0.21349000 0.93351000
0.88839000 0.05493000 0.89048000
0.79578000 0.11744000 0.97034000
0.82182000 0.17776000 0.99571000
0.81099000 0.00537000 0.97772000
0.85196000 0.27608000 0.04936000
0.77749000 0.28461000 0.02037000
0.84342000 0.28936000 0.26787000
0.83947000 0.30821000 0.12632000
0.75933000 0.45227000 0.23078000
0.82777000 0.41753000 0.30840000
0.85666000 0.47314000 0.16530000
0.89552000 0.30095000 0.20814000
0.77511000 0.48771000 0.14903000
0.78814000 0.34669000 0.10933000
0.84695000 0.35314000 0.32308000
0.81036000 0.46523000 0.04019000
0.86887000 0.43826000 0.23632000
0.91186000 0.26858000 0.09789000
0.85816000 0.40748000 0.04090000
0.84132000 0.35660000 0.19886000
0.96519000 0.25805000 0.31755000
0.93795000 0.49998000 0.24851000
0.93856000 0.40012000 0.07525000
0.88135000 0.47197000 0.07089000
0.99337000 0.25941000 0.23577000
0.87355000 0.40577000 0.12275000
0.95497000 0.45207000 0.12151000
0.82838000 0.33722000 0.04416000
0.80056000 0.40286000 0.17403000
0.94275000 0.35273000 0.15636000
0.93248000 0.41618000 0.18956000
0.90149000 0.36877000 0.25718000
0.92048000 0.44964000 0.00891000
0.97145000 0.39858000 0.27625000
0.98079000 0.39225000 0.01020000
0.75079000 0.40352000 0.28727000
0.99858000 0.45884000 0.25443000
0.95112000 0.34715000 0.59871000
0.80197000 0.26561000 0.48552000
0.77679000 0.39639000 0.41118000
0.89126000 0.46795000 0.61195000
0.80405000 0.36236000 0.47165000
0.99943000 0.44321000 0.62988000
0.94136000 0.27835000 0.62311000
0.79178000 0.40599000 0.62943000
0.88503000 0.44065000 0.34972000
0.90107000 0.47673000 0.43682000
0.95996000 0.30254000 0.49039000
0.76606000 0.43844000 0.48296000
0.83926000 0.44854000 0.48919000
0.89768000 0.28001000 0.50148000
0.81476000 0.46539000 0.40410000
0.89908000 0.38438000 0.47699000
0.76867000 0.28322000 0.65966000
0.86892000 0.34502000 0.43188000
0.85644000 0.33640000 0.52301000
0.78521000 0.26353000 0.57641000
0.94411000 0.37826000 0.37448000
0.84359000 0.39544000 0.58179000
0.79465000 0.45293000 0.57326000
0.87896000 0.27145000 0.37405000
0.82584000 0.49183000 0.63134000
0.93550000 0.43013000 0.54132000
0.96419000 0.47563000 0.46653000
0.82951000 0.30340000 0.62248000
0.96686000 0.37532000 0.45633000
0.98428000 0.31076000 0.40192000
0.93668000 0.47991000 0.34018000
0.91380000 0.42137000 0.66327000
0.98894000 0.35412000 0.53740000
0.79918000 0.29393000 0.34773000
0.90869000 0.32979000 0.34213000
0.98496000 0.49740000 0.58382000
0.84873000 0.49953000 0.55299000
0.92943000 0.26732000 0.87379000
0.85032000 0.36258000 0.89953000
0.94694000 0.35469000 0.95573000
0.94351000 0.33954000 0.75338000
0.89990000 0.47553000 0.73200000
0.80117000 0.37690000 0.98072000
0.90394000 0.45995000 0.92097000
0.98608000 0.39700000 0.75997000
0.79955000 0.44208000 0.87453000
0.98133000 0.45582000 0.97724000
0.77952000 0.29298000 0.90179000
0.79353000 0.47308000 0.79221000
0.83264000 0.47751000 0.70910000
0.91853000 0.37280000 0.86487000
0.87248000 0.37841000 0.76268000
0.86961000 0.32281000 0.70804000
0.84557000 0.49399000 0.85728000
0.80297000 0.34065000 0.70574000
0.83067000 0.25691000 0.76771000
0.85722000 0.28950000 0.92108000
0.87313000 0.41297000 0.96652000
0.80235000 0.38391000 0.83156000
0.75264000 0.25189000 0.78103000
0.90076000 0.28347000 0.75250000
0.89037000 0.43833000 0.79947000
0.76289000 0.32919000 0.76545000
0.79643000 0.47030000 0.94770000
0.84613000 0.32752000 0.80245000
0.95164000 0.44054000 0.84867000
0.96459000 0.28911000 0.95538000
0.83060000 0.26686000 0.84970000
0.89466000 0.31221000 0.99624000
0.76378000 0.48744000 0.67738000
0.85548000 0.49910000 0.98474000
0.90484000 0.49997000 0.81805000
0.97382000 0.60595000 0.10130000
0.93761000 0.50988000 0.08841000
0.83075000 0.54256000 0.16924000
0.95513000 0.71214000 0.17869000
0.99365000 0.58998000 0.23400000
0.99762000 0.74307000 0.32832000
0.81033000 0.70005000 0.22354000
0.89661000 0.73049000 0.22476000
0.94294000 0.52494000 0.16934000
0.79268000 0.60108000 0.20275000
0.78261000 0.61059000 0.12200000
0.75819000 0.71246000 0.09448000
0.89499000 0.72439000 0.14031000
0.90850000 0.66034000 0.08888000
0.84279000 0.63547000 0.07008000
0.91833000 0.58227000 0.22253000
0.76729000 0.57360000 0.05328000
0.93968000 0.62551000 0.32801000
0.97938000 0.72578000 0.09101000
0.90185000 0.57847000 0.08860000
0.82704000 0.53384000 0.05253000
0.87662000 0.64327000 0.16277000
0.84974000 0.59431000 0.26095000
0.87108000 0.65807000 0.31531000
0.81734000 0.68442000 0.11879000
0.78818000 0.52392000 0.24931000
0.88440000 0.67822000 0.01022000
0.95266000 0.63176000 0.18670000
0.75458000 0.69601000 0.32592000
0.80459000 0.74952000 0.00496000
0.00000000 0.70169000 0.01566000
0.85039000 0.50143000 0.29268000
0.86138000 0.56168000 0.52673000
0.82501000 0.65979000 0.47618000
0.78587000 0.55787000 0.60591000
0.80603000 0.55278000 0.47174000
0.84677000 0.54883000 0.35642000
0.80912000 0.72505000 0.41779000
0.85025000 0.62535000 0.41215000
0.96782000 0.63711000 0.57339000
0.88415000 0.68950000 0.57448000
0.91128000 0.71437000 0.43262000
0.92345000 0.58899000 0.52702000
0.91507000 0.63656000 0.45225000
0.96706000 0.69969000 0.62693000
0.78396000 0.63687000 0.37551000
0.95034000 0.67099000 0.38928000
0.91269000 0.58674000 0.61095000
0.77985000 0.70386000 0.55121000
0.80884000 0.62045000 0.57849000
0.89920000 0.54432000 0.41366000
0.95886000 0.59752000 0.39731000
0.75646000 0.51269000 0.35915000
0.99013000 0.56760000 0.62371000
0.98926000 0.54390000 0.45952000
0.97525000 0.74418000 0.44021000
0.96898000 0.70847000 0.51774000
0.75181000 0.50492000 0.48526000
0.92529000 0.55641000 0.33987000
0.90175000 0.74956000 0.60963000
0.84258000 0.54131000 0.68780000
0.78124000 0.73387000 0.81973000
0.91852000 0.60172000 0.77001000
0.85031000 0.68821000 0.76880000
0.91220000 0.73138000 0.92487000
0.83462000 0.62441000 0.75535000
0.94238000 0.55896000 0.99324000
0.89891000 0.57581000 0.90039000
0.77770000 0.66985000 0.93878000
0.85347000 0.55641000 0.80478000
0.84124000 0.69862000 0.96314000
0.86628000 0.60041000 0.98579000
0.83556000 0.72711000 0.88966000
0.93549000 0.63246000 0.99047000
0.91471000 0.67406000 0.69602000
0.79163000 0.72344000 0.73505000
0.97962000 0.71071000 0.93827000
0.91240000 0.66124000 0.80496000
0.78499000 0.51993000 0.89652000
0.95578000 0.64938000 0.90166000
0.98545000 0.61645000 0.77720000
0.85520000 0.66669000 0.86518000
0.79005000 0.56621000 0.75446000
0.97228000 0.71817000 0.85536000
0.77168000 0.62183000 0.82636000
0.96735000 0.50137000 0.73039000
0.91740000 0.56716000 0.68736000
0.83659000 0.68908000 0.66814000
0.76729000 0.86844000 0.12566000
0.86549000 0.82187000 0.25022000
0.96051000 0.86058000 0.28189000
0.83493000 0.83441000 0.12391000
0.93830000 0.96564000 0.20063000
0.96641000 0.91925000 0.04649000
0.79472000 0.85433000 0.28229000
0.85047000 0.95035000 0.30096000
0.78539000 0.98934000 0.21645000
0.83134000 0.84782000 0.02331000
0.93210000 0.79843000 0.25536000
0.89110000 0.90590000 0.22438000
0.99068000 0.98107000 0.25264000
0.85453000 0.91069000 0.12853000
0.87605000 0.95900000 0.04951000
0.92785000 0.95373000 0.12106000
0.85077000 0.77123000 0.16936000
0.90967000 0.87723000 0.15476000
0.92253000 0.77150000 0.09593000
0.85230000 0.75213000 0.08226000
0.90543000 0.81456000 0.17301000
0.76929000 0.77725000 0.29638000
0.89069000 0.86592000 0.05867000
0.79181000 0.92424000 0.25455000
0.82670000 0.87309000 0.20222000
0.90965000 0.92207000 0.30675000
0.81227000 0.91382000 0.06373000
0.95447000 0.83845000 0.07520000
0.89092000 0.75643000 0.00690000
0.97167000 0.79011000 0.18337000
0.97841000 0.86109000 0.15851000
0.83825000 0.88301000 0.32733000
0.94676000 0.79050000 0.02294000
0.76034000 0.78003000 0.07222000
0.77170000 0.99965000 0.07288000
0.77081000 0.87812000 0.58782000
0.96458000 0.84490000 0.60667000
0.78721000 0.84790000 0.41052000
0.82487000 0.76219000 0.62232000
0.88949000 0.89028000 0.49169000
0.90103000 0.85830000 0.36420000
0.87117000 0.78412000 0.40369000
0.88472000 0.75309000 0.49933000
0.83660000 0.84533000 0.49424000
0.82634000 0.91364000 0.52023000
0.96609000 0.76442000 0.57450000
0.91402000 0.81790000 0.51023000
0.98665000 0.93965000 0.53254000
0.84364000 0.88930000 0.41657000
0.84283000 0.95869000 0.38768000
0.84795000 0.97589000 0.54040000
0.95237000 0.98412000 0.36645000
0.81399000 0.76433000 0.52560000
0.80651000 0.79250000 0.35648000
0.91441000 0.90358000 0.60175000
0.91972000 0.94875000 0.43952000
0.82348000 0.91237000 0.60164000
0.87672000 0.81467000 0.62652000
0.91091000 0.98466000 0.58383000
0.99203000 0.91385000 0.62796000
0.77835000 0.96926000 0.54134000
0.97038000 0.81300000 0.41974000
0.98733000 0.89761000 0.37035000
0.75079000 0.93899000 0.36043000
0.98976000 0.83909000 0.52333000
0.76489000 0.79626000 0.56741000
0.90396000 0.75592000 0.33902000
0.99665000 0.81621000 0.33790000
0.93841000 0.92702000 0.74364000
0.81071000 0.85949000 0.78022000
0.89110000 0.88540000 0.67207000
0.89460000 0.98561000 0.71512000
0.87933000 0.83696000 0.75828000
0.78711000 0.94485000 0.89738000
0.98099000 0.79130000 0.83222000
0.78426000 0.80775000 0.81814000
0.91007000 0.94915000 0.91595000
0.79168000 0.86320000 0.91400000
0.89109000 0.88566000 0.94176000
0.98074000 0.95666000 0.88866000
0.91548000 0.83410000 0.83620000
0.82129000 0.90071000 0.97263000
0.97422000 0.92944000 0.81705000
0.96287000 0.88887000 0.89460000
0.82725000 0.80267000 0.90767000
0.94430000 0.76309000 0.68298000
0.76132000 0.85211000 0.98872000
0.87785000 0.77640000 0.85122000
0.98414000 0.99338000 0.71988000
0.97874000 0.84094000 0.73698000
0.78368000 0.92184000 0.79095000
0.93306000 0.79305000 0.76590000
0.87881000 0.78645000 0.69912000
0.84742000 0.95831000 0.77156000
0.91094000 0.90578000 0.81501000
0.83719000 0.97750000 0.87698000
0.84288000 0.90016000 0.84170000
0.90664000 0.80371000 0.93905000
0.83025000 0.85371000 0.69721000
0.82796000 0.94400000 0.67061000
0.75902000 0.86084000 0.67492000
0.76129000 0.78838000 0.68501000
0.99231000 0.92369000 0.96445000
0.95314000 0.85921000 0.99725000
0.75922000 0.91979000 0.70253000
0.90598000 0.99687000 0.99590000
