0.81684719 0.52761369 0.47369975
0.07277369 0.50624763 0.70561834
0.29075121 0.48705761 0.93317167
0.76677523 0.54802255 0.93829098
0.40062788 0.53581698 0.22313387
0.11342010 0.25623414 0.68631838
0.52086125 0.92298065 0.56332022
0.95962482 0.48742081 0.56641965
0.77485780 0.36348522 0.92987251
0.83117425 0.82940701 0.15554916
0.84348766 -0.00422740 0.06599059
0.57390602 1.00005806 0.97295590
0.56721556 0.16842399 0.95609214
0.11661214 -0.05451376 0.76986746
0.50526792 0.82958646 0.06276880
0.91563582 0.92026237 0.13244686
0.51265812 0.53035277 0.68311378
0.29638890 0.02723517 0.43351351
0.72093217 0.32248692 0.44380573
0.44176467 1.00551839 0.78691383
0.45707773 0.65947165 0.77408076
-0.00936995 0.15518047 0.66096419
0.85910260 0.70525081 0.54056605
0.84555386 0.11864593 0.94997692
0.58586433 0.33503999 0.26825368
0.13377697 0.58865437 0.09045849
0.05523100 1.01159368 0.94374060
0.49567580 0.08860922 0.77084299
0.26616800 0.64226109 0.30392495
0.45184928 0.45338823 0.16325416
0.25285237 0.52929063 -0.02472377
0.82812913 0.05086101 0.45213139
0.85378041 0.50998994 0.39496014
0.59867325 0.80581618 0.29401330
0.30108305 0.38063124 0.78421209
0.79670198 0.98881748 0.33652274
0.20777952 0.72039138 0.24859995
0.89032346 0.15661909 0.34706235
1.04727059 0.81285573 0.29373028
0.13041043 0.51379326 0.95424799
0.94420643 0.99138566 0.23956794
0.41771179 0.60408033 0.18570167
0.26965407 0.33967376 0.24318160
0.54730608 0.51670089 0.94941840
0.77709816 0.42140902 0.00454056
0.83255916 0.85914857 0.28669643
0.89225393 0.82611860 0.27670832
0.78666588 0.24815344 0.30671998
0.15411179 0.73294649 0.50480688
0.33188685 0.56008879 0.86850092
0.67877048 0.92348690 0.61108553
0.85960387 0.26932860 0.41914222
0.39305145 0.80906415 0.50820137
0.68641900 0.88840645 0.07121868
0.23426689 0.64006011 0.58021414
0.95728209 0.85194424 0.28025540
0.93449917 0.57713573 0.40493021
0.41645749 0.95787564 0.88849930
0.63454055 0.55239538 0.00010320
0.06265660 0.18238299 0.80284212
0.18030842 0.75832373 0.85297738
0.39259866 0.74602449 0.46053747
0.58943415 0.39740242 0.49676315
0.03377091 0.80195109 0.02553638
0.91869091 0.14586405 0.42992863
0.96344069 0.35563925 0.36823598
0.42354735 0.83705562 0.78650548
0.78757287 0.07014085 0.32103422
0.86881912 0.95326975 0.47610386
0.93626152 0.62716986 0.01047309
0.75427084 0.86858142 0.91792953
0.59160234 0.74396871 0.41605546
0.95151403 0.28711716 0.20959599
0.22944234 -0.00687379 0.01112614
0.51085808 0.48066532 0.63559444
0.82111132 0.34399546 0.38672389
0.40935105 0.65615717 0.43224345
0.64244792 0.22864042 0.21178973
0.53690849 0.30735221 0.46465873
0.44207589 0.10847871 0.83707175
0.92403573 0.91467897 0.76683427
0.51656912 0.37173181 0.55779003
0.58632166 0.60192177 0.84583325
0.56834039 0.42654471 -0.02989528
0.33745530 0.90848786 0.49372954
0.67258158 0.30221592 0.83589980
0.21105167 0.40174745 0.61325616
0.32080381 1.00309657 0.50155793
0.48971514 0.21400345 0.45278859
0.29668312 0.42933380 0.55443128
0.39252309 0.55776627 0.36047007
0.23484003 0.07935479 0.19219822
0.49831396 0.63143516 0.44279339
0.31548715 0.50912920 0.03986537
0.08931964 0.18997132 0.59701153
0.44194331 0.28410225 0.26335756
0.99213201 0.67381355 0.63667951
0.12648922 0.53162798 0.59860502
0.24090507 0.10073867 0.61404944
0.13546680 0.04287104 0.86657677
0.48313475 0.70964771 0.83577318
0.90111507 1.01497599 0.71922192
0.54770935 0.13687473 0.75295340
0.51495656 0.31657682 0.35227351
0.00954387 0.42679267 0.48585546
0.86687084 0.93057541 0.80786284
0.61107862 0.86818418 0.05052114
0.33002756 0.75112274 0.20889506
0.97274438 0.28610155 0.37046739
0.69190377 0.13970699 0.09744901
0.68425047 0.08400979 0.56141608
0.27644499 0.04732037 0.82781266
0.53611696 0.94025297 0.48385146
0.62772705 0.41517893 0.85566269
0.66941998 0.05391584 0.32038967
0.39818446 0.38552226 0.81946184
0.20521966 0.48743286 0.93427396
0.39131494 0.56224786 0.50288975
0.40278477 -0.04907818 0.96975039
0.14031279 0.31871554 0.76950443
0.58769226 0.53470815 0.87257800
0.02460739 0.18108269 0.06111278
0.18273477 0.07944074 0.72476790
0.42997016 0.77870860 0.27833517
0.35126451 0.44559190 0.05697116
0.55513903 0.63732115 0.79162901
0.39022183 0.58441107 -0.01510096
0.21847084 0.02655287 0.53180245
0.47185071 0.12735639 0.22102658
0.36555630 0.47208087 0.56384845
0.09905409 0.95491596 0.92328366
0.06457239 0.87873223 0.32847934
0.58787336 0.65929917 0.33713361
0.11913222 0.35428879 0.64291427
0.15008190 0.98030722 0.08455202
0.00306990 0.70052071 0.06281242
0.73524534 0.91404634 0.16187501
0.44523444 0.40219827 0.05522511
0.08018711 0.24364790 0.89170238
0.38273163 0.70815545 0.20293464
0.19814308 0.26190107 0.09351826
0.87071201 0.68306935 0.68682836
0.94978333 0.55625382 0.50225024
0.89297357 0.66527630 0.79044503
0.45473192 0.51477898 0.35063326
0.89544243 0.49394134 0.33122084
0.23401081 0.42555018 0.21479771
0.09178807 0.03860595 0.30944231
0.20899954 0.84960528 0.13860143
0.40095557 0.68040722 0.71758583
0.23678509 0.91920280 0.05766952
0.17181932 0.95069867 0.53880387
0.87764379 0.48339191 0.69689564
0.54292141 1.06451199 0.51091253
0.37551916 0.37847507 0.47345492
0.04001291 0.47735990 0.44068759
0.11217053 0.32761186 0.25277168
0.70761466 0.43311071 0.50881711
0.32775815 0.33785682 0.43253261
0.29884280 0.15158659 0.30635486
0.24560279 0.86310186 0.98350406
0.25455402 0.78597112 0.02702636
0.16350396 0.40809638 0.99953134
0.09306696 0.84532339 0.04802379
0.52793471 0.12034385 0.85192612
0.96832394 0.88366003 0.65620596
0.89135291 0.48610066 0.46716583
0.33540831 0.67623494 0.91319283
0.93447649 0.46683568 0.16872768
0.21281668 0.05569601 0.34387060
0.02508328 0.21261423 0.63197278
0.76900431 0.88255574 0.67315363
0.42898821 0.13246765 0.72330023
0.46788957 0.70335567 0.36472044
0.76300324 0.82032424 0.17996654
0.71627455 0.02348867 0.88339600
0.85954393 0.42916274 0.13972617
0.84791535 0.91291272 0.58938349
0.22551078 0.45722081 0.57330539
0.05381791 0.36700883 0.79282937
0.48476442 0.42043897 0.51546602
0.78569863 0.15844632 0.91253583
0.47021074 0.52176222 0.99706182
-0.00110226 0.48813790 0.37315096
0.83991027 0.40525181 0.92990354
0.27072685 0.62425927 0.84936269
0.34917292 0.26500787 0.12228587
0.72570403 0.62400418 0.00675629
0.63760724 0.66376879 0.49334771
0.66626661 0.58223988 0.27920333
0.12971101 0.10083328 0.30248986
0.51842261 0.12965334 0.05008068
0.84862604 0.44216098 0.39139929
0.15739910 0.38281314 0.44401399
1.04286006 0.56316432 0.45785526
0.76606386 0.41723905 0.38974396
0.85761626 0.90416221 0.68269904
0.95123027 0.86111955 0.08579209
0.04626285 0.03988153 0.48220472
0.18659067 0.65538721 0.68703306
0.47825003 0.03088536 0.85432472
0.80768698 0.92225245 0.88823162
0.65754151 0.79115749 0.58980256
0.28250025 0.96138617 0.25087986
0.91682264 0.85791829 0.41260759
0.60394550 0.09775621 0.14404504
0.36197806 0.84634220 0.56330394
0.31197996 0.12232502 0.65197561
0.19425948 0.19577056 0.06716584
0.08567955 0.12375568 0.74897151
0.07865767 0.31617866 0.51973502
0.35214047 0.04914796 0.37828372
0.35251648 0.67105696 0.06735152
0.32474764 0.84211604 0.45809333
0.77255895 0.16093289 0.40270826
0.03928571 0.41701633 0.55874106
0.37865439 0.18160206 0.23323965
0.85711544 0.83353018 0.80751119
0.06564966 0.61659632 0.87690472
0.21382837 0.47338522 0.02912790
0.99740325 0.33248031 1.03193386
0.11373252 0.51496938 0.04767640
0.41809299 0.34195219 0.21249600
0.08239114 0.22227444 0.36059573
1.03838212 0.12534173 0.20141711
0.91481640 0.28367532 0.01211053
0.46837644 -0.00160733 0.10836410
0.01677280 0.62365266 0.03858693
0.49188365 0.21600229 0.67728698
0.09470150 0.15509605 0.23149580
0.86318548 0.54614552 0.05217590
0.98998218 0.28120588 0.44894514
0.81832737 1.00288883 0.97359926
0.42724268 0.09568346 0.54260761
0.18521646 0.51533933 0.41586578
0.01468688 0.92584424 0.46915862
0.83323555 0.22031131 0.50070595
0.83101044 0.38492139 0.64460496
0.05215825 0.46074312 0.31085908
0.77873051 0.46323748 0.30546961
-0.00822945 0.89939400 0.55564651
0.70506226 0.55091521 0.90297681
0.03210204 0.29358863 0.76871924
0.39266152 0.83216161 0.17968610
0.54309717 0.18708047 0.82997517
0.68935961 0.58023347 0.52269280
0.64956344 0.66130162 0.09380333
0.21637909 1.00891168 0.44729495
0.24278563 0.97047236 0.67305386
0.99294854 0.74553400 0.64145094
0.32837357 0.33908741 0.08965576
0.32597423 0.93117580 0.81631861
0.76912098 0.85109242 0.82926154
0.34490267 0.61843381 0.10673638
0.63358112 0.78042923 0.84474773
0.81001307 0.52341268 0.33065080
0.13521515 0.02898852 0.55854592
0.06100237 0.74487377 0.55222528
0.73114635 0.13965390 0.79100749
0.61967407 0.05727386 0.80761233
0.85888818 0.15359825 0.47275955
0.80288662 0.68782952 0.37982122
0.44747893 0.54273607 0.78004983
0.14577674 0.42849238 0.77339134
0.73460682 0.18420673 0.33175367
0.83422254 0.19900107 0.32554002
0.13501239 0.59977621 0.71822588
0.51727109 0.29184252 0.78578857
0.76526151 0.96952502 0.26339130
0.74269885 0.74960121 0.42630346
0.28108920 0.20479251 0.25073885
0.94186089 0.44155111 0.49403168
0.81045490 0.91140736 0.36036466
0.35532906 0.88471293 0.76248714
0.63401497 0.67345197 0.82189752
0.17412351 1.02319957 0.97859344
0.89914481 1.01998037 0.53123975
0.83803887 0.59366310 0.31998663
0.22081828 0.18433179 0.87704379
0.86937849 0.49400885 0.94601137
0.66277115 0.39717434 0.26180269
0.41086131 0.72372492 0.12066165
0.88382816 0.18186602 0.86723236
0.67386055 0.76773927 0.24255453
0.87328593 0.26458539 0.32179368
0.97057379 0.38324739 0.83301858
0.64751353 0.63981377 0.57061003
0.74430926 -0.02600741 0.94881019
0.28406073 0.29468327 0.31136588
0.57110683 0.79423281 0.75440837
0.81831433 0.62965911 0.43830372
0.27652357 0.56214473 0.33989756
0.69662939 0.69067274 0.34177339
0.16778685 -0.01271138 0.82385889
0.81455003 0.01681648 0.64219688
0.46302848 0.59330665 0.72022535
0.25138986 0.30200805 0.07961115
0.94741537 0.71841368 0.34579566
0.53482733 0.31895610 -0.02816193
0.58277667 0.12060210 0.53308822
0.85320104 0.65114690 0.01525748
0.45128912 0.66971573 0.50345914
0.93254068 0.69638757 0.08753003
0.11242134 0.39987074 0.16815663
0.69447020 0.88214663 0.69469111
0.62684568 0.41479263 0.71634441
0.83992110 0.15305287 0.70328371
0.93435516 0.25033569 0.91177960
0.80051077 0.06396056 0.83702556
0.20731711 0.50846432 0.76098925
0.21014469 0.22762131 0.35102278
0.62433875 0.18636356 0.29971378
0.99041226 0.03449790 0.89891828
0.36455568 0.86897976 0.07470618
0.52416796 0.44405356 0.11888680
0.69609613 0.61802636 0.33120046
0.45185340 0.28701918 0.68551878
0.04741207 0.28800744 0.62949150
0.74696818 0.92289708 0.77618973
0.57208971 0.86913723 0.17664259
0.82639272 0.69063330 0.93252973
0.62020729 0.03691439 0.10771485
0.68325656 0.85802192 0.35243463
0.49333693 0.88181815 0.18432144
0.28487815 0.52381582 0.76382833
0.38942942 0.33693010 0.61617194
0.18860350 0.22551557 0.68411604
0.31789502 0.70988809 0.78014962
0.34436484 0.22521236 -0.03586740
0.36025040 0.29905707 0.93103367
0.11590560 0.04112481 0.70167188
0.73058338 0.75816181 0.32469606
0.14129633 0.16338195 0.46420027
0.53542487 0.86241985 0.26506019
0.18751934 0.78328011 0.98301007
0.21819669 0.13734261 0.33088187
0.98639325 0.14453672 0.77255403
0.82684961 0.43453157 0.48967110
1.00117486 0.56823559 0.90088073
0.43303968 0.82938759 1.00963957
0.25628927 0.93745279 0.74269415
0.43980426 0.01871820 0.54070873
0.07202275 0.95966739 0.30157590
0.10754606 0.25757468 0.29862821
0.65240935 -0.03432626 0.32912106
0.02795877 0.02538428 0.19578345
0.87013208 0.36646596 0.57795257
0.76532319 0.74518974 0.61444606
0.50107293 0.24777956 0.52538868
0.28642972 0.44633378 0.69514863
0.08901030 0.21653011 0.45065668
0.70628272 0.56398687 0.43972367
0.27437877 0.19854269 0.67158027
0.32463207 0.61441801 0.35204373
0.46786976 0.37745317 0.84095525
0.72352815 0.14413817 0.68494308
0.90084318 0.40569598 0.68074276
0.54977911 0.65495815 0.57139738
0.51967539 0.35505512 0.04669781
0.11888156 0.99453222 0.48841987
0.22946616 0.35151300 0.84644797
0.52640111 0.41714810 0.85583386
0.12470184 0.85197583 0.28565848
0.58782987 0.97055084 0.56361390
0.50593414 0.47734575 0.55130853
0.68705082 0.38506606 0.83760485
0.55218931 0.19292824 0.16461762
0.77109687 0.84253401 0.37143273
0.21149327 0.58262113 0.33513375
0.04198547 0.51422133 0.20220133
0.81098811 0.36617576 0.75192828
0.68291645 0.45285295 0.66961163
0.04345840 0.80581174 0.57982024
0.75370046 0.47561466 0.68939305
0.72111209 0.30196324 0.67909555
0.88385348 0.77108688 0.70927852
0.17401984 0.19067978 0.55382095
0.67013647 0.99474449 0.62945420
0.30062224 0.86515932 0.69152253
0.63877735 0.49810903 0.81737547
0.25166651 0.47757937 0.37610825
0.51040223 0.54171655 0.19457187
0.66937207 0.64284010 0.21850275
0.28408234 0.71754429 0.27909835
0.46673146 0.22457144 0.37189922
0.50031302 0.09473873 0.95133635
0.93183287 0.45896411 0.40842436
0.38165300 0.14090767 0.64890571
0.27165841 0.22966961 0.59296906
0.96937370 0.14072568 0.15531325
0.65203292 0.29187105 0.55262775
0.45609385 0.81287667 0.13755062
0.28189744 0.13165316 1.02258535
0.62171088 0.79351872 0.03492656
0.20746702 0.89751154 0.76613711
0.29988718 0.69323046 0.48713875
0.39738691 0.15152418 0.41940629
0.49176067 -0.05348882 0.89280901
0.82528192 0.86155771 0.02787667
0.05026858 0.73446253 0.69322961
0.58826317 0.23117949 0.63238777
0.17346470 0.28855209 0.34958330
0.53932337 0.05864598 1.00446938
0.40977258 0.34472117 0.09778809
0.72711452 0.22368647 0.88957503
0.27222185 0.23760400 0.11208280
0.98709281 0.75887481 0.09490614
0.75080956 0.21465791 0.58227060
0.70725699 0.78193576 0.66546777
0.98531061 0.60003506 0.54419492
0.72214040 0.86346427 0.24076795
0.39736378 0.60276246 0.85482728
0.29865944 0.78678606 0.87989036
0.97257719 0.77573773 -0.00208850
0.45717341 0.78638005 0.94410234
0.27387409 0.96967230 0.35431495
0.60345994 0.86607962 0.53337740
0.09723280 0.64257195 0.38176522
0.61843495 0.57852288 0.49953963
0.79126691 0.57664524 0.37984903
0.12557254 0.29083050 0.59348384
-0.03026451 0.25688691 0.67743598
0.95441706 1.00393448 0.05139928
0.63423296 0.70525709 0.29008005
0.81251594 0.74554531 0.67763920
0.16639089 0.89087959 0.56499317
0.56578299 0.88711178 0.92715412
0.97808212 0.47495952 0.68311152
0.61087395 0.40294344 0.21096148
0.10114994 0.48356159 0.39977531
0.16243718 0.05243392 0.47002653
0.23428792 0.97078470 0.59434064
0.05117539 0.31517337 0.21777085
0.04353007 0.41802097 0.15596605
0.74133261 0.37171219 0.18896783
0.62874432 0.74477377 0.71232799
0.30924233 0.49812836 0.32871096
0.79199006 0.13182066 0.17748292
0.99438352 0.22638989 0.86590139
0.20319912 0.49836399 0.12118778
0.26226565 0.62558154 0.03708253
0.35510517 0.24559003 0.78750225
0.12558962 0.48620503 0.73998297
0.66091888 0.73417636 0.11872629
0.16377319 0.79604365 0.20659251
0.72166134 0.44741444 0.09046260
0.74909279 0.06211946 0.98675787
0.12515534 0.91432712 0.13914121
1.07807188 0.08763182 0.43105552
0.22037947 0.96616287 0.12238847
0.88606470 0.79403016 0.89548182
0.72136708 0.98504149 0.12732497
0.20227669 0.67323149 0.35136544
0.31454167 0.31499036 0.99656580
0.92275484 0.33569148 0.25571025
0.56743523 0.93538177 0.23509645
0.73037605 0.08671962 0.85635920
0.90653964 0.91908346 0.55268131
0.93298582 0.85486156 0.73763606
0.38394560 0.74410470 0.53415372
0.63755991 0.32928448 0.43162229
0.38390755 0.65666823 0.32352632
0.35950099 0.79960719 0.25482342
0.02791884 0.36012417 0.33748037
0.40780821 0.33548138 0.40088733
0.00453974 0.63650835 0.90623058
0.66269066 0.20345541 0.72176016
0.88226644 0.27606228 0.23672811
0.88331028 0.76941924 0.34004758
0.41317489 0.34344909 -0.00335763
0.32592477 0.24923021 0.70634412
0.07508305 0.91495239 0.51967307
0.01493098 0.01403847 0.76722313
0.78063156 0.82558041 0.09362065
0.32455355 0.90707355 0.62914905
0.92408998 0.20260373 0.10901938
0.95263275 0.53933010 0.67995653
0.32917461 0.00220900 0.81390679
0.66151038 0.88238046 -0.00811660
0.61407740 0.89503814 0.83433147
0.68627658 0.50329578 0.47753951
0.74585028 0.86547769 0.47013176
0.83878916 0.10498479 0.03300941
0.15471695 0.79116695 0.58945703
0.50494506 0.59887999 0.37298825
0.51250237 0.23698093 0.31133791
0.68597341 0.31176343 0.37316848
0.92706104 0.07941662 0.32577615
0.83173244 0.75142368 0.06754204
0.36008262 0.12647220 0.95857731
0.25823277 0.67592502 0.64254576
0.63671659 0.33024154 0.65005917
0.79133375 0.28387025 0.16106136
0.09211884 0.70891549 0.23510666
0.07711867 0.97296844 0.56900441
0.47568068 0.82888493 0.23125294
0.66141813 -0.03371650 0.92487564
0.20811071 0.65242499 0.92583998
0.71181556 0.29278242 0.91630445
0.22121464 0.10997063 0.92880253
0.57992650 0.47428532 0.22131274
0.49513082 0.87386465 0.47266350
0.58350961 0.07025339 0.71159717
0.74331542 0.35039241 0.04057613
0.51867392 0.80034309 0.69149814
0.52020022 0.46406793 0.91234572
0.49744043 0.71573226 0.61327964
0.44418944 0.92063663 0.56342528
0.84891750 0.27930710 0.95102968
0.22291832 0.38572552 0.69566639
0.01655810 0.81503680 0.79196575
0.59536401 0.29251912 0.96259422
0.08251279 0.70393022 0.03447023
0.36950523 0.93315992 0.57881612
0.79964155 0.04985860 0.04487074
0.81006480 0.96397774 0.41544081
0.40760138 0.18639253 0.75864865
0.06742982 0.23109046 0.52981610
0.53305026 0.36973748 0.12781823
0.76830235 0.19212963 1.05573486
0.54218636 0.98972331 0.37466778
0.47730843 0.89482326 0.39337332
0.79650618 0.30647936 0.61895028
0.56127324 0.94253389 0.83942929
0.41801616 0.76676783 0.36602374
0.78124190 0.40353675 0.12373021
0.71580508 0.54866833 0.59815020
0.48414268 0.38412154 0.62668909
0.08139393 0.92406311 0.22167698
0.33971244 0.04236732 0.61555858
0.78663817 0.07747732 0.92042825
0.45542394 0.59721943 0.51097369
0.87956182 0.79382938 0.51422379
0.37225437 0.46860869 0.31248211
0.82419696 0.53025295 0.65649352
0.57794465 0.37847257 0.88886967
0.55833373 0.75256471 -0.01432841
0.94116335 0.15337163 0.83878417
0.33553330 0.58852967 0.03034634
0.19821225 0.82428852 0.29484401
0.08233758 0.18366457 0.11532329
0.74319946 0.94925910 0.70106822
0.84437488 0.13473390 0.81970270
0.36855191 0.18518538 0.04081267
0.59126813 0.75381032 0.50625658
0.11480459 0.09379593 0.51399271
0.24233803 0.27872677 0.69517933
0.61592151 0.56569459 0.35563735
0.83461078 0.26666040 0.03056976
0.11224887 0.87633488 0.79354223
0.18887210 1.02625797 0.28427108
0.42333762 0.81548250 0.69488423
0.98149115 0.74572631 0.74113925
0.87826584 0.58964858 0.91416313
0.57064739 0.15363695 0.08779995
0.30501493 -0.03128160 0.97209315
0.46738195 0.15535985 0.42376441
0.25503288 0.71359478 0.81394040
0.55145928 0.34630563 0.71305940
0.42016631 0.77992086 0.59254286
0.90995737 0.53036763 0.58765326
0.06489254 0.42821299 -0.00340371
0.93559609 0.69419140 0.71741357
0.87197694 0.06553934 0.83237428
0.96782992 0.18518851 0.99151423
0.79259826 0.17916203 0.63963449
0.78802075 0.08392115 0.11427577
0.28196552 0.16228738 0.94854256
0.33280001 0.46435576 0.14850888
0.64578150 0.53145410 0.55848440
0.97301655 0.99207487 0.13621848
0.69169075 0.09185247 0.17568022
0.61972548 0.29086597 0.17577075
0.41185207 0.37455130 0.33261079
0.58446234 0.37693855 0.58073045
0.72312459 0.59728808 0.19238135
0.26502794 0.51590315 0.51273561
0.08923350 0.79432599 0.77931931
0.67264823 0.18421406 0.54771381
0.97122194 0.82253072 0.57966543
0.57134570 0.40902375 0.66212663
0.24800717 0.55488838 0.85335600
0.15502040 0.84846809 0.61961145
0.97185104 0.40914027 0.66119840
0.18547311 0.57921849 0.14020296
0.91904388 0.77339018 0.80378042
0.54600045 0.93488055 -0.01289842
0.33545719 0.19661997 0.14244024
0.37601821 0.27760835 0.43255003
0.30348137 0.94861988 0.54991570
0.58194595 0.03122558 0.18477775
0.08740577 0.85711589 0.41925085
0.57564848 0.46784522 0.53478667
0.51056217 0.65605073 0.88010661
0.82572390 0.88507542 0.75904489
0.49990231 0.45135698 0.28911575
0.93647890 0.92401089 0.44692651
0.01904887 0.80331512 0.68608996
0.91626247 1.01880014 0.88263404
0.34080412 0.57552287 0.73913609
0.53903279 0.53268294 0.57406578
0.92457457 0.82767344 0.34801878
0.29431246 0.55287149 0.67336601
0.55466161 0.56504056 0.32296645
0.25019078 0.59672172 0.94448059
0.10349146 0.82185493 0.70379687
0.29397265 0.86939944 0.87070981
0.86562555 0.60064975 0.75672258
0.50608316 0.65494383 0.02638247
0.45798865 0.17234085 0.63181742
0.07143191 0.85776974 0.65294753
0.78555524 0.02742432 0.51510719
0.98973173 0.80705616 0.44900378
0.80255885 0.29162703 0.70776926
0.20002264 0.43341802 0.86874814
0.61908495 0.74438063 0.92381954
0.61341074 0.81757722 0.68174943
0.37536302 0.86311138 0.89723105
0.20134513 0.17738399 0.41643492
0.98278859 0.45940352 -0.03799420
0.28336044 0.28080993 0.78575146
0.34024183 0.64188969 0.51931426
0.86135991 0.38001133 0.50329552
0.31220982 0.38197216 0.21244582
0.32856244 0.18301588 0.76997879
0.43328813 0.41266648 0.44990649
0.58243539 0.99038050 0.43574163
0.48001549 0.35906542 0.48229131
0.05974113 0.62368536 0.56112510
0.43205984 0.86201396 0.61452354
0.43110191 0.64236734 0.03758230
0.22484174 0.31644344 0.95531336
0.26602903 0.41188581 0.02926931
0.87020447 0.10706844 0.23768368
0.30497211 0.84265149 0.01362124
0.48581653 0.69026443 0.28068893
0.76580484 0.09116264 0.56033861
0.13639938 0.48864553 0.14139068
0.41424869 0.90195917 0.68033954
0.66334123 0.72127979 0.77712734
0.51498449 0.59914265 0.67143800
0.42047583 0.75217200 0.73267347
0.86364304 0.35498211 0.09635574
0.08748085 0.63377104 0.46441761
0.94017378 0.42665755 0.30584252
0.45572198 0.61665664 0.62873787
0.77512782 0.75493408 0.19995335
0.06315079 0.52535797 0.98501184
0.96348946 0.65870459 0.48817935
0.31854074 0.75438734 0.65570258
0.32345947 0.33024844 0.58730776
0.79071944 0.03634677 0.23283121
0.86433066 0.64052502 0.22218932
0.40535283 -0.01094781 0.20266864
0.26676347 0.33932064 0.14453447
0.65984086 0.14550657 0.77893777
0.46014433 0.07213811 0.46751203
0.18041358 0.53729627 0.50811293
0.69804417 0.63956340 0.68117315
0.91782631 0.23500809 0.39535846
0.70959651 0.27157496 0.01327827
0.14253320 0.42997493 0.35668317
0.63355950 0.92400729 0.50332149
0.32346307 0.60656033 -0.05613205
0.90574421 0.53337898 0.83644523
0.14636896 0.12697728 0.15083735
0.93675129 0.50338433 0.24650703
0.08554631 0.87846646 0.92732544
0.08639659 0.14303684 0.33907569
0.42493221 0.06324563 0.67533011
0.16502785 0.13936626 0.84269809
0.54534220 0.03537338 0.80365532
0.93379559 0.32358103 0.46215742
0.07867602 0.40319518 0.36428941
0.46451058 0.96518060 0.43636463
0.62981984 0.55080400 0.68532384
0.33339681 0.63093174 0.80943874
0.89653440 0.86449903 0.17722888
0.77238534 0.26225497 -0.03256170
0.45984950 0.45076968 0.39236016
-0.01224550 0.71157070 -0.02187335
0.25955338 0.82138929 0.61834381
0.08282292 0.08200294 0.23047124
0.47840392 0.26775391 0.12295890
0.06808171 0.34589661 -0.00087152
0.47635749 1.02805670 0.40503253
0.92673689 0.73491407 0.26949135
0.39300041 0.98497272 0.64115794
0.37916578 0.47064238 0.74256857
1.02534288 0.58383427 0.38662278
0.92237819 0.44901342 0.06655718
0.08159077 0.72011692 0.62007147
0.89359567 0.33299887 0.34732770
0.20984217 0.72147546 0.67337243
0.80708341 0.11637460 0.64448841
0.35380164 0.81576325 0.69633078
0.64666478 0.01373938 0.86322833
0.51205728 0.47172774 0.19533461
0.59139411 0.58064134 -0.05510802
0.59600804 0.11635676 0.01406086
0.10828189 0.26545485 0.04300182
0.62872313 0.13181658 0.59756233
0.27557517 0.59431535 0.49498105
0.48271241 0.38277162 0.21894017
0.50763836 0.58769192 0.01590365
0.21296452 0.15506701 0.70445823
0.43032769 0.24202656 0.46914066
0.75312671 0.19935478 0.72360207
0.22020794 0.64132536 0.76526964
0.38024016 0.55192784 0.09734973
1.01233786 0.17790376 0.92879088
0.70151460 0.77573141 0.52467434
1.00109779 0.34888729 0.68459845
0.40511539 0.04782601 0.14410051
0.59368344 0.38145407 0.03509784
0.47668626 0.38005555 0.39201491
0.29638680 0.69802011 0.56813972
0.59241072 0.04462070 0.91370411
0.47215171 0.29845373 0.42157395
0.88856783 0.14995074 0.58964262
0.59817543 0.36521212 0.79242477
0.34966253 0.51116362 0.49022257
0.07444796 0.04024132 0.58250728
0.97647729 0.80202943 0.91527667
0.17899389 0.77284507 0.70491184
0.76246043 0.01783548 0.42416775
0.57570032 0.44896936 0.04878610
0.64671838 0.43536826 0.05541808
0.37017335 0.36544865 0.26689609
0.80317004 0.96154114 0.52477306
0.32404140 0.76270502 0.34533456
0.41606859 0.21877151 0.10841849
0.68549410 0.48379221 0.59971627
0.13035109 0.70669750 0.71978463
0.78127012 0.59794523 0.82666685
0.62375415 0.51528658 0.29493403
0.55978548 0.82667417 -0.00499305
0.62643729 0.59808905 0.63327861
0.17717247 0.65081506 0.18057600
0.08829625 0.38791079 0.45712790
0.88822588 0.04451267 0.64343805
0.08192656 1.00413229 0.23359970
0.06883608 1.00677618 0.03559298
0.32172380 0.21335160 0.34371939
0.59694896 0.31548092 0.85973429
0.87309698 0.33807319 0.78479629
0.72435063 0.36892814 0.51773656
0.58311202 0.73450265 0.64657499
0.69648467 0.13248823 0.27391862
0.22704052 0.61375398 0.22203660
0.80779666 0.47548687 0.61533994
0.32712894 0.01283068 0.03556031
0.81902051 0.35495091 0.87543914
0.49802875 0.82326975 0.89938237
0.90071532 0.91322997 0.89631162
0.37733948 0.39727606 -0.00061714
0.79861284 0.17240959 0.78967285
0.48109597 0.91939757 0.73336637
0.76082443 0.93765960 0.60739671
0.20904238 0.31969446 0.20055827
0.57807508 0.59015652 0.57108427
0.71992571 0.72007180 0.24243255
0.51367766 0.18949075 0.01979250
0.20048535 0.43553614 0.40319384
0.17204862 0.19491224 0.78326839
0.15378757 0.14387719 0.96244347
0.19492296 0.11706976 0.55842289
0.75307980 0.50237728 0.50386725
0.70585993 0.94712599 0.53192161
0.30218661 0.07618630 0.27472758
0.13445582 0.33147728 0.07679440
0.73857879 0.85007251 0.74954892
0.07581015 0.37925622 0.71196074
0.98436292 0.91026379 0.31460556
0.20244593 0.24426645 0.89285689
0.25703526 0.77674694 0.29457586
0.34020292 0.82912346 0.32948292
0.50943773 0.93973222 0.06782436
0.54190347 0.40784690 0.43345210
0.32322005 0.29163929 0.20921286
0.97289830 0.23620673 0.07235817
0.61752545 0.58968809 0.76453023
0.80798623 0.86212716 0.52237046
0.51675431 0.84297290 0.62721952
0.24339052 0.23997363 0.19269376
0.62893408 0.37888377 -0.04147913
0.65153687 0.26522839 0.06036832
0.75684980 0.52213589 0.39098490
0.20843916 0.14858235 0.13452361
0.36316966 0.15806673 0.57388753
0.54895528 0.24776032 0.70192122
0.12593355 0.19780849 0.17119481
0.30296212 0.62596590 0.69149458
0.56787661 0.67770757 0.43895145
0.29783008 0.07605542 0.51998294
0.59190035 0.55468621 0.20565769
0.02178711 0.32728530 0.93100250
0.67814299 0.77597697 0.43225356
0.61632268 0.44226181 0.29211858
0.31394638 0.41093063 0.37795492
0.15730201 0.14006398 0.06039372
0.21938089 0.38926810 0.48550702
0.71233087 0.66016063 0.58370642
0.73629967 0.94987473 0.45833969
0.32667318 0.40131057 0.10938353
0.50786384 0.48422412 0.04262272
0.78003244 0.46192602 0.44565190
0.36089989 0.11713702 0.77469692
0.29649892 0.05617658 0.12463821
0.86953124 0.84099330 0.71305402
0.74804130 0.66580773 0.06847407
0.33041294 0.89569507 0.32491504
0.42989431 0.97240943 0.27990076
0.28138402 0.39442019 0.86833131
0.14637651 0.58211858 0.37573693
0.91217263 0.97757620 0.34970307
1.03153854 0.68843698 0.74906591
0.75137559 0.24246762 0.44358876
0.93820056 0.51197965 -0.00967185
0.73798882 -0.02204017 0.82087811
0.75598090 0.29320247 0.08942634
0.26250333 0.75683627 0.94515404
0.87621652 0.55299663 0.52127672
0.45178882 0.61424930 0.11633677
0.37782692 0.14986627 0.84609251
0.58307041 0.11373939 0.26400055
0.94452957 0.37861250 0.05428803
0.48270379 0.20406461 0.19481802
0.21618194 0.36295645 1.05766332
0.97634132 0.51943449 0.15815415
0.50169366 0.02527813 0.58099935
0.96501520 0.94527578 0.81969355
0.28295070 0.44649443 0.78757013
0.66995954 0.19935345 0.36888989
0.21066227 0.67050830 0.11352063
0.93581459 0.59565479 0.74202071
0.89836117 0.65527650 0.60198617
0.79197474 0.56727335 0.04863198
0.23828109 0.21373600 0.51441851
0.94734527 1.01937536 -0.02645865
0.76572362 0.93986019 0.08654683
0.57791163 0.99251599 0.71247560
0.06649369 0.11156941 0.12557458
0.81546731 0.32967907 0.03146398
0.91335485 0.59203123 0.62773478
0.71397349 0.15977620 0.87298753
0.91384335 0.32698310 0.89180945
0.16615274 0.88940752 0.07719334
0.00199052 0.67760580 0.34660582
0.08040501 0.84759902 0.12863679
0.65326050 0.15511653 0.91835338
0.14130601 0.36352566 0.31508022
0.27485053 0.65100196 0.15882694
0.28284055 0.03866390 0.34526463
0.70694929 0.44795475 0.31025898
0.30826669 0.27664718 0.45595815
0.21703024 0.81414385 0.45796495
0.10868068 0.19441927 0.72453527
0.94692727 0.37895633 0.58097713
0.55762093 0.77712058 0.09460306
0.12756248 0.94604191 1.01470402
0.39744429 0.24255117 0.55767332
0.93929671 -0.00318008 0.44364326
0.17304388 0.81933242 -0.09321968
0.21272138 0.93885703 0.84111991
0.23111750 0.77037408 0.57675496
0.10305191 0.64242347 0.18682616
0.47356410 0.79827510 0.54019895
0.87328884 0.40326572 0.77637814
0.35850781 0.92072248 0.13901191
0.43300396 0.80746252 0.44099381
0.38642115 0.52859887 0.90162592
0.05786115 0.69292384 0.94507048
0.25523082 0.36472052 0.36366756
0.54302792 0.29253870 0.15347764
0.37562647 0.45553323 0.47296386
0.54852218 0.50734806 0.81661959
1.06897240 0.29607116 0.43946106
0.29383205 0.31654382 0.66497737
0.16309978 0.56833473 0.22800119
0.17929201 0.72213072 0.93269241
0.68683432 0.94347441 0.26640046
0.52625657 0.11095174 0.16915368
0.72694212 0.64884847 0.93250928
0.02536954 0.69496579 0.48210846
0.80007512 0.49107182 0.88515922
0.49896039 0.77297532 0.18466773
0.73461741 -0.02061244 0.02990450
0.78596828 0.64660770 0.57001449
0.14199287 0.65805474 0.87314727
0.86486049 0.76402875 0.21852713
0.85304820 0.07553328 0.74692911
0.22554987 0.26005547 0.27007764
0.30501917 0.39234786 0.29917268
0.78131950 0.74676306 0.53925458
0.21344484 0.03116495 0.09191834
0.93423162 0.72039766 0.85497020
0.06344258 0.91529374 0.60252452
0.42969324 0.17930429 0.86110581
0.40372847 0.39247169 0.56968801
0.15860708 0.08197731 0.62887849
-0.00847306 0.97483858 0.57442496
0.95443708 0.95411664 0.63723692
0.57508905 0.29785158 0.05451453
0.72075962 0.75090333 0.82663610
0.46525013 0.26816845 0.59595233
0.69691577 0.51997474 0.32407173
0.60247506 0.66485994 0.18206555
0.84855085 0.39450907 0.02990858
0.42193051 0.07253189 0.38739514
0.35650537 0.11866006 0.03763035
1.01728456 0.05109640 0.07965316
0.69989329 0.71154807 0.66332882
0.52357915 0.25427925 0.94894885
0.95548141 0.98177974 0.73411568
0.87246140 0.62575261 0.84844414
0.12044145 0.55875675 0.47161071
0.32478222 0.95519534 0.68732046
0.26350991 0.89069665 0.59201868
0.84383337 0.90286424 0.12249625
0.78561220 0.36075728 0.55425225
0.57183079 0.54275745 0.02508605
0.46636750 0.04037047 0.32097629
0.05328978 0.23049390 0.22282820
0.34984483 0.32640159 0.34367234
0.23635250 0.10555231 0.74992097
0.21023741 0.89126839 0.42795286
0.48715497 0.60819121 0.21369149
0.83798120 0.22384483 0.20313709
0.95315965 0.22251243 0.26363076
0.28184938 0.23727216 0.88585665
0.75439833 0.08540041 0.23828644
0.34218968 0.12289810 0.22273653
0.46594408 0.62431986 0.29233477
0.56074093 0.20122361 0.41479784
0.92786934 0.65943304 0.37335713
0.94998905 0.30740269 0.08896507
0.82656074 0.88103187 0.43529054
0.90817302 0.46029691 0.61542402
0.43150454 0.56438959 0.28192544
0.41108798 0.52375682 0.67044982
0.15264495 0.73284348 0.00832291
0.72311301 0.70487961 0.49916247
0.39897343 0.99233645 0.47541157
0.03065148 0.86392660 0.23239349
0.53140019 0.11336900 0.45163705
0.30011493 0.78510858 0.73891938
0.27429400 0.03639749 0.58206430
0.47349849 0.00373861 0.70901480
0.81817131 0.30135937 0.27751552
0.01755494 0.69191091 0.56277504
0.18333963 0.54600489 0.65197224
0.92742386 0.03715771 0.17031700
0.99702919 0.53777975 0.02732196
0.52195236 0.38018778 0.77671378
0.11053698 0.65034119 0.94877197
0.01597861 0.37371103 0.23876114
0.35914930 0.06597562 0.48428957
0.35512788 0.82005464 0.97558469
0.44936254 0.29169736 0.76532804
0.39358872 0.26374328 0.64815367
0.88782594 0.33709563 0.96942405
0.62568812 0.25502094 0.76030238
0.50849051 0.87656321 0.83902916
0.29742874 0.11798368 0.15956465
0.86003815 0.89656120 0.23482095
0.27497428 0.92304739 0.91963467
0.48835727 0.29031706 0.04382170
0.88723552 0.93193865 1.04434780
0.86312913 0.65469322 0.33284831
0.11901548 0.39726363 0.57030032
0.54733430 0.90119660 0.36065639
0.01829479 0.28260963 0.55282920
0.49433892 0.71771589 0.95044559
1.00816065 0.50388099 0.86151491
0.07245742 0.30579252 0.32768780
0.30547426 0.18656505 0.47101146
0.53975587 0.00095020 0.88867125
0.01794287 0.26244175 0.29570741
0.17955253 0.32275009 0.65648780
0.81732153 0.21406504 0.41184202
0.44017339 0.13293860 0.96369617
0.71949636 0.35263633 0.74751201
0.80422677 0.48131747 0.76579416
0.42066729 0.33079601 0.51315255
0.83112646 0.59991291 0.09965393
0.04917174 0.92102605 0.10329281
0.08871515 0.57645722 0.15634135
0.87401450 0.28930459 0.08656760
0.38995541 0.02967932 0.84141208
0.11404704 0.02090752 0.13301606
0.10867929 0.19690192 1.03161403
0.78492804 0.48926809 -0.02566579
0.78582590 0.86595432 0.59787007
0.89618436 0.62725433 0.13826407
0.64235623 0.84462076 0.24838474
0.05174824 0.75415477 0.41620249
0.33601638 0.77559730 0.11945600
0.38828804 0.22126882 0.38168705
0.11788870 0.39649334 0.84183600
0.34996664 0.29452216 0.52804461
0.33613218 0.11893630 0.43036088
0.07419410 0.69165651 0.81794506
0.27053380 0.92508985 0.42936014
0.79101888 0.67066288 0.13257617
0.91721489 0.92837764 0.23064203
0.27081189 0.05464965 1.05226654
0.07186169 0.52557793 0.52606389
0.79290727 0.99672128 0.88666833
0.66048146 0.81885879 -0.02253304
0.62404334 0.47929390 0.97990180
0.90651519 0.19786522 0.02453570
0.73069423 0.90955723 0.98128665
0.89223908 0.71680532 0.39732515
0.01136321 0.05453442 0.64164424
0.83679829 0.56928581 0.98335248
0.02037078 0.61472172 0.12325339
0.72396914 0.73062224 0.74296255
0.26986787 0.68781335 0.89343204
0.21562184 0.55280711 0.04434555
0.10810747 0.73608393 0.30946519
0.20169329 0.60571121 0.82948658
0.95427412 0.51954168 0.43834532
0.71228282 0.38721430 0.97624429
0.35881297 0.69820895 0.60423532
0.46247306 0.12263668 0.10288381
0.64763763 0.18789947 0.07992526
0.41815302 0.76928203 0.88172969
0.23976987 0.95599540 0.19176524
0.71809061 0.18382296 0.46217534
0.81287511 0.39471411 0.20957718
0.86480265 0.82150970 0.07053942
0.80761339 0.39521624 0.30754916
0.39919064 0.05489610 0.59094839
0.54395395 0.69591755 0.21460068
0.60681667 0.25305335 0.86588868
0.44929384 -0.07162004 0.02210440
0.03904390 0.25007989 0.05053904
0.50089953 0.83763983 0.35013495
0.89506319 0.85168362 0.57804027
0.85299854 0.97625351 0.15630470
0.14544386 0.28588476 0.91688972
0.03182494 0.41689759 0.88968714
0.10095250 0.82590194 0.21677209
0.48408190 0.74934519 0.42824917
0.81131170 0.76587669 0.33698094
0.97977471 0.22461063 0.15496060
0.94427148 0.47273633 0.77049851
0.40667385 0.23135928 0.92219007
0.33876858 0.20443638 0.87535183
0.38664077 0.70747337 0.00915283
0.49173618 0.67775160 0.13900061
0.96179201 0.38134590 0.97537231
0.43648356 0.29204871 0.34137590
0.76997341 0.67779038 0.68754047
0.39384871 -0.01513496 0.10892766
0.95152250 0.51188011 0.07032807
0.90505397 0.76302518 0.09166661
0.69372048 0.80034191 0.05344122
0.27009126 0.07835547 0.97274686
0.13816641 0.68674512 0.12088722
0.68501112 0.89791465 0.86951855
0.90234155 0.73465185 0.01392670
0.66562183 0.72736868 -0.01724987
0.23525414 0.68632644 -0.00390055
0.26189805 0.29925009 0.52247135
0.25945362 0.46996313 0.14738060
1.01031405 0.07990197 0.29301823
0.50277298 0.97384552 0.78325897
0.57299261 0.69088656 0.92181831
0.17904870 0.14504825 0.27056452
0.42650188 0.87554196 0.50801486
0.68529877 0.48031776 0.38808776
0.81793153 0.69322771 0.62331683
0.69176377 0.07703639 0.78489942
0.15749846 0.86198236 0.48581825
0.45243014 0.52635938 0.90085493
0.51218829 0.37015117 0.92687875
0.85849570 0.67478438 0.10623012
0.19394919 0.75217005 0.39153303
0.75216693 0.57337581 0.74415142
0.47087560 0.34648060 0.29201818
0.86931478 0.02465212 0.31411455
0.96014325 0.61569315 0.26866836
0.04021403 0.77081812 0.84352370
0.99937145 0.57427479 0.62452688
0.74068072 0.14430101 0.00324655
0.80442199 0.14977901 0.25129562
0.61670516 0.85288369 0.76628581
0.80588100 0.60767220 0.21087752
0.95430969 0.95755645 0.91719585
0.16202523 -0.00208786 0.21559942
0.65540188 0.82164390 0.48546132
0.29199270 0.86150376 0.38569883
0.90854146 0.17316098 0.22657708
0.17940404 0.69188718 0.80306760
0.57189097 0.67038615 0.04871812
0.55762844 0.18505291 0.27977526
0.88340091 0.37070210 0.17826413
0.66734025 0.54505827 0.20609999
0.46536894 0.95342347 0.17560459
0.79793255 0.14356721 0.51938989
0.28369875 0.44242428 0.43807830
0.85153921 1.00837516 0.23412305
0.44095135 0.86255248 0.87198990
0.57651969 0.25402253 0.52319083
0.63425532 0.08994601 0.94161160
0.69466617 0.34478066 0.11460231
0.21373767 0.10134874 0.07319456
0.51622359 0.31088001 0.24565333
0.88577660 0.27542863 0.15921372
0.82195594 0.28213741 0.53736264
0.76360487 0.03300240 0.77092609
0.91037574 0.23066605 0.51210402
0.64328845 0.89541508 0.30591420
0.14142723 0.54677784 0.76495501
0.56139568 0.79924179 0.17975221
0.88999038 0.85939658 0.49105524
0.33189609 0.63102344 0.26599592
0.25905897 0.57612995 0.11484440
0.99544509 0.35265041 0.47971493
0.51463488 -0.00562487 0.19423032
0.74345299 0.64076865 0.39214416
0.38547511 0.33448960 0.74241487
0.23216981 0.62849035 0.43366010
0.64590737 0.49995668 0.90594425
0.24763070 0.28542671 0.39591547
0.64125188 0.72162221 0.59263185
0.55038109 0.77382226 0.35059881
0.60389785 0.51230165 0.46637008
0.53772413 0.17548972 0.51490263
0.86302276 0.94770300 0.96420048
0.85775495 0.57089671 0.42540545
0.69745258 0.82221855 0.81125943
0.07554788 0.27210918 0.95834302
0.69711159 0.52278577 0.14448276
0.08113012 0.60480513 0.01003461
0.04485556 0.56216575 0.25557017
0.61669834 0.04937706 0.60124043
0.82768714 0.10870244 0.38453521
0.00102848 0.70293405 0.83520731
0.07312847 0.63389164 0.27753589
0.86396768 0.85899376 0.95358643
0.89774946 0.06047780 0.10580581
0.22110371 0.46570259 0.47707528
0.23120041 0.56461953 0.58110386
0.71101447 0.96578782 0.37145752
0.41241030 0.67377945 0.88606266
0.13037544 0.59319332 0.82855411
0.30026990 0.22238219 1.02726735
0.16336649 0.76335204 0.29267568
0.68688304 0.90150878 0.43668387
0.74299931 0.65884574 0.24506432
0.88171560 0.08840126 0.49269945
0.41944012 0.71353419 0.64919443
0.04825193 0.37884363 0.62214021
0.44844376 0.67444533 0.58312515
0.03479441 0.88279316 0.77493636
0.98812418 0.17122636 0.35558569
0.17619217 0.36148774 0.55630510
0.76166476 0.08201041 0.46876971
0.74341515 0.50900537 0.77680364
0.30230741 0.52008567 0.40624185
0.61244952 0.64740745 0.68794955
0.23919153 0.82540794 0.85993691
0.50318440 0.52695836 0.45993900
0.69570513 0.16421710 0.18597340
0.70842314 0.38665240 0.34270193
0.18000398 0.90655455 0.97488826
0.38239615 0.41228690 0.19599141
0.64804120 0.85754475 0.61740645
0.93137863 0.84160052 0.83344622
0.57502419 0.60415513 0.25727040
0.83155153 0.32847998 0.20185555
0.54775204 0.27462477 0.59302478
0.93624945 0.09009566 0.81323795
0.22645434 0.78587341 0.78483585
0.46455120 0.36761163 0.14134060
0.94589554 0.67382873 0.92658991
0.37980303 0.38067037 0.68527854
0.77272349 0.41892791 0.59624621
0.84448856 0.19202648 0.13231918
0.48058799 0.57275340 0.84580328
0.60122190 0.50115548 0.62555166
0.03584687 0.45209412 0.80655607
0.87222873 0.49514079 0.11041143
0.49992814 0.07194882 0.64876663
0.15670297 0.38892595 0.90246387
0.98279512 0.07059659 0.47593688
0.60520683 0.20585431 0.80931861
0.83873418 0.08991006 0.56892775
0.59154468 0.51895103 0.10209948
0.56907407 0.09581145 0.34343391
0.61834145 0.57884171 0.13741754
0.55947813 0.54423296 0.74748996
0.70158596 0.57331598 0.67664243
0.95230130 0.20734859 0.78725827
0.73515812 0.73856211 -0.00238302
0.77907303 0.52787471 0.57025851
0.52459115 0.50488118 0.36502528
0.93508039 0.71095297 0.58287309
0.39334427 0.49720289 1.02930131
0.70876474 0.23103819 0.08034649
0.25391143 0.00392558 0.76493423
0.80909388 0.42815909 0.71999569
1.00452338 1.00203860 0.27224311
0.95709608 0.57995306 0.10492560
0.66893498 0.91181065 0.77700777
0.54629112 0.62946148 0.96986994
0.01891751 0.21524650 0.39528927
0.76411514 0.09869226 0.72710013
0.36972918 0.43855452 0.38137639
0.01836925 0.96686461 0.87455244
0.59488834 0.18550707 0.70677541
0.21830732 0.24693533 0.76182151
0.94981616 0.56888383 0.95570263
0.19800602 0.90892657 0.63363128
0.29588514 0.48688726 0.85286762
0.33403259 0.87071639 0.20087611
0.18336798 0.94522377 0.26971260
0.08552634 0.55330262 0.38015294
0.05056361 0.83312090 0.47810184
0.62820554 0.17155677 0.17456602
0.02589406 0.11543172 0.04265132
0.03217061 0.86876516 0.85989332
0.35024847 0.24164154 0.26072910
0.19452441 -0.00026117 0.73048086
0.39645681 0.79371940 0.07426602
0.13671581 0.42125482 0.09385900
0.79928205 0.76266607 0.76370606
0.02905931 0.68612421 0.16667251
0.87987322 0.12230108 0.11710665
0.58584004 1.07591037 0.41986183
0.53327135 0.97817109 0.65662111
0.23419951 0.69798098 0.44666831
0.37280440 0.52986769 0.79621042
0.18742983 0.87259687 0.84805795
0.26057789 0.88099843 0.27606031
0.55448732 0.91890038 0.75407457
0.49781344 0.01406770 0.49140035
0.50067071 0.95135969 0.31856474
0.60591010 0.99016486 0.79845041
0.85530776 0.20572014 0.93493668
0.19354218 0.37725199 0.24686897
0.27377965 0.37184316 0.62624344
0.50987439 0.45201322 0.73462841
0.67990640 0.41811520 0.58520162
0.60262726 0.30099268 0.71277821
0.25905692 0.02570959 0.24982042
0.95637102 0.30034765 0.57305840
0.57031282 0.75088141 0.26786806
0.13634946 0.60611410 0.57547911
0.27807636 0.79185611 0.50228285
0.40394415 0.89577200 0.30806099
0.01471704 0.08536375 0.75982401
0.97522838 0.64507479 0.71306600
0.09889954 0.69064345 0.50588803
0.80972895 0.93223399 0.18934977
0.31089745 0.71244323 0.13370741
0.15001081 0.47140619 0.28348354
0.83013524 0.59701749 0.61066173
0.34585894 0.61122811 0.18980406
0.74143979 0.19849538 0.14744072
0.07354156 0.07160343 0.79819311
0.49573403 0.41331426 -0.00106536
0.19132069 0.65940545 0.52339639
0.92839930 0.84309285 0.00163791
0.78863945 0.28384756 0.80184169
0.80906993 0.79563158 0.88385210
0.13346080 0.51965803 0.84095384
0.23806974 0.25464697 0.97781061
0.58306122 0.32483444 0.52474986
0.63993780 0.08601067 0.48459184
0.23309044 0.39769618 0.13443924
0.70281249 0.01392491 0.53482685
0.21336779 0.04502218 0.85818904
0.45243194 0.72029945 0.21990377
0.96993322 0.21140188 0.47636987
0.03938698 0.05245542 0.36531057
0.24324150 0.08115852 0.41299927
0.66199309 0.20970326 0.85700931
0.13974252 0.96098343 0.40198933
0.94476244 0.71602429 0.17461194
0.73144859 1.04321124 0.36302075
0.60512806 0.97043247 0.04727032
0.92944800 0.71952048 0.47939376
0.08969700 0.64004320 0.65403977
0.52669065 0.73921738 0.52972933
0.36251301 0.10331528 0.12443255
0.80055037 0.62575722 0.93463416
0.84699123 0.46420567 0.02625142
0.12094873 0.44261711 0.47813644
0.57433221 0.26114017 0.38766358
1.01863998 0.89310516 0.38697917
0.81847260 0.70346441 0.82767811
0.42809284 0.28029630 0.17616931
0.63426597 0.33127679 0.08572580
0.74406871 0.43677287 0.88496498
0.76760051 0.61401136 0.30884837
0.71205138 0.54749996 1.00051756
0.62654004 0.19548616 0.99110313
0.58160265 0.35731003 0.38154320
0.70894485 0.48609077 0.85814752
0.51434187 0.59043155 0.91485160
0.16672938 0.30065779 0.14450415
0.08605712 0.09391742 0.91974478
0.16195319 0.23230341 0.98023735
0.06228631 0.47316414 0.59107360
0.46576613 0.47060106 0.82420558
1.03594339 0.92508304 0.68039456
0.02272586 0.55037471 0.73437116
0.72104064 0.25034753 0.35436352
0.69936857 0.47285801 -0.03612869
0.95531475 0.78129817 0.51501611
0.65310543 0.99918503 0.41259667
0.53757556 0.77305529 0.59949014
0.83006027 0.81250903 0.39999995
0.21915377 0.39351951 0.78352565
0.81925724 0.75908709 -0.01255516
0.49035356 0.17273232 0.92473265
0.76710647 0.38518268 0.81095849
0.19949845 0.49846211 0.85349263
0.45766502 0.54015553 0.61280213
0.22058730 0.76671439 0.12535315
0.72311587 0.60180983 0.09886671
0.27456996 -0.02235950 0.87062109
0.73034428 0.30850823 0.23023515
0.91036606 0.61589872 0.50910873
0.33756165 0.30435448 0.84675699
0.08992160 0.39628558 0.26176139
0.64922199 0.42438260 0.38600200
0.06585728 0.97345572 0.41976530
0.26992100 0.36627525 0.53747323
0.58158338 0.82183096 0.59020583
0.37648550 0.73409930 0.30199962
0.68496354 -0.00451401 0.21114247
0.59029367 0.23273839 0.11503990
0.78050972 0.80597072 0.48923537
1.04095273 0.58630688 0.80060259
0.45579985 0.53019646 0.07949301
0.01943011 0.17516937 0.26352913
0.13419696 0.82615891 0.83224823
0.58754226 0.80501961 0.91309999
0.71324934 0.34476824 0.61536120
0.63316433 0.64137215 0.38794187
0.24959347 0.82299968 0.69972700
0.13025050 0.45644675 0.62408874
0.50288792 0.69245848 0.73627537
0.33899878 0.42317921 0.62762432
-0.02614127 0.42791952 0.21030089
0.80416922 0.80380396 0.25126292
0.19553370 0.83487575 0.04264163
0.60104772 0.90610892 0.60601532
1.01113972 0.29709861 0.85917058
0.14288558 0.57842741 -0.07454088
0.19069702 0.71318591 0.57551528
0.88723437 0.72013288 0.92320985
0.35644243 0.05979318 0.70659346
0.08704074 0.14679256 0.87131573
0.33486775 0.58827308 0.57161888
0.68135849 0.69484064 0.43018635
0.35362643 0.94313634 0.21989881
0.35454275 0.55694055 0.28948186
1.01397609 0.90186251 0.92460154
0.63411389 0.06670900 1.03355121
0.65063426 0.06042381 0.69139474
0.33190927 0.68521853 0.39171896
0.06957255 0.34921136 0.87482094
0.96747162 0.11904719 0.24411214
0.11721152 0.95312771 0.68189998
0.97370786 0.77930189 0.22781887
0.60546402 0.12606566 0.83278189
0.54482716 0.47514526 0.43535476
0.68113832 0.21625214 0.27851456
0.46851829 0.14113740 0.50586696
0.74123902 0.32143780 0.84896703
0.13478661 0.79447002 0.50380600
0.55587264 0.57888195 0.44375359
0.77847274 0.47377290 0.13512058
1.05449994 0.07849716 0.98333961
0.64361558 0.12041210 0.22716857
0.51915463 0.22426265 0.08021779
0.73653498 0.44313773 0.77886171
0.56783639 0.70281683 0.78715965
0.34343409 0.41832701 0.93110902
0.88769000 0.43573885 0.87063292
0.42503423 0.91478835 0.09552979
0.13376714 0.11376398 0.38729208
0.06727410 0.34978546 0.13649898
0.74906082 0.72789026 0.91893490
0.29185270 0.02822731 0.67997980
0.55261730 0.36908264 0.21734346
0.59527489 0.44369387 0.79226007
0.43404242 0.84167521 0.35675967
0.00318363 0.88303221 0.04365793
0.83428216 0.32055777 0.45678673
0.62563511 0.02916401 0.25018012
0.44721098 0.30232029 0.89762079
0.07232154 0.18911020 0.96046975
0.87762183 0.28796531 0.60427267
0.17474756 0.95880775 0.92319889
0.74755301 0.65953156 0.84181310
0.53604148 1.00035241 0.08143847
0.12285999 0.73634665 0.42273072
0.31872486 0.79229362 0.58697191
1.00426819 0.88252892 0.14904102
0.27051044 0.51009750 0.59743852
0.71985751 0.27584319 0.57416997
0.51974214 0.30909752 0.85911788
1.00220751 0.25063697 0.95069263
0.46539493 0.78167908 0.78828608
0.67412167 0.51150169 0.73718059
0.47842607 0.92773634 0.63466361
0.19394811 0.50549491 0.33115121
0.43825334 0.61249812 0.93098971
0.51232834 0.21989318 0.76435253
0.13868020 0.66242554 0.31430731
0.36833309 0.35880174 0.87948423
0.71830071 0.22766771 0.79692221
0.86778824 0.47475014 0.22540395
0.07207737 0.49299434 0.10516902
0.24818347 0.44374268 0.30293021
0.67576474 0.11123790 0.36041753
0.60826532 0.17204439 0.46271708
0.42558416 0.42615451 0.28408062
0.60813297 0.27275420 0.32233807
0.34362205 0.53273389 0.61893318
0.41337486 0.50609044 0.14712996
0.35771315 0.48436587 0.22018763
1.01738774 0.15964749 0.51657830
0.09286227 0.84609571 0.55422220
0.82124908 -0.00984274 0.73690393
0.55745511 1.02271541 0.31047404
0.97093162 0.23358316 0.57725576
0.46853978 0.04412130 0.20980623
0.63655524 0.99456933 0.50466158
0.28897557 0.52081200 0.25315459
0.42354532 0.07295864 0.91215042
0.45563485 0.00667229 0.92875540
0.94203889 0.07491956 0.54515882
0.16048746 0.16673419 0.64976534
0.22758203 0.29455629 0.61101419
0.06856112 0.44787996 0.67298682
0.33914845 0.69008389 0.69535468
0.56451667 0.16896933 0.59755438
0.17558371 0.61406486 0.46597444
0.86636753 0.69872454 0.26382948
0.11945857 0.23286283 0.81168088
0.54798493 0.12045803 0.66491894
0.61677710 0.92944956 0.17256394
0.10265307 0.93774919 0.84808081
0.35608433 0.90410683 0.40061443
0.43303767 0.44443704 -0.08335914
0.89068186 0.54593213 0.16435425
0.68304084 0.25399728 0.48573546
0.70221812 -0.01246080 0.75030729
0.45073168 0.44128124 0.63152324
0.38814054 0.07120771 0.24782538
0.35217161 0.49447304 0.95628629
0.90554324 0.18504982 0.73264939
0.95717506 0.11762650 0.04204729
0.79550351 0.62890733 0.74718292
0.28322422 0.13937820 0.53340675
0.17533875 0.29125880 0.01970571
0.87259995 0.41866234 0.28226773
0.14422087 0.19015473 0.90266078
0.84120208 0.54110780 0.79212495
0.38405195 0.15745288 0.49992853
0.21493456 0.46779774 0.67420886
0.64173442 0.72608788 0.36444036
0.70616792 0.20259936 0.98149811
0.98611480 0.79031617 0.32858450
0.70392076 0.10174966 0.93351931
0.87724297 0.91766810 0.37471361
0.30266150 0.83107858 0.12469471
0.93348945 0.31058116 0.70740934
0.62114207 0.74609325 0.18486841
0.69783562 0.28163251 0.16610847
0.39636398 0.72249318 0.80980437
0.11492258 0.75339799 0.11505444
0.86535377 0.75923292 0.60143629
0.78288411 0.80957267 0.66705798
0.74855030 0.06343327 0.63826568
0.10237303 0.65172805 0.75334938
0.40003370 0.59108088 0.68353540
0.96298127 0.27156089 0.77234789
0.23908910 0.60192236 0.65309513
0.60114660 0.88871333 0.69260282
0.14384962 0.04000157 0.37310147
0.16310324 0.46867991 0.54441018
0.87799298 1.03403136 0.95251510
0.25042527 0.80128619 0.20398668
0.90872903 0.57274080 0.25109534
0.77530172 0.49076415 0.05570723
0.44643445 0.42796294 0.74196254
0.87519315 -0.01593063 0.60101945
0.73786311 0.15146951 0.58767822
0.97087843 1.02062237 0.37329747
0.30009410 0.68967869 0.00281516
0.18311844 0.86295906 0.70488591
0.64173500 0.44394632 0.49339061
0.72672603 0.05936137 0.11086935
0.60314148 0.47603081 0.36543388
0.62739753 0.47964744 0.16143547
0.41399390 0.27353641 0.82177964
0.23041981 0.90753645 0.50317010
0.43696060 0.51013720 0.46844541
0.28481032 0.36852636 0.97751913
0.21510463 0.50973352 0.24476356
0.53710673 0.24152237 0.22442213
0.75946467 0.35524808 0.27251118
0.44165496 0.37574114 0.93446908
0.77880847 0.47585454 0.22581268
0.37042655 -0.01713196 0.38530946
0.04086109 0.70707539 0.29646684
0.04975032 0.11117356 0.58015937
0.69592466 0.45625929 0.17587082
0.41775866 0.28002425 0.04021885
0.19563991 0.11520903 0.46128309
0.20751261 0.57017414 0.72668918
0.13826385 0.66113218 1.04427623
0.39529312 0.10118209 0.32153156
0.07129897 0.55960735 0.65017735
0.64648018 0.35264544 0.51583216
0.12177928 0.76744429 0.65113104
0.28878632 0.55696696 0.19096290
1.00734817 0.97983520 0.99425808
0.66037394 0.60678112 0.90882177
1.03757373 0.96315647 0.16538950
0.08488333 0.75362521 -0.02638729
0.42516946 0.12172026 0.03828517
0.37223032 0.16206648 0.33118269
0.69099477 0.86705357 0.53314401
0.70229076 0.81340882 0.90179470
0.44420503 -0.06237772 0.81823316
0.68796854 1.02401497 -0.01896725
0.96087629 0.35640363 0.76036959
0.24422038 0.81940592 0.36470041
0.42971195 0.45863100 0.54325787
0.66137215 0.68139323 0.90464070
0.31988909 0.12501839 0.88726674
0.31464462 -0.03064636 0.09735303
0.73254074 0.43188086 0.23395738
0.97354941 0.09675836 0.68650714
0.65405569 0.94600018 0.69819784
0.81493360 0.43645815 0.84350735
0.90447504 0.11231415 0.72384224
0.00599405 0.51558942 0.49932810
0.52377301 0.52045495 0.11629405
0.35537737 0.75175566 0.95753826
0.15931878 0.43437696 0.21534421
0.65042434 0.65334333 0.00894936
0.39852667 -0.04200588 0.72370557
0.54467056 0.40274106 0.32630955
0.50433487 0.24047433 0.87291138
0.65243167 0.35521501 0.74135380
0.88903318 0.38855328 0.39300521
0.45634137 0.23656022 -0.00983864
0.11375712 0.91083019 0.44962820
0.18975640 0.63057177 0.99890440
0.48404595 0.76518083 0.01511913
0.39522248 0.04016723 0.04060023
0.24413138 0.72350143 0.07031958
0.89041592 0.34477239 0.66104206
0.66190496 0.64680884 0.75455673
0.18048657 0.89154446 0.34910522
-0.02795754 0.13649969 0.58687507
0.38212989 0.88631842 0.99792383
0.47016083 0.03191827 1.01247240
0.33987929 0.98774196 0.30974870
0.48218340 0.85250475 0.73579259
0.50753547 0.87060722 0.96481665
0.28202875 0.87969096 0.78114348
0.17926995 0.01700520 0.62538796
1.00359585 0.09840617 0.91400440
0.19499774 0.28793461 0.52308274
0.44653137 0.14877631 0.31115648
0.62982938 0.89285275 0.91793230
0.75019361 0.99692250 0.64207307
0.47438103 0.73214214 0.09198830
0.79119454 0.21981675 0.85508503
0.39337955 0.46084288 0.84795691
0.84042651 0.73541466 0.14713362
0.49734093 0.11496451 0.35364149
0.99369833 0.07432044 0.15511303
0.39333217 0.61984932 0.77064898
0.08237006 0.09407214 0.65379221
0.73354423 0.72639518 0.13987184
0.76927625 0.37380246 0.67813610
0.13481684 0.32358777 0.47283687
0.95824376 0.36117190 0.15300050
0.38734996 0.62149029 0.60406204
-0.00541582 0.52399364 0.28523287
0.57457492 0.71017817 0.11312753
0.88093109 0.20359363 0.65819029
0.36091415 0.60550664 0.42189394
0.34705260 0.77587098 0.82309060
0.97495176 0.63482859 0.80675881
0.22127458 0.18280930 0.98588187
0.08367920 0.46422067 0.92209699
0.65913764 0.93887908 0.11527182
0.62585426 0.84794118 0.42227047
0.30283332 0.44788166 0.24080483
0.74442309 0.53844407 0.26502743
0.68018232 0.80876996 0.73010798
0.16400285 0.24251046 0.46195403
0.26869248 0.17953239 0.81176383
0.05438857 0.15409239 0.67205562
0.15438260 0.06960107 0.22899771
0.84802519 0.22707589 0.79926036
0.56063371 0.82686218 0.84094993
0.41008586 0.14984960 0.16067507
0.91236720 0.11191674 0.90820837
0.75623498 0.81017951 1.01389508
0.66070823 0.23244448 0.61534035
0.32695236 0.02395238 0.95317340
0.31438496 0.52734167 0.12527361
0.31320163 0.77132872 0.42920610
0.04515232 0.26559245 0.13560965
0.51947703 0.80931263 0.47311248
