Simulation began at: 2022-12-02 20:44:03.083783

Box details:
	cell parameters = 52.79450 54.79430 45.19530
	cell volume = 130742.65416 Å^3
	Ca number density = 0.01239075

Lennard-Jones parameters set:
	eps = 0.00950718 eV
	sigma = 3.75849720 Å

Gaussian parameters set:
	eps = 0.03968365 eV
	H = -0.05979992 eV # See LAMMPS documentation
	r0 = 5.99124646 Å
	sigma = 0.60117255 Å

Gaussian (II) parameters set:
	eps = -0.03112717 eV
	H = 0.07261839 eV # See LAMMPS documentation
	r0 = 5.91965995 Å
	sigma = 0.93071570 Å

Performing Monte-Carlo simulation.
	Max moves = 8000000
	Max accepted moves = 4000000
	Temperature = 300 K
	Max translation = 0.1 Å
	Energy(start) = 778781728.28681 eV
	Number of cores = 48


Tracking simulation progress:
nmoves, naccept, nboltzmann, nhardspherereject, nreject | curr_e, hs_violations
-------------------------------------------------------------------------------
         0          0          0          0          0 | 778781728.28681386            -
     10000       5721        743          0       4279 | 61309.84134400            -
     20000      11603       1668          0       8397 | 3858.63595930            -
     30000      17621       2865          0      12379 | 387.47230841            -
     40000      23738       4263          0      16262 |  44.69645187            -
     50000      30114       5933          0      19886 |   6.20361663            -
     60000      36900       8047          0      23100 |   1.13761137            -
     70000      43911      10450          0      26089 |   0.33591497            -
     80000      51097      13176          0      28903 |   0.15879974            -
     90000      58477      16162          0      31523 |   0.08663241            -
    100000      66164      19395          0      33836 |   0.05505749            -
    110000      74021      22872          0      35979 |   0.04068522            -
    120000      82038      26542          0      37962 |   0.03160462            -
    130000      90177      30387          0      39823 |   0.02626177            -
    140000      98382      34277          0      41618 |   0.02260006            -
    150000     106729      38245          0      43271 |   0.01900092            -
    160000     115067      42242          0      44933 |   0.01563272            -
    170000     123500      46343          0      46500 |   0.01426392            -
    180000     131953      50499          0      48047 |   0.01296317            -
    190000     140400      54629          0      49600 |   0.01165777            -
    200000     148937      58859          0      51063 |   0.01058999            -
    210000     157416      63004          0      52584 |   0.00970347            -
    220000     165979      67280          0      54021 |   0.00854593            -
    230000     174592      71497          0      55408 |   0.00753037            -
    240000     183215      75779          0      56785 |   0.00776678            -
    250000     191846      80094          0      58154 |   0.00685463            -
    260000     200455      84331          0      59545 |   0.00619914            -
    270000     209143      88622          0      60857 |   0.00576937            -
    280000     217771      93002          0      62229 |   0.00580713            -
    290000     226387      97267          0      63613 |   0.00571310            -
    300000     235075     101639          0      64925 |   0.00554796            -
    310000     243772     105893          0      66228 |   0.00523518            -
    320000     252413     110239          0      67587 |   0.00480880            -
    330000     261102     114634          0      68898 |   0.00492122            -
    340000     269756     118973          0      70244 |   0.00430427            -
    350000     278451     123371          0      71549 |   0.00415361            -
    360000     287172     127712          0      72828 |   0.00361344            -
    370000     295904     132121          0      74096 |   0.00378334            -
    380000     304625     136520          0      75375 |   0.00437164            -
    390000     313357     140793          0      76643 |   0.00371493            -
    400000     322089     145174          0      77911 |   0.00365614            -
    410000     330818     149496          0      79182 |   0.00307209            -
    420000     339542     153868          0      80458 |   0.00284851            -
    430000     348256     158250          0      81744 |   0.00296503            -
    440000     357007     162606          0      82993 |   0.00258502            -
    450000     365752     167020          0      84248 |   0.00272564            -
    460000     374494     171434          0      85506 |   0.00247738            -
    470000     383180     175713          0      86820 |   0.00210228            -
    480000     391871     180015          0      88129 |   0.00208258            -
    490000     400582     184337          0      89418 |   0.00210880            -
    500000     409313     188682          0      90687 |   0.00179352            -
    510000     418092     193054          0      91908 |   0.00188507            -
    520000     426838     197436          0      93162 |   0.00206803            -
    530000     435577     201850          0      94423 |   0.00227148            -
    540000     444323     206149          0      95677 |   0.00177048            -
    550000     453082     210548          0      96918 |   0.00142699            -
    560000     461832     214885          0      98168 |   0.00162661            -
    570000     470582     219328          0      99418 |   0.00221082            -
    580000     479364     223735          0     100636 |   0.00155233            -
    590000     488100     228099          0     101900 |   0.00143666            -
    600000     496869     232499          0     103131 |   0.00159815            -
    610000     505626     236911          0     104374 |   0.00194274            -
    620000     514419     241265          0     105581 |   0.00132230            -
    630000     523113     245612          0     106887 |   0.00151868            -
    640000     531857     249949          0     108143 |   0.00075162            -
    650000     540570     254313          0     109430 |   0.00093385            -
    660000     549369     258730          0     110631 |   0.00095113            -
    670000     558120     263087          0     111880 |   0.00095706            -
    680000     566870     267427          0     113130 |   0.00040560            -
    690000     575603     271857          0     114397 |   0.00034963            -
    700000     584398     276201          0     115602 |  -0.00021508            -
    710000     593201     280607          0     116799 |  -0.00010257            -
    720000     602028     285051          0     117972 |  -0.00004154            -
    730000     610799     289433          0     119201 |  -0.00001486            -
    740000     619566     293788          0     120434 |  -0.00019395            -
    750000     628309     298149          0     121691 |  -0.00013170            -
    760000     637059     302518          0     122941 |  -0.00021020            -
    770000     645810     306891          0     124190 |  -0.00001318            -
    780000     654572     311266          0     125428 |   0.00020929            -
    790000     663289     315615          0     126711 |   0.00034698            -
    800000     672101     319976          0     127899 |  -0.00039074            -
    810000     680935     324380          0     129065 |  -0.00044542            -
    820000     689688     328755          0     130312 |  -0.00008623            -
    830000     698526     333049          0     131474 |  -0.00077962            -
    840000     707322     337482          0     132678 |  -0.00028387            -
    850000     716167     341957          0     133833 |  -0.00008603            -
    860000     724929     346340          0     135071 |  -0.00019523            -
    870000     733759     350761          0     136241 |  -0.00088456            -
    880000     742633     355212          0     137367 |  -0.00080336            -
    890000     751492     359619          0     138508 |  -0.00093529            -
    900000     760284     363986          0     139716 |  -0.00101891            -
    910000     769077     368437          0     140923 |  -0.00026281            -
    920000     777827     372815          0     142173 |  -0.00023361            -
    930000     786605     377242          0     143395 |   0.00022117            -
    940000     795409     381535          0     144591 |  -0.00036696            -
    950000     804236     385817          0     145764 |  -0.00112561            -
    960000     813036     390314          0     146964 |  -0.00044781            -
    970000     821855     394784          0     148145 |   0.00022289            -
    980000     830591     399060          0     149409 |  -0.00064053            -
    990000     839377     403409          0     150623 |  -0.00078205            -
   1000000     848191     407814          0     151809 |  -0.00083363            -
   1010000     857052     412275          0     152948 |  -0.00078179            -
   1020000     865841     416652          0     154159 |  -0.00097889            -
   1030000     874631     421101          0     155369 |  -0.00082562            -
   1040000     883489     425454          0     156511 |  -0.00166737            -
   1050000     892304     429877          0     157696 |  -0.00145492            -
   1060000     901183     434342          0     158817 |  -0.00098693            -
   1070000     910041     438818          0     159959 |  -0.00078473            -
   1080000     918841     443249          0     161159 |  -0.00017542            -
   1090000     927721     447671          0     162279 |  -0.00063330            -
   1100000     936474     451968          0     163526 |  -0.00097288            -
   1110000     945270     456381          0     164730 |  -0.00059972            -
   1120000     954076     460725          0     165924 |  -0.00077696            -
   1130000     962847     465129          0     167153 |  -0.00070908            -
   1140000     971643     469505          0     168357 |  -0.00087337            -
   1150000     980447     473902          0     169553 |  -0.00097023            -
   1160000     989263     478267          0     170737 |  -0.00209213            -
   1170000     998080     482705          0     171920 |  -0.00153153            -
   1180000    1006857     487140          0     173143 |  -0.00142187            -
   1190000    1015625     491528          0     174375 |  -0.00168387            -
   1200000    1024449     495921          0     175551 |  -0.00207842            -
   1210000    1033258     500338          0     176742 |  -0.00231726            -
   1220000    1042116     504845          0     177884 |  -0.00161271            -
   1230000    1050927     509254          0     179073 |  -0.00160196            -
   1240000    1059769     513657          0     180231 |  -0.00174575            -
   1250000    1068601     518052          0     181399 |  -0.00210863            -
   1260000    1077424     522375          0     182576 |  -0.00268769            -
   1270000    1086333     526817          0     183667 |  -0.00281975            -
   1280000    1095136     531288          0     184864 |  -0.00236331            -
   1290000    1103888     535615          0     186112 |  -0.00254176            -
   1300000    1112682     540068          0     187318 |  -0.00169212            -
   1310000    1121497     544392          0     188503 |  -0.00244618            -
   1320000    1130288     548789          0     189712 |  -0.00268317            -
   1330000    1139075     553168          0     190925 |  -0.00298075            -
   1340000    1147909     557672          0     192091 |  -0.00270331            -
   1350000    1156737     562094          0     193263 |  -0.00248226            -
   1360000    1165506     566444          0     194494 |  -0.00280793            -
   1370000    1174303     570807          0     195697 |  -0.00291656            -
   1380000    1183113     575223          0     196887 |  -0.00300358            -
   1390000    1191982     579716          0     198018 |  -0.00246593            -
   1400000    1200779     584189          0     199221 |  -0.00171397            -
   1410000    1209593     588647          0     200407 |  -0.00207563            -
   1420000    1218400     593083          0     201600 |  -0.00167247            -
   1430000    1227136     597466          0     202864 |  -0.00151002            -
   1440000    1235862     601772          0     204138 |  -0.00157060            -
   1450000    1244688     606194          0     205312 |  -0.00166510            -
   1460000    1253469     610525          0     206531 |  -0.00188999            -
   1470000    1262249     614944          0     207751 |  -0.00223444            -
   1480000    1271051     619405          0     208949 |  -0.00257441            -
   1490000    1279878     623891          0     210122 |  -0.00204380            -
   1500000    1288621     628225          0     211379 |  -0.00209979            -
   1510000    1297385     632599          0     212615 |  -0.00196374            -
   1520000    1306125     636918          0     213875 |  -0.00244381            -
   1530000    1314969     641360          0     215031 |  -0.00217687            -
   1540000    1323725     645713          0     216275 |  -0.00210243            -
   1550000    1332547     650158          0     217453 |  -0.00175889            -
   1560000    1341351     654566          0     218649 |  -0.00154514            -
   1570000    1350175     659023          0     219825 |  -0.00170225            -
   1580000    1358931     663416          0     221069 |  -0.00193565            -
   1590000    1367723     667799          0     222277 |  -0.00221806            -
   1600000    1376551     672180          0     223449 |  -0.00280108            -
   1610000    1385352     676646          0     224648 |  -0.00225244            -
   1620000    1394149     681095          0     225851 |  -0.00234281            -
   1630000    1403003     685495          0     226997 |  -0.00259294            -
   1640000    1411936     689969          0     228064 |  -0.00226374            -
   1650000    1420750     694349          0     229250 |  -0.00222013            -
   1660000    1429531     698750          0     230469 |  -0.00206318            -
   1670000    1438270     703131          0     231730 |  -0.00246644            -
   1680000    1447157     707625          0     232843 |  -0.00206863            -
   1690000    1455998     712077          0     234002 |  -0.00161920            -
   1700000    1464809     716388          0     235191 |  -0.00187745            -
   1710000    1473543     720778          0     236457 |  -0.00147778            -
   1720000    1482389     725128          0     237611 |  -0.00200227            -
   1730000    1491250     729531          0     238750 |  -0.00211651            -
   1740000    1500094     733908          0     239906 |  -0.00272480            -
   1750000    1508915     738277          0     241085 |  -0.00268603            -
   1760000    1517731     742713          0     242269 |  -0.00274655            -
   1770000    1526519     747134          0     243481 |  -0.00219355            -
   1780000    1535341     751527          0     244659 |  -0.00231958            -
   1790000    1544143     755998          0     245857 |  -0.00214757            -
   1800000    1552976     760332          0     247024 |  -0.00248595            -
   1810000    1561831     764742          0     248169 |  -0.00228490            -
   1820000    1570659     769218          0     249341 |  -0.00221619            -
   1830000    1579514     773626          0     250486 |  -0.00271727            -
   1840000    1588350     778125          0     251650 |  -0.00247527            -
   1850000    1597151     782499          0     252849 |  -0.00279042            -
   1860000    1605966     786928          0     254034 |  -0.00242696            -
   1870000    1614728     791334          0     255272 |  -0.00253971            -
   1880000    1623588     795755          0     256412 |  -0.00182813            -
   1890000    1632345     800116          0     257655 |  -0.00175397            -
   1900000    1641188     804464          0     258812 |  -0.00262411            -
   1910000    1649928     808832          0     260072 |  -0.00307325            -
   1920000    1658716     813300          0     261284 |  -0.00319267            -
   1930000    1667583     817777          0     262417 |  -0.00288344            -
   1940000    1676392     822154          0     263608 |  -0.00237907            -
   1950000    1685192     826580          0     264808 |  -0.00258998            -
   1960000    1693998     831037          0     266002 |  -0.00265912            -
   1970000    1702865     835535          0     267135 |  -0.00207572            -
   1980000    1711666     839906          0     268334 |  -0.00245651            -
   1990000    1720464     844393          0     269536 |  -0.00147953            -
   2000000    1729254     848772          0     270746 |  -0.00166637            -
   2010000    1738075     853168          0     271925 |  -0.00149359            -
   2020000    1746907     857609          0     273093 |  -0.00138981            -
   2030000    1755666     861975          0     274334 |  -0.00187584            -
   2040000    1764532     866421          0     275468 |  -0.00186183            -
   2050000    1773390     870907          0     276610 |  -0.00128847            -
   2060000    1782149     875290          0     277851 |  -0.00128301            -
   2070000    1790970     879718          0     279030 |  -0.00176772            -
   2080000    1799792     884031          0     280208 |  -0.00218025            -
   2090000    1808597     888479          0     281403 |  -0.00200384            -
   2100000    1817461     892818          0     282539 |  -0.00225412            -
   2110000    1826290     897227          0     283710 |  -0.00266724            -
   2120000    1835090     901540          0     284910 |  -0.00284420            -
   2130000    1843942     905979          0     286058 |  -0.00263177            -
   2140000    1852806     910463          0     287194 |  -0.00209717            -
   2150000    1861602     914848          0     288398 |  -0.00251030            -
   2160000    1870425     919299          0     289575 |  -0.00226445            -
   2170000    1879299     923711          0     290701 |  -0.00239884            -
   2180000    1888120     928145          0     291880 |  -0.00212503            -
   2190000    1896924     932536          0     293076 |  -0.00212333            -
   2200000    1905780     936989          0     294220 |  -0.00210271            -
   2210000    1914622     941376          0     295378 |  -0.00246949            -
   2220000    1923465     945774          0     296535 |  -0.00282308            -
   2230000    1932315     950211          0     297685 |  -0.00254852            -
   2240000    1941149     954637          0     298851 |  -0.00235582            -
   2250000    1949993     959043          0     300007 |  -0.00230944            -
   2260000    1958817     963528          0     301183 |  -0.00190818            -
   2270000    1967607     968013          0     302393 |  -0.00115621            -
   2280000    1976359     972356          0     303641 |  -0.00150600            -
   2290000    1985144     976730          0     304856 |  -0.00126814            -
   2300000    1993949     981118          0     306051 |  -0.00164208            -
   2310000    2002741     985507          0     307259 |  -0.00209579            -
   2320000    2011576     989884          0     308424 |  -0.00242933            -
   2330000    2020376     994316          0     309624 |  -0.00186464            -
   2340000    2029184     998713          0     310816 |  -0.00233751            -
   2350000    2037997    1003079          0     312003 |  -0.00270109            -
   2360000    2046818    1007453          0     313182 |  -0.00272633            -
   2370000    2055686    1011939          0     314314 |  -0.00242241            -
   2380000    2064484    1016372          0     315516 |  -0.00203990            -
   2390000    2073308    1020821          0     316692 |  -0.00177860            -
   2400000    2082095    1025209          0     317905 |  -0.00161090            -
   2410000    2090877    1029573          0     319123 |  -0.00195956            -
   2420000    2099644    1033890          0     320356 |  -0.00210197            -
   2430000    2108379    1038254          0     321621 |  -0.00205983            -
   2440000    2117209    1042709          0     322791 |  -0.00191796            -
   2450000    2126025    1047097          0     323975 |  -0.00181180            -
   2460000    2134778    1051509          0     325222 |  -0.00208030            -
   2470000    2143588    1055898          0     326412 |  -0.00186773            -
   2480000    2152357    1060299          0     327643 |  -0.00200597            -
   2490000    2161153    1064633          0     328847 |  -0.00221064            -
   2500000    2169969    1069023          0     330031 |  -0.00270970            -
   2510000    2178794    1073431          0     331206 |  -0.00242901            -
   2520000    2187589    1077760          0     332411 |  -0.00332735            -
   2530000    2196425    1082110          0     333575 |  -0.00380620            -
   2540000    2205249    1086513          0     334751 |  -0.00373125            -
   2550000    2214098    1090988          0     335902 |  -0.00331767            -
   2560000    2222934    1095403          0     337066 |  -0.00336403            -
   2570000    2231755    1099923          0     338245 |  -0.00266749            -
   2580000    2240591    1104336          0     339409 |  -0.00287245            -
   2590000    2249404    1108778          0     340596 |  -0.00316043            -
   2600000    2258242    1113219          0     341758 |  -0.00294489            -
   2610000    2267071    1117664          0     342929 |  -0.00274294            -
   2620000    2275906    1122113          0     344094 |  -0.00254441            -
   2630000    2284758    1126491          0     345242 |  -0.00260270            -
   2640000    2293517    1130950          0     346483 |  -0.00152988            -
   2650000    2302277    1135275          0     347723 |  -0.00189433            -
   2660000    2311047    1139650          0     348953 |  -0.00221202            -
   2670000    2319902    1144078          0     350098 |  -0.00192797            -
   2680000    2328747    1148404          0     351253 |  -0.00292546            -
   2690000    2337526    1152823          0     352474 |  -0.00260352            -
   2700000    2346385    1157222          0     353615 |  -0.00282883            -
   2710000    2355237    1161674          0     354763 |  -0.00285336            -
   2720000    2364040    1166125          0     355960 |  -0.00344075            -
   2730000    2372888    1170526          0     357112 |  -0.00330860            -
   2740000    2381766    1175021          0     358234 |  -0.00326970            -
   2750000    2390638    1179485          0     359362 |  -0.00304548            -
   2760000    2399483    1183905          0     360517 |  -0.00296925            -
   2770000    2408333    1188345          0     361667 |  -0.00257781            -
   2780000    2417149    1192774          0     362851 |  -0.00215221            -
   2790000    2425954    1197215          0     364046 |  -0.00204984            -
   2800000    2434787    1201678          0     365213 |  -0.00167424            -
   2810000    2443609    1206087          0     366391 |  -0.00185840            -
   2820000    2452454    1210450          0     367546 |  -0.00233523            -
   2830000    2461315    1214890          0     368685 |  -0.00202319            -
   2840000    2470170    1219364          0     369830 |  -0.00176430            -
   2850000    2478978    1223746          0     371022 |  -0.00192474            -
   2860000    2487835    1228137          0     372165 |  -0.00212723            -
   2870000    2496674    1232543          0     373326 |  -0.00236555            -
   2880000    2505532    1237032          0     374468 |  -0.00147965            -
   2890000    2514375    1241446          0     375625 |  -0.00163048            -
   2900000    2523171    1245846          0     376829 |  -0.00194556            -
   2910000    2531980    1250285          0     378020 |  -0.00192647            -
   2920000    2540812    1254630          0     379188 |  -0.00233551            -
   2930000    2549629    1258981          0     380371 |  -0.00245476            -
   2940000    2558416    1263383          0     381584 |  -0.00199691            -
   2950000    2567282    1267809          0     382718 |  -0.00180743            -
   2960000    2576135    1272197          0     383865 |  -0.00237111            -
   2970000    2585025    1276593          0     384975 |  -0.00242734            -
   2980000    2593876    1280994          0     386124 |  -0.00264145            -
   2990000    2602713    1285463          0     387287 |  -0.00216726            -
   3000000    2611553    1289932          0     388447 |  -0.00202977            -
   3010000    2620385    1294336          0     389615 |  -0.00213701            -
   3020000    2629186    1298788          0     390814 |  -0.00224309            -
   3030000    2638033    1303225          0     391967 |  -0.00239628            -
   3040000    2646850    1307562          0     393150 |  -0.00261061            -
   3050000    2655714    1311982          0     394286 |  -0.00293283            -
   3060000    2664602    1316395          0     395398 |  -0.00307604            -
   3070000    2673430    1320832          0     396570 |  -0.00265376            -
   3080000    2682289    1325226          0     397711 |  -0.00332300            -
   3090000    2691150    1329717          0     398850 |  -0.00281018            -
   3100000    2699993    1334144          0     400007 |  -0.00265844            -
   3110000    2708831    1338487          0     401169 |  -0.00340107            -
   3120000    2717721    1342929          0     402279 |  -0.00374298            -
   3130000    2726607    1347373          0     403393 |  -0.00317090            -
   3140000    2735479    1351884          0     404521 |  -0.00281239            -
   3150000    2744370    1356309          0     405630 |  -0.00291208            -
   3160000    2753288    1360741          0     406712 |  -0.00322732            -
   3170000    2762179    1365179          0     407821 |  -0.00284417            -
   3180000    2771031    1369636          0     408969 |  -0.00283319            -
   3190000    2779839    1374036          0     410161 |  -0.00274178            -
   3200000    2788669    1378479          0     411331 |  -0.00275921            -
   3210000    2797536    1382956          0     412464 |  -0.00227073            -
   3220000    2806293    1387338          0     413707 |  -0.00285098            -
   3230000    2815110    1391726          0     414890 |  -0.00295117            -
   3240000    2823966    1396149          0     416034 |  -0.00313079            -
   3250000    2832865    1400580          0     417135 |  -0.00296414            -
   3260000    2841717    1404970          0     418283 |  -0.00308345            -
   3270000    2850514    1409385          0     419486 |  -0.00234390            -
   3280000    2859328    1413844          0     420672 |  -0.00193276            -
   3290000    2868153    1418309          0     421847 |  -0.00216456            -
   3300000    2877028    1422719          0     422972 |  -0.00252208            -
   3310000    2885850    1427158          0     424150 |  -0.00193548            -
   3320000    2894628    1431654          0     425372 |  -0.00141539            -
   3330000    2903400    1436026          0     426600 |  -0.00157988            -
   3340000    2912241    1440396          0     427759 |  -0.00254380            -
   3350000    2921104    1444849          0     428896 |  -0.00201718            -
   3360000    2929936    1449333          0     430064 |  -0.00176851            -
   3370000    2938821    1453718          0     431179 |  -0.00199130            -
   3380000    2947642    1458108          0     432358 |  -0.00275017            -
   3390000    2956465    1462486          0     433535 |  -0.00296667            -
   3400000    2965305    1466888          0     434695 |  -0.00316064            -
   3410000    2974132    1471225          0     435868 |  -0.00347073            -
   3420000    2983024    1475700          0     436976 |  -0.00327467            -
   3430000    2991889    1480169          0     438111 |  -0.00327404            -
   3440000    3000782    1484574          0     439218 |  -0.00365181            -
   3450000    3009695    1489110          0     440305 |  -0.00327067            -
   3460000    3018601    1493570          0     441399 |  -0.00319165            -
   3470000    3027415    1497985          0     442585 |  -0.00326895            -
   3480000    3036318    1502489          0     443682 |  -0.00268241            -
   3490000    3045145    1506910          0     444855 |  -0.00227550            -
   3500000    3053925    1511358          0     446075 |  -0.00224303            -
   3510000    3062770    1515698          0     447230 |  -0.00251777            -
   3520000    3071588    1520108          0     448412 |  -0.00246766            -
   3530000    3080416    1524509          0     449584 |  -0.00219826            -
   3540000    3089250    1528894          0     450750 |  -0.00239700            -
   3550000    3098107    1533354          0     451893 |  -0.00205371            -
   3560000    3106924    1537742          0     453076 |  -0.00188519            -
   3570000    3115768    1542122          0     454232 |  -0.00231414            -
   3580000    3124610    1546456          0     455390 |  -0.00259650            -
   3590000    3133447    1550909          0     456553 |  -0.00254695            -
   3600000    3142282    1555373          0     457718 |  -0.00183709            -
   3610000    3151138    1559816          0     458862 |  -0.00199573            -
   3620000    3159911    1564127          0     460089 |  -0.00274383            -
   3630000    3168751    1568591          0     461249 |  -0.00227067            -
   3640000    3177505    1572939          0     462495 |  -0.00208333            -
   3650000    3186266    1577340          0     463734 |  -0.00200512            -
   3660000    3195046    1581757          0     464954 |  -0.00178806            -
   3670000    3203807    1586137          0     466193 |  -0.00207916            -
   3680000    3212627    1590540          0     467373 |  -0.00211501            -
   3690000    3221388    1594863          0     468612 |  -0.00211704            -
   3700000    3230175    1599229          0     469825 |  -0.00243858            -
   3710000    3238946    1603687          0     471054 |  -0.00193907            -
   3720000    3247751    1608089          0     472249 |  -0.00204833            -
   3730000    3256592    1612490          0     473408 |  -0.00233750            -
   3740000    3265401    1616863          0     474599 |  -0.00263565            -
   3750000    3274224    1621228          0     475776 |  -0.00281407            -
   3760000    3283061    1625675          0     476939 |  -0.00249120            -
   3770000    3291896    1630104          0     478104 |  -0.00245320            -
   3780000    3300665    1634573          0     479335 |  -0.00203761            -
   3790000    3309452    1638891          0     480548 |  -0.00217497            -
   3800000    3318314    1643336          0     481686 |  -0.00297222            -
   3810000    3327205    1647873          0     482795 |  -0.00235375            -
   3820000    3336106    1652284          0     483894 |  -0.00276846            -
   3830000    3345009    1656786          0     484991 |  -0.00257416            -
   3840000    3353850    1661176          0     486150 |  -0.00286945            -
   3850000    3362617    1665598          0     487383 |  -0.00215141            -
   3860000    3371487    1670023          0     488513 |  -0.00255500            -
   3870000    3380319    1674381          0     489681 |  -0.00297143            -
   3880000    3389149    1678845          0     490851 |  -0.00229422            -
   3890000    3397987    1683300          0     492013 |  -0.00223431            -
   3900000    3406751    1687741          0     493249 |  -0.00196108            -
   3910000    3415632    1692122          0     494368 |  -0.00215241            -
   3920000    3424472    1696575          0     495528 |  -0.00212702            -
   3930000    3433279    1700981          0     496721 |  -0.00255692            -
   3940000    3442100    1705439          0     497900 |  -0.00236468            -
   3950000    3450929    1709883          0     499071 |  -0.00223264            -
   3960000    3459723    1714247          0     500277 |  -0.00242189            -
   3970000    3468560    1718701          0     501440 |  -0.00240550            -
   3980000    3477385    1723058          0     502615 |  -0.00282393            -
   3990000    3486168    1727427          0     503832 |  -0.00294735            -
   4000000    3495094    1731892          0     504906 |  -0.00302322            -
   4010000    3503976    1736327          0     506024 |  -0.00313113            -
   4020000    3512762    1740750          0     507238 |  -0.00280557            -
   4030000    3521590    1745235          0     508410 |  -0.00258365            -
   4040000    3530378    1749617          0     509622 |  -0.00269050            -
   4050000    3539206    1754035          0     510794 |  -0.00269128            -
   4060000    3548064    1758483          0     511936 |  -0.00280004            -
   4070000    3556859    1762891          0     513141 |  -0.00302271            -
   4080000    3565734    1767303          0     514266 |  -0.00298483            -
   4090000    3574558    1771730          0     515442 |  -0.00256690            -
   4100000    3583411    1776107          0     516589 |  -0.00306607            -
   4110000    3592219    1780576          0     517781 |  -0.00258054            -
   4120000    3601025    1784925          0     518975 |  -0.00297629            -
   4130000    3609805    1789327          0     520195 |  -0.00276855            -
   4140000    3618615    1793713          0     521385 |  -0.00251114            -
   4150000    3627400    1798135          0     522600 |  -0.00235677            -
   4160000    3636232    1802598          0     523768 |  -0.00238945            -
   4170000    3645057    1807009          0     524943 |  -0.00234789            -
   4180000    3653847    1811440          0     526153 |  -0.00244619            -
   4190000    3662653    1815781          0     527347 |  -0.00273486            -
   4200000    3671462    1820149          0     528538 |  -0.00276870            -
   4210000    3680264    1824595          0     529736 |  -0.00233597            -
   4220000    3689059    1828964          0     530941 |  -0.00236308            -
   4230000    3697847    1833412          0     532153 |  -0.00205689            -
   4240000    3706630    1837732          0     533370 |  -0.00286818            -
   4250000    3715442    1842175          0     534558 |  -0.00263115            -
   4260000    3724273    1846582          0     535727 |  -0.00298654            -
   4270000    3733065    1850926          0     536935 |  -0.00299670            -
   4280000    3741944    1855334          0     538056 |  -0.00332161            -
   4290000    3750776    1859762          0     539224 |  -0.00326355            -
   4300000    3759627    1864211          0     540373 |  -0.00308883            -
   4310000    3768497    1868658          0     541503 |  -0.00283278            -
   4320000    3777346    1873100          0     542654 |  -0.00293843            -
   4330000    3786229    1877533          0     543771 |  -0.00298213            -
   4340000    3795117    1881901          0     544883 |  -0.00320509            -
   4350000    3804040    1886386          0     545960 |  -0.00327770            -
   4360000    3812938    1890894          0     547062 |  -0.00255383            -
   4370000    3821821    1895342          0     548179 |  -0.00300945            -
   4380000    3830671    1899778          0     549329 |  -0.00310374            -
   4390000    3839522    1904221          0     550478 |  -0.00273767            -
   4400000    3848401    1908586          0     551599 |  -0.00322057            -
   4410000    3857229    1912999          0     552771 |  -0.00313860            -
   4420000    3866141    1917442          0     553859 |  -0.00321880            -
   4430000    3875048    1921929          0     554952 |  -0.00304083            -
   4440000    3883993    1926397          0     556007 |  -0.00272369            -
   4450000    3892845    1930857          0     557155 |  -0.00243568            -
   4460000    3901664    1935222          0     558336 |  -0.00302565            -
   4470000    3910546    1939681          0     559454 |  -0.00285074            -
   4480000    3919346    1944099          0     560654 |  -0.00283893            -
   4490000    3928166    1948551          0     561834 |  -0.00275211            -
   4500000    3937046    1952963          0     562954 |  -0.00262475            -
   4510000    3945846    1957312          0     564154 |  -0.00311673            -
   4520000    3954664    1961754          0     565336 |  -0.00270532            -
   4530000    3963516    1966191          0     566484 |  -0.00285010            -
   4540000    3972367    1970623          0     567633 |  -0.00265207            -
   4550000    3981213    1974997          0     568787 |  -0.00301759            -
   4560000    3990078    1979444          0     569922 |  -0.00265223            -
   4570000    3998909    1983794          0     571091 |  -0.00350227            -
   4571264    4000000    1984334          0     571264 |  -0.00344781            -


Monte Carlo simulation results:
	Total accepted moves = 4000000
	E_start, E_last, E_diff = 778781728.28681, -0.00345, -778781728.29026 eV

Simulation ended at: 2022-12-03 06:15:46.889522
Elapsed time = 9:31:43.805739

