1 9
1 24
1 42
1 76
1 631
1 671
2 3
2 6
2 12
2 46
2 79
2 826
3 12
3 43
3 82
3 87
4 23
4 47
4 51
4 231
5 84
5 88
5 135
5 140
5 181
5 205
6 67
6 93
6 194
6 826
6 869
7 8
7 13
7 23
7 24
7 48
7 59
7 60
8 9
8 13
8 48
8 61
9 76
9 83
10 22
10 23
10 29
10 47
10 66
10 75
10 77
11 15
11 19
11 24
11 36
11 42
11 68
11 82
12 26
12 826
12 881
12 902
13 24
13 59
13 60
13 61
13 76
13 98
13 101
14 30
14 62
14 71
14 74
14 78
14 80
14 84
14 657
15 24
15 27
15 77
15 82
15 87
16 38
16 57
16 85
16 229
16 312
16 872
17 18
17 43
17 50
17 65
17 79
17 634
17 677
17 694
18 50
18 53
18 79
18 636
18 647
18 864
19 27
19 43
19 65
19 82
19 92
19 97
19 652
19 695
20 31
20 44
20 61
20 95
20 151
20 633
20 827
20 837
21 23
21 48
21 52
21 57
21 222
21 233
21 303
22 29
22 45
22 87
22 90
23 231
23 233
24 42
24 60
25 62
25 74
25 80
25 111
25 154
25 787
26 39
26 43
26 70
26 847
26 881
26 902
27 65
27 87
27 677
27 695
28 51
28 56
28 63
28 131
28 157
28 299
29 46
29 71
29 77
29 84
29 87
30 49
30 66
30 74
30 80
30 84
30 196
31 34
31 55
31 61
31 95
31 831
31 862
32 39
32 56
32 63
32 840
32 849
33 54
33 78
33 89
33 653
33 657
33 671
34 48
34 220
34 303
34 313
35 37
35 49
35 74
35 85
35 111
35 161
35 196
36 42
36 60
36 68
36 193
37 74
37 85
37 96
37 873
37 883
38 57
38 78
38 85
38 94
38 883
39 43
39 56
39 70
39 82
39 92
39 860
40 83
40 91
40 94
40 675
40 831
40 837
41 58
41 86
41 149
41 172
41 691
41 740
42 68
42 76
42 198
42 643
43 65
43 79
43 82
43 694
43 847
44 61
44 76
44 113
44 151
44 167
45 69
45 90
45 174
45 279
46 64
46 69
46 87
46 90
47 72
47 87
47 246
48 57
48 75
48 303
49 85
49 192
49 196
49 312
50 53
50 58
50 647
50 682
51 60
51 81
51 208
51 299
52 57
52 66
52 88
52 222
52 264
52 312
53 67
53 172
53 179
53 636
54 78
54 91
54 94
54 96
54 653
55 61
55 95
55 100
55 199
55 268
55 313
55 867
56 63
56 70
56 82
57 75
58 71
58 86
58 682
58 691
59 60
59 81
59 238
59 247
60 81
61 98
61 100
62 80
62 86
62 152
62 656
62 657
63 131
63 133
63 195
64 67
64 69
64 124
64 174
65 652
65 673
65 677
65 694
66 75
66 84
67 102
67 1010
68 97
68 200
69 84
69 86
69 174
69 181
70 72
70 214
70 223
70 298
71 77
71 86
71 89
71 691
72 73
72 223
72 246
72 298
73 90
73 93
73 204
73 223
73 239
73 246
73 279
74 78
74 85
75 77
75 78
76 643
77 89
79 821
79 826
79 847
80 84
80 86
80 115
80 152
81 146
81 247
81 411
82 87
83 666
83 676
84 86
85 883
85 901
86 149
86 152
88 205
88 226
89 671
90 279
91 94
91 96
91 630
91 632
91 653
91 675
91 911
92 97
92 895
93 239
93 272
93 279
94 96
94 831
94 876
94 911
95 151
95 867
95 877
95 974
95 1024
96 630
96 655
96 835
96 873
97 628
97 649
97 652
98 100
98 101
98 113
98 122
99 165
99 170
99 194
99 317
99 374
99 378
99 380
100 109
100 113
100 122
100 151
100 199
101 103
101 113
101 130
101 146
101 193
102 143
102 170
102 194
102 1010
103 113
103 130
103 198
103 757
103 773
104 105
104 106
104 110
104 121
104 129
104 130
104 153
104 183
105 110
105 134
105 163
105 164
105 183
105 810
106 129
106 148
106 160
106 810
107 115
107 123
107 139
107 140
107 142
107 150
107 184
107 191
108 124
108 134
108 143
108 165
108 171
108 188
109 120
109 126
109 187
110 112
110 130
110 138
110 163
110 723
110 777
111 154
111 161
111 166
111 624
111 787
111 873
111 1015
112 119
112 132
112 138
112 751
113 151
113 177
114 121
114 148
114 160
114 189
114 195
114 197
115 140
115 150
115 152
115 154
115 181
115 184
116 143
116 175
116 190
116 202
116 379
117 136
117 139
117 141
117 159
117 187
117 995
118 127
118 139
118 142
118 156
118 196
118 335
118 1009
119 132
119 159
119 184
120 136
120 187
120 330
120 350
120 397
120 1020
121 148
121 178
121 180
121 183
121 190
122 126
122 199
122 201
122 238
122 358
123 125
123 137
123 150
123 191
123 322
124 134
124 149
124 171
124 172
124 173
124 188
125 137
125 180
125 201
125 322
125 356
125 375
126 137
126 141
126 201
127 142
127 192
127 196
127 335
127 343
127 833
127 1009
127 1160
128 144
128 160
128 182
128 186
128 737
128 810
128 1558
129 193
129 198
129 200
129 746
129 757
130 138
130 153
131 157
131 178
131 411
132 138
132 145
132 159
132 162
132 818
133 148
133 195
133 649
134 164
134 171
134 173
134 182
134 188
135 165
135 168
135 174
135 181
135 191
135 345
135 378
136 137
136 397
136 402
136 939
137 201
137 322
138 141
138 162
139 156
139 1001
140 142
140 191
140 192
140 196
141 159
142 191
142 192
142 335
142 343
142 351
143 170
143 182
143 943
144 160
144 175
144 182
144 189
144 197
144 973
144 1558
145 159
145 177
145 187
145 998
146 169
147 150
147 155
147 163
147 171
147 173
147 184
148 160
148 193
149 152
149 171
149 172
149 173
149 740
150 184
150 191
151 167
151 177
151 827
151 1024
152 185
152 740
152 817
153 155
153 163
153 180
154 156
154 185
154 196
155 163
155 168
155 180
155 183
155 190
156 161
156 1001
156 1009
157 158
157 297
157 299
157 307
157 403
158 176
158 403
158 405
158 955
159 818
159 998
160 183
160 189
161 950
161 971
161 1015
162 177
162 769
162 773
164 173
164 760
164 810
165 168
165 174
165 194
165 378
166 185
166 747
166 779
166 787
166 1017
166 1550
167 633
167 752
167 773
168 329
168 378
169 178
169 180
169 201
170 194
170 869
170 947
170 953
171 173
171 181
172 661
173 817
174 181
174 194
175 176
175 182
175 190
175 197
176 190
176 405
176 1016
177 1024
178 391
178 403
178 411
179 186
179 188
179 636
179 806
179 931
180 190
182 188
183 190
185 779
185 787
185 817
186 188
186 731
186 792
186 929
186 965
186 1558
187 945
187 995
187 998
189 195
189 1578
189 1601
192 196
193 198
193 200
195 840
195 985
197 985
198 200
198 643
198 746
198 757
199 238
199 268
199 358
199 386
199 867
199 1020
200 746
200 771
200 772
201 330
201 375
202 317
202 379
202 398
202 947
202 1016
203 225
203 255
203 261
203 263
203 287
204 217
204 239
204 246
204 261
204 275
204 279
204 287
205 226
205 345
206 227
206 270
206 271
206 282
206 294
206 448
206 477
206 1068
206 1078
207 218
207 234
207 274
207 278
207 285
208 210
208 216
208 231
208 298
208 299
208 307
209 218
209 253
209 257
209 259
209 278
209 285
209 300
210 212
210 216
210 247
210 296
210 302
210 368
211 217
211 219
211 222
211 226
211 230
211 261
211 266
212 265
212 296
212 302
212 404
212 407
213 270
213 271
213 295
213 377
213 406
214 223
214 224
214 298
214 849
214 902
214 1065
214 1099
215 242
215 249
215 257
215 258
215 300
215 440
215 452
215 472
215 500
215 1123
216 252
216 286
216 289
216 296
216 307
217 222
217 246
217 275
218 235
218 259
218 274
218 285
218 303
219 226
219 250
219 264
219 266
219 267
219 312
220 229
220 240
220 259
220 264
221 258
221 266
221 267
221 273
221 291
221 293
221 306
221 500
222 233
222 235
222 264
222 284
223 228
223 298
223 902
223 1099
224 271
224 289
224 297
224 849
224 1028
224 1065
224 1089
225 241
225 256
225 262
225 281
225 287
225 288
225 334
226 263
226 290
227 270
227 282
227 286
227 295
227 427
227 448
228 239
228 252
228 262
228 272
228 275
228 276
228 289
228 1099
229 240
229 250
229 918
229 1057
229 1120
230 232
230 243
230 261
230 275
230 283
231 233
231 246
231 284
232 248
232 258
232 269
232 277
232 446
232 480
233 247
233 274
233 284
234 238
234 247
234 302
234 325
234 358
234 360
235 257
235 269
235 274
235 284
236 244
236 250
236 1035
236 1067
236 1120
236 1216
237 253
237 278
237 308
237 310
237 360
237 362
237 370
237 382
237 619
238 247
238 268
238 325
238 358
239 272
239 275
239 279
239 287
240 242
240 259
240 1057
240 1115
241 262
241 272
241 281
241 301
241 1033
242 249
242 257
242 258
242 267
243 248
243 252
243 260
243 275
243 280
243 283
243 304
243 309
244 249
244 254
244 267
244 293
244 306
244 1067
245 285
245 308
245 364
245 370
245 386
245 1124
246 275
248 269
248 277
248 283
248 304
248 309
248 478
248 488
249 267
249 306
249 1035
249 1114
250 264
250 267
250 312
251 265
251 304
251 429
251 435
251 447
251 494
252 260
252 275
252 276
252 286
252 289
253 278
253 285
253 300
253 308
253 310
253 1121
254 306
254 355
254 1076
254 1177
255 263
255 305
255 311
255 319
255 419
256 262
256 276
256 280
256 281
256 288
257 258
257 269
257 467
258 266
258 269
258 446
258 500
259 285
259 1102
259 1115
260 269
260 274
260 284
260 286
260 304
261 263
261 275
261 283
261 287
262 272
262 276
262 294
262 1049
262 1070
263 273
263 290
263 316
264 312
265 295
265 296
265 348
265 404
265 414
265 447
265 494
265 516
266 267
266 273
267 306
268 285
268 303
268 313
268 358
268 386
269 446
269 467
269 478
270 295
270 406
270 427
270 1221
271 282
271 289
271 1028
271 1078
272 1049
273 290
273 291
273 293
273 319
274 284
275 287
276 280
276 282
276 294
277 283
277 309
277 311
277 480
277 488
278 467
278 514
279 292
280 283
280 304
280 309
281 288
281 353
281 510
281 1081
281 1117
282 286
282 289
282 294
282 1028
283 287
283 309
286 296
286 304
288 305
288 439
288 510
289 298
289 1028
290 316
290 319
290 326
290 366
291 293
291 424
291 464
291 473
291 479
291 480
292 345
292 374
293 306
293 323
293 326
293 409
293 424
294 512
294 1028
294 1070
294 1104
295 296
295 406
295 447
296 368
296 404
297 299
297 849
297 955
297 1089
298 299
299 307
300 440
300 1121
300 1322
301 334
301 383
301 388
301 1158
302 325
302 368
302 404
302 407
304 462
305 311
305 334
305 369
305 539
306 464
306 500
307 368
307 377
308 370
308 1093
308 1108
308 1121
308 1124
308 1130
309 454
309 462
309 488
310 497
310 604
310 619
310 1093
311 419
313 862
313 867
313 1063
313 1102
314 316
314 338
314 342
314 369
314 373
314 393
315 331
315 332
315 338
315 349
315 361
315 581
316 319
316 366
316 381
316 401
317 337
317 339
317 374
317 380
317 388
318 344
318 362
318 408
318 410
318 537
318 1196
319 326
319 336
319 342
319 419
320 322
320 351
320 354
320 357
320 367
320 400
320 402
321 324
321 349
321 352
321 356
321 363
321 375
321 384
322 356
323 326
323 343
323 355
323 357
323 372
323 390
324 332
324 333
324 348
324 352
324 384
324 620
325 391
326 372
326 409
327 335
327 340
327 397
327 402
327 939
327 1131
327 1191
327 1194
328 353
328 392
328 396
328 557
328 1154
329 356
329 378
329 399
329 401
330 350
330 358
330 394
331 336
331 338
331 349
331 354
331 372
331 598
332 361
332 522
332 548
332 620
333 371
333 377
333 384
333 389
333 395
333 406
334 339
334 353
334 369
334 388
335 343
336 338
336 342
336 528
336 578
336 581
336 598
337 347
337 365
337 388
337 396
337 1138
337 1154
338 342
338 354
338 381
338 581
339 374
339 380
339 388
339 396
340 341
340 344
340 400
340 402
340 1191
341 355
341 357
341 387
341 390
341 1131
341 1149
341 1184
342 419
342 528
342 539
342 581
343 351
344 359
344 362
344 394
344 400
344 402
344 408
345 378
345 401
346 352
346 363
346 365
346 371
346 379
346 389
346 399
347 365
347 392
347 395
347 1181
348 404
348 406
348 516
348 555
348 620
349 354
349 367
349 400
350 364
350 386
350 1020
350 1175
351 357
351 366
351 381
352 361
352 373
353 510
353 613
353 1081
353 1392
354 356
354 381
354 401
355 390
355 1177
355 1184
355 1216
356 363
356 375
356 399
357 372
357 400
358 360
358 386
359 360
359 362
359 367
359 385
359 394
360 362
360 370
360 382
360 386
361 393
361 529
362 370
362 382
362 385
362 410
362 619
363 375
363 389
363 399
364 370
364 386
364 1130
364 1151
364 1175
364 1201
365 371
365 398
366 381
366 401
367 375
367 394
367 400
367 402
368 377
368 391
368 404
368 411
369 393
369 396
369 539
369 557
370 1130
371 377
371 389
371 403
372 390
372 409
372 598
373 380
373 399
374 383
374 388
376 1101
376 1141
376 1162
376 1218
377 384
377 389
378 380
379 380
379 399
380 399
381 401
382 385
382 407
382 619
383 388
383 1128
384 389
384 391
384 404
385 408
385 410
385 518
386 1020
386 1175
387 597
387 609
387 1143
387 1196
387 1340
387 1396
388 396
388 1154
388 1158
389 391
389 403
390 409
390 609
390 1184
391 411
392 396
392 557
393 396
393 529
394 400
394 402
395 406
395 525
395 580
395 1181
395 1218
396 1154
397 402
397 939
397 1222
398 405
398 1016
398 1138
398 1173
398 1208
400 402
400 408
404 407
405 1016
405 1208
406 611
408 410
409 424
409 593
409 598
410 527
410 537
410 542
410 619
412 426
412 435
412 449
412 456
412 459
412 465
412 497
412 514
413 431
413 439
413 455
413 474
413 502
413 610
413 613
414 494
414 514
414 516
414 555
414 569
414 582
415 418
415 455
415 479
415 501
415 530
415 558
415 559
415 584
416 432
416 450
416 460
416 490
416 507
416 645
416 650
416 702
417 426
417 475
417 499
417 532
417 575
417 586
417 604
418 423
418 437
418 455
418 479
418 486
418 501
419 455
419 473
419 528
419 539
420 422
420 434
420 440
420 451
420 456
420 472
420 492
421 426
421 442
421 449
421 541
421 546
421 549
421 569
421 575
421 582
422 430
422 452
422 472
422 492
423 437
423 454
423 455
423 485
423 486
423 488
424 464
424 473
424 593
424 621
425 436
425 444
425 454
425 481
425 482
425 484
425 485
426 442
426 451
426 459
426 497
426 569
426 575
427 429
427 447
427 457
427 477
427 483
427 498
428 447
428 457
428 471
428 483
428 494
428 516
428 554
428 592
429 447
429 457
429 462
429 494
430 434
430 441
430 443
430 452
430 469
430 476
430 1304
431 439
431 461
431 484
431 502
431 1288
432 433
432 449
432 471
432 490
432 491
432 507
432 645
433 445
433 457
433 471
433 482
433 490
433 496
434 443
434 504
434 1245
434 1263
434 1293
434 1304
435 465
435 467
435 478
435 494
435 514
436 482
436 485
436 489
436 495
437 479
437 486
437 488
438 487
438 501
438 556
438 558
438 559
438 599
438 621
439 454
439 510
440 467
440 472
440 1245
441 443
441 469
441 504
441 660
441 684
441 704
442 459
442 491
442 507
442 511
442 546
442 606
443 469
443 504
443 1263
443 1311
443 1474
443 1511
444 462
444 465
444 482
444 488
444 490
445 457
445 470
445 471
445 483
445 508
445 544
446 467
446 472
446 478
446 480
446 500
447 494
447 516
448 462
448 477
448 481
448 498
448 512
449 459
449 465
449 494
449 582
450 456
450 459
450 460
450 465
450 490
450 492
450 506
450 507
451 456
451 459
451 475
451 492
451 506
452 472
452 476
452 500
452 1304
453 475
453 505
453 511
453 532
453 635
453 709
453 718
453 1316
453 1524
454 481
454 488
455 474
455 530
455 610
456 459
456 465
456 472
456 492
457 482
457 483
457 498
458 468
458 486
458 559
458 629
458 654
458 667
458 808
459 506
459 507
460 495
460 650
460 690
461 474
461 493
461 502
461 509
461 513
463 470
463 1236
463 1258
463 1324
464 476
464 479
464 500
465 478
465 490
466 484
466 498
466 503
466 1299
466 1302
466 1324
467 478
468 474
468 486
468 509
468 513
468 654
469 476
469 1256
469 1311
470 544
470 600
470 637
470 1239
470 1324
471 508
471 515
471 554
472 500
473 479
473 528
474 513
474 610
475 499
475 505
475 1316
476 621
477 1068
477 1258
477 1306
479 480
479 501
480 488
481 484
481 512
481 1269
482 490
482 498
483 554
483 594
484 1269
484 1302
485 486
485 495
485 509
486 495
486 663
487 563
487 599
487 617
487 704
487 744
489 493
489 503
489 509
489 686
489 1302
490 495
491 507
491 511
491 515
491 546
491 642
491 722
492 504
492 506
493 713
493 1318
494 516
494 582
495 663
495 689
496 623
496 645
496 665
496 689
497 514
497 569
497 575
497 604
497 619
499 1275
499 1322
499 1323
501 559
502 576
502 602
502 613
502 1401
503 664
503 665
503 686
503 707
503 1302
503 1324
504 505
504 660
504 1293
505 506
505 669
505 1293
505 1459
506 507
506 511
507 511
507 650
508 515
508 544
508 637
508 645
509 513
509 663
509 705
510 613
510 1081
510 1267
510 1392
511 606
511 635
512 1068
512 1104
512 1241
513 654
513 705
513 732
514 619
515 523
515 546
516 555
516 562
516 582
516 592
517 522
517 540
517 564
517 566
517 580
517 596
518 524
518 555
519 552
519 556
519 583
519 599
519 612
519 1398
520 557
520 566
520 602
520 1422
521 531
521 594
521 1246
521 1349
522 529
522 548
522 580
522 596
522 607
522 620
523 544
523 554
523 573
523 595
523 608
523 614
523 733
524 527
524 561
524 569
524 575
524 603
525 580
525 611
525 1218
525 1374
526 568
526 571
526 572
526 576
526 615
526 618
526 783
527 542
527 550
527 561
527 604
528 530
528 539
528 543
528 558
528 578
529 548
529 580
529 581
530 543
530 558
530 565
530 578
530 584
530 610
531 540
531 595
531 600
531 774
531 1349
531 1356
532 567
532 586
532 606
532 718
532 1424
533 543
533 548
533 560
533 564
533 579
534 545
534 553
534 589
534 591
534 778
535 542
535 552
535 561
535 583
535 597
535 1396
535 1409
536 538
536 553
536 578
536 579
536 583
536 589
536 591
537 542
537 1093
537 1130
537 1367
538 561
538 578
538 579
538 597
538 598
538 601
539 585
539 610
540 596
540 608
540 1347
540 1349
541 546
541 547
541 550
541 567
541 575
541 577
541 587
541 606
542 597
542 1196
542 1340
542 1367
542 1409
543 568
543 585
543 588
543 610
544 554
544 595
544 600
545 565
545 745
545 770
545 814
546 547
546 606
546 722
547 577
547 587
547 614
547 722
547 736
547 768
547 815
548 564
548 581
548 601
548 607
549 562
549 573
549 582
549 587
550 567
550 575
550 586
551 553
551 561
551 577
551 587
551 591
551 603
552 583
552 591
552 605
553 579
553 587
553 601
553 603
554 573
554 592
555 562
556 590
556 593
556 599
556 621
557 585
557 602
557 613
558 559
558 578
558 584
558 593
559 563
559 574
559 584
560 564
560 572
560 770
561 601
561 603
562 582
562 603
562 607
563 574
563 589
563 612
563 739
563 744
564 566
564 571
564 607
565 568
565 579
565 584
565 814
566 571
566 585
566 588
567 577
567 606
567 812
567 815
568 584
568 588
568 610
568 814
569 575
569 582
570 571
570 615
570 743
570 1366
571 615
572 615
572 622
572 770
572 803
573 592
573 596
573 607
573 608
573 614
574 584
574 589
574 739
574 745
574 808
575 604
575 606
576 602
576 616
576 618
576 732
576 1360
576 1401
577 591
577 736
577 778
578 579
578 593
579 601
580 620
581 585
583 597
583 1396
584 814
585 588
585 610
586 1362
586 1375
586 1424
587 603
587 614
588 602
588 610
589 591
589 612
589 745
589 781
590 593
590 609
590 621
590 1420
591 605
591 778
592 596
592 611
592 620
594 611
594 1246
594 1306
595 608
595 622
595 733
595 743
595 774
596 607
596 608
597 609
597 1396
599 617
599 621
599 1416
599 1427
600 774
600 1246
600 1395
601 603
602 613
603 607
604 619
605 812
605 1384
605 1561
606 722
606 815
609 1184
609 1396
612 781
613 1392
614 622
614 768
615 618
615 816
615 1366
615 1573
616 618
616 1341
616 1360
616 1366
617 744
617 1311
617 1371
617 1535
618 732
618 767
618 776
618 816
618 1360
618 1366
618 1541
618 1573
621 1427
622 733
622 743
622 765
622 766
622 770
623 645
623 646
623 662
623 665
623 670
623 701
624 655
624 692
624 700
624 764
624 873
625 631
625 648
625 659
625 680
625 701
625 717
626 643
626 659
626 666
626 716
626 752
626 775
626 802
627 629
627 641
627 654
627 663
627 697
628 646
628 649
628 670
628 696
628 701
628 750
628 819
629 654
629 663
629 667
629 668
629 690
629 715
630 632
630 653
630 714
630 1437
631 648
631 680
631 695
632 658
632 672
632 675
632 1437
632 1439
633 666
633 759
633 827
634 647
634 651
634 694
634 706
634 1501
634 1519
635 669
635 709
635 716
635 718
635 802
636 806
636 844
636 1469
637 665
637 712
638 669
638 676
638 679
638 680
638 716
639 693
639 1429
639 1459
639 1511
640 672
640 709
640 1439
640 1494
641 677
641 682
641 697
641 706
641 711
642 659
642 716
642 722
643 659
644 652
644 673
644 688
644 707
644 1501
646 670
646 696
646 701
646 712
646 819
647 661
647 682
647 708
648 652
648 673
648 695
648 701
648 711
648 717
649 772
649 1477
649 1520
649 1601
650 702
651 698
651 703
651 708
651 1464
651 1469
652 673
653 657
653 714
654 697
654 808
655 657
655 714
655 873
656 687
656 699
656 719
657 687
657 714
658 669
658 672
658 679
658 693
658 714
659 716
660 681
660 684
660 693
661 682
661 754
661 795
661 806
661 813
662 673
662 678
662 689
662 702
662 711
662 717
663 689
663 690
664 665
664 707
664 1433
664 1442
664 1463
664 1483
665 707
666 676
667 681
667 690
667 704
668 674
668 685
668 699
668 715
668 725
668 808
669 672
670 701
670 712
670 724
670 750
670 800
670 819
671 676
671 679
671 680
671 710
672 709
672 1439
673 677
673 695
673 706
673 711
674 681
674 685
674 687
674 693
674 715
676 679
676 680
677 682
677 695
677 706
677 711
678 686
678 689
678 706
678 707
679 680
679 683
679 710
680 711
680 717
681 683
681 687
681 690
681 693
681 715
682 691
683 690
683 710
683 715
684 685
684 693
684 704
684 1474
685 704
685 739
685 744
686 703
686 707
686 713
686 1497
687 710
687 714
687 715
688 696
688 895
688 1430
688 1442
688 1501
688 1520
689 702
691 699
691 740
692 735
692 748
692 764
694 820
694 895
694 1519
695 711
696 712
696 819
696 1438
696 1442
696 1477
696 1483
697 699
697 734
697 754
697 813
698 705
698 708
698 713
698 793
698 1469
699 715
699 740
699 813
700 1429
700 1514
700 1515
701 717
701 750
702 717
703 707
703 1433
703 1464
703 1497
703 1501
705 708
705 713
705 732
705 799
706 708
709 718
709 1439
709 1524
710 711
710 715
712 742
712 819
712 1483
716 802
718 785
718 802
718 815
718 1524
719 725
719 740
719 748
719 780
719 817
720 755
720 760
720 782
720 784
720 792
720 795
720 807
721 726
721 738
721 741
721 749
721 777
721 789
721 790
722 726
722 802
722 815
723 749
723 760
723 777
723 798
724 733
724 742
724 761
724 805
724 819
725 739
725 780
725 807
725 808
726 741
726 768
726 790
726 800
727 753
727 762
727 797
727 1584
727 1609
728 735
728 747
728 753
728 764
728 779
728 791
728 1550
728 1609
728 1615
729 758
729 766
729 794
729 1573
729 1582
730 763
730 778
730 789
730 798
730 804
731 758
731 792
731 794
731 1575
731 1582
732 767
732 783
732 799
733 741
733 743
733 765
733 768
734 754
734 755
734 783
734 784
734 799
734 807
734 813
735 744
735 764
735 1514
735 1515
736 789
736 815
737 788
737 794
737 801
737 1558
737 1575
737 1578
737 1603
738 741
738 746
738 750
738 761
738 771
738 790
739 744
739 745
739 791
740 813
741 761
741 765
741 768
741 800
742 774
742 805
742 819
742 1596
743 766
743 774
743 805
744 1535
745 763
745 781
746 750
746 757
746 790
747 751
747 753
747 779
747 818
747 1550
748 764
748 779
748 780
748 787
748 791
749 769
749 790
749 796
750 761
750 771
751 779
751 780
751 804
752 759
752 773
752 775
752 796
753 762
753 791
753 804
753 809
753 1609
754 784
754 793
754 795
754 799
754 813
755 782
755 783
755 784
755 803
755 807
755 814
756 775
756 785
756 786
756 1528
756 1557
756 1588
756 1595
757 773
757 790
758 776
758 784
758 816
759 775
759 1539
759 1595
760 782
760 798
760 817
761 771
761 819
762 781
762 1535
762 1609
763 780
763 782
763 798
763 804
764 1515
764 1550
764 1615
765 766
765 768
765 770
765 789
765 811
766 803
767 776
767 799
767 1360
767 1484
767 1541
767 1594
768 789
768 800
769 796
769 804
769 809
770 789
770 803
771 772
771 788
771 801
772 788
772 1601
773 790
773 796
774 1395
775 785
775 802
776 793
776 816
776 1541
776 1573
776 1594
777 801
777 810
777 811
778 781
778 797
779 787
779 791
779 1550
780 782
780 791
780 804
782 798
782 807
783 784
783 799
783 814
783 816
784 795
784 799
784 816
785 786
785 796
785 802
785 815
786 797
786 809
786 812
788 819
788 1477
788 1601
788 1603
789 798
790 796
792 794
792 795
793 799
793 806
793 1594
794 801
794 1575
795 806
797 809
798 811
801 810
801 811
802 815
804 809
805 1603
807 813
808 814
809 1553
812 1325
812 1561
818 1017
819 1477
820 821
820 847
820 860
820 895
820 909
820 1428
820 1519
820 1522
821 864
821 1519
822 851
822 861
822 875
822 890
822 900
822 907
822 919
823 843
823 891
823 896
823 904
823 1445
824 834
824 841
824 865
824 896
824 899
825 842
825 871
825 913
826 834
826 841
826 881
827 837
827 916
827 962
827 1013
827 1024
828 899
828 912
828 983
828 1021
828 1551
829 905
829 940
829 1029
829 1037
829 1082
830 849
830 892
831 837
831 888
832 835
832 859
832 911
832 913
832 1440
832 1489
833 863
833 901
833 927
833 971
833 1009
833 1110
833 1120
833 1160
834 841
834 865
834 881
834 906
835 858
835 873
835 1482
835 1510
836 866
836 886
836 887
836 889
836 917
836 1041
836 1056
836 1079
836 1112
837 910
838 852
838 865
838 868
838 905
838 1082
838 1096
838 1126
839 879
839 894
839 900
839 919
839 921
839 986
839 1004
840 848
840 897
840 942
840 1520
841 864
842 859
842 871
842 876
842 915
843 859
843 884
843 896
843 904
844 864
844 931
844 1502
844 1551
845 861
845 872
845 874
845 903
845 918
845 1059
845 1069
846 870
846 908
846 920
846 1452
846 1467
847 860
847 881
848 856
848 860
848 895
848 897
848 1430
848 1520
848 1522
849 1065
850 893
850 910
850 1455
850 1465
850 1491
851 862
851 867
851 974
851 1011
851 1063
852 865
852 889
852 905
852 914
852 1039
852 1079
853 855
853 870
853 879
853 882
853 887
853 894
853 908
854 871
854 878
854 882
854 891
854 904
854 906
854 909
854 920
855 886
855 897
855 1005
855 1014
856 870
856 897
856 1005
857 866
857 878
857 903
857 905
857 915
857 1085
858 883
858 898
859 884
859 904
859 1440
860 892
860 895
860 897
861 862
861 888
861 890
861 1058
861 1059
861 1085
862 888
862 1059
862 1063
863 885
863 898
863 971
863 978
863 981
864 1502
865 878
865 889
865 905
865 906
866 878
866 879
866 882
866 887
866 890
866 907
866 1056
867 974
867 1011
867 1020
867 1175
868 869
868 953
868 958
868 1126
868 1128
869 953
869 1010
870 897
870 1462
870 1467
871 878
871 882
871 904
871 915
872 918
872 1059
873 1015
874 883
874 885
874 901
874 903
874 918
875 877
875 888
875 900
876 883
876 888
876 911
877 900
877 949
877 974
877 1013
878 882
878 889
878 905
878 906
878 915
879 882
879 886
879 887
879 907
879 908
879 917
880 884
880 885
880 898
880 915
880 978
881 892
881 902
882 887
882 890
882 908
883 901
884 896
884 898
884 1510
885 903
885 978
885 1097
886 887
886 917
886 1004
886 1041
886 1125
887 889
889 892
889 906
889 914
890 907
891 896
891 904
891 906
891 909
892 906
893 894
893 916
893 930
893 1491
894 908
895 1522
896 904
896 912
898 978
898 981
898 1510
899 912
899 958
899 991
899 1021
900 919
902 1099
903 915
903 1037
903 1069
903 1085
904 920
905 1082
907 917
907 1098
909 1428
909 1452
909 1522
910 911
910 913
910 1455
911 913
911 1489
912 983
912 991
913 1440
913 1489
914 1039
914 1041
914 1065
916 930
916 989
916 1013
916 1539
917 1004
917 1043
917 1098
917 1122
918 1057
918 1059
918 1069
918 1110
919 986
919 1122
919 1134
920 1434
920 1452
920 1488
921 986
921 992
921 996
921 1004
921 1014
922 941
922 945
922 949
922 952
922 988
922 995
922 1008
922 1222
923 937
923 958
923 960
923 990
923 1021
923 1198
923 1207
924 951
924 961
924 988
924 992
924 1000
924 1003
924 1019
925 963
925 968
925 984
925 1018
925 1579
925 1620
926 935
926 941
926 972
926 999
926 1003
926 1006
927 1110
927 1159
927 1160
927 1203
928 944
928 948
928 992
928 996
928 1022
928 1146
929 965
929 1023
929 1533
929 1547
929 1558
930 989
930 999
930 1491
931 965
931 1010
932 946
932 972
932 976
932 980
932 1536
932 1574
932 1590
932 1617
933 942
933 957
933 984
933 1578
933 1579
934 944
934 954
934 957
934 996
934 1012
935 941
935 998
935 999
935 1572
935 1610
936 959
936 961
936 987
936 990
937 960
937 990
937 1182
937 1198
937 1207
938 946
938 964
938 969
938 976
938 978
938 981
938 982
938 987
938 997
939 952
939 956
939 995
939 1222
940 959
940 978
940 991
940 1029
941 949
941 998
941 1002
941 1003
941 1006
942 1005
943 947
943 954
943 966
943 973
944 1152
944 1176
944 1187
945 949
945 974
945 1002
945 1020
945 1024
946 972
946 982
946 997
946 1536
946 1574
947 953
947 960
947 1182
948 955
948 985
948 1014
948 1195
949 974
949 1002
949 1006
949 1008
949 1013
950 969
950 971
950 975
950 981
950 982
950 997
950 1015
950 1017
951 961
951 963
951 992
952 979
952 994
952 995
952 1213
952 1222
953 960
953 1021
953 1128
954 957
954 1016
955 1089
956 979
956 1001
956 1009
957 985
957 996
957 1012
958 1021
958 1050
958 1082
958 1207
959 969
959 978
959 987
959 1159
960 966
960 1021
960 1207
961 987
961 990
961 994
961 1019
962 1002
962 1013
962 1024
962 1572
963 996
964 997
964 1536
964 1581
964 1617
964 1618
965 966
965 973
966 967
966 973
967 1007
967 1023
968 972
968 980
968 999
968 1605
969 971
969 978
969 979
969 981
969 982
969 987
970 976
970 977
970 990
970 1007
971 981
971 1009
972 980
972 999
972 1574
972 1605
973 1012
974 1011
974 1020
975 979
975 982
975 995
975 998
975 1001
975 1017
976 987
976 991
976 1007
977 980
977 1012
977 1590
978 981
978 991
979 982
979 994
979 1001
980 1590
981 997
981 1015
982 987
982 994
982 1003
983 1007
983 1445
983 1551
983 1617
983 1618
983 1619
984 1012
984 1579
986 988
986 992
986 1000
986 1134
987 994
988 994
988 1000
988 1003
988 1008
989 999
989 1002
989 1006
989 1013
989 1568
991 1007
992 996
992 1000
992 1022
992 1176
993 1006
994 1003
995 998
995 1001
996 1014
997 1015
999 1006
999 1568
999 1605
1000 1134
1000 1176
1000 1197
1000 1212
1001 1009
1002 1006
1002 1013
1002 1024
1003 1006
1004 1014
1004 1022
1004 1122
1005 1018
1006 1013
1008 1011
1008 1197
1008 1222
1011 1175
1013 1024
1014 1022
1015 1482
1015 1550
1016 1173
1016 1208
1017 1550
1018 1545
1019 1176
1019 1178
1019 1212
1020 1175
1022 1134
1022 1145
1022 1146
1022 1157
1023 1533
1023 1547
1023 1551
1023 1619
1025 1026
1025 1071
1025 1072
1025 1106
1025 1144
1025 1161
1025 1164
1025 1185
1025 1193
1026 1033
1026 1036
1026 1050
1026 1053
1026 1060
1026 1071
1026 1096
1026 1185
1027 1032
1027 1034
1027 1067
1027 1076
1027 1084
1027 1169
1027 1170
1027 1177
1027 1217
1028 1040
1028 1065
1028 1078
1028 1099
1028 1109
1029 1036
1029 1037
1029 1082
1029 1155
1030 1057
1030 1058
1030 1074
1030 1083
1030 1100
1030 1115
1031 1039
1031 1040
1031 1048
1031 1077
1031 1079
1031 1096
1031 1109
1032 1034
1032 1076
1032 1094
1032 1296
1032 1319
1033 1060
1033 1072
1033 1117
1033 1185
1034 1053
1034 1064
1034 1084
1034 1170
1034 1193
1034 1319
1035 1055
1035 1062
1035 1067
1036 1050
1036 1053
1036 1082
1036 1193
1036 1206
1037 1044
1037 1097
1037 1118
1038 1042
1038 1078
1038 1087
1038 1089
1038 1101
1039 1040
1039 1049
1039 1096
1039 1099
1039 1126
1040 1048
1040 1049
1040 1065
1040 1070
1040 1099
1040 1109
1041 1042
1041 1109
1041 1125
1042 1043
1042 1087
1042 1103
1042 1109
1042 1125
1042 1157
1043 1088
1043 1112
1043 1122
1043 1125
1043 1157
1043 1180
1044 1055
1044 1064
1044 1069
1044 1083
1044 1097
1044 1118
1045 1054
1045 1056
1045 1079
1045 1080
1045 1095
1045 1112
1046 1061
1046 1066
1046 1074
1046 1083
1046 1235
1046 1270
1047 1073
1047 1086
1047 1090
1047 1108
1047 1124
1047 1137
1048 1070
1048 1104
1048 1107
1048 1113
1049 1070
1049 1096
1049 1099
1049 1126
1050 1060
1050 1082
1050 1206
1051 1063
1051 1090
1051 1098
1051 1100
1052 1087
1052 1091
1052 1116
1052 1129
1052 1135
1053 1064
1053 1071
1053 1075
1053 1106
1053 1193
1054 1077
1054 1095
1054 1113
1054 1253
1054 1307
1055 1062
1055 1067
1055 1084
1055 1097
1055 1110
1056 1079
1056 1098
1056 1112
1056 1118
1057 1059
1057 1062
1057 1069
1058 1059
1058 1063
1058 1085
1058 1100
1059 1063
1059 1102
1060 1096
1060 1185
1061 1086
1061 1092
1061 1100
1061 1105
1062 1074
1062 1083
1062 1094
1063 1102
1064 1066
1064 1080
1064 1084
1064 1118
1065 1099
1065 1109
1066 1075
1066 1080
1066 1278
1067 1076
1067 1216
1067 1217
1068 1104
1068 1254
1068 1258
1069 1085
1070 1104
1070 1107
1070 1117
1071 1072
1071 1075
1071 1106
1071 1238
1071 1247
1072 1081
1072 1144
1072 1185
1072 1247
1073 1090
1073 1111
1073 1127
1073 1163
1073 1332
1074 1094
1074 1115
1074 1123
1075 1077
1075 1238
1075 1283
1075 1319
1076 1094
1076 1114
1076 1177
1077 1107
1077 1113
1078 1101
1078 1109
1079 1112
1080 1083
1080 1118
1081 1392
1083 1100
1084 1097
1084 1193
1085 1118
1086 1121
1086 1124
1087 1101
1087 1103
1087 1199
1088 1090
1088 1098
1088 1112
1088 1119
1089 1195
1090 1209
1091 1095
1091 1116
1091 1119
1091 1253
1091 1277
1091 1282
1091 1284
1092 1105
1092 1108
1092 1111
1092 1270
1092 1291
1092 1320
1093 1108
1093 1130
1093 1132
1093 1323
1094 1114
1094 1235
1095 1103
1095 1119
1097 1110
1098 1100
1098 1112
1101 1221
1102 1115
1103 1109
1103 1112
1104 1117
1104 1241
1104 1254
1105 1119
1105 1270
1105 1284
1106 1144
1106 1219
1106 1238
1106 1319
1106 1339
1107 1113
1107 1117
1107 1241
1107 1247
1108 1111
1108 1121
1108 1124
1108 1132
1108 1273
1110 1120
1111 1230
1111 1284
1111 1332
1113 1241
1113 1254
1113 1283
1114 1123
1115 1121
1116 1282
1117 1241
1117 1267
1120 1160
1121 1320
1121 1322
1122 1134
1122 1157
1122 1209
1123 1245
1123 1320
1124 1130
1124 1132
1124 1201
1125 1157
1127 1129
1127 1277
1127 1332
1127 1390
1128 1158
1128 1207
1129 1135
1129 1180
1129 1215
1130 1132
1130 1200
1130 1201
1131 1160
1131 1194
1131 1216
1132 1139
1132 1200
1132 1367
1132 1372
1133 1153
1133 1210
1133 1345
1133 1352
1134 1145
1134 1171
1134 1197
1134 1209
1135 1140
1135 1162
1135 1214
1135 1215
1135 1337
1136 1177
1136 1189
1136 1220
1136 1234
1136 1265
1136 1394
1137 1139
1137 1163
1137 1171
1137 1201
1137 1209
1138 1148
1138 1154
1138 1167
1138 1173
1139 1163
1139 1183
1139 1200
1139 1332
1140 1162
1140 1167
1140 1172
1140 1179
1140 1214
1141 1172
1141 1195
1142 1147
1142 1153
1142 1178
1142 1183
1142 1202
1142 1212
1143 1149
1143 1150
1143 1166
1143 1184
1143 1189
1143 1408
1144 1161
1144 1164
1144 1185
1144 1219
1144 1327
1144 1414
1145 1146
1145 1157
1145 1165
1145 1171
1145 1176
1145 1180
1145 1199
1145 1209
1145 1215
1146 1152
1146 1157
1146 1172
1146 1195
1146 1199
1147 1178
1147 1188
1147 1202
1147 1203
1147 1204
1147 1213
1148 1154
1148 1158
1148 1205
1148 1211
1149 1166
1149 1191
1149 1202
1150 1189
1150 1202
1150 1204
1150 1364
1150 1408
1151 1200
1151 1201
1152 1165
1152 1167
1152 1173
1152 1187
1152 1192
1152 1208
1153 1156
1153 1165
1153 1178
1154 1158
1154 1211
1155 1188
1155 1198
1155 1206
1156 1174
1156 1178
1156 1187
1156 1192
1156 1198
1156 1205
1157 1180
1157 1195
1157 1199
1158 1185
1159 1188
1159 1203
1160 1216
1160 1217
1161 1164
1161 1185
1161 1211
1161 1219
1161 1414
1162 1218
1162 1221
1162 1421
1163 1171
1163 1209
1163 1215
1164 1174
1164 1190
1164 1193
1164 1206
1164 1219
1165 1171
1165 1176
1165 1187
1165 1214
1165 1215
1166 1183
1166 1196
1166 1423
1167 1181
1167 1214
1168 1186
1168 1211
1168 1353
1168 1414
1168 1422
1169 1170
1169 1177
1169 1189
1169 1203
1169 1217
1170 1188
1170 1193
1170 1204
1171 1197
1171 1209
1172 1195
1172 1199
1173 1182
1173 1208
1174 1186
1174 1190
1174 1192
1175 1201
1176 1187
1176 1212
1177 1184
1177 1189
1178 1187
1178 1198
1178 1202
1179 1181
1179 1337
1179 1351
1179 1374
1180 1199
1180 1209
1180 1215
1181 1218
1181 1374
1182 1207
1184 1189
1184 1408
1186 1192
1186 1211
1186 1350
1186 1352
1186 1353
1187 1198
1188 1193
1188 1203
1189 1408
1190 1204
1190 1219
1190 1220
1190 1364
1191 1194
1192 1211
1192 1214
1193 1206
1194 1203
1194 1213
1195 1199
1196 1200
1196 1340
1196 1367
1197 1212
1198 1205
1198 1207
1200 1201
1200 1367
1202 1204
1203 1213
1203 1217
1205 1206
1205 1207
1210 1215
1210 1345
1211 1414
1214 1215
1216 1217
1218 1374
1219 1220
1219 1339
1219 1350
1220 1265
1220 1319
1220 1364
1221 1306
1223 1226
1223 1303
1223 1313
1223 1327
1223 1329
1223 1376
1223 1389
1223 1399
1224 1230
1224 1237
1224 1248
1224 1277
1224 1284
1224 1295
1224 1314
1224 1418
1225 1237
1225 1257
1225 1264
1225 1272
1225 1279
1225 1314
1226 1267
1226 1288
1226 1303
1226 1327
1226 1329
1226 1370
1226 1392
1226 1399
1226 1401
1227 1232
1227 1243
1227 1262
1227 1264
1227 1274
1227 1281
1227 1314
1228 1240
1228 1256
1228 1263
1228 1289
1228 1298
1228 1309
1228 1311
1229 1242
1229 1252
1229 1259
1229 1266
1229 1268
1229 1297
1229 1300
1229 1303
1230 1273
1230 1291
1230 1295
1230 1308
1230 1372
1230 1418
1231 1232
1231 1240
1231 1251
1231 1271
1231 1276
1231 1292
1231 1298
1231 1301
1232 1255
1232 1271
1232 1274
1232 1279
1232 1305
1233 1234
1233 1256
1233 1294
1233 1309
1233 1427
1234 1265
1234 1296
1234 1309
1234 1319
1234 1394
1235 1250
1235 1270
1235 1278
1235 1285
1235 1294
1236 1239
1236 1249
1236 1258
1236 1299
1237 1257
1237 1272
1237 1314
1237 1321
1237 1411
1237 1418
1238 1247
1238 1268
1238 1283
1238 1313
1238 1319
1238 1339
1239 1249
1239 1286
1239 1463
1239 1498
1240 1251
1240 1292
1240 1298
1240 1310
1240 1471
1241 1242
1241 1254
1241 1269
1242 1247
1242 1266
1242 1268
1242 1283
1242 1297
1242 1312
1243 1262
1243 1275
1243 1281
1243 1293
1243 1316
1243 1449
1244 1252
1244 1261
1244 1318
1244 1380
1244 1399
1244 1470
1244 1484
1244 1523
1244 1548
1245 1285
1245 1304
1245 1320
1245 1322
1246 1249
1246 1306
1246 1330
1246 1421
1247 1267
1247 1283
1247 1313
1248 1257
1248 1279
1248 1282
1248 1314
1249 1257
1249 1317
1249 1330
1249 1343
1249 1348
1250 1255
1250 1276
1250 1278
1250 1285
1250 1294
1250 1296
1250 1298
1251 1259
1251 1292
1251 1300
1251 1305
1251 1446
1251 1518
1252 1318
1252 1470
1252 1497
1252 1523
1253 1282
1253 1284
1253 1307
1254 1258
1254 1312
1255 1295
1255 1301
1255 1307
1256 1311
1256 1427
1257 1348
1257 1393
1257 1411
1258 1306
1259 1261
1259 1268
1259 1300
1259 1446
1260 1261
1260 1376
1260 1378
1260 1380
1260 1419
1260 1446
1261 1380
1261 1446
1261 1523
1262 1271
1262 1281
1262 1285
1263 1271
1263 1298
1263 1304
1264 1272
1264 1274
1264 1321
1264 1449
1265 1290
1265 1310
1265 1319
1265 1339
1265 1394
1266 1287
1266 1297
1266 1299
1266 1312
1267 1269
1267 1288
1267 1303
1267 1313
1268 1283
1268 1301
1268 1313
1269 1288
1269 1297
1270 1291
1270 1320
1271 1274
1271 1281
1271 1292
1271 1298
1272 1321
1272 1411
1272 1485
1272 1543
1273 1275
1273 1291
1273 1320
1273 1322
1273 1323
1274 1281
1274 1305
1274 1479
1275 1308
1275 1323
1276 1278
1276 1290
1276 1296
1276 1298
1276 1301
1276 1309
1276 1310
1277 1282
1277 1284
1277 1405
1278 1296
1278 1307
1279 1280
1279 1287
1279 1305
1279 1314
1280 1286
1280 1287
1280 1315
1281 1431
1281 1441
1281 1449
1281 1479
1282 1317
1284 1295
1285 1304
1286 1315
1286 1435
1286 1500
1286 1513
1287 1301
1287 1312
1288 1303
1288 1318
1288 1401
1289 1371
1289 1416
1289 1427
1290 1310
1290 1339
1291 1295
1291 1320
1292 1305
1292 1471
1292 1479
1293 1459
1293 1511
1294 1296
1294 1298
1294 1304
1294 1309
1295 1314
1296 1309
1296 1319
1297 1299
1297 1302
1298 1309
1299 1302
1299 1324
1300 1315
1300 1448
1300 1480
1300 1523
1303 1313
1305 1315
1305 1479
1305 1492
1306 1317
1308 1426
1309 1310
1310 1419
1311 1474
1313 1327
1315 1448
1315 1480
1315 1492
1315 1513
1316 1424
1316 1503
1316 1524
1317 1330
1317 1405
1318 1360
1318 1399
1318 1401
1318 1484
1320 1322
1321 1426
1321 1521
1321 1543
1323 1372
1323 1375
1324 1463
1325 1362
1325 1383
1325 1403
1325 1424
1325 1426
1325 1556
1325 1561
1325 1588
1326 1337
1326 1344
1326 1351
1326 1353
1326 1354
1326 1365
1326 1379
1327 1339
1327 1389
1327 1410
1327 1414
1328 1358
1328 1359
1328 1379
1328 1406
1328 1412
1329 1376
1329 1389
1329 1399
1329 1401
1329 1410
1330 1343
1330 1373
1330 1405
1330 1421
1331 1354
1331 1379
1331 1389
1331 1402
1331 1410
1331 1413
1332 1342
1332 1372
1332 1418
1333 1336
1333 1368
1333 1402
1333 1526
1333 1534
1333 1563
1334 1346
1334 1381
1334 1384
1334 1404
1335 1338
1335 1357
1335 1359
1335 1377
1335 1385
1335 1400
1335 1404
1335 1560
1336 1363
1336 1365
1336 1368
1336 1379
1336 1406
1336 1534
1337 1344
1337 1351
1337 1373
1338 1403
1338 1407
1338 1549
1338 1586
1339 1389
1340 1381
1340 1396
1340 1409
1340 1423
1341 1354
1341 1366
1341 1386
1341 1612
1342 1345
1342 1355
1342 1358
1342 1397
1342 1412
1342 1423
1343 1348
1343 1363
1343 1393
1343 1395
1343 1425
1344 1365
1344 1373
1344 1379
1344 1390
1344 1412
1345 1352
1345 1358
1345 1369
1345 1412
1345 1423
1346 1361
1346 1362
1346 1397
1346 1407
1346 1409
1347 1354
1347 1356
1347 1422
1348 1391
1348 1395
1348 1425
1348 1525
1349 1351
1349 1356
1349 1421
1350 1389
1350 1410
1350 1413
1350 1414
1351 1365
1351 1373
1351 1374
1351 1421
1352 1364
1352 1369
1352 1413
1353 1354
1353 1410
1353 1422
1354 1368
1355 1361
1355 1362
1355 1415
1355 1418
1356 1363
1356 1365
1356 1368
1356 1386
1357 1359
1357 1400
1357 1419
1357 1526
1357 1564
1358 1369
1358 1397
1358 1412
1359 1385
1359 1388
1359 1400
1359 1419
1360 1399
1360 1401
1360 1541
1361 1362
1361 1367
1361 1372
1361 1375
1361 1397
1361 1409
1362 1375
1362 1407
1362 1424
1362 1426
1363 1365
1363 1368
1363 1425
1364 1369
1364 1387
1364 1413
1365 1368
1365 1373
1365 1379
1366 1386
1366 1573
1367 1372
1368 1386
1369 1387
1369 1423
1370 1392
1370 1410
1370 1414
1371 1377
1371 1531
1371 1535
1373 1390
1373 1393
1373 1405
1373 1421
1374 1422
1376 1378
1376 1380
1376 1388
1376 1389
1376 1402
1376 1419
1377 1398
1377 1400
1377 1404
1377 1531
1377 1535
1377 1560
1378 1380
1378 1460
1378 1544
1380 1399
1380 1548
1380 1612
1381 1382
1381 1385
1381 1397
1381 1408
1381 1423
1382 1396
1382 1408
1382 1416
1382 1420
1383 1403
1383 1407
1383 1543
1383 1586
1384 1403
1384 1560
1384 1561
1385 1387
1385 1400
1385 1404
1386 1527
1386 1573
1387 1388
1387 1394
1387 1408
1387 1413
1388 1413
1388 1419
1389 1410
1390 1405
1390 1412
1390 1417
1391 1411
1391 1425
1391 1534
1391 1585
1391 1604
1393 1405
1393 1417
1394 1408
1394 1420
1395 1425
1395 1498
1397 1423
1398 1404
1398 1416
1398 1535
1399 1401
1400 1404
1400 1419
1400 1531
1402 1612
1403 1407
1403 1537
1403 1561
1403 1586
1404 1416
1406 1415
1406 1534
1406 1585
1408 1420
1410 1414
1411 1415
1411 1543
1412 1415
1412 1417
1415 1417
1416 1420
1416 1427
1417 1418
1420 1427
1424 1426
1424 1524
1424 1556
1425 1570
1426 1556
1428 1432
1428 1452
1428 1490
1428 1519
1428 1522
1429 1437
1429 1443
1429 1447
1429 1499
1429 1514
1430 1438
1430 1442
1430 1462
1430 1520
1430 1522
1431 1441
1431 1450
1431 1479
1431 1511
1432 1461
1432 1464
1432 1469
1432 1502
1432 1512
1432 1519
1433 1448
1433 1464
1433 1486
1433 1490
1433 1500
1433 1505
1434 1444
1434 1452
1434 1466
1434 1473
1434 1488
1434 1495
1435 1504
1435 1513
1436 1453
1436 1457
1436 1485
1436 1492
1436 1495
1436 1513
1437 1443
1437 1454
1437 1489
1438 1477
1438 1483
1438 1525
1438 1596
1439 1454
1439 1459
1439 1503
1440 1443
1440 1488
1440 1510
1441 1449
1441 1453
1441 1454
1441 1459
1441 1479
1441 1503
1442 1483
1442 1486
1442 1501
1443 1447
1443 1450
1443 1506
1444 1480
1444 1486
1444 1490
1444 1495
1444 1513
1445 1456
1445 1502
1445 1507
1445 1512
1445 1551
1445 1552
1446 1460
1446 1517
1446 1518
1447 1482
1447 1499
1447 1506
1447 1510
1447 1515
1448 1500
1448 1505
1449 1453
1449 1457
1449 1503
1450 1453
1450 1466
1450 1473
1450 1479
1450 1506
1451 1460
1451 1471
1451 1531
1451 1564
1451 1611
1452 1462
1453 1457
1453 1466
1453 1473
1453 1479
1453 1492
1454 1455
1454 1489
1454 1503
1455 1465
1455 1489
1455 1516
1456 1468
1456 1476
1456 1487
1456 1507
1456 1512
1457 1465
1457 1466
1457 1485
1457 1516
1458 1476
1458 1487
1458 1507
1458 1555
1458 1581
1458 1591
1458 1602
1459 1503
1459 1511
1460 1508
1460 1517
1460 1544
1460 1555
1461 1464
1461 1468
1461 1480
1461 1490
1461 1493
1461 1505
1462 1475
1462 1495
1462 1522
1463 1483
1463 1498
1463 1500
1464 1470
1464 1490
1464 1501
1464 1505
1465 1466
1465 1481
1465 1491
1465 1516
1466 1473
1466 1488
1467 1491
1467 1495
1467 1545
1468 1473
1468 1488
1469 1509
1470 1484
1470 1493
1470 1497
1470 1505
1470 1523
1471 1472
1471 1506
1471 1518
1472 1474
1472 1499
1472 1506
1473 1488
1474 1511
1474 1514
1475 1495
1475 1496
1475 1545
1475 1593
1476 1487
1476 1506
1476 1517
1476 1518
1477 1520
1477 1583
1477 1596
1477 1601
1478 1494
1478 1503
1478 1516
1478 1521
1478 1524
1478 1556
1478 1557
1480 1513
1480 1518
1481 1491
1481 1516
1481 1521
1481 1569
1481 1580
1482 1510
1482 1515
1482 1581
1483 1498
1483 1525
1484 1509
1484 1541
1484 1548
1484 1594
1485 1516
1485 1521
1485 1589
1486 1490
1486 1500
1486 1504
1486 1513
1487 1510
1487 1581
1487 1618
1490 1501
1491 1545
1492 1513
1493 1505
1493 1508
1493 1512
1493 1517
1493 1523
1494 1503
1494 1516
1494 1539
1494 1557
1495 1496
1495 1504
1496 1545
1496 1577
1496 1589
1497 1505
1497 1523
1498 1525
1499 1506
1499 1514
1499 1515
1499 1611
1500 1504
1500 1513
1501 1519
1502 1512
1502 1551
1503 1516
1504 1513
1504 1525
1505 1523
1507 1512
1507 1552
1507 1555
1507 1618
1508 1509
1508 1512
1508 1517
1508 1548
1508 1555
1509 1548
1509 1594
1509 1597
1509 1600
1510 1581
1512 1517
1512 1552
1514 1515
1515 1615
1516 1521
1517 1518
1520 1583
1520 1601
1521 1543
1521 1562
1521 1580
1524 1556
1524 1557
1525 1596
1525 1604
1526 1544
1526 1549
1526 1563
1526 1587
1526 1616
1527 1541
1527 1563
1527 1573
1527 1582
1527 1600
1527 1612
1528 1557
1528 1568
1528 1580
1528 1588
1528 1595
1528 1606
1529 1531
1529 1535
1529 1554
1529 1609
1529 1611
1529 1615
1530 1537
1530 1549
1530 1566
1530 1571
1531 1564
1531 1591
1531 1611
1532 1536
1532 1571
1532 1574
1532 1591
1532 1602
1532 1616
1532 1617
1533 1547
1533 1597
1534 1585
1534 1614
1535 1609
1536 1567
1536 1574
1536 1617
1537 1562
1537 1566
1537 1586
1537 1588
1538 1542
1538 1559
1538 1575
1538 1599
1538 1608
1539 1580
1539 1595
1540 1542
1540 1563
1540 1587
1540 1608
1540 1613
1540 1614
1541 1548
1541 1573
1541 1594
1541 1600
1541 1612
1542 1547
1542 1582
1542 1592
1543 1562
1544 1555
1544 1564
1544 1587
1544 1616
1545 1577
1546 1550
1546 1576
1546 1610
1547 1582
1547 1592
1547 1613
1548 1594
1548 1600
1549 1586
1549 1607
1550 1615
1551 1552
1551 1597
1551 1619
1552 1555
1552 1597
1552 1619
1553 1572
1553 1584
1553 1606
1554 1567
1554 1576
1554 1591
1554 1598
1555 1602
1556 1557
1556 1588
1557 1580
1557 1588
1557 1595
1558 1575
1558 1578
1559 1570
1560 1598
1561 1584
1561 1588
1562 1565
1562 1566
1562 1569
1562 1580
1562 1586
1562 1588
1563 1587
1563 1612
1564 1591
1564 1616
1565 1569
1565 1577
1565 1585
1565 1586
1565 1589
1565 1607
1566 1569
1566 1605
1566 1606
1567 1576
1567 1581
1567 1591
1567 1615
1568 1572
1568 1595
1568 1606
1569 1577
1569 1580
1570 1596
1570 1614
1571 1574
1571 1587
1571 1613
1572 1595
1572 1606
1573 1582
1574 1605
1574 1610
1575 1578
1576 1610
1577 1607
1577 1620
1578 1599
1578 1603
1579 1593
1579 1599
1579 1608
1579 1620
1580 1588
1581 1618
1583 1599
1583 1601
1584 1598
1584 1606
1584 1609
1585 1586
1587 1592
1587 1613
1587 1616
1589 1604
1590 1613
1591 1611
1591 1616
1592 1600
1592 1602
1592 1613
1592 1619
1593 1599
1593 1604
1593 1608
1594 1600
1596 1599
1596 1603
1597 1600
1598 1609
1599 1603
1599 1608
1602 1617
1602 1619
1606 1610
1607 1608
1607 1614
1607 1620
1608 1614
1608 1620
1617 1618
1617 1619
