0.22846000 0.02509000 0.34437000
0.43705000 0.10719000 0.14550000
0.40608000 0.12060000 0.21860000
0.30473000 0.19688000 0.33571000
0.22808000 0.19435000 0.00565000
0.45423000 0.17544000 0.07362000
0.20837000 0.15966000 0.35329000
0.14368000 0.13402000 0.36779000
0.14445000 0.06211000 0.33879000
0.23612000 0.15645000 0.21948000
0.33065000 0.07834000 0.36662000
0.45516000 0.16484000 0.18901000
0.19246000 0.11728000 0.41904000
0.16802000 0.07890000 0.11992000
0.29219000 0.09311000 0.29414000
0.04429000 0.20336000 0.17590000
0.44516000 0.01369000 0.19419000
0.48574000 0.02030000 0.09458000
0.37509000 0.03659000 0.30968000
0.03538000 0.07636000 0.43923000
0.15967000 0.24183000 0.27488000
0.29051000 0.18591000 0.14487000
0.22905000 0.21817000 0.28824000
0.26148000 0.08706000 0.36287000
0.11486000 0.06348000 0.00726000
0.48628000 0.15971000 0.27539000
0.33948000 0.04140000 0.22450000
0.37324000 0.18967000 0.44407000
0.27986000 0.11694000 0.15517000
0.14193000 0.15149000 0.07798000
0.03197000 0.15407000 0.37886000
0.48515000 0.14643000 0.42160000
0.14915000 0.01495000 0.21137000
0.05042000 0.21390000 0.31944000
0.03259000 0.12427000 0.01998000
0.33454000 0.08943000 0.44286000
0.02279000 0.08482000 0.10584000
0.03837000 0.13222000 0.22391000
0.46825000 0.11816000 0.34351000
0.04199000 0.04346000 0.32882000
0.29945000 0.01438000 0.02859000
0.26887000 0.03617000 0.43850000
0.45507000 0.07232000 0.26091000
0.11157000 0.07375000 0.46530000
0.31870000 0.20281000 0.05276000
0.35728000 0.11940000 0.11168000
0.32122000 0.19045000 0.25669000
0.13951000 0.18372000 0.31762000
0.07557000 0.18726000 0.06635000
0.40205000 0.02532000 0.10268000
0.30926000 0.20617000 0.41683000
0.14949000 0.24616000 0.16630000
0.43446000 0.03398000 0.00938000
0.06451000 0.03582000 0.21144000
0.04538000 0.19243000 0.45696000
0.40001000 0.16106000 0.38261000
0.10614000 0.19888000 0.21990000
0.32945000 0.02650000 0.10206000
0.20705000 0.20164000 0.41367000
0.26799000 0.15208000 0.43450000
0.09736000 0.13738000 0.42249000
0.18331000 0.01144000 0.04302000
0.43437000 0.14832000 0.47910000
0.36470000 0.10767000 0.02778000
0.40827000 0.00208000 0.25631000
0.18904000 0.16696000 0.16624000
0.44786000 0.11077000 0.02457000
0.34156000 0.01731000 0.44192000
0.29872000 0.12088000 0.03252000
0.42581000 0.20204000 0.33164000
0.24215000 0.05431000 0.13189000
0.38134000 0.22325000 0.25989000
0.38974000 0.24247000 0.17831000
0.09350000 0.09435000 0.08536000
0.15716000 0.14027000 0.24158000
0.18239000 0.04409000 0.41940000
0.23030000 0.08930000 0.21240000
0.10874000 0.08988000 0.17778000
0.49376000 0.06645000 0.16927000
0.17792000 0.09426000 0.02360000
0.24442000 0.21095000 0.48646000
0.38069000 0.10649000 0.30237000
0.10989000 0.00442000 0.35148000
0.21794000 0.13802000 0.07833000
0.03436000 0.15257000 0.12212000
0.25935000 0.06345000 0.04727000
0.33752000 0.13140000 0.20689000
0.20122000 0.24650000 0.08246000
0.23604000 0.02111000 0.20226000
0.36284000 0.19527000 0.11613000
0.01143000 0.00319000 0.25500000
0.44296000 0.05514000 0.37739000
0.46148000 0.24121000 0.11679000
0.00800000 0.06873000 0.24866000
0.00083000 0.13813000 0.47716000
0.01048000 0.02969000 0.15413000
0.39451000 0.00072000 0.39377000
0.15638000 0.15460000 0.49883000
0.41237000 0.24273000 0.91803000
0.08541000 0.16134000 0.53098000
0.21023000 0.11844000 0.52384000
0.46331000 0.12232000 0.94328000
0.18993000 0.05001000 0.55737000
0.29547000 0.06875000 0.65090000
0.30263000 0.04418000 0.73587000
0.37188000 0.03786000 0.62756000
0.14964000 0.16647000 0.87299000
0.36624000 0.11795000 0.86746000
0.07224000 0.16595000 0.61151000
0.23174000 0.01964000 0.71312000
0.05141000 0.03719000 0.98582000
0.16496000 0.02576000 0.77299000
0.14409000 0.09673000 0.54442000
0.43680000 0.12334000 0.60284000
0.19946000 0.12149000 0.93669000
0.42118000 0.19850000 0.81247000
0.07482000 0.16220000 0.73142000
0.05205000 0.19034000 0.92233000
0.12162000 0.07600000 0.80599000
0.04526000 0.22768000 0.65482000
0.35175000 0.14557000 0.64167000
0.15399000 0.21847000 0.54839000
0.16326000 0.20871000 0.79786000
0.36650000 0.07023000 0.92784000
0.22652000 0.22475000 0.73727000
0.15779000 0.17765000 0.63418000
0.04694000 0.23809000 0.96459000
0.42941000 0.01388000 0.72770000
0.29459000 0.01520000 0.59382000
0.22203000 0.07766000 0.62630000
0.34931000 0.18163000 0.51823000
0.10298000 0.03232000 0.72569000
0.43224000 0.07025000 0.50230000
0.35548000 0.05413000 0.82485000
0.27696000 0.20335000 0.92846000
0.07644000 0.24347000 0.74381000
0.15348000 0.24065000 0.71943000
0.15211000 0.05921000 0.67893000
0.06519000 0.16537000 0.82311000
0.16468000 0.18404000 0.95150000
0.12831000 0.12221000 0.69211000
0.11415000 0.24540000 0.90759000
0.46022000 0.14011000 0.85791000
0.47632000 0.06858000 0.71363000
0.02957000 0.06842000 0.67684000
0.24497000 0.16236000 0.57978000
0.25683000 0.09408000 0.83774000
0.37071000 0.09606000 0.57493000
0.30722000 0.03977000 0.95284000
0.21796000 0.16655000 0.84525000
0.05712000 0.08379000 0.52061000
0.20995000 0.03748000 0.95749000
0.23324000 0.11600000 0.69489000
0.10831000 0.09151000 0.93339000
0.30266000 0.14511000 0.76225000
0.03593000 0.12446000 0.89435000
0.41359000 0.24598000 0.50073000
0.44927000 0.22006000 0.57827000
0.06219000 0.07917000 0.75939000
0.41173000 0.06898000 0.67086000
0.00759000 0.08272000 0.95610000
0.12027000 0.01031000 0.63862000
0.23969000 0.08707000 0.76230000
0.30202000 0.00696000 0.79461000
0.36557000 0.18406000 0.90793000
0.06248000 0.02181000 0.87559000
0.08759000 0.01452000 0.51404000
0.31221000 0.20586000 0.84645000
0.25762000 0.21668000 0.62573000
0.47399000 0.19173000 0.91584000
0.29937000 0.09461000 0.90192000
0.36420000 0.00530000 0.97775000
0.29449000 0.02877000 0.87553000
0.34308000 0.15706000 0.97868000
0.44722000 0.15187000 0.72383000
0.43529000 0.21077000 0.68725000
0.07152000 0.07061000 0.60832000
0.33190000 0.22395000 0.60176000
0.46130000 0.01251000 0.92014000
0.28403000 0.18099000 0.69910000
0.26382000 0.13388000 0.95554000
0.43237000 0.08835000 0.78948000
0.35570000 0.09999000 0.71848000
0.17991000 0.10515000 0.85433000
0.14478000 0.02326000 0.90218000
0.45811000 0.00229000 0.82908000
0.02006000 0.14840000 0.66772000
0.41934000 0.04777000 0.86664000
0.47417000 0.04972000 0.61845000
0.38028000 0.17473000 0.71704000
0.19477000 0.21484000 0.88864000
0.13209000 0.23346000 0.99394000
0.30032000 0.09193000 0.53667000
0.41949000 0.19898000 0.98284000
0.48852000 0.11666000 0.54193000
0.10057000 0.16565000 0.98949000
0.49446000 0.13640000 0.66315000
0.25653000 0.02648000 0.52123000
0.07983000 0.23663000 0.51451000
0.33722000 0.00471000 0.52544000
0.18510000 0.24904000 0.64514000
0.48524000 0.24579000 0.79624000
0.33889000 0.38709000 0.06146000
0.32165000 0.29511000 0.12779000
0.24401000 0.27683000 0.02919000
0.47756000 0.45660000 0.37135000
0.14967000 0.35317000 0.40319000
0.32374000 0.28490000 0.38572000
0.08827000 0.40874000 0.33686000
0.27955000 0.32750000 0.41858000
0.21103000 0.33155000 0.14706000
0.24846000 0.41117000 0.45516000
0.42148000 0.40241000 0.49174000
0.47456000 0.25577000 0.33350000
0.06602000 0.48930000 0.22536000
0.35638000 0.35096000 0.37870000
0.25188000 0.28436000 0.17346000
0.12528000 0.33528000 0.33396000
0.13059000 0.32348000 0.09046000
0.06608000 0.28980000 0.25717000
0.13768000 0.44835000 0.11151000
0.18590000 0.30384000 0.23391000
0.43919000 0.26530000 0.25016000
0.48206000 0.30863000 0.38918000
0.41980000 0.41409000 0.10122000
0.20087000 0.31450000 0.06501000
0.40102000 0.46859000 0.39007000
0.42006000 0.33103000 0.23230000
0.01047000 0.29098000 0.16788000
0.27173000 0.38699000 0.17818000
0.28272000 0.27868000 0.29401000
0.22987000 0.45347000 0.18641000
0.22477000 0.28268000 0.33219000
0.17207000 0.32800000 0.46938000
0.17010000 0.37354000 0.26477000
0.01296000 0.35563000 0.06579000
0.08164000 0.43355000 0.47852000
0.15614000 0.26178000 0.47807000
0.39345000 0.30540000 0.12716000
0.01907000 0.35190000 0.23257000
0.48694000 0.39749000 0.09063000
0.07055000 0.40464000 0.21970000
0.30900000 0.41026000 0.23954000
0.04610000 0.42240000 0.06345000
0.00852000 0.35362000 0.46701000
0.32217000 0.25360000 0.22353000
0.22659000 0.27512000 0.41307000
0.27151000 0.48265000 0.23567000
0.02944000 0.43387000 0.16435000
0.06716000 0.32789000 0.12701000
0.28922000 0.49830000 0.38961000
0.35229000 0.34882000 0.27632000
0.06060000 0.43398000 0.40014000
0.01874000 0.49566000 0.03068000
0.30489000 0.43829000 0.03157000
0.43208000 0.46114000 0.16438000
0.12561000 0.44677000 0.27776000
0.14567000 0.45963000 0.19338000
0.05445000 0.34850000 0.32989000
0.27211000 0.38433000 0.31418000
0.29915000 0.35557000 0.11170000
0.46717000 0.39373000 0.16818000
0.26077000 0.38216000 0.06308000
0.11039000 0.29929000 0.18773000
0.29306000 0.47819000 0.46750000
0.15273000 0.38764000 0.13115000
0.08481000 0.39796000 0.13556000
0.08856000 0.26844000 0.43940000
0.20979000 0.44957000 0.27755000
0.43750000 0.47258000 0.46725000
0.45529000 0.37506000 0.40744000
0.46862000 0.32198000 0.13987000
0.20817000 0.43071000 0.06653000
0.19529000 0.35476000 0.34366000
0.32819000 0.32989000 0.20214000
0.41976000 0.39566000 0.24190000
0.27878000 0.49843000 0.14163000
0.14564000 0.43893000 0.39208000
0.39409000 0.25264000 0.08218000
0.36683000 0.44329000 0.22513000
0.48847000 0.46739000 0.07822000
0.43857000 0.39838000 0.32741000
0.32793000 0.43416000 0.16229000
0.23913000 0.33588000 0.28237000
0.07079000 0.34185000 0.41343000
0.35004000 0.41456000 0.34432000
0.36856000 0.37385000 0.13615000
0.40972000 0.47818000 0.07620000
0.41858000 0.33774000 0.33557000
0.18648000 0.37911000 0.01176000
0.17487000 0.49784000 0.06910000
0.35386000 0.28953000 0.00978000
0.12224000 0.45725000 0.02082000
0.48533000 0.41884000 0.27419000
0.36465000 0.44889000 0.46800000
0.31844000 0.39442000 0.42684000
0.47014000 0.25623000 0.45106000
0.39290000 0.26668000 0.32379000
0.37602000 0.25510000 0.42066000
0.04315000 0.47355000 0.33441000
0.49582000 0.35797000 0.01668000
0.23614000 0.35273000 0.49461000
0.11813000 0.25202000 0.35992000
0.31111000 0.46067000 0.30979000
0.36726000 0.47084000 0.00910000
0.06871000 0.48629000 0.09961000
0.38038000 0.31758000 0.46367000
0.00220000 0.42013000 0.45570000
0.33346000 0.49556000 0.20107000
0.06817000 0.49822000 0.47938000
0.30754000 0.49790000 0.07504000
0.09928000 0.25170000 0.10475000
0.02216000 0.25076000 0.39394000
0.31828000 0.40994000 0.91347000
0.24230000 0.47653000 0.75427000
0.25999000 0.36487000 0.96327000
0.44574000 0.30708000 0.86629000
0.04234000 0.44345000 0.65329000
0.22897000 0.44625000 0.96392000
0.14427000 0.33210000 0.79563000
0.26392000 0.36535000 0.70367000
0.18362000 0.26922000 0.78548000
0.08346000 0.39974000 0.94249000
0.30483000 0.43442000 0.64425000
0.21056000 0.30089000 0.53321000
0.15964000 0.43437000 0.95406000
0.00643000 0.29848000 0.79340000
0.48011000 0.46258000 0.90057000
0.27960000 0.27057000 0.83457000
0.09999000 0.26903000 0.62328000
0.19661000 0.43215000 0.79652000
0.28522000 0.48782000 0.69625000
0.37263000 0.40087000 0.60392000
0.42908000 0.40561000 0.99131000
0.05039000 0.26840000 0.85726000
0.21202000 0.49793000 0.87229000
0.48088000 0.36710000 0.82049000
0.24845000 0.42501000 0.84193000
0.40410000 0.35978000 0.91465000
0.01987000 0.37784000 0.74975000
0.00098000 0.41295000 0.84385000
0.26987000 0.47102000 0.91737000
0.07826000 0.32229000 0.93208000
0.05895000 0.38506000 0.67219000
0.28777000 0.26791000 0.96386000
0.38221000 0.33915000 0.72292000
0.45136000 0.41216000 0.73860000
0.30968000 0.48214000 0.56725000
0.20503000 0.39803000 0.72334000
0.01176000 0.29188000 0.59836000
0.13276000 0.33273000 0.88055000
0.31691000 0.38977000 0.74144000
0.47666000 0.46121000 0.98859000
0.21448000 0.35900000 0.80685000
0.01424000 0.43610000 0.94807000
0.24552000 0.30242000 0.77140000
0.09112000 0.38118000 0.83625000
0.11074000 0.29834000 0.54251000
0.13476000 0.36531000 0.62462000
0.11461000 0.36845000 0.52784000
0.32563000 0.45456000 0.75731000
0.10049000 0.42760000 0.58732000
0.30350000 0.29767000 0.69343000
0.00458000 0.35207000 0.57279000
0.46457000 0.34753000 0.72347000
0.18973000 0.33536000 0.94384000
0.15590000 0.34146000 0.70799000
0.32047000 0.33057000 0.50228000
0.37970000 0.46232000 0.92665000
0.04164000 0.40771000 0.54104000
0.40950000 0.35000000 0.63024000
0.13621000 0.43063000 0.86613000
0.32458000 0.36048000 0.83292000
0.41693000 0.30327000 0.96063000
0.22587000 0.30619000 0.69094000
0.49375000 0.41013000 0.57528000
0.38035000 0.35634000 0.54423000
0.34993000 0.25132000 0.89856000
0.39625000 0.27528000 0.77145000
0.37570000 0.30244000 0.85031000
0.21935000 0.37110000 0.88736000
0.15448000 0.43370000 0.51937000
0.49106000 0.28977000 0.97119000
0.30240000 0.37399000 0.60451000
0.15515000 0.43149000 0.62888000
0.04743000 0.30075000 0.52147000
0.00378000 0.48820000 0.77715000
0.48072000 0.35280000 0.92689000
0.34444000 0.31981000 0.63405000
0.06286000 0.46170000 0.89694000
0.30154000 0.30080000 0.57387000
0.46676000 0.46710000 0.81115000
0.35926000 0.44978000 0.84289000
0.09942000 0.32357000 0.66541000
0.43263000 0.45427000 0.65247000
0.43470000 0.40987000 0.85782000
0.01993000 0.27391000 0.71419000
0.49102000 0.29364000 0.74605000
0.33249000 0.29624000 0.77931000
0.10904000 0.39361000 0.74005000
0.24126000 0.31164000 0.89832000
0.07900000 0.31977000 0.73728000
0.39581000 0.26155000 0.59426000
0.28827000 0.41356000 0.53052000
0.49421000 0.26589000 0.64345000
0.40272000 0.46516000 0.54408000
0.21811000 0.40848000 0.53660000
0.09833000 0.45859000 0.71641000
0.12528000 0.49307000 0.94011000
0.08597000 0.49226000 0.61822000
0.30974000 0.26460000 0.51409000
0.18956000 0.57795000 0.38589000
0.36301000 0.58014000 0.02948000
0.22739000 0.51246000 0.49224000
0.21581000 0.63809000 0.01728000
0.26474000 0.74129000 0.32462000
0.05626000 0.63642000 0.48601000
0.23481000 0.63520000 0.10941000
0.26873000 0.52020000 0.01466000
0.07811000 0.61250000 0.28775000
0.21595000 0.65352000 0.49506000
0.11403000 0.62060000 0.19435000
0.30027000 0.59585000 0.13170000
0.11139000 0.53673000 0.00454000
0.37953000 0.60176000 0.21267000
0.13709000 0.63567000 0.43892000
0.40241000 0.54042000 0.41339000
0.34357000 0.59576000 0.48792000
0.33060000 0.55136000 0.37679000
0.03470000 0.62982000 0.16887000
0.43274000 0.61359000 0.08966000
0.28466000 0.69300000 0.38666000
0.34456000 0.66934000 0.36265000
0.01107000 0.64275000 0.24309000
0.23015000 0.52775000 0.37052000
0.37970000 0.67552000 0.22899000
0.21810000 0.62363000 0.18353000
0.10289000 0.63879000 0.00487000
0.40414000 0.54692000 0.09633000
0.07909000 0.53817000 0.30753000
0.08142000 0.70809000 0.14158000
0.18229000 0.69589000 0.45021000
0.00507000 0.69536000 0.15878000
0.31910000 0.58890000 0.26213000
0.38310000 0.67161000 0.42631000
0.18034000 0.52105000 0.22432000
0.34649000 0.52584000 0.46712000
0.42009000 0.50231000 0.29878000
0.24185000 0.61930000 0.41158000
0.20935000 0.67169000 0.29744000
0.09313000 0.65975000 0.34709000
0.04661000 0.56256000 0.19149000
0.05757000 0.74630000 0.41943000
0.36122000 0.54867000 0.16448000
0.27888000 0.58461000 0.03848000
0.15780000 0.60631000 0.30711000
0.36559000 0.60638000 0.39499000
0.22476000 0.73606000 0.05842000
0.18091000 0.65336000 0.37225000
0.21207000 0.72200000 0.24256000
0.39513000 0.68088000 0.07194000
0.34631000 0.53356000 0.28934000
0.49268000 0.63990000 0.39115000
0.11472000 0.55389000 0.08483000
0.24855000 0.58657000 0.31754000
0.47875000 0.65391000 0.27307000
0.14706000 0.50660000 0.31604000
0.28967000 0.70456000 0.06347000
0.03243000 0.65518000 0.09098000
0.46768000 0.70543000 0.43264000
0.31843000 0.67248000 0.45920000
0.10915000 0.56165000 0.22586000
0.19735000 0.53292000 0.00229000
0.33167000 0.65740000 0.03151000
0.04154000 0.68010000 0.39452000
0.05781000 0.59288000 0.09462000
0.48181000 0.52590000 0.38332000
0.23272000 0.52452000 0.28653000
0.17779000 0.59048000 0.08847000
0.20809000 0.53055000 0.13479000
0.44066000 0.55056000 0.21732000
0.37897000 0.63104000 0.28797000
0.41120000 0.59793000 0.45044000
0.44985000 0.60974000 0.18791000
0.34119000 0.64624000 0.16127000
0.27241000 0.68639000 0.13784000
0.06792000 0.72601000 0.01281000
0.26960000 0.56224000 0.18923000
0.42765000 0.71208000 0.17468000
0.29028000 0.66011000 0.30599000
0.23813000 0.73779000 0.44651000
0.11497000 0.66488000 0.26630000
0.47909000 0.72315000 0.08653000
0.27502000 0.55505000 0.45694000
0.30705000 0.71029000 0.22268000
0.36714000 0.73629000 0.32918000
0.13694000 0.56281000 0.45802000
0.42627000 0.59447000 0.32325000
0.02970000 0.59924000 0.41645000
0.11334000 0.52729000 0.16658000
0.14879000 0.65912000 0.07986000
0.43633000 0.61741000 0.00904000
0.46386000 0.73958000 0.27019000
0.05696000 0.70582000 0.23601000
0.04803000 0.73907000 0.30712000
0.13189000 0.71582000 0.31963000
0.19855000 0.73118000 0.37057000
0.37202000 0.73441000 0.46198000
0.36664000 0.72677000 0.12537000
0.47676000 0.53176000 0.05785000
0.14470000 0.74552000 0.42131000
0.48082000 0.50876000 0.25940000
0.34629000 0.74376000 0.05478000
0.16642000 0.50101000 0.43109000
0.29679000 0.71824000 0.50871000
0.30291000 0.54163000 0.53508000
0.41646000 0.57270000 0.73667000
0.18117000 0.50072000 0.64660000
0.02951000 0.66752000 0.86135000
0.46402000 0.57959000 0.84426000
0.47883000 0.61407000 0.57254000
0.35010000 0.55167000 0.70195000
0.35934000 0.70447000 0.57235000
0.16068000 0.57575000 0.60683000
0.46174000 0.52835000 0.63236000
0.38936000 0.69481000 0.87239000
0.08832000 0.57198000 0.61033000
0.22975000 0.55275000 0.92916000
0.35236000 0.51217000 0.78425000
0.25266000 0.61067000 0.93588000
0.48583000 0.67797000 0.62585000
0.05756000 0.72028000 0.51079000
0.28390000 0.61390000 0.80415000
0.18968000 0.72900000 0.77264000
0.05331000 0.60212000 0.71583000
0.14034000 0.64409000 0.82218000
0.00887000 0.51128000 0.58414000
0.14586000 0.57273000 0.78324000
0.31454000 0.52211000 0.95157000
0.46794000 0.61920000 0.70513000
0.16657000 0.67902000 0.58133000
0.01954000 0.54039000 0.67867000
0.30016000 0.60249000 0.87656000
0.41537000 0.70888000 0.51829000
0.24513000 0.74990000 0.83268000
0.21996000 0.72282000 0.52391000
0.20629000 0.74172000 0.60292000
0.30001000 0.55799000 0.75591000
0.26997000 0.62998000 0.57653000
0.07864000 0.66132000 0.60207000
0.14400000 0.66800000 0.69255000
0.03602000 0.67662000 0.77064000
0.19852000 0.65794000 0.74175000
0.38275000 0.64375000 0.53821000
0.23793000 0.50089000 0.57811000
0.07773000 0.62102000 0.92253000
0.42928000 0.51519000 0.88875000
0.17750000 0.62080000 0.93628000
0.17564000 0.69673000 0.99403000
0.29508000 0.68604000 0.76629000
0.13080000 0.57433000 0.69805000
0.26253000 0.55867000 0.61001000
0.10738000 0.72666000 0.94846000
0.35218000 0.63573000 0.76942000
0.24995000 0.68511000 0.87485000
0.39519000 0.59678000 0.81396000
0.10778000 0.72331000 0.59542000
0.32638000 0.68145000 0.91555000
0.17955000 0.58696000 0.51799000
0.46321000 0.72548000 0.72490000
0.41656000 0.66395000 0.78884000
0.34874000 0.73884000 0.80586000
0.34384000 0.64326000 0.59935000
0.17421000 0.73580000 0.92780000
0.13453000 0.63644000 0.52976000
0.44006000 0.68571000 0.94085000
0.14362000 0.73465000 0.66046000
0.19590000 0.58130000 0.86952000
0.20982000 0.62524000 0.81476000
0.41719000 0.50890000 0.70893000
0.26797000 0.51716000 0.82792000
0.24217000 0.58865000 0.51919000
0.05631000 0.61296000 0.79314000
0.24634000 0.68146000 0.95500000
0.34293000 0.55220000 0.88921000
0.01798000 0.65560000 0.57167000
0.22993000 0.66505000 0.64936000
0.37492000 0.60365000 0.91491000
0.14545000 0.71469000 0.85117000
0.03073000 0.56345000 0.91638000
0.09813000 0.70234000 0.75243000
0.36407000 0.57754000 0.57247000
0.12004000 0.57281000 0.90775000
0.46375000 0.57877000 0.50918000
0.41296000 0.71401000 0.61258000
0.39538000 0.59808000 0.66389000
0.06262000 0.53841000 0.77801000
0.14621000 0.50241000 0.83390000
0.01661000 0.65502000 0.96652000
0.48616000 0.69668000 0.51534000
0.20850000 0.57780000 0.74321000
0.44669000 0.59241000 0.92479000
0.21644000 0.60926000 0.67464000
0.07746000 0.57580000 0.51833000
0.01836000 0.70982000 0.70198000
0.14397000 0.72033000 0.51147000
0.31454000 0.60571000 0.67722000
0.39140000 0.66560000 0.65962000
0.02986000 0.51471000 0.85103000
0.31964000 0.60340000 0.97519000
0.41628000 0.53560000 0.55448000
0.07107000 0.71100000 0.88603000
0.43870000 0.53702000 0.98450000
0.29244000 0.71464000 0.64251000
0.42761000 0.72832000 0.81532000
0.49420000 0.67862000 0.88069000
0.00190000 0.74200000 0.99835000
0.46795000 0.74682000 0.88361000
0.11887000 0.50449000 0.52980000
0.34983000 0.50837000 0.64435000
0.03731000 0.59478000 0.99244000
0.35710000 0.74990000 0.69526000
0.36558000 0.82015000 0.35792000
0.03747000 0.96577000 0.04192000
0.25261000 0.92744000 0.40861000
0.13602000 0.91107000 0.47062000
0.30745000 0.82901000 0.15331000
0.39021000 0.91419000 0.43822000
0.23136000 0.79632000 0.10352000
0.00302000 0.96225000 0.19406000
0.27561000 0.97560000 0.35007000
0.02006000 0.91301000 0.27233000
0.02909000 0.99257000 0.45330000
0.46520000 0.93929000 0.18146000
0.10662000 0.79800000 0.42097000
0.49770000 0.97398000 0.01082000
0.43672000 0.76082000 0.41848000
0.16355000 0.88074000 0.33126000
0.00047000 0.83283000 0.21171000
0.00628000 0.89021000 0.40670000
0.32241000 0.90367000 0.15246000
0.22258000 0.82609000 0.43080000
0.19176000 0.98925000 0.46862000
0.44765000 0.89824000 0.29202000
0.31918000 0.76820000 0.39011000
0.42212000 0.86113000 0.40347000
0.42454000 0.95368000 0.08437000
0.32796000 0.93220000 0.33646000
0.44356000 0.98506000 0.45517000
0.20043000 0.78654000 0.31080000
0.48909000 0.86880000 0.13016000
0.40405000 0.96512000 0.33435000
0.09546000 0.97790000 0.22363000
0.28891000 0.78036000 0.05912000
0.08428000 0.98845000 0.10339000
0.17388000 0.94475000 0.03724000
0.14854000 0.98875000 0.14370000
0.09191000 0.88156000 0.23606000
0.20753000 0.89911000 0.45723000
0.08557000 0.77821000 0.19996000
0.38376000 0.94910000 0.00152000
0.34238000 0.83834000 0.27176000
0.29822000 0.75997000 0.17318000
0.48999000 0.80796000 0.32220000
0.41677000 0.78139000 0.33622000
0.08270000 0.95816000 0.40726000
0.17713000 0.76143000 0.12399000
0.20307000 0.84373000 0.03133000
0.10141000 0.81200000 0.31188000
0.37197000 0.83486000 0.45584000
0.20194000 0.96862000 0.25804000
0.06379000 0.87652000 0.32666000
0.36931000 0.91582000 0.26469000
0.12600000 0.85235000 0.09959000
0.00128000 0.97616000 0.32411000
0.16061000 0.95545000 0.34519000
0.35838000 0.97174000 0.21139000
0.40105000 0.82710000 0.20490000
0.16706000 0.90412000 0.25498000
0.22613000 0.92411000 0.31546000
0.14999000 0.82604000 0.16530000
0.35869000 0.96517000 0.10554000
0.20258000 0.85118000 0.22060000
0.06041000 0.77531000 0.11625000
0.11312000 0.80955000 0.02849000
0.46003000 0.78795000 0.18445000
0.16140000 0.91243000 0.13032000
0.49372000 0.93245000 0.37025000
0.34301000 0.77433000 0.23916000
0.22231000 0.77753000 0.18171000
0.27741000 0.97644000 0.09289000
0.08287000 0.91057000 0.01246000
0.07231000 0.83372000 0.15491000
0.48372000 0.99862000 0.26631000
0.31022000 0.97479000 0.27365000
0.47945000 0.89142000 0.43203000
0.30938000 0.87070000 0.05766000
0.47315000 0.86121000 0.05564000
0.24305000 0.90858000 0.06143000
0.00690000 0.90063000 0.09092000
0.33395000 0.88296000 0.40258000
0.28800000 0.80120000 0.28487000
0.49939000 0.85089000 0.20394000
0.12239000 0.75304000 0.07344000
0.39706000 0.80260000 0.06762000
0.39431000 0.89513000 0.18601000
0.44626000 0.82428000 0.26604000
0.40905000 0.87475000 0.09599000
0.04264000 0.82680000 0.40770000
0.21135000 0.91857000 0.18362000
0.28998000 0.91596000 0.24734000
0.45409000 0.82765000 0.45076000
0.44831000 0.78241000 0.09729000
0.07775000 0.94015000 0.15672000
0.21093000 0.86416000 0.11324000
0.13833000 0.85947000 0.42403000
0.28003000 0.86807000 0.35237000
0.06765000 0.78711000 0.49585000
0.18842000 0.94232000 0.94951000
0.31954000 0.89168000 0.85250000
0.25402000 0.88322000 0.63944000
0.19904000 0.79520000 0.50946000
0.22951000 0.94494000 0.75346000
0.40347000 0.80106000 0.54820000
0.19838000 0.85644000 0.95050000
0.24587000 0.83142000 0.55198000
0.00923000 0.81626000 0.78214000
0.01858000 0.90838000 0.89979000
0.47530000 0.82909000 0.76629000
0.17936000 0.84118000 0.73808000
0.47147000 0.92255000 0.80666000
0.41213000 0.75289000 0.97522000
0.37310000 0.76871000 0.60030000
0.32083000 0.83905000 0.97654000
0.02195000 0.85451000 0.97423000
0.17432000 0.80489000 0.63039000
0.45324000 0.96436000 0.66272000
0.30773000 0.90756000 0.59163000
0.12349000 0.80904000 0.95140000
0.25795000 0.97024000 0.98529000
0.30869000 0.83937000 0.60420000
0.48188000 0.80008000 0.53453000
0.44701000 0.77194000 0.66770000
0.05330000 0.78622000 0.97509000
0.17810000 0.78651000 0.87353000
0.27734000 0.95059000 0.52665000
0.04551000 0.95033000 0.82019000
0.11523000 0.92439000 0.94102000
0.18416000 0.92674000 0.67556000
0.33084000 0.90743000 0.50368000
0.13076000 0.95663000 0.80316000
0.08797000 0.94355000 0.55081000
0.04153000 0.87126000 0.80752000
0.37583000 0.89046000 0.97813000
0.30833000 0.81586000 0.88820000
0.01081000 0.86196000 0.59514000
0.23122000 0.98591000 0.59594000
0.43765000 0.85852000 0.84110000
0.02174000 0.93720000 0.51483000
0.26184000 0.93751000 0.81903000
0.37519000 0.87811000 0.56004000
0.03106000 0.80116000 0.86165000
0.18768000 0.84570000 0.81442000
0.02449000 0.93303000 0.97676000
0.33074000 0.82150000 0.67691000
0.39946000 0.80814000 0.72838000
0.47919000 0.77586000 0.97466000
0.28061000 0.77457000 0.60590000
0.10729000 0.93850000 0.68660000
0.27942000 0.76962000 0.73525000
0.37039000 0.93795000 0.57900000
0.40855000 0.97613000 0.52764000
0.15774000 0.98130000 0.57695000
0.49267000 0.75044000 0.59700000
0.07631000 0.88350000 0.51330000
0.47877000 0.82398000 0.90045000
0.28011000 0.95805000 0.69079000
0.13273000 0.77175000 0.74674000
0.08595000 0.95792000 0.87966000
0.17554000 0.89582000 0.86567000
0.09914000 0.77166000 0.84064000
0.25739000 0.85704000 0.83366000
0.36449000 0.77589000 0.91579000
0.37969000 0.85548000 0.89292000
0.08953000 0.83972000 0.57163000
0.04378000 0.83140000 0.64366000
0.10182000 0.99748000 0.94931000
0.45847000 0.94507000 0.56962000
0.24726000 0.82174000 0.69446000
0.21064000 0.90516000 0.57586000
0.09598000 0.86604000 0.89895000
0.39471000 0.94056000 0.80950000
0.46640000 0.88194000 0.97302000
0.44072000 0.90840000 0.72235000
0.38313000 0.92524000 0.90790000
0.13667000 0.89592000 0.61856000
0.07529000 0.80394000 0.71406000
0.24404000 0.87665000 0.75407000
0.39729000 0.82348000 0.98440000
0.30127000 0.81577000 0.51322000
0.36994000 0.93381000 0.67695000
0.13490000 0.83955000 0.50278000
0.32704000 0.79585000 0.79139000
0.13273000 0.89141000 0.77392000
0.45317000 0.83530000 0.62201000
0.45083000 0.93985000 0.93196000
0.26642000 0.86623000 0.92363000
0.22230000 0.78227000 0.98385000
0.06204000 0.89419000 0.71806000
0.35337000 0.99245000 0.69943000
0.32595000 0.88568000 0.72805000
0.02584000 0.75773000 0.61492000
0.31343000 0.91347000 0.99227000
0.28073000 0.75592000 0.90441000
0.14414000 0.79087000 0.55452000
0.41917000 0.79561000 0.86446000
0.21945000 0.99555000 0.87011000
0.04097000 0.99816000 0.75473000
0.43959000 0.88010000 0.50077000
0.55291000 0.02882000 0.26627000
0.56367000 0.02933000 0.17278000
0.84904000 0.19119000 0.40220000
0.67703000 0.02041000 0.13379000
0.63646000 0.11537000 0.11692000
0.83594000 0.08086000 0.28610000
0.50537000 0.13312000 0.13662000
0.97952000 0.04095000 0.49133000
0.64469000 0.07427000 0.00211000
0.73717000 0.21823000 0.08759000
0.57702000 0.17899000 0.40513000
0.98743000 0.10150000 0.34307000
0.91268000 0.01401000 0.19439000
0.97172000 0.20486000 0.01225000
0.59276000 0.13832000 0.17924000
0.92971000 0.01441000 0.11440000
0.69531000 0.23743000 0.32304000
0.96788000 0.05195000 0.39617000
0.63894000 0.24200000 0.12411000
0.77219000 0.16711000 0.48062000
0.53196000 0.07981000 0.45382000
0.56265000 0.12157000 0.09056000
0.86354000 0.09805000 0.22251000
0.74680000 0.02147000 0.13414000
0.56004000 0.01465000 0.01256000
0.90566000 0.19728000 0.21720000
0.73384000 0.02551000 0.34900000
0.52246000 0.09091000 0.24656000
0.55799000 0.02052000 0.40575000
0.51500000 0.22409000 0.38330000
0.84093000 0.00612000 0.41038000
0.91719000 0.22944000 0.44986000
0.65077000 0.23432000 0.21947000
0.69936000 0.10725000 0.41086000
0.70250000 0.07931000 0.25723000
0.64852000 0.12586000 0.45909000
0.63080000 0.01528000 0.46699000
0.77568000 0.19755000 0.21879000
0.91324000 0.08514000 0.11555000
0.82025000 0.04033000 0.18359000
0.55518000 0.08045000 0.33028000
0.88564000 0.20136000 0.30435000
0.95155000 0.19622000 0.36539000
0.89837000 0.15007000 0.01363000
0.56541000 0.05115000 0.08116000
0.65497000 0.16987000 0.15301000
0.75463000 0.19722000 0.30175000
0.98877000 0.22597000 0.47284000
0.58583000 0.22090000 0.04388000
0.51784000 0.18924000 0.01858000
0.67733000 0.02876000 0.39872000
0.76826000 0.10135000 0.24787000
0.98158000 0.21094000 0.22288000
0.99759000 0.01548000 0.07043000
0.90152000 0.18181000 0.12314000
0.87891000 0.12267000 0.40773000
0.94051000 0.10732000 0.22886000
0.92186000 0.12936000 0.48436000
0.71874000 0.15726000 0.22878000
0.74889000 0.15697000 0.39902000
0.80649000 0.13181000 0.08892000
0.53496000 0.16566000 0.22547000
0.75553000 0.12950000 0.32149000
0.96813000 0.12316000 0.14899000
0.79827000 0.05547000 0.11089000
0.84872000 0.19208000 0.06045000
0.67561000 0.20586000 0.41414000
0.68485000 0.15651000 0.33755000
0.92266000 0.12594000 0.33272000
0.66148000 0.18200000 0.26617000
0.82160000 0.17211000 0.31842000
0.65857000 0.05005000 0.21068000
0.58724000 0.14960000 0.31973000
0.81897000 0.03781000 0.49181000
0.75763000 0.07782000 0.46214000
0.51857000 0.01127000 0.33783000
0.70874000 0.07715000 0.13723000
0.59944000 0.07325000 0.41273000
0.84911000 0.08123000 0.05266000
0.67252000 0.13617000 0.03190000
0.84663000 0.14567000 0.47659000
0.97626000 0.18446000 0.09385000
0.50137000 0.23451000 0.24395000
0.82624000 0.21699000 0.16022000
0.73993000 0.03524000 0.21598000
0.70949000 0.21296000 0.16949000
0.64017000 0.11234000 0.23835000
0.78812000 0.21298000 0.37733000
0.76455000 0.08410000 0.38001000
0.63547000 0.02578000 0.28675000
0.90034000 0.02594000 0.36408000
0.92928000 0.03953000 0.27145000
0.71499000 0.08116000 0.03603000
0.85706000 0.01196000 0.28604000
0.60005000 0.24728000 0.28114000
0.78972000 0.14146000 0.18229000
0.91105000 0.00847000 0.49883000
0.73216000 0.24601000 0.41091000
0.94616000 0.24929000 0.17342000
0.80750000 0.22783000 0.49050000
0.75374000 0.00028000 0.27782000
0.72162000 0.15064000 0.56303000
0.92216000 0.18265000 0.66821000
0.66274000 0.21141000 0.91260000
0.76808000 0.17651000 0.69439000
0.69121000 0.01704000 0.64308000
0.87186000 0.06685000 0.71347000
0.91754000 0.24452000 0.97805000
0.63720000 0.22918000 0.64238000
0.54662000 0.00574000 0.82831000
0.82865000 0.00098000 0.55349000
0.53217000 0.04041000 0.93839000
0.77522000 0.02605000 0.82928000
0.58096000 0.03497000 0.61803000
0.63959000 0.15456000 0.72422000
0.92910000 0.03409000 0.71531000
0.77043000 0.20498000 0.86582000
0.65168000 0.21862000 0.83093000
0.83572000 0.08369000 0.91895000
0.99327000 0.23095000 0.76693000
0.75834000 0.19338000 0.99858000
0.91848000 0.10397000 0.68388000
0.57830000 0.06611000 0.54605000
0.54402000 0.16290000 0.80511000
0.64874000 0.24492000 0.71437000
0.97254000 0.16087000 0.59778000
0.85365000 0.03085000 0.83257000
0.53668000 0.23264000 0.84716000
0.58400000 0.20979000 0.55591000
0.90359000 0.13904000 0.59324000
0.93200000 0.08116000 0.88901000
0.73302000 0.12415000 0.70021000
0.91168000 0.23214000 0.75943000
0.54841000 0.19884000 0.94558000
0.57714000 0.18093000 0.74088000
0.50858000 0.22522000 0.52321000
0.96385000 0.21266000 0.85795000
0.60050000 0.11375000 0.67645000
0.65116000 0.21803000 0.99503000
0.81934000 0.18822000 0.92807000
0.60515000 0.17942000 0.89445000
0.77193000 0.17604000 0.77149000
0.98160000 0.02254000 0.57764000
0.69305000 0.08967000 0.64570000
0.82687000 0.01335000 0.95342000
0.51833000 0.06205000 0.84735000
0.56944000 0.11656000 0.86683000
0.61861000 0.07287000 0.88803000
0.77142000 0.01755000 0.67406000
0.87915000 0.13404000 0.89570000
0.70009000 0.11674000 0.82957000
0.93743000 0.13499000 0.95453000
0.82323000 0.02423000 0.73923000
0.54111000 0.09478000 0.77709000
0.94651000 0.18458000 0.52738000
0.94932000 0.10958000 0.80732000
0.76321000 0.08533000 0.86816000
0.68021000 0.06437000 0.77973000
0.81897000 0.13114000 0.98396000
0.90618000 0.16494000 0.82590000
0.74063000 0.03122000 0.75846000
0.89507000 0.08197000 0.97189000
0.85828000 0.11040000 0.82295000
0.70421000 0.01396000 0.97216000
0.62856000 0.01068000 0.70132000
0.55374000 0.15628000 0.60932000
0.78836000 0.19606000 0.57685000
0.80875000 0.13959000 0.85743000
0.82943000 0.17920000 0.66561000
0.88173000 0.02004000 0.59331000
0.71032000 0.18282000 0.83462000
0.72993000 0.13026000 0.95106000
0.72298000 0.20081000 0.63480000
0.80061000 0.09350000 0.59688000
0.86008000 0.17011000 0.77118000
0.97896000 0.17002000 0.72890000
0.65431000 0.15344000 0.63644000
0.89290000 0.02432000 0.89554000
0.98401000 0.09409000 0.73392000
0.85739000 0.01055000 0.66266000
0.77845000 0.24324000 0.64529000
0.99504000 0.15090000 0.83860000
0.94270000 0.08251000 0.61106000
0.84221000 0.12328000 0.71716000
0.70817000 0.20293000 0.50572000
0.64057000 0.05269000 0.52550000
0.86308000 0.08514000 0.62029000
0.69671000 0.07676000 0.89914000
0.88992000 0.21831000 0.61979000
0.98739000 0.17543000 0.92422000
0.51897000 0.10426000 0.97982000
0.90445000 0.24008000 0.52455000
0.62214000 0.08860000 0.74673000
0.91207000 0.07134000 0.53845000
0.65501000 0.16826000 0.53912000
0.95529000 0.02520000 0.97031000
0.51838000 0.23276000 0.71730000
0.99383000 0.03879000 0.82740000
0.71889000 0.02069000 0.56860000
0.76632000 0.24852000 0.76203000
0.99806000 0.22745000 0.56539000
0.62345000 0.15382000 0.97403000
0.68930000 0.24357000 0.58867000
0.61781000 0.00572000 0.88826000
0.99721000 0.09402000 0.56222000
0.66976000 0.42589000 0.01539000
0.66235000 0.38112000 0.08484000
0.88796000 0.40912000 0.01972000
0.50704000 0.36275000 0.31759000
0.76644000 0.25875000 0.02416000
0.91624000 0.34349000 0.28317000
0.64217000 0.35675000 0.23676000
0.87572000 0.45306000 0.09398000
0.57569000 0.40369000 0.08149000
0.81466000 0.42274000 0.04624000
0.97565000 0.37994000 0.13416000
0.72872000 0.34038000 0.05972000
0.79546000 0.27104000 0.10391000
0.56078000 0.34503000 0.45043000
0.58528000 0.28860000 0.21498000
0.57633000 0.35503000 0.26195000
0.62697000 0.25821000 0.35270000
0.63616000 0.32017000 0.42779000
0.69744000 0.31009000 0.44199000
0.84998000 0.31295000 0.15007000
0.73821000 0.35793000 0.27587000
0.84969000 0.43922000 0.25219000
0.86566000 0.39482000 0.47443000
0.59242000 0.42002000 0.26027000
0.54572000 0.33898000 0.17008000
0.64995000 0.30903000 0.02084000
0.85278000 0.30174000 0.42763000
0.65310000 0.46768000 0.49885000
0.75160000 0.40844000 0.07902000
0.70817000 0.44421000 0.26996000
0.90226000 0.34487000 0.11252000
0.74160000 0.28755000 0.27638000
0.93922000 0.31496000 0.21406000
0.88273000 0.26644000 0.31125000
0.94498000 0.25246000 0.28713000
0.59822000 0.35128000 0.04757000
0.85862000 0.41166000 0.35355000
0.91840000 0.39782000 0.18651000
0.93278000 0.26836000 0.38469000
0.80604000 0.37557000 0.13533000
0.52975000 0.29701000 0.33361000
0.79962000 0.44081000 0.19175000
0.95351000 0.39585000 0.05926000
0.53202000 0.49430000 0.33856000
0.88528000 0.27474000 0.19218000
0.53893000 0.40173000 0.20605000
0.67900000 0.45136000 0.08597000
0.61094000 0.46729000 0.05521000
0.80686000 0.43189000 0.49837000
0.94444000 0.42859000 0.24975000
0.73492000 0.46953000 0.13999000
0.94233000 0.45831000 0.06524000
0.68342000 0.41848000 0.19386000
0.53900000 0.40511000 0.37806000
0.68019000 0.29837000 0.24506000
0.77856000 0.37383000 0.20957000
0.53539000 0.48412000 0.02775000
0.68911000 0.26537000 0.07915000
0.84770000 0.35696000 0.24918000
0.82679000 0.35179000 0.04741000
0.83351000 0.26039000 0.24658000
0.92077000 0.38492000 0.39394000
0.61780000 0.38622000 0.46079000
0.75447000 0.35458000 0.41313000
0.50641000 0.30474000 0.49632000
0.80743000 0.35456000 0.45717000
0.70985000 0.47333000 0.40962000
0.86948000 0.47203000 0.38387000
0.99356000 0.49087000 0.49796000
0.90896000 0.46673000 0.16540000
0.69816000 0.41495000 0.33380000
0.63026000 0.32930000 0.13250000
0.85936000 0.28407000 0.06206000
0.78413000 0.28193000 0.36346000
0.50984000 0.31557000 0.25963000
0.84167000 0.32241000 0.35101000
0.52938000 0.40885000 0.49137000
0.98921000 0.30542000 0.34685000
0.64925000 0.37430000 0.37413000
0.53731000 0.46140000 0.25370000
0.80041000 0.46770000 0.35046000
0.70829000 0.48119000 0.02961000
0.61251000 0.44452000 0.17845000
0.91734000 0.46653000 0.45594000
0.59502000 0.34423000 0.33624000
0.92644000 0.26936000 0.07155000
0.83393000 0.49454000 0.45911000
0.70441000 0.31886000 0.33126000
0.65024000 0.47720000 0.24100000
0.97882000 0.47816000 0.14992000
0.98613000 0.38584000 0.29487000
0.62811000 0.47523000 0.41534000
0.53967000 0.47122000 0.14233000
0.78133000 0.30592000 0.17773000
0.74678000 0.42144000 0.38899000
0.99304000 0.28693000 0.05817000
0.98225000 0.44426000 0.38022000
0.74346000 0.26282000 0.48896000
0.97649000 0.48690000 0.24615000
0.94236000 0.39072000 0.49295000
0.62315000 0.25506000 0.46509000
0.56107000 0.25802000 0.14140000
0.74778000 0.47943000 0.53276000
0.56868000 0.27840000 0.96173000
0.69751000 0.43312000 0.53862000
0.98029000 0.43396000 0.54168000
0.99435000 0.35321000 0.88233000
0.91026000 0.46526000 0.54530000
0.77711000 0.45930000 0.74170000
0.77361000 0.27198000 0.57082000
0.65140000 0.46826000 0.61203000
0.86134000 0.49803000 0.96614000
0.86294000 0.37844000 0.58297000
0.54282000 0.34343000 0.80337000
0.85247000 0.45862000 0.61228000
0.60375000 0.42623000 0.65500000
0.53212000 0.36433000 0.59826000
0.83102000 0.34471000 0.74861000
0.93030000 0.47858000 0.81437000
0.64255000 0.48412000 0.97823000
0.71061000 0.31981000 0.59055000
0.64379000 0.30667000 0.60713000
0.81325000 0.31536000 0.85151000
0.59299000 0.35651000 0.85768000
0.92612000 0.40531000 0.79743000
0.85322000 0.46815000 0.84130000
0.95729000 0.38645000 0.63930000
0.62537000 0.33068000 0.70735000
0.75541000 0.39076000 0.73937000
0.52956000 0.39445000 0.88241000
0.73408000 0.27959000 0.94120000
0.70221000 0.35447000 0.81595000
0.66895000 0.29760000 0.51320000
0.56380000 0.35218000 0.93379000
0.84276000 0.25907000 0.94280000
0.98834000 0.28666000 0.95876000
0.63361000 0.43619000 0.91783000
0.56340000 0.47405000 0.57402000
0.80018000 0.40792000 0.58030000
0.69770000 0.42558000 0.92301000
0.71636000 0.34847000 0.69404000
0.91788000 0.44201000 0.73847000
0.57536000 0.38452000 0.70853000
0.56397000 0.48939000 0.82126000
0.89428000 0.40333000 0.91939000
0.82638000 0.39736000 0.93770000
0.79777000 0.34100000 0.63241000
0.60218000 0.38313000 0.59186000
0.56811000 0.29579000 0.75938000
0.69610000 0.43456000 0.82873000
0.96368000 0.28605000 0.53378000
0.72590000 0.27509000 0.68975000
0.94404000 0.46953000 0.97577000
0.76942000 0.32792000 0.79276000
0.59032000 0.49239000 0.70494000
0.71458000 0.36157000 0.52122000
0.51631000 0.45780000 0.71014000
0.59623000 0.25623000 0.82708000
0.86716000 0.40976000 0.69541000
0.97597000 0.47547000 0.88695000
0.60742000 0.40291000 0.99413000
0.64687000 0.48872000 0.80504000
0.67989000 0.30159000 0.76277000
0.80243000 0.31730000 0.93924000
0.91202000 0.46821000 0.90518000
0.74971000 0.45775000 0.87070000
0.95337000 0.35045000 0.76837000
0.65170000 0.39979000 0.77896000
0.75344000 0.38663000 0.99062000
0.94624000 0.30624000 0.85631000
0.58213000 0.30437000 0.55388000
0.98835000 0.47436000 0.70321000
0.83824000 0.28620000 0.61030000
0.69796000 0.27941000 0.84391000
0.64019000 0.35132000 0.54367000
0.94095000 0.44297000 0.61315000
0.93101000 0.36638000 0.56573000
0.84694000 0.37765000 0.81973000
0.89315000 0.31882000 0.91588000
0.78895000 0.40171000 0.86385000
0.66046000 0.33302000 0.89078000
0.70689000 0.34238000 0.96649000
0.63034000 0.26751000 0.91374000
0.55400000 0.28779000 0.67112000
0.78544000 0.33895000 0.53581000
0.75975000 0.46796000 0.65655000
0.59606000 0.43060000 0.85191000
0.81770000 0.26940000 0.71069000
0.87934000 0.27929000 0.83642000
0.66383000 0.42487000 0.69779000
0.70867000 0.40476000 0.61386000
0.99424000 0.37341000 0.98366000
0.93751000 0.34406000 0.98505000
0.50265000 0.46420000 0.63282000
0.70915000 0.49186000 0.93725000
0.78999000 0.48952000 0.94545000
0.51045000 0.49123000 0.50785000
0.94643000 0.25370000 0.68646000
0.63248000 0.62587000 0.01927000
0.76755000 0.58256000 0.45001000
0.74881000 0.69547000 0.40984000
0.56060000 0.59866000 0.00067000
0.85271000 0.67715000 0.35453000
0.89999000 0.66802000 0.10306000
0.61857000 0.65838000 0.15133000
0.85209000 0.57191000 0.44894000
0.78767000 0.67143000 0.17101000
0.80887000 0.66565000 0.28192000
0.93505000 0.56711000 0.05243000
0.86240000 0.53748000 0.03242000
0.88060000 0.50674000 0.21767000
0.58006000 0.64772000 0.38553000
0.78906000 0.66875000 0.46740000
0.72067000 0.52766000 0.09112000
0.56068000 0.70922000 0.42439000
0.82680000 0.70010000 0.09825000
0.56190000 0.51036000 0.21247000
0.62643000 0.57657000 0.19642000
0.92902000 0.70157000 0.36598000
0.59743000 0.74867000 0.05209000
0.98761000 0.56912000 0.29301000
0.53080000 0.61501000 0.49554000
0.63156000 0.50582000 0.12295000
0.70820000 0.60575000 0.38691000
0.61479000 0.64821000 0.45718000
0.85381000 0.58220000 0.20117000
0.74702000 0.72613000 0.15604000
0.57117000 0.71319000 0.12892000
0.72123000 0.52453000 0.32919000
0.60319000 0.51159000 0.30204000
0.79828000 0.59771000 0.26290000
0.96449000 0.63572000 0.07611000
0.69191000 0.66206000 0.47613000
0.54026000 0.57178000 0.33730000
0.68635000 0.67764000 0.12956000
0.72231000 0.70242000 0.00370000
0.66502000 0.71731000 0.06767000
0.90714000 0.64996000 0.29883000
0.93300000 0.67164000 0.18901000
0.82547000 0.73661000 0.38367000
0.79177000 0.55292000 0.00123000
0.60989000 0.64757000 0.23623000
0.55805000 0.55817000 0.10336000
0.67967000 0.59527000 0.14201000
0.51257000 0.56853000 0.16380000
0.85457000 0.50066000 0.29241000
0.85558000 0.68208000 0.21907000
0.78704000 0.74555000 0.45098000
0.92566000 0.55167000 0.42628000
0.82400000 0.72217000 0.30283000
0.95672000 0.62181000 0.40810000
0.79204000 0.58933000 0.12563000
0.72844000 0.52703000 0.46593000
0.81000000 0.52106000 0.18940000
0.73558000 0.65769000 0.33431000
0.67032000 0.68799000 0.32168000
0.88601000 0.73973000 0.28247000
0.67182000 0.53862000 0.39814000
0.68024000 0.52782000 0.19080000
0.77613000 0.51681000 0.41395000
0.91704000 0.58268000 0.25576000
0.63706000 0.72862000 0.37322000
0.69316000 0.63036000 0.25620000
0.51443000 0.62857000 0.08424000
0.90115000 0.68696000 0.00638000
0.75193000 0.60928000 0.04476000
0.88320000 0.56295000 0.36421000
0.82010000 0.73272000 0.18164000
0.98616000 0.71976000 0.28672000
0.90237000 0.56449000 0.13550000
0.80353000 0.57496000 0.35398000
0.83476000 0.53587000 0.10773000
0.55768000 0.61349000 0.20737000
0.86550000 0.63554000 0.15863000
0.55534000 0.66024000 0.29690000
0.66834000 0.72972000 0.19089000
0.75418000 0.61071000 0.20060000
0.50997000 0.67490000 0.20689000
0.58862000 0.61589000 0.07792000
0.97334000 0.59088000 0.18759000
0.75862000 0.72215000 0.26643000
0.53008000 0.54795000 0.44129000
0.76039000 0.51311000 0.25559000
0.90106000 0.64259000 0.45396000
0.86119000 0.60130000 0.07895000
0.81534000 0.63226000 0.03733000
0.98663000 0.70480000 0.07611000
0.63384000 0.58601000 0.29128000
0.64601000 0.56075000 0.07376000
0.79371000 0.64128000 0.39283000
0.67071000 0.74541000 0.28793000
0.97544000 0.74233000 0.41844000
0.61129000 0.56651000 0.44791000
0.54004000 0.71350000 0.04384000
0.79639000 0.50132000 0.05930000
0.93778000 0.50241000 0.34211000
0.85568000 0.73854000 0.46705000
0.98850000 0.52470000 0.38784000
0.96726000 0.56485000 0.49169000
0.50055000 0.70046000 0.32675000
0.94015000 0.72902000 0.60236000
0.62988000 0.58169000 0.73079000
0.63109000 0.54960000 0.99416000
0.76108000 0.64790000 0.74195000
0.60386000 0.64128000 0.94231000
0.59510000 0.59898000 0.51949000
0.66980000 0.62292000 0.84488000
0.81822000 0.51225000 0.55204000
0.67397000 0.72798000 0.76383000
0.92864000 0.65973000 0.76171000
0.85449000 0.71116000 0.82220000
0.68060000 0.68124000 0.67097000
0.63065000 0.51820000 0.65162000
0.81173000 0.73601000 0.72732000
0.72486000 0.55640000 0.98255000
0.95829000 0.55057000 0.74243000
0.56749000 0.69793000 0.84320000
0.83115000 0.55657000 0.63193000
0.60624000 0.66288000 0.54625000
0.69176000 0.57791000 0.65187000
0.77924000 0.52981000 0.69143000
0.91365000 0.64260000 0.68071000
0.52689000 0.62754000 0.75175000
0.62992000 0.72460000 0.51977000
0.51711000 0.61357000 0.63582000
0.67580000 0.53090000 0.88404000
0.58204000 0.55692000 0.66003000
0.72744000 0.52480000 0.76782000
0.59490000 0.55117000 0.81152000
0.60030000 0.63509000 0.79744000
0.85574000 0.63163000 0.57344000
0.55773000 0.67004000 0.69370000
0.79241000 0.73043000 0.87484000
0.80501000 0.60595000 0.71169000
0.77384000 0.67195000 0.84146000
0.52291000 0.72045000 0.94489000
0.93182000 0.58944000 0.62402000
0.94031000 0.66882000 0.60432000
0.59741000 0.67851000 0.62892000
0.78208000 0.52104000 0.84662000
0.62997000 0.63287000 0.67272000
0.50531000 0.71638000 0.79490000
0.93774000 0.51750000 0.62295000
0.61779000 0.69209000 0.72702000
0.80021000 0.55144000 0.77780000
0.55592000 0.55989000 0.91874000
0.92558000 0.74547000 0.97102000
0.89502000 0.54081000 0.53778000
0.63468000 0.57292000 0.59030000
0.51848000 0.53073000 0.70455000
0.95917000 0.61300000 0.55292000
0.69638000 0.66454000 0.95284000
0.89810000 0.73938000 0.88351000
0.70478000 0.74874000 0.95474000
0.69667000 0.62854000 0.74552000
0.63488000 0.72789000 0.97889000
0.89551000 0.58548000 0.78250000
0.94382000 0.59348000 0.85417000
0.84549000 0.72740000 0.60600000
0.94737000 0.73437000 0.74977000
0.84932000 0.63167000 0.83856000
0.56988000 0.73284000 0.76349000
0.82768000 0.57223000 0.87294000
0.76442000 0.62485000 0.91009000
0.67495000 0.60077000 0.95302000
0.71655000 0.53905000 0.58697000
0.68461000 0.74613000 0.57698000
0.51832000 0.54548000 0.99520000
0.68303000 0.63997000 0.55941000
0.86105000 0.56539000 0.94384000
0.54758000 0.72041000 0.54150000
0.99975000 0.56948000 0.80188000
0.86962000 0.59239000 0.69433000
0.97095000 0.71463000 0.86401000
0.58101000 0.68842000 0.99067000
0.84976000 0.69145000 0.89728000
0.51661000 0.64797000 0.99054000
0.67686000 0.69117000 0.86240000
0.87904000 0.74928000 0.68798000
0.90581000 0.68026000 0.83990000
0.66632000 0.56988000 0.51221000
0.74435000 0.69236000 0.66054000
0.86630000 0.68536000 0.66766000
0.90404000 0.53140000 0.86551000
0.99093000 0.60713000 0.67093000
0.62465000 0.56704000 0.88704000
0.75913000 0.70335000 0.52476000
0.75809000 0.59192000 0.65021000
0.73325000 0.58041000 0.85693000
0.58906000 0.50144000 0.91027000
0.77829000 0.65157000 0.61077000
0.94660000 0.64388000 0.92189000
0.75144000 0.60462000 0.56304000
0.80351000 0.59881000 0.51682000
0.78985000 0.67995000 0.94279000
0.93709000 0.57422000 0.93648000
0.57021000 0.55806000 0.57353000
0.52979000 0.56068000 0.77234000
0.87215000 0.52081000 0.72567000
0.97953000 0.70380000 0.52015000
0.60373000 0.73399000 0.59481000
0.91793000 0.70667000 0.50256000
0.95131000 0.62068000 0.99557000
0.61337000 0.96141000 0.23942000
0.94524000 0.88648000 0.14687000
0.58085000 0.93959000 0.41399000
0.89390000 0.79844000 0.21882000
0.58781000 0.91750000 0.14605000
0.57102000 0.81796000 0.26192000
0.74284000 0.91676000 0.31008000
0.67552000 0.76575000 0.42870000
0.75630000 0.82408000 0.38085000
0.93664000 0.91290000 0.22892000
0.56539000 0.87301000 0.46572000
0.98821000 0.86942000 0.33121000
0.83973000 0.97296000 0.18635000
0.90505000 0.81963000 0.29431000
0.53413000 0.87613000 0.35176000
0.85892000 0.90890000 0.16464000
0.68860000 0.86655000 0.30534000
0.67737000 0.98249000 0.05555000
0.72320000 0.75660000 0.08527000
0.90330000 0.91995000 0.09354000
0.60584000 0.75291000 0.24925000
0.88455000 0.78374000 0.36907000
0.84720000 0.85868000 0.20662000
0.81784000 0.78419000 0.01207000
0.68469000 0.97054000 0.30349000
0.81738000 0.82601000 0.30603000
0.91699000 0.88782000 0.30327000
0.90589000 0.94131000 0.38190000
0.72911000 0.92645000 0.10516000
0.83287000 0.85844000 0.37092000
0.76724000 0.88910000 0.00004000
0.98782000 0.79622000 0.31177000
0.72390000 0.80169000 0.00956000
0.64319000 0.86655000 0.18627000
0.65005000 0.94177000 0.38691000
0.53194000 0.75947000 0.35962000
0.55900000 0.86447000 0.18924000
0.83359000 0.93108000 0.39091000
0.81309000 0.90110000 0.30020000
0.73941000 0.98313000 0.41793000
0.70338000 0.92317000 0.19159000
0.52399000 0.90250000 0.06928000
0.56316000 0.80398000 0.10689000
0.82331000 0.77814000 0.11655000
0.89450000 0.77693000 0.08460000
0.78088000 0.87430000 0.22795000
0.96845000 0.76628000 0.10691000
0.66435000 0.92639000 0.48343000
0.77784000 0.86090000 0.08257000
0.51000000 0.92839000 0.49464000
0.91739000 0.82693000 0.47202000
0.82365000 0.78590000 0.24732000
0.69075000 0.81445000 0.22692000
0.84288000 0.91284000 0.48691000
0.91329000 0.97353000 0.03177000
0.53268000 0.83099000 0.41653000
0.53907000 0.79726000 0.01532000
0.80681000 0.83285000 0.43472000
0.61913000 0.85472000 0.33188000
0.80114000 0.95223000 0.07224000
0.77507000 0.94128000 0.21807000
0.90929000 0.96133000 0.27693000
0.60713000 0.88567000 0.25276000
0.79857000 0.97454000 0.47241000
0.74350000 0.77079000 0.33331000
0.63729000 0.82597000 0.11145000
0.95528000 0.87968000 0.46342000
0.70391000 0.89896000 0.38685000
0.73125000 0.88942000 0.48011000
0.52861000 0.76590000 0.17187000
0.55819000 0.77336000 0.45838000
0.89671000 0.85327000 0.06614000
0.59580000 0.79100000 0.34209000
0.51803000 0.90327000 0.26795000
0.60223000 0.97819000 0.07225000
0.93802000 0.82340000 0.38132000
0.64860000 0.83334000 0.40325000
0.59037000 0.80848000 0.17780000
0.85118000 0.84812000 0.12179000
0.71475000 0.92384000 0.02814000
0.65554000 0.83215000 0.02507000
0.56712000 0.86554000 0.00876000
0.86179000 0.99689000 0.07936000
0.97722000 0.76099000 0.20885000
0.66559000 0.90842000 0.07753000
0.67299000 0.80561000 0.32922000
0.96575000 0.84708000 0.06703000
0.95635000 0.91018000 0.02140000
0.88466000 0.87609000 0.43132000
0.70234000 0.83255000 0.09055000
0.74507000 0.81079000 0.15010000
0.54759000 0.96972000 0.21669000
0.51187000 0.99210000 0.45296000
0.85324000 0.83082000 0.49366000
0.58518000 0.98108000 0.33874000
0.61954000 0.75870000 0.13083000
0.99211000 0.78797000 0.47538000
0.60142000 0.81306000 0.49536000
0.72742000 0.77375000 0.81112000
0.57376000 0.79665000 0.81882000
0.94406000 0.87915000 0.61466000
0.91820000 0.83052000 0.90781000
0.80719000 0.86283000 0.73248000
0.85690000 0.77390000 0.94809000
0.76980000 0.91278000 0.85120000
0.54781000 0.94529000 0.90875000
0.69005000 0.75025000 0.66727000
0.98008000 0.77907000 0.90529000
0.81405000 0.97522000 0.85938000
0.86471000 0.81907000 0.68059000
0.57329000 0.89195000 0.69342000
0.94795000 0.93554000 0.51520000
0.65959000 0.86640000 0.74144000
0.54376000 0.78550000 0.90148000
0.59122000 0.88503000 0.77389000
0.83127000 0.76042000 0.53585000
0.71057000 0.80712000 0.90148000
0.71796000 0.97246000 0.50664000
0.94321000 0.94970000 0.82794000
0.58299000 0.94141000 0.82729000
0.60041000 0.79675000 0.98088000
0.75671000 0.80448000 0.73009000
0.99288000 0.97699000 0.89347000
0.62976000 0.99973000 0.99361000
0.65629000 0.93011000 0.99007000
0.98777000 0.92030000 0.71337000
0.85539000 0.85885000 0.85033000
0.69784000 0.86104000 0.95656000
0.95407000 0.78183000 0.53604000
0.97603000 0.84517000 0.53164000
0.50273000 0.99882000 0.73320000
0.54950000 0.82568000 0.68411000
0.88122000 0.77258000 0.81114000
0.96200000 0.77248000 0.66859000
0.85555000 0.83005000 0.59180000
0.65121000 0.79281000 0.79174000
0.79100000 0.79057000 0.90805000
0.75792000 0.83655000 0.59655000
0.83702000 0.89600000 0.66830000
0.85242000 0.92305000 0.92196000
0.90938000 0.95782000 0.62912000
0.81591000 0.88221000 0.58184000
0.59528000 0.80591000 0.61540000
0.74891000 0.91766000 0.76215000
0.97038000 0.97241000 0.65463000
0.50963000 0.77969000 0.80581000
0.81796000 0.95953000 0.77009000
0.50729000 0.92886000 0.72253000
0.89139000 0.91559000 0.82743000
0.74454000 0.90916000 0.58062000
0.52644000 0.98119000 0.65296000
0.64229000 0.97022000 0.61159000
0.89165000 0.88060000 0.56225000
0.83982000 0.94099000 0.99904000
0.53578000 0.86021000 0.80491000
0.56245000 0.96555000 0.52565000
0.96518000 0.84503000 0.73409000
0.74432000 0.77112000 0.61342000
0.80590000 0.77855000 0.65703000
0.69110000 0.85402000 0.80902000
0.92745000 0.81421000 0.61034000
0.73277000 0.82724000 0.50901000
0.70914000 0.99544000 0.81106000
0.80679000 0.85249000 0.92371000
0.65211000 0.89656000 0.85652000
0.65083000 0.88880000 0.55431000
0.53794000 0.84551000 0.94055000
0.98278000 0.92622000 0.58208000
0.54438000 0.86259000 0.54665000
0.59051000 0.92499000 0.97086000
0.90791000 0.82768000 0.78548000
0.57561000 0.93340000 0.59976000
0.60362000 0.84825000 0.90615000
0.50287000 0.99893000 0.54095000
0.72609000 0.92401000 0.90456000
0.50283000 0.90083000 0.60618000
0.66857000 0.82280000 0.54066000
0.81542000 0.95682000 0.67072000
0.90776000 0.90696000 0.68934000
0.72434000 0.86682000 0.65262000
0.64747000 0.89435000 0.65348000
0.97294000 0.85123000 0.84478000
0.89988000 0.96086000 0.75679000
0.87216000 0.83732000 0.98372000
0.62164000 0.75649000 0.87341000
0.67582000 0.93499000 0.79253000
0.67185000 0.82159000 0.66998000
0.93408000 0.91253000 0.94018000
0.75669000 0.84038000 0.85058000
0.76093000 0.99277000 0.91139000
0.77305000 0.98367000 0.99109000
0.67355000 0.96806000 0.91581000
0.70271000 0.93342000 0.64106000
