1 44
1 102
1 104
1 670
1 909
1 918
1 1440
1 1483
2 34
2 48
2 50
2 53
2 76
2 77
2 78
2 99
3 29
3 31
3 48
3 71
3 82
3 238
4 26
4 29
4 31
4 54
4 69
4 83
5 47
5 101
5 146
5 192
6 7
6 11
6 24
6 101
6 167
6 224
7 11
7 15
7 29
7 54
7 261
7 302
8 75
8 93
8 108
8 111
8 175
8 370
8 402
8 976
9 30
9 38
9 56
9 60
9 66
9 81
9 105
10 11
10 60
10 81
10 105
10 128
10 224
10 275
10 396
10 398
11 60
11 101
11 224
12 39
12 65
12 95
12 100
12 158
12 209
12 839
13 42
13 49
13 104
13 117
13 156
13 192
13 756
14 56
14 94
14 95
14 100
14 635
14 902
14 913
14 1439
15 24
15 54
15 68
15 74
16 46
16 65
16 105
16 128
16 825
16 942
16 1066
16 1202
17 54
17 86
17 90
17 222
17 300
17 838
18 44
18 68
18 83
18 102
18 104
18 619
19 28
19 50
19 73
19 77
19 85
19 103
19 107
20 22
20 38
20 40
20 56
20 57
20 204
20 689
21 99
21 121
21 819
21 979
21 1211
22 57
22 192
22 204
22 208
22 643
22 755
23 51
23 69
23 75
23 86
23 300
24 74
24 167
24 206
24 261
25 74
25 86
25 90
25 102
25 838
25 854
25 886
25 909
26 30
26 31
26 32
26 47
26 83
27 59
27 72
27 84
27 89
27 639
27 675
28 73
28 85
28 94
28 1510
29 31
29 54
29 82
29 219
29 231
29 286
29 302
30 38
30 40
30 47
31 70
31 82
32 33
32 40
32 47
32 57
32 84
32 642
33 52
33 59
33 61
33 70
33 71
33 106
34 99
34 165
34 260
34 293
34 386
35 236
35 828
35 833
35 849
35 1108
36 56
36 63
36 66
36 94
36 95
37 55
37 61
37 64
37 69
37 70
37 72
37 79
38 81
38 101
38 120
39 65
39 100
39 120
39 158
39 204
39 207
39 209
40 56
40 57
40 63
40 71
40 106
41 52
41 61
41 78
41 85
41 98
41 210
41 684
41 711
42 47
42 57
42 104
42 619
42 642
43 48
43 66
43 96
43 266
43 288
43 914
43 1064
44 49
44 68
44 74
44 102
44 104
44 909
45 62
45 80
45 89
45 91
45 92
45 97
45 785
46 65
46 66
46 95
46 105
46 279
46 829
46 1066
47 57
47 68
48 66
48 76
48 96
48 238
48 266
49 68
49 156
49 192
50 73
50 76
50 77
50 99
51 75
51 87
51 108
51 833
51 859
52 61
52 76
52 77
52 78
52 85
52 641
53 61
53 67
53 70
53 78
53 79
53 82
53 263
54 261
54 300
55 58
55 62
55 72
55 87
55 93
56 63
57 642
57 643
58 72
58 83
58 666
59 61
59 98
59 641
59 675
60 96
60 105
61 70
61 78
61 98
62 80
62 87
62 92
62 175
63 71
63 94
63 106
64 69
64 79
64 82
64 263
65 81
65 95
65 209
65 825
66 96
67 79
67 112
67 174
67 244
67 263
67 285
67 293
68 74
69 75
70 71
72 83
73 850
73 884
73 889
74 90
74 206
75 93
75 111
75 236
75 282
76 77
77 78
77 85
79 93
79 174
79 178
80 92
80 785
80 869
80 946
81 120
81 128
81 202
82 219
82 238
82 263
83 84
84 619
84 661
84 666
85 103
85 684
86 838
86 886
87 92
87 108
87 859
88 109
88 110
88 651
88 666
88 670
88 881
89 91
89 97
89 639
89 653
90 256
90 1055
91 97
91 98
91 178
91 210
92 622
93 111
93 178
93 244
94 635
94 889
94 913
95 815
95 829
96 105
96 243
96 279
96 281
97 785
97 802
98 631
99 260
99 266
99 276
100 689
100 809
100 1439
101 114
101 202
102 109
102 854
102 909
103 107
103 201
103 697
103 823
104 619
104 665
104 670
105 279
106 641
106 701
107 121
107 201
108 828
108 878
108 976
109 881
109 886
110 660
110 666
110 832
110 881
110 1429
111 239
111 244
111 282
112 130
112 174
112 244
112 293
112 312
112 333
113 135
113 143
113 149
113 159
113 200
113 210
113 714
114 120
114 146
114 150
114 184
114 199
114 202
115 140
115 145
115 164
115 185
115 953
116 154
116 184
116 191
116 207
116 760
116 775
117 147
117 156
117 166
117 918
118 142
118 177
118 789
118 799
118 919
118 1576
119 129
119 130
119 179
119 333
119 341
119 386
120 187
120 202
120 204
120 207
121 145
121 165
121 408
121 936
121 979
122 123
122 185
122 757
122 998
122 1583
122 1601
123 164
123 201
123 936
123 971
124 134
124 153
124 186
124 188
124 330
124 362
125 135
125 142
125 198
125 797
125 801
126 147
126 183
126 803
126 919
126 988
126 1606
127 147
127 183
127 193
127 198
127 803
128 188
128 324
128 398
128 942
129 130
129 145
129 164
129 165
130 152
130 165
130 174
130 293
130 386
131 144
131 150
131 162
131 181
131 191
131 199
132 135
132 141
132 149
132 162
132 169
132 203
132 748
132 806
133 140
133 154
133 181
133 187
133 189
133 191
134 330
134 1001
135 143
135 162
135 714
135 748
135 801
136 138
136 144
136 197
136 373
136 381
136 401
137 138
137 142
137 143
137 177
137 183
138 144
138 148
138 160
138 161
138 180
139 186
139 349
139 357
139 360
139 408
139 980
139 1200
140 169
140 179
140 181
140 185
140 186
140 189
140 191
141 169
141 185
141 191
141 203
141 757
141 806
142 177
142 714
142 746
142 799
143 152
143 160
143 200
144 172
144 173
144 197
144 373
145 164
145 936
146 150
146 192
146 196
146 199
147 166
147 723
147 803
147 1616
148 160
148 161
148 190
148 195
148 205
148 393
148 401
149 151
149 152
149 159
149 210
150 153
150 168
150 172
150 173
150 181
150 202
151 164
151 201
151 711
151 769
151 806
152 160
152 162
152 174
152 178
152 197
153 181
153 188
153 202
153 362
153 398
154 158
154 176
154 187
154 189
154 207
155 161
155 369
155 401
155 404
155 935
156 182
156 192
156 193
156 196
157 161
157 163
157 180
157 183
157 935
157 977
158 176
158 207
158 209
158 947
158 1615
159 711
159 714
159 748
159 752
159 806
160 178
160 195
160 200
161 205
161 935
162 169
162 179
162 191
163 166
163 171
163 194
164 169
164 201
165 386
166 171
166 918
166 923
167 182
168 172
168 319
168 348
169 179
169 185
169 191
170 173
170 348
170 373
170 382
171 182
171 194
171 206
171 867
172 173
172 181
172 362
172 373
173 180
173 196
173 373
174 178
174 210
175 946
175 976
176 771
176 775
176 1583
176 1615
177 183
177 190
178 200
178 210
179 181
179 186
179 197
180 182
180 183
180 196
181 202
181 362
182 196
184 199
184 208
184 760
185 191
186 360
187 188
187 189
187 202
187 209
188 324
188 942
189 962
189 1001
190 205
190 951
191 203
192 208
193 198
193 199
193 723
193 786
194 206
194 352
194 382
195 328
195 370
195 381
196 198
196 199
197 333
198 199
203 760
204 207
204 656
204 689
204 718
204 755
205 393
205 951
205 989
205 1004
206 256
206 315
206 382
206 867
207 718
208 755
208 780
209 942
209 949
211 229
211 245
211 246
211 250
211 267
211 294
211 385
211 417
212 234
212 249
212 271
212 272
212 277
212 287
212 288
212 289
212 1085
212 1094
213 240
213 283
213 405
213 427
213 444
213 457
213 494
213 611
214 217
214 219
214 220
214 223
214 255
214 298
215 220
215 247
215 258
215 283
215 303
216 254
216 257
216 301
216 428
216 497
216 499
217 219
217 220
217 252
217 258
217 263
217 285
217 303
218 223
218 242
218 253
218 264
218 268
218 499
219 231
219 238
219 286
220 247
220 258
220 280
220 306
221 267
221 294
221 1079
221 1107
221 1110
221 1142
222 226
222 295
222 297
222 300
222 1046
222 1082
223 251
223 264
223 298
224 225
224 275
224 319
224 396
225 242
225 268
225 270
225 275
225 302
225 319
226 228
226 269
226 282
226 284
226 295
226 300
227 273
227 279
227 305
227 327
227 1020
227 1053
227 1066
228 232
228 235
228 251
228 253
228 269
228 284
228 295
228 297
229 246
229 250
229 255
229 280
229 291
229 415
230 331
230 361
230 374
230 440
230 464
230 465
230 608
231 251
231 300
231 302
232 235
232 237
232 253
232 259
232 304
232 469
232 511
233 304
233 331
233 403
233 1058
234 249
234 289
234 296
234 1094
235 237
235 269
235 306
236 278
236 282
236 1026
236 1097
237 253
237 306
237 416
237 441
237 463
237 464
238 252
238 266
238 281
239 262
239 278
239 326
239 346
239 353
239 370
240 278
240 283
240 444
241 256
241 261
241 268
241 270
241 297
242 254
242 270
242 319
242 361
242 368
242 374
243 275
243 277
243 281
243 286
243 292
243 298
244 285
244 303
244 346
245 260
245 280
245 291
245 294
245 385
245 387
246 250
246 258
246 280
246 299
246 385
247 283
247 306
247 416
247 457
248 262
248 274
248 409
248 1027
248 1031
248 1045
248 1162
249 271
249 287
249 289
249 290
249 296
249 422
250 299
250 372
250 415
250 417
250 453
251 253
251 261
251 268
251 297
251 302
252 263
252 266
253 268
253 304
253 465
254 292
254 301
254 365
254 374
254 380
255 272
255 280
255 289
255 290
255 291
256 315
256 908
256 1055
257 290
257 301
257 462
257 497
258 280
258 285
258 303
258 312
258 383
259 295
259 304
259 1104
259 1106
259 1279
260 276
260 291
260 294
260 347
261 302
262 278
262 326
262 353
262 409
262 1045
263 285
263 293
264 290
264 292
264 298
264 499
265 344
265 476
265 1034
265 1251
266 272
266 281
266 288
267 296
267 490
267 492
268 270
268 302
269 284
269 306
270 311
270 319
271 287
271 305
271 422
271 1034
271 1085
271 1088
272 277
272 281
272 287
272 288
272 289
272 290
272 291
273 305
273 327
273 342
273 1054
274 405
274 442
274 444
274 600
274 1027
274 1080
274 1227
275 292
275 396
276 1094
276 1110
277 279
277 281
277 287
277 288
277 305
277 1085
278 284
278 1026
279 1064
279 1066
280 291
281 286
281 288
281 298
283 306
283 432
283 444
283 457
284 295
284 1104
285 293
285 303
285 312
286 298
286 302
287 290
287 301
287 305
288 914
288 1064
289 290
289 291
289 296
290 298
290 301
292 298
292 301
293 312
293 386
294 347
294 385
294 387
294 1110
294 1208
295 1104
296 418
296 435
296 492
297 304
297 1082
299 325
299 372
299 453
299 494
303 346
304 465
304 511
304 1033
304 1082
305 1085
305 1088
306 416
306 432
307 311
307 313
307 339
307 368
307 377
307 388
308 316
308 335
308 373
308 378
309 339
309 351
309 367
310 344
310 366
310 537
310 613
310 1138
310 1209
311 331
311 348
311 368
311 382
311 403
312 341
312 383
312 385
312 387
313 314
313 318
313 323
313 391
313 395
313 403
314 318
314 403
314 1117
314 1165
314 1166
315 352
315 908
315 1058
315 1165
315 1196
316 339
316 354
316 369
316 373
316 381
317 324
317 330
317 350
317 366
317 394
317 1138
317 1201
318 369
318 395
318 404
318 1116
318 1204
319 348
319 368
319 388
320 323
320 329
320 331
320 485
320 534
320 608
321 356
321 390
321 407
321 543
321 1122
321 1178
321 1190
321 1214
322 400
322 545
322 581
323 329
323 331
323 358
323 377
323 391
323 403
324 327
324 330
324 350
324 942
324 1202
325 383
325 384
326 328
326 334
326 336
326 353
326 409
327 350
327 1053
327 1201
327 1202
328 334
328 346
328 354
328 359
328 381
329 406
329 534
329 569
329 1117
330 350
330 357
330 1156
331 361
331 377
331 403
332 340
332 355
332 371
332 375
332 384
332 397
333 335
333 341
334 336
334 353
334 354
334 393
334 401
334 1207
335 341
335 359
335 378
335 397
336 392
336 1113
336 1162
336 1186
336 1207
337 358
337 361
337 374
337 377
337 529
337 608
338 356
338 399
338 593
338 1122
338 1124
338 1142
338 1190
338 1408
339 367
339 379
339 388
340 355
340 359
340 367
340 379
340 384
340 389
341 386
341 387
342 350
342 365
342 398
343 360
343 364
343 375
343 390
343 394
344 613
344 1054
344 1209
345 379
345 391
345 392
345 528
345 564
345 599
346 383
347 386
347 387
347 408
347 1110
347 1200
347 1208
347 1211
348 382
348 388
349 357
349 360
349 408
349 1200
349 1214
350 376
350 398
351 368
351 380
352 382
352 1196
353 370
353 402
353 1045
354 369
354 379
354 381
354 395
354 401
355 367
355 371
355 384
355 389
355 526
355 572
356 375
356 399
357 360
357 394
357 1214
358 367
358 377
358 391
358 551
358 599
359 381
359 383
359 397
360 378
361 368
361 374
361 377
362 363
362 376
362 378
363 376
363 396
364 376
364 378
364 400
365 380
366 394
366 400
366 1136
366 1138
367 526
367 599
368 377
368 388
369 395
369 401
370 402
371 526
371 568
371 574
371 576
372 384
372 523
372 572
372 584
374 380
374 580
375 390
375 407
375 584
376 394
376 400
379 395
380 580
381 401
383 397
384 389
384 397
384 572
384 577
385 387
385 397
386 387
386 408
389 577
389 599
390 394
390 400
390 407
390 543
391 406
391 599
392 528
392 564
392 587
392 1113
392 1162
392 1387
393 401
393 404
393 989
393 1193
393 1207
394 400
394 1153
394 1214
395 1204
396 398
399 407
399 417
399 584
399 593
401 404
402 976
402 989
403 1058
404 935
404 1193
404 1207
405 409
405 600
405 611
406 528
406 569
406 1117
406 1159
406 1204
407 543
407 576
407 584
407 592
407 593
408 1200
410 436
410 468
410 480
410 508
411 424
411 438
411 468
411 482
411 654
411 685
411 687
412 446
412 467
412 489
412 1286
413 449
413 501
413 658
413 682
413 687
413 1236
414 426
414 441
414 451
414 474
414 497
414 508
415 417
415 418
415 436
415 453
415 492
416 432
416 441
416 502
417 490
417 523
418 436
418 462
418 492
418 508
419 425
419 437
419 455
419 489
419 491
419 506
419 633
420 477
420 485
420 504
420 519
420 521
420 550
420 1301
421 424
421 455
421 461
421 488
421 491
421 509
421 663
422 476
422 1269
422 1283
423 471
423 490
423 1222
424 438
424 513
424 659
424 663
424 808
425 429
425 455
425 470
425 703
426 440
426 441
426 451
426 464
426 477
426 486
427 433
427 442
427 444
427 445
427 452
427 484
428 473
428 486
428 580
428 609
428 610
429 432
429 445
429 461
429 502
430 504
430 507
430 550
430 647
431 448
431 458
431 509
431 552
431 713
431 787
432 441
432 457
432 463
432 469
432 502
433 448
433 452
433 458
433 1315
433 1319
434 436
434 438
434 471
434 590
435 471
435 480
435 492
435 1222
435 1272
435 1283
436 438
436 471
436 480
436 492
437 479
437 489
437 507
437 662
437 1245
437 1263
438 461
438 478
439 443
439 466
439 473
439 476
439 498
439 500
440 464
440 477
440 486
440 499
440 608
441 463
441 464
442 600
442 605
442 1227
442 1319
442 1363
443 462
443 476
443 480
443 493
443 498
445 452
445 457
445 461
445 478
445 484
445 494
446 452
446 463
446 467
446 469
446 489
447 449
447 454
447 466
447 483
447 505
447 595
448 552
448 605
448 1315
448 1411
449 503
449 658
450 460
450 467
450 1033
450 1232
450 1233
450 1301
451 456
451 470
451 474
451 475
451 495
451 496
452 458
452 489
452 491
453 478
453 494
454 473
454 475
454 486
454 595
454 609
454 610
455 491
455 496
455 654
455 703
456 470
456 475
456 481
456 495
456 496
456 624
456 702
457 494
457 502
458 488
458 491
458 506
458 509
458 1315
459 464
459 465
459 472
459 477
459 485
459 511
460 465
460 485
460 1033
460 1170
460 1249
461 478
461 502
462 480
462 497
462 508
463 467
463 469
463 472
463 511
464 465
464 499
465 485
465 511
466 483
466 498
466 500
466 512
466 595
466 1293
467 472
467 511
467 1232
467 1279
468 474
468 687
469 1279
470 479
470 495
470 496
470 624
470 703
471 480
471 492
473 486
473 497
474 496
474 503
475 481
475 503
475 505
475 532
476 498
476 1034
476 1269
477 495
477 521
477 561
478 494
478 520
479 504
479 507
479 624
479 633
479 647
480 493
480 501
481 495
481 532
481 546
481 629
481 649
482 510
482 685
482 687
483 595
483 807
484 488
484 494
484 611
485 608
486 610
487 501
487 510
487 1236
487 1272
487 1312
487 1462
488 509
488 513
488 520
489 506
489 1245
490 492
490 1107
490 1222
491 506
491 509
491 646
492 1222
493 498
493 501
493 1228
493 1272
493 1302
494 520
494 577
494 611
495 521
495 561
496 503
496 702
496 703
497 499
497 508
498 1225
498 1293
498 1302
500 512
500 595
500 609
500 613
501 1236
501 1272
502 508
503 505
503 628
503 658
503 702
504 507
505 538
505 628
505 807
506 616
506 620
506 646
506 1245
506 1315
507 662
507 1263
507 1307
507 1507
509 646
509 663
509 698
510 536
510 1312
510 1318
512 1251
512 1398
513 520
513 539
513 698
513 707
513 808
514 578
514 736
514 807
514 1617
515 520
515 523
515 553
515 570
515 572
515 597
516 535
516 542
516 603
516 604
516 614
517 548
517 552
517 605
517 1343
517 1411
518 526
518 533
518 573
518 575
518 582
518 597
519 521
519 527
519 551
519 554
519 561
519 608
520 539
520 553
520 585
521 527
521 546
521 550
521 561
522 547
522 590
522 593
522 1344
522 1408
523 570
523 584
523 590
524 539
524 552
524 575
524 585
524 743
524 779
524 787
524 788
525 551
525 555
525 573
525 582
525 596
526 573
526 574
526 588
526 597
526 599
527 550
527 554
527 567
527 810
527 1405
528 569
528 587
529 581
529 588
529 589
530 562
530 568
530 571
530 586
530 588
530 589
530 598
531 558
531 559
531 567
531 582
531 596
531 790
532 538
532 541
532 561
532 610
533 577
533 585
533 597
534 551
534 554
534 569
535 547
535 576
535 579
535 592
535 594
536 560
536 565
536 602
536 612
536 744
537 545
537 549
537 1136
537 1209
537 1338
537 1398
537 1400
538 557
538 566
538 595
538 805
539 553
539 575
539 585
539 601
539 707
539 708
540 549
540 556
540 557
540 562
540 566
540 568
540 579
540 581
541 546
541 559
541 561
541 571
541 598
542 586
542 602
542 604
542 726
543 545
543 576
543 579
543 1338
543 1407
544 561
544 589
544 608
544 610
545 549
545 576
545 579
546 559
546 629
546 740
546 742
547 565
547 570
547 592
547 593
547 604
547 1344
548 558
548 563
548 735
548 787
548 788
548 790
549 556
549 579
549 581
549 613
550 810
550 1405
551 573
551 589
552 605
552 787
553 570
553 597
553 602
553 612
554 569
554 596
554 1380
554 1394
555 564
555 573
555 587
555 591
555 599
556 557
556 579
556 1351
556 1398
557 562
557 578
557 805
558 563
558 583
558 591
558 596
558 790
559 571
559 740
559 742
559 776
560 565
560 604
560 614
560 726
560 761
560 1350
562 586
562 598
562 607
563 735
563 790
563 793
563 1343
563 1347
563 1401
563 1538
564 587
565 590
565 604
565 1318
565 1344
565 1350
566 581
566 609
566 610
567 596
567 742
567 793
567 810
567 1347
567 1405
568 574
568 576
568 579
568 581
568 588
569 1340
570 590
570 592
570 604
570 612
571 582
571 589
571 598
571 606
572 574
572 577
572 584
572 592
572 597
573 582
573 588
573 589
573 599
574 576
574 586
574 592
574 597
575 582
575 585
575 591
575 601
575 606
575 779
576 579
576 592
577 611
578 603
578 767
578 1351
579 594
580 609
582 591
582 606
583 587
583 591
583 596
583 1340
583 1343
583 1347
583 1386
584 592
586 601
587 1353
588 589
590 612
593 1122
593 1407
593 1408
594 1338
594 1351
594 1376
594 1407
595 609
596 1347
598 607
600 1027
600 1162
600 1363
601 606
601 708
601 739
601 779
602 612
602 707
602 708
602 808
603 614
603 712
603 767
603 1333
603 1531
605 1353
605 1363
605 1411
606 739
606 776
607 739
607 741
607 759
607 805
609 610
609 613
612 808
614 726
614 728
614 761
614 804
614 1350
615 618
615 631
615 639
615 659
615 768
616 620
616 650
616 657
616 662
616 674
616 1471
617 644
617 689
617 691
617 704
617 718
617 809
617 1439
618 638
618 639
618 669
618 672
618 675
618 677
619 625
619 651
619 661
619 670
620 667
620 1245
620 1281
620 1315
620 1431
621 634
621 681
621 682
621 693
621 695
622 630
622 653
622 673
623 627
623 637
623 643
623 665
623 756
623 780
624 633
624 640
624 647
624 702
624 703
625 626
625 638
625 642
625 661
625 665
626 633
626 636
626 638
626 652
626 661
627 629
627 640
627 647
627 648
627 652
627 665
628 632
628 637
628 702
629 647
629 649
629 753
630 657
630 660
631 639
631 706
632 637
632 643
632 644
632 656
632 690
632 709
633 650
633 662
633 664
633 703
634 635
634 644
634 690
634 693
634 700
635 681
635 691
636 651
636 652
636 664
636 674
636 696
636 1426
637 640
637 649
637 734
638 661
638 675
639 653
639 675
640 649
640 699
640 702
641 684
641 701
641 705
642 643
643 656
643 690
644 676
644 690
644 693
645 648
645 664
645 696
645 1426
645 1446
645 1529
646 650
646 657
646 677
647 652
647 664
648 696
648 717
648 753
648 772
648 1529
650 657
650 662
650 674
651 660
651 661
651 666
651 670
652 664
652 665
652 696
653 802
654 659
654 669
654 695
655 668
655 671
655 680
655 683
655 692
655 730
655 745
655 1415
656 689
656 690
656 709
656 718
656 755
658 676
658 682
658 695
659 663
659 685
660 666
660 674
660 1429
661 666
662 664
662 674
662 1471
662 1507
663 677
663 698
664 674
664 696
664 1426
665 756
667 713
667 763
667 1463
667 1468
668 680
668 697
668 730
668 737
668 770
668 1415
668 1570
669 672
669 695
669 699
669 703
670 696
671 679
671 745
671 1415
671 1462
671 1470
671 1478
671 1500
672 693
672 695
672 700
672 701
673 710
673 785
673 1614
674 1426
674 1430
675 701
676 678
676 682
676 688
676 693
678 688
678 704
679 683
679 687
679 1462
680 684
680 692
680 694
680 705
680 706
680 730
681 683
681 705
681 1509
681 1510
682 688
683 705
683 1415
683 1500
684 705
684 706
684 711
685 687
685 692
686 698
686 724
686 729
687 695
688 691
688 704
689 690
689 718
690 700
691 1439
691 1476
691 1509
692 694
692 744
692 745
693 695
693 699
693 700
694 701
694 706
696 1426
696 1440
697 823
697 1510
698 707
698 729
698 743
699 700
699 702
701 705
704 783
704 792
704 1469
704 1541
706 711
706 727
706 752
707 708
707 725
707 729
707 768
707 808
708 725
708 779
709 718
709 738
709 755
709 782
709 792
710 773
710 789
710 1533
710 1554
710 1576
710 1614
711 752
711 769
711 806
712 728
712 736
712 758
712 767
712 791
712 795
712 804
712 1531
712 1535
713 735
713 763
713 787
713 1463
714 748
714 798
714 799
714 801
715 751
715 754
715 774
715 781
715 786
715 797
716 719
716 721
716 748
716 757
716 806
717 772
717 1440
717 1446
717 1525
717 1529
717 1579
717 1611
717 1616
718 755
718 783
718 809
719 722
719 731
719 741
719 764
719 766
719 778
720 724
720 733
720 798
720 799
720 802
721 727
721 769
721 806
722 731
722 739
722 774
722 776
722 777
722 779
722 796
723 754
723 756
723 772
723 786
723 797
724 743
724 763
725 727
725 729
725 732
725 764
725 768
726 728
726 749
726 764
727 744
727 752
727 768
728 741
728 749
728 764
728 767
728 795
728 804
729 743
729 768
729 777
729 798
730 737
730 745
730 770
731 739
731 741
731 759
731 766
731 778
731 781
732 748
732 752
732 796
732 798
732 801
733 746
733 750
733 774
733 777
733 796
733 799
734 759
734 781
734 782
734 800
735 773
735 787
735 1538
736 758
736 783
736 791
736 1535
736 1541
737 762
737 770
737 1536
737 1543
737 1562
737 1570
738 771
738 782
738 783
738 791
738 795
739 741
740 742
740 759
740 776
741 764
741 766
741 767
741 795
742 747
742 753
742 793
742 810
743 777
743 787
743 788
744 749
744 808
745 761
745 1470
746 789
746 796
746 797
746 799
746 803
747 751
747 754
747 1532
747 1579
748 752
748 798
748 801
748 806
749 762
749 764
750 773
750 774
750 784
750 790
750 794
751 754
751 774
751 784
751 797
752 798
752 802
753 810
754 772
755 780
755 782
756 772
756 780
757 769
758 765
758 771
758 1535
759 776
759 781
759 800
760 766
760 775
760 778
760 782
761 1562
761 1564
763 773
763 787
763 1468
763 1554
765 795
766 778
766 781
766 782
766 795
767 791
768 808
769 770
769 806
770 1570
771 775
771 783
771 1615
772 1611
773 789
774 776
774 796
777 779
777 788
777 796
778 781
778 796
778 801
779 788
779 790
780 782
780 786
781 782
783 809
784 794
784 1585
785 799
785 802
786 797
787 788
788 790
789 799
789 1576
789 1585
790 793
791 792
791 795
791 800
791 805
792 800
792 807
793 794
794 1572
794 1585
794 1603
796 801
797 803
798 799
798 802
800 805
804 1531
804 1539
805 807
809 1439
810 1405
810 1532
810 1580
811 821
811 848
811 903
811 914
811 1101
812 835
812 840
812 848
812 882
812 884
812 1006
813 816
813 842
813 851
813 856
813 864
813 874
813 895
813 899
814 815
814 850
814 861
814 876
814 884
814 889
814 903
815 829
815 850
815 876
815 889
815 913
816 818
816 836
816 842
816 854
816 864
816 874
816 892
817 846
817 891
817 1461
817 1467
817 1513
818 841
818 842
818 864
818 887
818 898
818 1035
819 848
819 883
819 972
819 979
819 1091
820 879
820 880
820 893
820 1036
820 1083
821 848
821 880
821 903
821 1030
821 1091
822 831
822 888
822 920
822 944
822 999
823 882
823 930
823 1516
824 830
824 837
824 855
824 903
824 906
824 1075
825 829
825 839
825 885
825 890
825 942
825 949
825 1066
826 858
826 866
826 870
826 877
826 1030
827 844
827 854
827 892
827 896
827 909
827 918
827 1483
828 833
828 1015
828 1097
829 837
829 839
830 877
830 899
830 901
830 903
830 906
831 855
831 887
831 901
831 910
832 834
832 874
832 881
832 895
832 1429
832 1454
832 1472
833 849
833 859
833 864
833 897
834 847
834 851
834 874
834 895
834 1454
834 1472
834 1486
834 1494
835 840
835 861
835 865
835 866
835 882
836 852
836 891
836 892
837 850
837 1064
837 1075
837 1101
838 841
838 849
838 886
838 1046
839 873
839 890
839 907
839 949
840 843
840 861
840 882
840 884
840 1516
841 849
841 886
841 894
841 898
841 1046
841 1055
842 864
842 879
842 887
842 897
842 899
843 889
843 912
843 1474
843 1516
844 891
844 892
844 954
844 1432
844 1467
844 1544
844 1553
845 853
845 866
845 870
845 900
845 911
845 928
845 948
846 873
846 901
846 1513
847 853
847 856
847 862
847 875
847 895
847 900
847 1486
848 884
849 879
849 1046
849 1096
849 1108
850 884
851 856
851 904
851 1486
851 1488
851 1494
852 874
852 892
852 1434
852 1454
852 1467
853 856
853 857
853 863
853 868
853 900
854 886
854 892
854 894
854 896
854 909
855 871
855 885
855 890
855 1075
856 868
856 877
856 897
856 899
857 863
857 869
857 878
857 958
857 1000
858 870
858 883
858 950
858 972
858 983
858 1210
859 895
860 876
860 902
860 913
860 1476
860 1515
861 865
861 868
861 877
861 903
861 904
861 912
862 869
862 875
862 1450
862 1472
862 1481
863 893
863 897
863 905
864 886
864 895
864 897
865 866
865 868
865 912
865 1485
865 1488
866 868
866 882
866 911
866 950
867 894
867 909
867 918
867 923
867 994
868 877
868 900
868 1488
869 878
869 946
869 970
870 905
870 948
870 983
870 1210
871 885
871 910
871 944
871 1009
871 1061
872 875
872 900
872 911
872 952
872 955
872 1445
872 1450
872 1573
873 876
873 890
873 907
873 920
873 993
874 881
874 892
874 895
874 1434
874 1454
875 900
875 1450
875 1472
875 1482
875 1486
876 901
877 899
877 903
878 946
878 976
878 1000
879 893
879 897
879 1096
879 1100
880 906
880 1030
880 1103
881 1429
881 1434
881 1454
881 1505
882 982
882 1006
882 1516
883 972
883 1078
883 1091
883 1161
883 1172
883 1210
885 890
885 1061
885 1066
885 1157
885 1202
887 888
887 899
887 906
887 910
887 1083
888 898
888 932
888 999
889 913
890 920
890 943
890 949
891 937
892 896
892 1434
892 1483
893 897
893 905
893 1036
893 1100
894 896
894 898
894 908
896 937
898 1035
898 1052
898 1111
899 901
900 911
900 1486
901 904
902 907
902 913
902 1439
902 1476
904 912
904 1488
905 948
905 1100
905 1137
906 1037
906 1083
907 993
907 1506
907 1513
907 1559
908 994
908 1055
908 1081
908 1111
909 918
910 1047
911 952
911 995
912 1441
912 1488
913 1474
913 1476
914 1064
914 1101
915 928
915 929
915 961
915 966
915 968
915 973
915 981
915 983
916 934
916 952
916 955
916 991
916 1556
916 1590
917 981
917 1002
917 1007
917 1119
917 1168
917 1175
918 923
918 938
918 1611
919 991
919 1576
919 1610
920 974
920 993
921 957
921 967
921 985
921 1126
921 1197
922 959
922 966
922 969
922 977
922 991
922 1005
923 938
923 940
923 994
924 929
924 939
924 964
924 985
924 990
924 1008
925 964
925 1008
925 1010
925 1550
925 1560
926 945
926 947
926 962
926 963
926 998
927 936
927 950
927 971
927 972
927 982
927 987
927 992
927 996
927 1006
928 950
928 983
929 934
929 968
929 975
929 985
930 971
930 982
930 1543
930 1567
930 1570
931 933
931 943
931 944
931 974
931 1003
931 1009
931 1157
931 1169
932 944
932 999
932 1047
932 1111
932 1215
933 1156
933 1169
934 975
934 1008
934 1530
935 978
935 1147
935 1193
936 971
936 996
936 1006
937 939
937 940
937 957
937 990
937 999
938 954
938 988
938 1544
938 1606
938 1611
938 1616
939 940
939 954
939 990
940 988
940 997
941 956
941 961
941 989
941 1004
941 1181
941 1193
942 949
942 1202
943 945
943 949
943 974
944 967
944 974
944 999
944 1009
945 960
945 962
945 1007
946 951
946 970
946 976
947 949
947 993
947 1615
948 956
948 961
948 1000
949 962
950 972
950 982
950 987
950 995
950 1006
951 970
951 977
951 1004
951 1005
952 955
952 995
952 1566
952 1573
953 971
953 992
953 998
953 1001
954 1544
955 958
955 1450
955 1533
955 1557
955 1573
955 1590
956 976
956 1000
956 1004
956 1015
957 965
957 997
957 1183
958 970
958 991
958 1000
958 1005
959 988
959 997
959 1610
960 968
960 975
960 984
960 992
960 1007
961 966
961 973
961 983
961 1137
961 1179
962 1001
963 984
963 998
963 1583
963 1607
964 974
964 1008
964 1010
965 994
965 1147
965 1183
965 1196
966 969
966 973
966 1004
966 1005
967 974
967 1003
967 1009
967 1121
968 981
968 985
968 1003
969 973
969 978
969 985
969 997
970 991
970 1005
971 982
971 986
971 998
971 1588
972 1006
973 1126
973 1179
974 990
974 1003
975 984
975 986
975 987
975 995
975 1011
977 978
977 1005
978 1004
978 1005
979 996
979 1200
979 1211
980 996
980 1175
980 1200
981 983
981 987
981 1002
981 1179
982 986
982 995
982 1006
982 1567
983 1210
984 986
984 992
984 1011
984 1607
985 997
986 995
986 1011
986 1588
986 1607
987 992
987 1002
988 1606
989 1004
989 1193
990 999
991 1005
991 1590
992 996
992 1007
993 1010
993 1550
993 1559
995 1011
996 1002
998 1583
1000 1004
1002 1161
1002 1175
1004 1005
1008 1518
1008 1530
1009 1121
1009 1143
1009 1169
1010 1518
1010 1526
1010 1550
1010 1581
1011 1534
1011 1607
1012 1021
1012 1041
1012 1047
1012 1076
1012 1132
1012 1212
1013 1040
1013 1065
1013 1087
1013 1099
1013 1226
1013 1230
1013 1310
1014 1028
1014 1039
1014 1050
1014 1085
1014 1088
1014 1090
1015 1045
1015 1097
1015 1100
1015 1105
1015 1115
1016 1024
1016 1038
1016 1042
1016 1043
1016 1048
1016 1063
1016 1073
1016 1099
1017 1051
1017 1070
1017 1076
1017 1102
1017 1213
1017 1249
1017 1287
1018 1029
1018 1042
1018 1057
1018 1060
1018 1062
1018 1069
1018 1093
1018 1292
1019 1085
1019 1094
1019 1101
1020 1053
1020 1061
1020 1066
1020 1072
1020 1075
1021 1025
1021 1029
1021 1037
1021 1067
1021 1084
1022 1048
1022 1078
1022 1087
1022 1092
1022 1140
1022 1172
1023 1026
1023 1031
1023 1038
1023 1063
1023 1105
1023 1108
1024 1048
1024 1063
1024 1068
1024 1089
1024 1144
1024 1199
1025 1037
1025 1039
1025 1061
1026 1045
1026 1097
1026 1104
1026 1108
1027 1031
1027 1068
1027 1080
1027 1114
1027 1162
1027 1205
1027 1227
1027 1305
1027 1339
1028 1039
1028 1040
1028 1050
1028 1059
1028 1077
1029 1056
1029 1059
1029 1067
1029 1070
1029 1093
1030 1036
1030 1091
1030 1092
1031 1063
1031 1068
1031 1080
1031 1105
1031 1205
1032 1051
1032 1058
1032 1081
1032 1082
1032 1102
1033 1102
1033 1232
1033 1249
1033 1279
1034 1054
1034 1088
1034 1090
1034 1251
1034 1269
1035 1052
1035 1067
1035 1083
1035 1093
1035 1095
1035 1096
1036 1038
1036 1100
1036 1109
1037 1039
1037 1056
1037 1075
1037 1103
1038 1063
1038 1069
1038 1100
1038 1105
1038 1109
1039 1103
1040 1050
1040 1065
1040 1077
1040 1079
1040 1087
1040 1094
1041 1070
1041 1076
1041 1084
1041 1213
1041 1261
1042 1043
1042 1049
1042 1063
1042 1089
1042 1257
1043 1059
1043 1073
1043 1077
1043 1099
1044 1059
1044 1071
1044 1084
1044 1224
1044 1229
1044 1310
1045 1097
1045 1105
1045 1115
1046 1055
1046 1062
1046 1074
1046 1096
1047 1132
1047 1143
1047 1206
1047 1215
1048 1099
1048 1140
1048 1144
1048 1199
1049 1063
1049 1068
1049 1089
1049 1219
1049 1250
1049 1257
1049 1305
1050 1065
1050 1071
1050 1229
1050 1269
1050 1283
1051 1102
1051 1170
1051 1212
1051 1213
1051 1249
1051 1356
1052 1081
1052 1095
1052 1111
1052 1215
1053 1061
1053 1066
1053 1072
1053 1157
1053 1201
1053 1202
1053 1203
1054 1072
1054 1088
1054 1138
1054 1192
1054 1201
1055 1081
1055 1082
1055 1095
1056 1059
1056 1067
1056 1069
1056 1073
1056 1083
1056 1103
1057 1060
1057 1238
1057 1285
1057 1292
1058 1081
1058 1082
1058 1165
1059 1073
1059 1077
1060 1080
1060 1104
1060 1106
1061 1143
1061 1157
1061 1203
1062 1074
1062 1093
1062 1096
1062 1108
1063 1068
1063 1089
1064 1101
1065 1107
1065 1222
1065 1230
1065 1234
1065 1283
1066 1202
1067 1083
1067 1093
1068 1089
1068 1114
1068 1148
1068 1205
1068 1250
1068 1305
1069 1073
1069 1096
1070 1076
1070 1084
1070 1224
1070 1292
1071 1090
1071 1229
1071 1269
1071 1270
1072 1088
1072 1098
1072 1192
1072 1203
1074 1082
1074 1095
1074 1102
1075 1101
1076 1093
1076 1212
1077 1087
1077 1092
1078 1086
1078 1158
1078 1161
1078 1172
1078 1211
1079 1087
1079 1107
1079 1124
1079 1142
1080 1106
1080 1305
1080 1309
1081 1095
1081 1111
1081 1165
1081 1215
1084 1224
1084 1261
1085 1088
1086 1091
1086 1092
1087 1099
1087 1140
1088 1090
1089 1199
1089 1223
1089 1250
1089 1296
1090 1098
1090 1269
1091 1092
1093 1095
1097 1108
1098 1149
1098 1192
1098 1243
1098 1251
1098 1303
1099 1223
1099 1311
1100 1109
1102 1249
1104 1106
1105 1109
1105 1115
1105 1144
1105 1205
1106 1279
1106 1309
1107 1124
1107 1222
1107 1230
1109 1137
1109 1144
1110 1142
1110 1208
1110 1211
1111 1183
1111 1215
1112 1123
1112 1130
1112 1146
1112 1154
1112 1176
1112 1184
1112 1372
1113 1162
1113 1163
1113 1186
1113 1204
1114 1148
1114 1177
1114 1205
1114 1339
1114 1387
1115 1188
1116 1139
1116 1159
1116 1167
1116 1204
1117 1159
1117 1166
1117 1170
1117 1334
1118 1144
1118 1148
1118 1151
1118 1164
1118 1199
1119 1130
1119 1134
1119 1175
1120 1123
1120 1130
1120 1153
1120 1156
1120 1180
1120 1185
1121 1126
1121 1128
1121 1143
1121 1198
1122 1124
1122 1131
1122 1178
1122 1190
1122 1381
1122 1408
1123 1130
1123 1136
1123 1153
1123 1155
1123 1178
1123 1184
1123 1195
1124 1131
1124 1142
1124 1158
1124 1190
1124 1408
1125 1149
1125 1191
1125 1194
1125 1348
1125 1361
1126 1179
1126 1182
1126 1198
1127 1173
1127 1191
1127 1194
1127 1382
1128 1132
1128 1141
1128 1173
1128 1174
1128 1197
1128 1198
1129 1171
1129 1174
1129 1185
1129 1194
1130 1184
1130 1185
1131 1140
1131 1158
1131 1160
1131 1184
1131 1189
1131 1190
1131 1322
1132 1141
1132 1143
1132 1194
1132 1206
1132 1215
1133 1146
1133 1154
1133 1174
1133 1335
1134 1152
1134 1158
1134 1161
1134 1175
1134 1187
1135 1163
1135 1330
1135 1334
1135 1335
1135 1355
1135 1382
1136 1138
1136 1153
1136 1155
1136 1338
1137 1181
1138 1180
1138 1192
1138 1201
1138 1209
1139 1150
1139 1159
1139 1164
1139 1167
1139 1182
1140 1158
1140 1160
1140 1172
1141 1166
1141 1173
1141 1183
1141 1215
1142 1158
1142 1190
1142 1208
1143 1171
1143 1206
1144 1151
1144 1188
1144 1205
1145 1150
1145 1151
1145 1154
1145 1168
1145 1179
1145 1181
1145 1182
1146 1154
1146 1189
1146 1359
1146 1372
1147 1196
1147 1197
1148 1199
1148 1250
1148 1339
1148 1368
1149 1192
1149 1243
1149 1361
1150 1164
1150 1181
1150 1182
1150 1188
1151 1152
1151 1181
1152 1161
1152 1168
1152 1172
1153 1178
1153 1214
1154 1168
1154 1174
1155 1184
1155 1195
1155 1338
1155 1381
1155 1402
1155 1407
1156 1169
1157 1169
1157 1202
1158 1187
1158 1190
1158 1208
1159 1163
1159 1167
1159 1204
1159 1334
1160 1189
1160 1199
1160 1311
1160 1391
1161 1172
1161 1175
1162 1186
1163 1177
1163 1355
1164 1177
1164 1188
1165 1166
1165 1183
1165 1196
1166 1167
1167 1173
1167 1197
1168 1179
1168 1198
1169 1171
1169 1185
1170 1249
1170 1356
1171 1180
1171 1185
1171 1194
1171 1203
1171 1206
1172 1210
1173 1174
1173 1197
1174 1198
1176 1191
1176 1195
1176 1361
1176 1372
1176 1392
1177 1387
1177 1396
1178 1184
1178 1187
1178 1190
1178 1214
1179 1181
1180 1185
1180 1192
1180 1201
1180 1203
1181 1188
1182 1197
1183 1215
1184 1189
1186 1188
1186 1205
1186 1207
1187 1190
1187 1200
1187 1208
1187 1214
1188 1205
1189 1322
1189 1325
1189 1359
1189 1391
1190 1208
1191 1194
1191 1382
1191 1392
1192 1203
1192 1209
1193 1207
1194 1206
1195 1361
1195 1400
1199 1223
1200 1208
1200 1211
1201 1203
1203 1206
1208 1211
1209 1251
1209 1398
1212 1213
1213 1354
1216 1218
1216 1240
1216 1253
1216 1259
1216 1273
1216 1276
1216 1278
1216 1512
1217 1246
1217 1252
1217 1264
1217 1300
1217 1317
1217 1433
1217 1437
1217 1490
1217 1502
1218 1276
1218 1290
1218 1314
1218 1416
1218 1512
1219 1238
1219 1241
1219 1244
1219 1250
1219 1257
1219 1305
1219 1309
1220 1229
1220 1234
1220 1282
1220 1283
1220 1302
1220 1304
1221 1225
1221 1247
1221 1252
1221 1254
1221 1270
1221 1299
1222 1234
1222 1283
1223 1296
1223 1311
1224 1261
1224 1267
1224 1280
1224 1292
1224 1297
1224 1299
1225 1246
1225 1252
1225 1302
1225 1303
1226 1230
1226 1234
1226 1262
1226 1306
1227 1255
1227 1277
1227 1305
1227 1319
1227 1339
1227 1363
1228 1252
1228 1284
1228 1293
1228 1302
1228 1502
1229 1280
1229 1310
1230 1234
1230 1295
1230 1311
1231 1248
1231 1289
1231 1306
1231 1321
1232 1258
1232 1279
1232 1285
1233 1258
1233 1263
1233 1301
1233 1307
1234 1268
1234 1282
1234 1283
1235 1254
1235 1267
1235 1275
1235 1288
1235 1290
1236 1237
1236 1462
1236 1489
1237 1242
1237 1282
1237 1284
1237 1298
1237 1418
1237 1451
1238 1244
1238 1253
1238 1257
1238 1285
1238 1292
1238 1309
1239 1275
1239 1336
1239 1342
1239 1420
1239 1508
1239 1561
1240 1244
1240 1253
1240 1259
1240 1267
1240 1276
1240 1285
1240 1290
1241 1244
1241 1274
1241 1277
1241 1316
1242 1284
1242 1298
1242 1304
1242 1313
1242 1314
1243 1266
1243 1270
1243 1303
1244 1253
1244 1256
1244 1276
1245 1278
1245 1281
1245 1286
1245 1315
1245 1471
1246 1252
1246 1266
1246 1293
1246 1317
1246 1414
1247 1254
1247 1264
1247 1291
1247 1294
1247 1341
1247 1373
1248 1260
1248 1298
1248 1306
1248 1419
1249 1287
1249 1356
1250 1305
1250 1316
1251 1303
1252 1264
1252 1300
1253 1259
1253 1278
1253 1286
1254 1271
1254 1290
1254 1299
1254 1308
1254 1314
1255 1277
1255 1316
1255 1339
1255 1363
1255 1403
1256 1274
1256 1276
1256 1289
1256 1313
1256 1512
1257 1292
1257 1296
1257 1297
1258 1259
1258 1285
1258 1287
1258 1288
1259 1273
1259 1278
1259 1290
1259 1307
1259 1508
1260 1312
1260 1346
1260 1367
1260 1419
1260 1478
1260 1620
1261 1267
1261 1294
1261 1299
1262 1271
1262 1280
1262 1289
1262 1304
1263 1278
1263 1307
1264 1291
1264 1300
1264 1308
1264 1317
1264 1373
1264 1433
1264 1480
1265 1277
1265 1281
1265 1315
1265 1411
1265 1431
1265 1514
1266 1303
1266 1352
1266 1397
1267 1285
1267 1287
1267 1299
1268 1272
1268 1282
1268 1298
1268 1312
1269 1303
1270 1299
1270 1303
1271 1276
1271 1280
1271 1299
1271 1304
1271 1314
1272 1282
1272 1283
1273 1278
1273 1307
1273 1471
1273 1507
1273 1508
1274 1493
1274 1511
1275 1290
1275 1291
1275 1508
1276 1290
1276 1314
1277 1281
1277 1315
1277 1319
1278 1471
1280 1297
1280 1299
1280 1304
1280 1310
1281 1315
1281 1431
1281 1511
1282 1284
1282 1298
1282 1304
1283 1302
1284 1300
1284 1304
1285 1287
1285 1292
1286 1309
1286 1319
1288 1342
1288 1390
1289 1296
1289 1316
1291 1308
1291 1336
1291 1341
1291 1373
1291 1421
1292 1297
1293 1502
1294 1341
1294 1348
1295 1306
1295 1311
1295 1320
1296 1297
1296 1310
1297 1310
1298 1306
1300 1308
1300 1314
1300 1433
1300 1437
1300 1497
1301 1380
1301 1390
1305 1309
1306 1320
1306 1324
1307 1420
1307 1507
1308 1314
1308 1433
1308 1497
1311 1391
1312 1318
1312 1478
1313 1314
1313 1496
1313 1512
1314 1416
1316 1403
1317 1352
1317 1373
1317 1414
1317 1596
1318 1379
1320 1324
1320 1328
1320 1360
1320 1391
1321 1324
1321 1326
1321 1329
1321 1349
1321 1370
1321 1388
1322 1325
1322 1328
1322 1381
1322 1391
1323 1333
1323 1337
1323 1358
1323 1360
1323 1371
1323 1385
1323 1404
1323 1412
1323 1413
1324 1329
1324 1391
1325 1328
1325 1337
1325 1359
1325 1391
1325 1404
1326 1345
1326 1349
1326 1384
1326 1388
1326 1403
1326 1514
1326 1618
1327 1329
1327 1332
1327 1337
1327 1358
1327 1359
1327 1368
1327 1388
1327 1396
1328 1381
1328 1391
1328 1408
1329 1368
1329 1388
1329 1403
1330 1334
1330 1340
1330 1355
1330 1369
1330 1386
1330 1395
1331 1332
1331 1355
1331 1364
1331 1369
1331 1377
1331 1386
1331 1389
1331 1399
1331 1406
1332 1388
1332 1389
1332 1399
1333 1385
1333 1551
1334 1356
1335 1355
1335 1359
1336 1341
1336 1383
1336 1421
1336 1487
1336 1565
1337 1358
1337 1360
1337 1371
1337 1404
1337 1412
1338 1400
1338 1407
1339 1363
1339 1368
1339 1387
1340 1369
1340 1386
1340 1394
1341 1373
1341 1383
1342 1362
1342 1365
1342 1390
1343 1353
1343 1377
1344 1350
1344 1376
1344 1379
1344 1409
1345 1349
1345 1370
1345 1388
1345 1399
1345 1584
1345 1594
1345 1619
1346 1360
1346 1367
1346 1370
1346 1379
1346 1409
1346 1413
1347 1362
1347 1386
1347 1401
1347 1405
1348 1361
1348 1392
1349 1370
1349 1419
1349 1427
1349 1584
1349 1619
1350 1367
1350 1376
1350 1379
1350 1409
1351 1357
1351 1398
1351 1400
1352 1357
1352 1373
1352 1375
1352 1397
1352 1414
1353 1363
1353 1369
1353 1387
1353 1406
1354 1356
1354 1382
1355 1369
1355 1396
1356 1380
1356 1382
1357 1375
1357 1385
1357 1414
1358 1372
1358 1392
1358 1404
1358 1412
1360 1370
1360 1371
1360 1404
1360 1409
1360 1413
1361 1392
1361 1397
1362 1364
1362 1365
1362 1374
1362 1405
1362 1565
1362 1575
1363 1387
1364 1365
1364 1374
1364 1386
1364 1389
1364 1401
1364 1523
1365 1374
1365 1383
1365 1389
1365 1565
1366 1375
1366 1385
1366 1412
1366 1522
1366 1524
1366 1551
1367 1379
1367 1409
1367 1564
1367 1620
1368 1396
1368 1403
1368 1406
1369 1386
1369 1387
1369 1396
1369 1406
1370 1371
1370 1388
1370 1419
1370 1545
1371 1388
1371 1412
1371 1413
1371 1612
1372 1392
1372 1402
1373 1375
1373 1480
1373 1558
1373 1596
1374 1386
1374 1394
1374 1395
1375 1378
1375 1385
1375 1558
1376 1381
1376 1407
1376 1409
1377 1384
1377 1399
1377 1406
1377 1538
1378 1383
1378 1393
1378 1412
1379 1409
1380 1394
1381 1402
1381 1404
1381 1407
1382 1395
1382 1410
1384 1399
1384 1403
1384 1406
1384 1618
1386 1401
1387 1396
1387 1406
1389 1393
1390 1394
1392 1410
1393 1412
1393 1517
1393 1523
1393 1578
1394 1395
1394 1405
1395 1410
1396 1406
1397 1398
1397 1400
1398 1400
1399 1546
1399 1594
1399 1618
1401 1549
1401 1572
1402 1404
1402 1407
1409 1413
1412 1612
1413 1545
1413 1612
1414 1617
1415 1447
1415 1470
1415 1500
1416 1453
1416 1492
1416 1496
1416 1497
1416 1512
1417 1421
1417 1436
1417 1457
1417 1458
1417 1459
1417 1460
1417 1487
1417 1497
1417 1501
1417 1609
1418 1444
1418 1451
1418 1452
1418 1462
1418 1489
1418 1500
1419 1427
1419 1584
1419 1620
1420 1508
1420 1561
1420 1580
1421 1480
1421 1487
1421 1609
1422 1463
1422 1475
1422 1482
1422 1521
1422 1557
1423 1435
1423 1441
1423 1444
1423 1452
1423 1455
1423 1456
1423 1473
1424 1430
1424 1434
1424 1436
1424 1438
1424 1477
1424 1484
1424 1499
1424 1505
1425 1473
1425 1475
1425 1482
1425 1503
1426 1430
1426 1505
1427 1473
1427 1493
1427 1495
1427 1619
1428 1442
1428 1465
1428 1468
1428 1472
1428 1481
1429 1430
1429 1442
1429 1454
1429 1505
1430 1442
1430 1484
1430 1499
1430 1505
1431 1463
1431 1511
1432 1434
1432 1438
1432 1440
1432 1446
1432 1483
1432 1525
1432 1544
1433 1437
1433 1457
1433 1458
1433 1479
1433 1480
1433 1490
1433 1497
1434 1454
1434 1483
1434 1505
1435 1441
1435 1445
1435 1448
1435 1456
1435 1464
1435 1473
1435 1485
1435 1495
1436 1438
1436 1453
1436 1459
1436 1460
1436 1484
1436 1492
1437 1444
1437 1466
1437 1479
1437 1489
1437 1502
1438 1460
1438 1477
1439 1469
1439 1476
1440 1446
1440 1483
1441 1448
1441 1455
1441 1485
1441 1491
1441 1516
1442 1454
1442 1465
1442 1472
1442 1484
1442 1503
1443 1449
1443 1458
1443 1466
1443 1476
1443 1479
1443 1501
1443 1515
1444 1449
1444 1452
1444 1455
1444 1466
1445 1448
1445 1482
1445 1485
1445 1495
1445 1520
1445 1557
1445 1566
1445 1573
1446 1477
1446 1525
1446 1529
1447 1456
1447 1470
1447 1478
1447 1491
1448 1464
1448 1485
1448 1491
1448 1566
1448 1599
1449 1455
1449 1466
1449 1474
1449 1515
1450 1481
1450 1533
1450 1557
1451 1452
1451 1456
1451 1478
1452 1456
1452 1473
1452 1496
1453 1484
1453 1492
1453 1499
1453 1503
1453 1504
1454 1484
1454 1505
1455 1456
1456 1464
1457 1479
1457 1480
1457 1501
1457 1604
1457 1609
1457 1613
1458 1459
1458 1492
1458 1497
1458 1498
1458 1501
1458 1515
1459 1461
1459 1492
1459 1498
1459 1501
1459 1515
1460 1477
1460 1487
1460 1499
1460 1508
1461 1467
1461 1501
1461 1513
1461 1581
1462 1478
1462 1500
1463 1468
1463 1514
1464 1495
1464 1519
1465 1503
1465 1504
1466 1474
1466 1476
1466 1489
1466 1509
1468 1481
1468 1554
1468 1614
1469 1476
1469 1479
1469 1506
1469 1541
1469 1593
1469 1613
1470 1478
1470 1562
1470 1570
1471 1504
1471 1507
1472 1481
1472 1482
1472 1486
1473 1475
1473 1493
1473 1495
1473 1496
1474 1476
1474 1509
1475 1482
1475 1493
1475 1503
1476 1509
1477 1487
1477 1525
1477 1561
1478 1620
1479 1490
1479 1613
1480 1596
1480 1608
1480 1613
1481 1554
1481 1614
1482 1495
1482 1521
1482 1557
1484 1494
1484 1503
1485 1488
1486 1488
1486 1494
1487 1561
1487 1587
1487 1609
1488 1494
1489 1502
1490 1502
1490 1541
1490 1596
1490 1613
1491 1516
1491 1570
1491 1599
1492 1497
1492 1498
1493 1511
1493 1512
1493 1514
1494 1498
1495 1520
1495 1521
1495 1619
1496 1512
1498 1515
1499 1504
1499 1507
1499 1508
1501 1506
1501 1513
1501 1515
1501 1581
1503 1504
1504 1511
1504 1512
1506 1513
1506 1559
1506 1581
1511 1512
1513 1515
1513 1581
1514 1521
1514 1618
1514 1619
1517 1523
1517 1524
1517 1592
1517 1605
1517 1612
1518 1526
1518 1553
1518 1563
1518 1602
1519 1540
1519 1545
1519 1555
1519 1562
1519 1620
1520 1521
1520 1540
1520 1542
1520 1556
1520 1557
1520 1566
1520 1573
1520 1619
1521 1527
1521 1542
1521 1557
1521 1619
1522 1524
1522 1551
1522 1577
1522 1608
1523 1578
1523 1589
1524 1548
1524 1551
1524 1582
1524 1600
1524 1612
1525 1528
1525 1529
1525 1544
1525 1579
1525 1591
1526 1553
1526 1563
1526 1569
1526 1581
1527 1542
1527 1546
1527 1554
1527 1557
1527 1597
1528 1561
1528 1575
1528 1587
1528 1591
1529 1532
1529 1579
1529 1580
1530 1552
1530 1560
1531 1535
1531 1539
1531 1548
1531 1551
1532 1575
1532 1579
1532 1580
1533 1554
1533 1557
1533 1576
1533 1590
1533 1614
1534 1540
1534 1552
1534 1566
1534 1586
1534 1607
1535 1577
1536 1543
1536 1555
1536 1562
1536 1574
1536 1588
1536 1601
1537 1571
1537 1572
1537 1589
1537 1591
1537 1598
1537 1603
1538 1546
1538 1549
1538 1618
1539 1547
1539 1574
1540 1555
1540 1566
1540 1586
1540 1599
1541 1593
1541 1613
1541 1617
1542 1546
1542 1594
1542 1597
1542 1605
1543 1567
1543 1570
1543 1588
1543 1601
1544 1563
1544 1591
1545 1584
1545 1600
1545 1612
1546 1549
1546 1594
1546 1618
1547 1574
1547 1577
1547 1582
1547 1595
1548 1551
1548 1564
1548 1574
1548 1582
1548 1600
1548 1612
1549 1572
1549 1598
1550 1559
1550 1595
1552 1556
1552 1586
1552 1592
1552 1605
1553 1563
1554 1614
1555 1574
1555 1600
1556 1557
1556 1573
1556 1590
1556 1597
1557 1573
1558 1578
1558 1608
1559 1593
1560 1569
1560 1582
1560 1607
1561 1565
1561 1575
1561 1580
1562 1564
1563 1568
1563 1587
1563 1602
1565 1575
1565 1578
1566 1573
1566 1599
1567 1570
1567 1588
1567 1599
1568 1578
1568 1587
1568 1592
1568 1602
1569 1582
1569 1595
1569 1604
1571 1591
1571 1602
1571 1603
1571 1610
1572 1575
1574 1582
1574 1600
1576 1585
1576 1590
1577 1593
1577 1595
1577 1608
1578 1587
1579 1591
1579 1603
1579 1616
1582 1586
1582 1592
1582 1600
1583 1601
1584 1594
1584 1619
1585 1598
1586 1592
1586 1600
1586 1605
1587 1609
1588 1601
1588 1607
1589 1592
1589 1605
1590 1597
1591 1603
1591 1616
1592 1605
1593 1595
1594 1605
1596 1608
1596 1613
1596 1617
1597 1598
1600 1605
1600 1612
1603 1606
1603 1616
1604 1608
1604 1609
1604 1613
1606 1610
1606 1616
1608 1613
1611 1616
