0.47584000 0.01577000 0.43820000
0.12934000 0.20013000 0.13302000
0.18998000 0.19823000 0.28249000
0.32548000 0.16895000 0.27106000
0.26716000 0.12630000 0.47515000
0.28674000 0.22990000 0.46700000
0.28933000 0.23034000 0.38446000
0.43718000 0.20729000 0.05423000
0.12658000 0.15561000 0.38432000
0.12986000 0.24686000 0.48028000
0.21607000 0.22664000 0.43656000
0.00653000 0.07419000 0.48051000
0.34084000 0.02473000 0.49713000
0.03094000 0.02884000 0.36731000
0.35045000 0.17292000 0.40392000
0.01296000 0.20869000 0.46547000
0.43808000 0.24336000 0.33675000
0.39782000 0.07490000 0.35398000
0.02802000 0.09431000 0.10038000
0.15610000 0.04933000 0.41876000
0.00721000 0.23677000 0.03629000
0.22079000 0.02182000 0.48314000
0.41316000 0.19627000 0.22696000
0.37552000 0.22095000 0.45953000
0.47546000 0.14714000 0.37151000
0.26343000 0.13192000 0.32314000
0.31236000 0.01076000 0.19195000
0.05358000 0.04520000 0.17448000
0.27808000 0.23600000 0.29676000
0.20332000 0.12647000 0.37784000
0.25361000 0.17553000 0.26366000
0.25815000 0.04105000 0.30786000
0.22239000 0.05787000 0.22235000
0.12901000 0.23112000 0.05812000
0.49483000 0.24707000 0.18806000
0.06392000 0.10817000 0.29396000
0.31140000 0.14463000 0.15354000
0.16132000 0.12057000 0.45547000
0.07919000 0.06583000 0.49687000
0.17617000 0.04750000 0.33184000
0.17868000 0.05819000 0.04799000
0.31460000 0.02193000 0.40779000
0.05511000 0.24420000 0.25495000
0.41512000 0.07032000 0.43626000
0.37952000 0.03488000 0.05505000
0.03096000 0.18944000 0.37350000
0.27192000 0.08972000 0.39543000
0.11749000 0.21698000 0.22292000
0.36234000 0.10066000 0.48768000
0.04938000 0.17027000 0.12511000
0.46146000 0.15288000 0.15448000
0.14686000 0.07546000 0.15240000
0.21004000 0.18122000 0.13290000
0.34902000 0.20925000 0.33380000
0.37353000 0.11383000 0.12007000
0.11327000 0.06886000 0.35661000
0.23277000 0.02967000 0.40799000
0.39763000 0.08742000 0.20177000
0.23136000 0.01174000 0.16621000
0.15907000 0.21928000 0.39657000
0.23107000 0.09720000 0.12837000
0.42098000 0.09835000 0.03900000
0.11294000 0.05280000 0.27546000
0.29438000 0.22186000 0.17156000
0.04190000 0.14391000 0.45647000
0.08520000 0.17244000 0.29856000
0.24216000 0.21345000 0.06042000
0.35493000 0.11236000 0.39349000
0.34880000 0.19070000 0.20055000
0.22907000 0.13674000 0.19500000
0.17375000 0.10931000 0.26387000
0.32604000 0.07940000 0.18125000
0.01112000 0.10383000 0.18916000
0.41781000 0.16477000 0.42677000
0.40236000 0.20829000 0.12638000
0.10514000 0.13389000 0.18128000
0.10418000 0.11827000 0.08757000
0.17612000 0.13660000 0.07823000
0.28960000 0.17536000 0.08249000
0.46401000 0.04649000 0.01151000
0.10949000 0.16455000 0.48459000
0.23121000 0.23212000 0.20860000
0.34275000 0.10249000 0.26546000
0.34346000 0.02464000 0.27784000
0.09582000 0.05798000 0.10472000
0.44625000 0.17461000 0.29254000
0.46970000 0.09751000 0.12178000
0.47145000 0.01464000 0.28529000
0.34071000 0.00080000 0.10876000
0.46790000 0.21356000 0.39613000
0.30588000 0.07243000 0.04610000
0.44678000 0.03067000 0.09502000
0.35986000 0.18928000 0.05772000
0.04387000 0.03724000 0.27183000
0.02352000 0.11082000 0.38794000
0.10212000 0.24255000 0.32234000
0.31987000 0.01109000 0.01447000
0.24485000 0.03083000 0.09726000
0.07171000 0.24489000 0.10281000
0.04550000 0.01760000 0.44406000
0.21577000 0.17289000 0.49810000
0.46934000 0.07396000 0.37888000
0.03718000 0.04192000 0.03073000
0.38847000 0.00442000 0.42338000
0.08817000 0.23861000 0.40187000
0.14789000 0.00752000 0.23381000
0.01084000 0.11807000 0.01878000
0.49391000 0.18148000 0.08418000
0.49941000 0.09395000 0.27575000
0.49770000 0.00207000 0.21584000
0.35944000 0.24998000 0.08506000
0.25797000 0.24546000 0.96555000
0.27709000 0.05472000 0.92075000
0.19690000 0.10964000 0.57741000
0.04338000 0.12509000 0.80954000
0.14178000 0.02458000 0.63455000
0.41558000 0.04124000 0.55493000
0.46078000 0.01172000 0.83941000
0.16201000 0.22769000 0.87074000
0.13826000 0.09068000 0.54190000
0.00971000 0.19342000 0.96357000
0.02419000 0.02921000 0.79508000
0.03006000 0.04395000 0.90307000
0.07831000 0.23041000 0.67476000
0.29786000 0.00634000 0.75226000
0.48348000 0.03450000 0.72261000
0.37488000 0.04348000 0.67803000
0.06500000 0.22531000 0.52228000
0.11425000 0.17360000 0.88950000
0.18065000 0.20196000 0.94854000
0.22458000 0.11747000 0.70278000
0.20075000 0.04693000 0.83600000
0.12444000 0.11853000 0.66260000
0.00844000 0.22003000 0.70460000
0.26802000 0.03969000 0.83083000
0.34117000 0.23403000 0.78253000
0.35586000 0.10692000 0.79773000
0.36775000 0.17627000 0.78740000
0.05183000 0.24274000 0.80548000
0.11648000 0.12458000 0.74265000
0.13634000 0.03242000 0.82413000
0.36955000 0.02223000 0.81333000
0.30272000 0.11388000 0.86830000
0.28242000 0.16777000 0.73850000
0.04233000 0.15748000 0.88941000
0.26750000 0.12316000 0.57772000
0.43644000 0.01450000 0.62868000
0.40773000 0.19285000 0.85716000
0.20684000 0.08387000 0.93152000
0.21770000 0.17665000 0.61969000
0.12966000 0.03732000 0.94272000
0.24721000 0.16241000 0.89653000
0.13673000 0.22835000 0.60455000
0.07818000 0.06982000 0.63878000
0.43090000 0.23216000 0.72453000
0.34805000 0.06797000 0.57104000
0.46766000 0.13712000 0.72286000
0.02239000 0.05144000 0.56684000
0.24028000 0.00562000 0.94444000
0.33936000 0.17840000 0.89688000
0.44913000 0.18225000 0.78140000
0.21648000 0.11561000 0.80500000
0.47570000 0.16576000 0.64553000
0.07528000 0.09565000 0.88058000
0.10368000 0.18063000 0.98673000
0.46576000 0.09269000 0.59880000
0.33932000 0.18530000 0.54687000
0.24129000 0.24604000 0.59537000
0.14051000 0.09835000 0.82479000
0.34926000 0.23814000 0.64656000
0.44117000 0.14592000 0.54762000
0.24646000 0.21889000 0.67736000
0.30810000 0.18383000 0.66153000
0.24282000 0.18068000 0.98486000
0.43373000 0.16470000 0.97973000
0.02793000 0.02132000 0.67049000
0.42177000 0.07733000 0.80776000
0.30344000 0.15120000 0.98527000
0.17446000 0.17743000 0.77983000
0.37651000 0.14357000 0.68963000
0.16429000 0.18169000 0.67365000
0.37231000 0.13803000 0.59390000
0.41221000 0.09756000 0.72055000
0.21136000 0.02701000 0.62665000
0.08521000 0.05730000 0.77334000
0.10326000 0.20601000 0.76261000
0.08993000 0.13577000 0.59895000
0.06910000 0.20150000 0.59798000
0.04033000 0.11489000 0.69278000
0.43626000 0.11961000 0.87277000
0.15944000 0.07612000 0.72600000
0.28760000 0.06371000 0.52556000
0.32303000 0.01189000 0.63098000
0.44958000 0.21472000 0.60106000
0.35628000 0.24283000 0.90614000
0.30847000 0.11223000 0.63729000
0.25525000 0.20725000 0.81399000
0.31107000 0.05677000 0.70158000
0.25813000 0.07149000 0.64571000
0.35156000 0.09891000 0.94492000
0.07370000 0.08323000 0.98153000
0.16468000 0.17682000 0.56546000
0.19755000 0.02103000 0.75136000
0.14329000 0.02581000 0.51747000
0.47842000 0.18931000 0.87188000
0.44351000 0.21633000 0.51590000
0.09348000 0.03287000 0.57213000
0.24865000 0.00898000 0.55286000
0.02335000 0.12194000 0.54068000
0.24620000 0.10896000 0.99606000
0.11444000 0.43218000 0.02844000
0.04772000 0.38792000 0.24323000
0.36019000 0.49386000 0.04867000
0.22356000 0.36671000 0.22798000
0.30931000 0.41682000 0.09220000
0.16626000 0.48902000 0.41713000
0.26050000 0.33009000 0.14900000
0.27670000 0.41706000 0.39964000
0.25036000 0.28814000 0.23834000
0.25778000 0.40723000 0.14816000
0.01386000 0.42521000 0.04048000
0.46520000 0.30543000 0.31306000
0.27469000 0.38675000 0.30297000
0.21516000 0.28352000 0.48177000
0.25723000 0.32586000 0.43396000
0.41379000 0.31803000 0.24631000
0.01447000 0.31811000 0.42929000
0.39568000 0.37906000 0.29666000
0.16706000 0.44873000 0.11119000
0.33013000 0.47714000 0.47028000
0.31591000 0.28786000 0.25910000
0.41661000 0.45402000 0.31027000
0.45130000 0.40944000 0.46857000
0.02866000 0.44504000 0.19644000
0.36805000 0.43140000 0.25876000
0.46147000 0.28242000 0.12282000
0.33557000 0.47170000 0.31419000
0.16290000 0.26666000 0.22564000
0.40185000 0.31769000 0.02226000
0.40644000 0.45209000 0.11639000
0.40194000 0.32161000 0.44221000
0.24397000 0.38517000 0.48973000
0.14043000 0.32303000 0.36343000
0.30359000 0.26390000 0.04011000
0.13691000 0.35471000 0.06193000
0.21049000 0.42616000 0.03445000
0.25797000 0.47343000 0.15243000
0.49171000 0.41771000 0.03064000
0.06451000 0.45875000 0.27438000
0.16514000 0.47911000 0.02349000
0.33864000 0.34745000 0.33498000
0.17144000 0.29689000 0.15279000
0.36558000 0.42716000 0.38035000
0.19532000 0.42760000 0.46402000
0.15958000 0.39214000 0.18337000
0.46387000 0.26523000 0.45108000
0.13942000 0.49650000 0.34269000
0.25521000 0.38156000 0.05911000
0.48436000 0.43192000 0.29410000
0.08286000 0.30560000 0.07746000
0.34784000 0.27612000 0.38919000
0.44803000 0.36354000 0.03155000
0.22414000 0.26052000 0.12829000
0.22641000 0.43654000 0.31581000
0.04788000 0.49107000 0.42960000
0.09645000 0.29798000 0.19229000
0.06963000 0.46005000 0.09069000
0.33277000 0.37503000 0.40558000
0.35720000 0.38320000 0.19811000
0.32735000 0.33929000 0.48483000
0.01374000 0.43435000 0.31798000
0.10594000 0.35774000 0.22350000
0.05622000 0.36561000 0.46857000
0.48570000 0.49557000 0.03851000
0.16020000 0.32430000 0.45055000
0.02046000 0.32278000 0.10992000
0.07391000 0.34540000 0.32579000
0.42898000 0.36082000 0.11338000
0.02687000 0.28270000 0.37148000
0.19427000 0.38949000 0.09721000
0.13506000 0.31410000 0.27296000
0.38579000 0.27301000 0.15188000
0.34845000 0.48685000 0.15197000
0.43731000 0.36948000 0.19850000
0.23615000 0.30541000 0.06103000
0.21082000 0.28742000 0.33316000
0.09451000 0.40504000 0.31838000
0.04967000 0.31484000 0.24466000
0.10265000 0.42936000 0.19970000
0.14312000 0.42946000 0.26976000
0.10795000 0.37853000 0.12957000
0.18172000 0.37672000 0.38169000
0.18887000 0.25594000 0.02141000
0.07521000 0.37234000 0.01267000
0.47645000 0.36647000 0.26636000
0.07960000 0.49146000 0.17955000
0.43058000 0.35385000 0.36790000
0.18461000 0.36806000 0.30098000
0.25216000 0.48519000 0.01923000
0.38948000 0.25662000 0.28009000
0.13700000 0.42574000 0.38233000
0.28909000 0.30443000 0.35914000
0.30620000 0.33135000 0.08297000
0.45848000 0.43570000 0.37739000
0.04356000 0.38315000 0.37228000
0.31922000 0.45890000 0.21018000
0.35468000 0.37132000 0.63390000
0.26135000 0.29775000 0.74432000
0.25817000 0.42021000 0.69851000
0.05440000 0.46054000 0.58821000
0.37578000 0.35596000 0.55580000
0.21573000 0.32465000 0.97955000
0.42418000 0.39447000 0.65492000
0.49464000 0.37798000 0.61233000
0.49667000 0.28572000 0.53743000
0.31497000 0.33580000 0.75886000
0.00928000 0.34745000 0.63463000
0.48071000 0.34180000 0.71520000
0.27407000 0.32203000 0.54502000
0.42230000 0.49970000 0.55025000
0.01328000 0.44106000 0.82173000
0.13943000 0.47958000 0.67056000
0.40531000 0.44815000 0.60043000
0.00620000 0.27098000 0.58812000
0.30893000 0.44201000 0.95545000
0.41036000 0.37268000 0.94768000
0.01914000 0.31208000 0.51160000
0.35798000 0.33662000 0.89128000
0.47223000 0.48836000 0.61743000
0.01125000 0.28480000 0.67865000
0.38815000 0.42167000 0.52022000
0.21326000 0.44317000 0.81671000
0.23567000 0.26060000 0.86790000
0.43558000 0.32022000 0.87717000
0.21504000 0.31779000 0.83261000
0.46861000 0.40549000 0.88149000
0.29158000 0.49456000 0.59105000
0.01095000 0.46905000 0.93672000
0.32148000 0.38730000 0.72136000
0.29464000 0.42983000 0.82043000
0.16414000 0.29741000 0.90248000
0.09538000 0.37636000 0.55924000
0.12184000 0.36904000 0.80056000
0.04702000 0.45978000 0.50405000
0.41750000 0.48022000 0.79204000
0.32866000 0.32729000 0.98448000
0.05152000 0.30651000 0.97269000
0.32028000 0.28521000 0.59534000
0.05404000 0.30849000 0.84973000
0.06599000 0.31000000 0.59937000
0.21850000 0.42195000 0.63645000
0.43388000 0.29155000 0.61236000
0.46740000 0.32450000 0.95730000
0.37921000 0.33817000 0.81843000
0.26004000 0.49305000 0.80130000
0.06149000 0.41477000 0.90381000
0.03164000 0.30179000 0.76606000
0.34939000 0.49201000 0.66339000
0.28073000 0.35158000 0.87346000
0.10390000 0.28811000 0.78407000
0.29881000 0.42935000 0.52018000
0.16044000 0.25876000 0.67568000
0.17488000 0.32315000 0.62926000
0.16971000 0.37239000 0.73336000
0.14786000 0.40671000 0.53738000
0.03462000 0.41093000 0.64440000
0.30009000 0.47230000 0.73377000
0.29684000 0.38534000 0.58292000
0.39658000 0.31039000 0.73021000
0.40554000 0.25966000 0.97103000
0.19410000 0.49783000 0.76423000
0.20128000 0.48401000 0.93667000
0.31404000 0.25457000 0.71268000
0.24129000 0.47515000 0.50878000
0.12405000 0.45731000 0.83639000
0.11505000 0.32588000 0.67266000
0.33557000 0.44430000 0.60695000
0.17780000 0.28396000 0.76087000
0.37372000 0.41073000 0.80410000
0.19886000 0.44879000 0.55924000
0.32804000 0.29397000 0.83542000
0.38155000 0.27033000 0.56242000
0.28784000 0.37783000 0.96790000
0.25993000 0.47958000 0.88493000
0.15677000 0.39501000 0.96194000
0.11895000 0.25028000 0.96797000
0.12211000 0.33444000 0.95539000
0.28579000 0.33837000 0.63524000
0.32711000 0.49474000 0.84600000
0.08457000 0.43660000 0.76989000
0.41137000 0.46981000 0.70896000
0.48286000 0.49409000 0.84606000
0.45797000 0.26317000 0.85582000
0.05040000 0.37777000 0.72208000
0.43308000 0.37971000 0.75884000
0.17400000 0.30527000 0.54029000
0.21686000 0.39496000 0.89551000
0.10864000 0.28413000 0.55530000
0.07719000 0.47945000 0.93816000
0.10990000 0.41741000 0.67534000
0.40499000 0.26665000 0.80987000
0.47822000 0.25836000 0.98699000
0.44030000 0.38080000 0.55274000
0.48725000 0.27962000 0.76685000
0.40539000 0.49484000 0.97357000
0.48827000 0.46677000 0.69444000
0.07484000 0.49862000 0.82933000
0.05620000 0.25154000 0.91434000
0.41826000 0.42386000 0.99333000
0.15464000 0.62715000 0.21521000
0.17666000 0.72137000 0.17018000
0.48522000 0.59722000 0.23512000
0.05053000 0.73642000 0.27258000
0.23547000 0.61778000 0.30477000
0.16726000 0.51924000 0.08255000
0.27201000 0.50345000 0.24704000
0.11865000 0.52476000 0.01349000
0.14960000 0.52489000 0.18756000
0.38775000 0.70901000 0.23016000
0.43253000 0.62467000 0.48382000
0.28483000 0.69453000 0.12297000
0.02220000 0.51961000 0.28844000
0.01133000 0.58257000 0.05384000
0.23008000 0.71846000 0.07524000
0.31945000 0.67715000 0.25411000
0.29172000 0.59832000 0.37573000
0.39767000 0.57617000 0.07919000
0.16923000 0.54859000 0.46022000
0.31397000 0.61125000 0.21312000
0.45029000 0.73628000 0.45631000
0.42306000 0.74253000 0.02158000
0.33430000 0.53419000 0.22063000
0.45473000 0.63800000 0.10722000
0.12820000 0.62285000 0.06820000
0.05067000 0.56197000 0.18041000
0.14309000 0.59290000 0.14644000
0.44790000 0.71819000 0.28221000
0.19116000 0.65560000 0.10546000
0.08294000 0.57658000 0.38295000
0.29913000 0.54193000 0.45669000
0.30207000 0.55541000 0.31122000
0.47250000 0.56495000 0.02444000
0.07893000 0.59775000 0.29808000
0.41884000 0.51977000 0.11124000
0.33341000 0.59263000 0.10271000
0.42712000 0.58184000 0.20164000
0.10073000 0.68762000 0.45257000
0.48717000 0.67202000 0.01754000
0.09016000 0.70919000 0.35678000
0.48554000 0.58200000 0.39110000
0.26637000 0.66874000 0.36396000
0.39394000 0.62945000 0.14708000
0.22135000 0.55109000 0.05698000
0.15613000 0.64504000 0.44941000
0.29406000 0.72936000 0.21029000
0.26318000 0.73032000 0.38840000
0.30572000 0.52993000 0.11182000
0.40752000 0.68263000 0.08956000
0.38347000 0.56072000 0.40015000
0.48671000 0.51821000 0.44078000
0.28002000 0.62539000 0.13693000
0.12763000 0.55137000 0.27920000
0.37613000 0.54147000 0.27978000
0.31748000 0.52340000 0.38512000
0.40416000 0.50031000 0.42904000
0.03851000 0.62595000 0.43230000
0.45521000 0.57626000 0.30990000
0.14849000 0.69630000 0.24192000
0.42642000 0.51169000 0.23148000
0.32944000 0.71054000 0.33631000
0.07400000 0.60658000 0.11754000
0.39369000 0.60457000 0.30675000
0.15906000 0.58971000 0.38518000
0.19944000 0.67334000 0.32427000
0.20132000 0.69867000 0.43678000
0.02818000 0.54321000 0.36000000
0.34616000 0.61835000 0.44206000
0.24867000 0.61611000 0.06822000
0.40979000 0.72489000 0.34362000
0.08866000 0.61098000 0.21949000
0.28672000 0.73310000 0.46700000
0.11297000 0.71908000 0.11609000
0.03747000 0.67981000 0.49835000
0.37166000 0.60385000 0.01314000
0.41756000 0.54588000 0.48037000
0.22839000 0.59566000 0.43094000
0.01165000 0.71076000 0.13745000
0.32726000 0.67975000 0.03324000
0.43784000 0.65925000 0.22004000
0.04920000 0.51817000 0.04514000
0.36136000 0.70887000 0.15343000
0.08194000 0.54202000 0.11915000
0.01993000 0.63791000 0.27840000
0.30318000 0.56520000 0.01719000
0.32701000 0.68671000 0.43066000
0.24242000 0.72364000 0.30537000
0.18460000 0.54677000 0.33156000
0.00656000 0.61924000 0.35213000
0.24372000 0.50006000 0.38641000
0.06651000 0.58279000 0.48739000
0.03822000 0.67863000 0.21922000
0.24750000 0.56560000 0.18403000
0.16420000 0.73590000 0.37125000
0.42395000 0.67218000 0.39771000
0.13969000 0.73755000 0.46796000
0.43897000 0.73822000 0.16831000
0.48516000 0.73143000 0.35747000
0.19843000 0.57407000 0.25338000
0.35071000 0.74130000 0.08116000
0.04795000 0.70621000 0.06273000
0.41841000 0.51821000 0.34867000
0.00368000 0.57570000 0.48588000
0.25961000 0.70984000 0.00009000
0.01594000 0.74189000 0.59871000
0.21325000 0.59164000 0.93588000
0.07551000 0.67910000 0.79712000
0.46755000 0.67794000 0.89625000
0.28943000 0.62609000 0.80647000
0.37065000 0.61451000 0.56883000
0.27276000 0.63176000 0.98339000
0.37935000 0.67800000 0.51131000
0.05163000 0.57360000 0.94221000
0.15363000 0.56065000 0.96134000
0.35723000 0.71310000 0.91037000
0.39233000 0.62237000 0.69663000
0.26478000 0.55519000 0.76490000
0.41594000 0.67717000 0.57900000
0.49893000 0.52450000 0.75835000
0.24808000 0.52925000 0.64272000
0.21969000 0.62998000 0.70497000
0.38538000 0.71851000 0.72466000
0.22810000 0.68481000 0.51229000
0.31970000 0.58912000 0.86136000
0.42907000 0.54310000 0.61620000
0.07840000 0.60454000 0.78748000
0.10417000 0.73422000 0.98449000
0.01091000 0.51477000 0.63337000
0.15276000 0.68972000 0.55802000
0.27244000 0.69488000 0.91783000
0.12003000 0.62375000 0.64838000
0.26012000 0.69444000 0.58891000
0.13592000 0.69865000 0.83254000
0.04611000 0.50133000 0.75803000
0.26731000 0.59544000 0.56187000
0.07876000 0.51494000 0.68702000
0.32594000 0.73115000 0.57041000
0.06187000 0.60630000 0.87269000
0.44644000 0.73964000 0.83933000
0.08333000 0.55071000 0.62422000
0.45971000 0.68013000 0.51903000
0.35438000 0.57136000 0.65251000
0.42311000 0.69749000 0.94448000
0.20253000 0.65606000 0.91649000
0.45605000 0.60536000 0.60952000
0.39757000 0.57917000 0.78261000
0.06359000 0.60727000 0.60450000
0.09909000 0.69199000 0.62887000
0.43700000 0.70026000 0.76971000
0.33502000 0.72186000 0.65139000
0.06393000 0.73479000 0.91841000
0.31811000 0.64706000 0.51605000
0.15163000 0.67345000 0.69749000
0.49760000 0.74317000 0.78036000
0.42746000 0.52958000 0.86742000
0.05576000 0.67480000 0.94537000
0.17131000 0.61529000 0.59799000
0.44685000 0.71525000 0.64750000
0.15776000 0.56982000 0.70774000
0.48186000 0.55857000 0.69125000
0.13956000 0.61362000 0.89107000
0.28673000 0.67381000 0.65458000
0.21101000 0.53262000 0.87409000
0.32069000 0.58081000 0.73374000
0.19061000 0.57691000 0.80236000
0.31396000 0.68850000 0.83388000
0.11700000 0.53804000 0.76929000
0.29694000 0.53579000 0.92739000
0.02702000 0.70159000 0.66706000
0.07928000 0.57573000 0.70791000
0.20815000 0.52233000 0.53266000
0.16236000 0.55639000 0.62676000
0.33355000 0.65870000 0.74164000
0.48888000 0.64731000 0.76587000
0.14360000 0.51517000 0.88873000
0.32582000 0.64072000 0.91830000
0.18357000 0.64883000 0.78283000
0.47253000 0.56803000 0.82567000
0.25041000 0.57457000 0.69389000
0.28892000 0.59653000 0.63504000
0.10112000 0.62015000 0.98642000
0.40024000 0.65399000 0.81210000
0.13068000 0.56433000 0.84087000
0.02673000 0.53238000 0.88007000
0.00630000 0.60902000 0.72849000
0.09962000 0.64642000 0.50787000
0.45091000 0.65741000 0.69798000
0.24907000 0.59432000 0.85595000
0.21626000 0.69233000 0.64946000
0.35091000 0.51879000 0.76734000
0.49010000 0.51941000 0.95888000
0.23869000 0.71688000 0.81801000
0.17566000 0.73562000 0.92561000
0.02668000 0.72730000 0.74385000
0.09218000 0.66832000 0.87989000
0.47521000 0.63067000 0.95403000
0.27522000 0.70390000 0.74253000
0.18208000 0.73501000 0.68869000
0.33919000 0.53873000 0.52485000
0.14250000 0.59003000 0.51402000
0.21445000 0.61781000 0.51381000
0.35707000 0.53584000 0.97941000
0.15503000 0.67627000 0.96824000
0.09690000 0.51310000 0.55295000
0.04474000 0.74659000 0.83197000
0.26219000 0.87304000 0.08455000
0.48227000 0.79437000 0.19857000
0.06709000 0.92387000 0.43025000
0.26801000 0.86514000 0.17821000
0.37499000 0.99016000 0.34419000
0.49367000 0.76100000 0.12597000
0.10234000 0.86591000 0.25815000
0.45979000 0.95853000 0.10048000
0.28616000 0.91155000 0.48515000
0.33064000 0.77151000 0.35628000
0.30801000 0.93211000 0.33366000
0.34303000 0.87508000 0.29587000
0.35078000 0.85478000 0.46577000
0.18178000 0.80582000 0.43789000
0.34322000 0.76776000 0.49858000
0.44484000 0.90604000 0.16295000
0.25057000 0.94153000 0.08116000
0.18236000 0.88839000 0.44238000
0.38451000 0.79225000 0.28050000
0.11735000 0.93174000 0.31702000
0.06291000 0.97268000 0.31942000
0.43441000 0.88682000 0.32471000
0.24082000 0.84691000 0.48454000
0.29876000 0.91087000 0.24111000
0.29861000 0.93600000 0.12911000
0.28580000 0.82444000 0.39588000
0.15330000 0.98591000 0.14966000
0.27258000 0.98727000 0.36106000
0.24117000 0.94906000 0.43996000
0.13697000 0.87874000 0.37773000
0.49333000 0.83405000 0.42332000
0.37904000 0.78217000 0.14245000
0.39028000 0.77810000 0.42216000
0.44602000 0.86464000 0.48493000
0.26703000 0.78948000 0.49486000
0.42274000 0.82815000 0.22489000
0.43136000 0.95810000 0.29483000
0.38633000 0.86600000 0.38257000
0.36587000 0.93885000 0.08856000
0.21989000 0.76031000 0.20210000
0.05977000 0.86263000 0.06901000
0.16168000 0.94274000 0.47612000
0.42768000 0.83479000 0.14123000
0.11903000 0.76361000 0.32826000
0.21960000 0.79708000 0.11645000
0.47808000 0.92869000 0.22854000
0.36158000 0.95142000 0.27592000
0.47761000 0.78087000 0.28294000
0.28758000 0.77655000 0.09649000
0.44227000 0.82251000 0.35224000
0.33757000 0.92613000 0.43124000
0.42034000 0.99929000 0.23351000
0.49108000 0.81768000 0.05369000
0.02533000 0.92555000 0.04159000
0.24834000 0.82009000 0.24874000
0.44828000 0.97682000 0.37033000
0.01174000 0.81023000 0.08097000
0.20387000 0.87022000 0.22428000
0.43775000 0.94321000 0.00913000
0.48392000 0.86342000 0.27031000
0.25691000 0.94883000 0.19632000
0.09700000 0.82523000 0.37780000
0.33042000 0.82239000 0.17167000
0.04588000 0.78584000 0.42493000
0.06765000 0.81161000 0.17014000
0.10259000 0.90537000 0.07982000
0.05224000 0.94200000 0.22311000
0.05837000 0.80919000 0.29917000
0.03997000 0.88616000 0.16599000
0.14134000 0.98020000 0.06700000
0.14545000 0.77638000 0.11261000
0.36966000 0.84020000 0.03584000
0.10220000 0.75892000 0.20197000
0.02375000 0.83825000 0.37950000
0.11890000 0.97771000 0.43761000
0.18023000 0.94274000 0.37934000
0.02297000 0.92629000 0.36518000
0.10823000 0.82060000 0.05765000
0.16434000 0.85945000 0.30763000
0.16312000 0.87586000 0.11068000
0.16376000 0.80825000 0.25033000
0.44860000 0.90103000 0.40532000
0.00627000 0.98588000 0.07486000
0.32488000 0.77848000 0.00951000
0.24072000 0.85477000 0.33741000
0.19747000 0.93273000 0.29677000
0.17207000 0.92735000 0.17935000
0.23395000 0.78506000 0.35450000
0.31330000 0.76668000 0.27942000
0.02997000 0.86103000 0.46733000
0.09472000 0.94950000 0.14394000
0.17418000 0.92227000 0.04143000
0.26303000 0.76407000 0.96350000
0.25878000 0.75685000 0.88312000
0.14745000 0.89647000 0.54173000
0.48810000 0.93485000 0.92572000
0.18495000 0.99086000 0.99466000
0.03450000 0.80545000 0.68747000
0.49788000 0.78014000 0.98501000
0.30742000 0.99661000 0.88205000
0.32095000 0.88899000 0.67023000
0.15637000 0.93783000 0.82255000
0.49462000 0.91017000 0.51809000
0.10477000 0.96367000 0.52365000
0.19002000 0.86491000 0.79034000
0.37950000 0.90064000 0.91229000
0.15015000 0.91067000 0.90080000
0.26786000 0.81008000 0.77579000
0.36776000 0.96312000 0.60219000
0.39940000 0.85129000 0.96673000
0.23127000 0.83963000 0.91367000
0.11736000 0.76416000 0.83821000
0.17967000 0.88511000 0.97087000
0.09076000 0.80165000 0.77677000
0.29907000 0.84260000 0.96336000
0.05862000 0.88928000 0.98959000
0.22307000 0.82795000 0.72555000
0.25114000 0.90352000 0.87512000
0.37338000 0.87746000 0.83520000
0.22916000 0.84285000 0.59305000
0.48963000 0.78721000 0.87254000
0.02056000 0.83211000 0.58691000
0.00408000 0.90445000 0.93615000
0.10717000 0.88907000 0.61105000
0.19772000 0.75435000 0.76599000
0.32101000 0.78490000 0.62344000
0.15507000 0.80953000 0.74566000
0.40054000 0.77336000 0.62538000
0.35738000 0.78340000 0.93594000
0.13459000 0.81958000 0.98110000
0.03105000 0.80481000 0.99295000
0.37814000 0.94295000 0.79474000
0.43757000 0.85771000 0.61771000
0.23518000 0.96324000 0.86983000
0.10048000 0.82396000 0.88533000
0.42123000 0.84131000 0.80405000
0.38563000 0.86278000 0.68973000
0.23700000 0.93918000 0.95822000
0.40543000 0.79644000 0.53514000
0.36973000 0.88138000 0.58132000
0.19689000 0.95448000 0.55068000
0.33454000 0.95998000 0.51247000
0.07764000 0.96984000 0.84062000
0.01699000 0.87955000 0.65622000
0.23947000 0.78833000 0.63384000
0.20101000 0.97379000 0.68429000
0.00780000 0.79085000 0.91266000
0.05543000 0.87273000 0.86289000
0.47359000 0.84107000 0.97422000
0.16437000 0.81553000 0.85105000
0.06659000 0.90076000 0.74429000
0.17406000 0.89764000 0.70995000
0.07956000 0.76082000 0.70683000
0.24109000 0.84056000 0.99870000
0.12568000 0.96643000 0.93666000
0.04844000 0.95732000 0.97342000
0.05750000 0.93951000 0.63177000
0.42163000 0.94299000 0.53056000
0.48450000 0.85419000 0.88889000
0.33728000 0.83951000 0.74661000
0.10642000 0.98127000 0.68634000
0.31089000 0.78628000 0.70788000
0.33042000 0.82081000 0.86267000
0.24042000 0.91629000 0.74503000
0.32412000 0.75955000 0.82816000
0.26200000 0.93857000 0.57219000
0.22507000 0.87067000 0.66186000
0.17942000 0.92028000 0.62300000
0.04819000 0.90216000 0.54986000
0.44224000 0.89669000 0.72544000
0.39474000 0.99857000 0.97014000
0.29588000 0.94978000 0.64052000
0.43555000 0.76526000 0.92853000
0.38407000 0.76630000 0.86365000
0.46107000 0.93441000 0.83985000
0.40861000 0.76979000 0.77054000
0.09764000 0.81033000 0.61225000
0.10937000 0.83072000 0.51853000
0.45684000 0.78394000 0.70503000
0.49657000 0.84661000 0.73526000
0.10972000 0.85277000 0.68973000
0.30771000 0.88803000 0.79079000
0.35313000 0.94540000 0.71283000
0.30670000 0.92542000 0.91173000
0.38422000 0.96487000 0.87172000
0.17255000 0.80494000 0.55829000
0.27640000 0.95858000 0.80354000
0.33035000 0.93409000 0.99042000
0.40635000 0.99352000 0.70716000
0.01915000 0.81960000 0.77284000
0.13100000 0.75586000 0.59803000
0.17733000 0.99805000 0.88600000
0.05965000 0.75162000 0.53137000
0.20204000 0.75365000 0.99952000
0.03684000 0.96010000 0.50400000
0.46799000 0.75021000 0.57048000
0.92026000 0.23545000 0.20225000
0.91315000 0.11307000 0.08364000
0.66798000 0.10362000 0.25338000
0.90349000 0.11423000 0.24954000
0.95828000 0.09470000 0.30494000
0.63821000 0.13143000 0.32769000
0.76374000 0.03442000 0.46452000
0.63787000 0.20293000 0.32769000
0.92280000 0.20706000 0.05475000
0.72688000 0.24802000 0.20209000
0.86598000 0.19940000 0.14868000
0.76457000 0.14081000 0.46081000
0.95964000 0.02423000 0.04304000
0.86414000 0.20055000 0.30478000
0.95803000 0.17003000 0.46315000
0.78446000 0.17296000 0.09030000
0.56458000 0.05733000 0.45008000
0.54000000 0.21997000 0.12035000
0.95101000 0.15012000 0.37583000
0.80117000 0.15814000 0.26088000
0.78355000 0.15845000 0.39195000
0.57769000 0.00480000 0.22432000
0.55018000 0.17391000 0.18552000
0.65285000 0.00927000 0.22216000
0.84854000 0.08091000 0.10332000
0.69547000 0.09618000 0.38996000
0.93996000 0.19628000 0.31513000
0.51615000 0.20304000 0.29593000
0.93623000 0.10027000 0.47155000
0.90801000 0.05329000 0.13567000
0.56513000 0.21608000 0.35085000
0.67941000 0.17764000 0.27148000
0.90635000 0.01357000 0.20123000
0.65030000 0.01640000 0.47179000
0.70782000 0.11196000 0.00245000
0.80876000 0.04963000 0.39673000
0.64100000 0.05887000 0.14301000
0.93451000 0.17668000 0.13350000
0.56796000 0.24011000 0.24756000
0.97661000 0.15720000 0.24921000
0.71637000 0.04387000 0.24309000
0.65889000 0.02240000 0.34083000
0.68576000 0.10793000 0.09350000
0.55759000 0.11281000 0.38383000
0.85849000 0.19563000 0.40835000
0.70436000 0.11781000 0.17868000
0.61154000 0.09073000 0.03301000
0.80861000 0.19090000 0.01072000
0.54318000 0.10241000 0.16227000
0.89191000 0.00732000 0.33070000
0.82903000 0.09182000 0.18311000
0.56856000 0.02154000 0.10177000
0.62337000 0.16459000 0.09671000
0.60497000 0.14283000 0.25726000
0.79584000 0.02800000 0.11469000
0.79590000 0.09992000 0.04615000
0.50499000 0.14544000 0.49628000
0.75240000 0.07939000 0.13344000
0.53100000 0.05387000 0.03082000
0.73902000 0.18877000 0.01856000
0.82028000 0.22504000 0.46355000
0.69434000 0.01051000 0.00774000
0.86770000 0.07762000 0.42521000
0.60813000 0.04723000 0.30570000
0.64628000 0.00682000 0.08452000
0.87905000 0.07789000 0.31705000
0.77046000 0.14715000 0.18143000
0.54633000 0.12314000 0.04182000
0.63166000 0.23100000 0.20679000
0.79159000 0.24049000 0.20119000
0.53873000 0.01222000 0.30794000
0.87941000 0.05413000 0.03483000
0.85687000 0.24064000 0.00424000
0.93895000 0.11705000 0.16203000
0.89580000 0.22168000 0.47330000
0.52792000 0.14670000 0.31478000
0.72852000 0.18749000 0.33805000
0.69060000 0.18421000 0.43695000
0.97256000 0.05156000 0.25142000
0.87614000 0.14682000 0.47568000
0.69619000 0.07096000 0.48103000
0.61737000 0.06626000 0.39585000
0.69222000 0.20895000 0.13286000
0.56153000 0.17235000 0.42671000
0.60049000 0.08745000 0.21872000
0.60579000 0.11304000 0.46122000
0.63985000 0.17295000 0.17172000
0.62556000 0.22058000 0.42136000
0.73752000 0.13327000 0.27792000
0.69801000 0.04730000 0.08295000
0.80453000 0.11232000 0.31982000
0.95341000 0.01671000 0.38302000
0.86129000 0.16402000 0.21971000
0.80196000 0.04126000 0.25576000
0.66811000 0.20927000 0.04990000
0.79785000 0.23571000 0.28556000
0.90104000 0.01617000 0.46001000
0.54166000 0.24521000 0.49119000
0.50252000 0.09435000 0.44742000
0.76301000 0.24681000 0.41465000
0.76276000 0.04539000 0.00206000
0.82937000 0.00164000 0.19566000
0.95866000 0.00067000 0.29965000
0.99124000 0.24944000 0.21192000
0.72752000 0.16369000 0.85477000
0.68686000 0.02823000 0.86252000
0.83654000 0.24230000 0.79442000
0.50503000 0.05334000 0.52262000
0.54020000 0.01606000 0.81126000
0.82142000 0.10007000 0.51588000
0.66768000 0.22809000 0.66253000
0.62072000 0.10093000 0.80526000
0.53879000 0.10304000 0.57247000
0.73321000 0.08406000 0.66083000
0.83118000 0.01788000 0.65377000
0.93459000 0.06720000 0.67108000
0.90439000 0.11837000 0.90223000
0.75102000 0.12100000 0.93320000
0.72097000 0.10221000 0.77040000
0.94546000 0.01039000 0.96435000
0.85319000 0.21642000 0.59669000
0.71000000 0.24668000 0.51565000
0.92123000 0.22477000 0.64695000
0.71442000 0.03208000 0.77726000
0.50629000 0.21835000 0.75323000
0.97838000 0.11737000 0.90700000
0.66070000 0.13241000 0.54679000
0.54603000 0.01829000 0.60833000
0.65794000 0.06680000 0.61115000
0.59936000 0.11211000 0.61744000
0.61041000 0.24543000 0.87619000
0.98216000 0.19001000 0.54640000
0.88112000 0.15867000 0.57881000
0.77502000 0.19289000 0.53706000
0.89275000 0.13151000 0.66911000
0.50882000 0.10693000 0.97539000
0.93932000 0.05512000 0.58392000
0.66610000 0.17663000 0.98273000
0.94369000 0.13997000 0.54153000
0.82705000 0.10905000 0.95928000
0.51568000 0.13045000 0.88723000
0.73269000 0.01605000 0.92700000
0.96333000 0.12531000 0.78418000
0.61559000 0.03472000 0.54896000
0.65400000 0.00339000 0.94219000
0.59312000 0.20476000 0.96897000
0.63277000 0.20126000 0.60702000
0.62434000 0.07366000 0.93922000
0.61462000 0.06248000 0.74226000
0.83826000 0.11767000 0.74431000
0.68360000 0.20235000 0.90057000
0.97496000 0.12903000 0.64937000
0.91651000 0.00998000 0.71297000
0.81608000 0.08044000 0.63074000
0.57084000 0.22783000 0.61884000
0.65082000 0.15723000 0.83798000
0.74287000 0.21507000 0.62552000
0.76155000 0.16046000 0.75441000
0.62670000 0.18330000 0.76995000
0.55086000 0.06105000 0.92901000
0.94779000 0.06609000 0.87185000
0.86704000 0.15866000 0.98113000
0.68279000 0.20776000 0.80965000
0.80220000 0.14787000 0.58464000
0.79295000 0.07823000 0.81455000
0.51346000 0.17795000 0.99527000
0.52727000 0.11738000 0.78551000
0.55681000 0.19113000 0.80053000
0.94664000 0.21880000 0.95403000
0.95849000 0.23440000 0.82241000
0.78533000 0.20370000 0.84965000
0.88211000 0.04176000 0.94730000
0.75691000 0.18795000 0.93771000
0.85469000 0.05548000 0.76320000
0.67959000 0.14483000 0.70761000
0.87210000 0.03259000 0.84062000
0.82671000 0.13037000 0.85884000
0.53768000 0.06737000 0.68617000
0.52861000 0.24723000 0.89671000
0.73141000 0.11050000 0.58321000
0.60722000 0.05203000 0.85703000
0.88643000 0.12470000 0.80688000
0.86583000 0.04364000 0.52816000
0.54308000 0.18460000 0.54561000
0.81478000 0.03593000 0.91247000
0.93677000 0.18071000 0.87829000
0.60928000 0.14770000 0.69398000
0.95993000 0.05598000 0.76285000
0.71231000 0.16693000 0.52130000
0.61263000 0.14210000 0.96000000
0.98541000 0.15476000 0.72349000
0.85980000 0.21622000 0.87293000
0.79200000 0.18263000 0.67605000
0.56973000 0.17430000 0.88391000
0.57610000 0.11796000 0.85480000
0.91770000 0.11114000 0.97926000
0.87475000 0.18757000 0.75361000
0.76699000 0.02452000 0.69823000
0.80018000 0.24692000 0.56429000
0.81492000 0.01404000 0.57429000
0.80152000 0.00994000 0.82416000
0.72433000 0.38760000 0.45481000
0.85243000 0.48586000 0.14788000
0.91542000 0.41340000 0.30684000
0.58011000 0.26741000 0.04024000
0.73465000 0.38200000 0.10046000
0.63190000 0.47519000 0.41753000
0.64053000 0.41642000 0.24660000
0.95430000 0.34633000 0.21358000
0.92762000 0.30989000 0.40928000
0.77628000 0.37705000 0.36992000
0.82822000 0.36341000 0.04577000
0.59917000 0.36003000 0.12276000
0.69691000 0.42160000 0.04584000
0.83669000 0.34943000 0.40872000
0.52090000 0.35266000 0.13472000
0.55393000 0.48290000 0.02551000
0.87090000 0.41299000 0.24447000
0.72507000 0.39616000 0.29607000
0.79814000 0.25523000 0.11804000
0.56733000 0.42395000 0.07387000
0.56312000 0.39437000 0.45223000
0.51748000 0.49680000 0.37423000
0.99419000 0.46470000 0.39387000
0.65301000 0.27356000 0.34126000
0.72628000 0.27314000 0.11584000
0.82391000 0.30571000 0.33123000
0.67021000 0.33464000 0.11494000
0.86799000 0.35757000 0.31794000
0.91626000 0.42220000 0.15486000
0.73644000 0.45958000 0.43455000
0.70287000 0.43588000 0.16966000
0.78225000 0.41956000 0.15623000
0.80495000 0.46328000 0.30564000
0.52820000 0.34339000 0.02360000
0.54096000 0.29000000 0.30543000
0.74540000 0.32054000 0.48213000
0.75248000 0.39454000 0.02360000
0.64324000 0.47665000 0.12289000
0.92119000 0.47304000 0.24862000
0.58577000 0.45281000 0.49040000
0.64952000 0.28456000 0.43116000
0.95098000 0.32679000 0.48367000
0.98743000 0.41591000 0.49130000
0.53632000 0.28082000 0.39435000
0.77203000 0.33030000 0.26056000
0.60031000 0.46333000 0.28620000
0.50602000 0.36971000 0.48521000
0.79857000 0.39898000 0.24471000
0.57793000 0.43887000 0.19778000
0.86261000 0.30211000 0.47156000
0.57810000 0.34803000 0.27210000
0.65439000 0.40734000 0.10910000
0.99783000 0.26609000 0.30176000
0.93776000 0.49833000 0.15788000
0.96818000 0.25046000 0.41971000
0.72149000 0.32764000 0.34544000
0.63379000 0.46012000 0.03923000
0.68563000 0.33977000 0.21176000
0.70221000 0.45570000 0.34088000
0.87023000 0.49485000 0.33869000
0.92427000 0.38490000 0.45826000
0.76073000 0.35584000 0.17057000
0.55618000 0.37335000 0.33981000
0.88506000 0.25982000 0.34524000
0.66876000 0.40984000 0.40872000
0.86194000 0.38496000 0.16123000
0.90280000 0.31465000 0.00215000
0.93079000 0.43062000 0.04358000
0.53603000 0.46958000 0.11652000
0.58668000 0.32716000 0.46675000
0.50315000 0.35342000 0.38599000
0.73566000 0.26818000 0.29080000
0.76964000 0.46375000 0.37056000
0.98385000 0.37507000 0.30251000
0.92157000 0.31083000 0.10520000
0.86290000 0.42554000 0.07442000
0.96691000 0.40051000 0.39249000
0.70791000 0.48374000 0.08830000
0.91327000 0.45537000 0.37284000
0.86525000 0.25336000 0.09145000
0.83682000 0.31309000 0.11529000
0.66041000 0.35303000 0.32627000
0.99037000 0.39054000 0.15428000
0.61377000 0.32103000 0.38254000
0.62716000 0.28354000 0.25690000
0.52875000 0.29410000 0.08751000
0.89817000 0.47384000 0.46782000
0.80213000 0.44734000 0.09264000
0.65609000 0.26194000 0.10246000
0.93673000 0.27804000 0.27424000
0.56203000 0.44015000 0.39286000
0.84629000 0.31001000 0.23484000
0.50449000 0.41041000 0.20914000
0.61170000 0.34670000 0.03343000
0.52327000 0.48496000 0.21301000
0.97229000 0.47847000 0.06948000
0.54719000 0.30778000 0.18641000
0.68212000 0.31471000 0.04490000
0.99954000 0.34480000 0.03049000
0.61685000 0.25369000 0.49340000
0.81617000 0.43843000 0.73231000
0.52940000 0.44030000 0.82391000
0.61179000 0.46940000 0.93580000
0.57532000 0.31270000 0.97084000
0.54735000 0.37151000 0.72294000
0.52423000 0.43616000 0.60652000
0.70427000 0.42572000 0.91401000
0.87927000 0.32239000 0.78341000
0.91533000 0.35704000 0.68209000
0.76664000 0.28788000 0.65200000
0.96999000 0.47446000 0.87447000
0.90073000 0.42092000 0.71949000
0.92955000 0.46447000 0.97060000
0.76877000 0.49148000 0.55809000
0.71143000 0.25473000 0.73344000
0.69340000 0.42729000 0.61073000
0.71153000 0.32185000 0.63908000
0.79573000 0.39127000 0.63441000
0.85287000 0.37574000 0.74666000
0.88181000 0.44947000 0.90532000
0.72530000 0.34966000 0.55315000
0.70504000 0.42949000 0.75555000
0.87130000 0.33946000 0.87057000
0.63627000 0.49511000 0.68021000
0.97789000 0.45256000 0.69078000
0.66591000 0.27177000 0.96983000
0.96929000 0.42521000 0.59810000
0.60990000 0.39382000 0.77321000
0.82965000 0.39619000 0.97725000
0.65802000 0.34005000 0.58020000
0.98253000 0.41470000 0.97440000
0.79763000 0.31062000 0.54781000
0.67328000 0.37406000 0.97875000
0.71268000 0.34578000 0.82401000
0.76038000 0.46008000 0.80740000
0.56421000 0.26549000 0.69413000
0.67092000 0.49838000 0.95600000
0.84070000 0.47236000 0.53578000
0.64029000 0.34254000 0.83151000
0.72640000 0.36710000 0.90803000
0.80280000 0.32379000 0.90962000
0.96406000 0.37637000 0.74209000
0.76781000 0.39195000 0.80671000
0.92510000 0.49577000 0.74438000
0.92776000 0.28134000 0.69444000
0.90495000 0.26406000 0.54308000
0.90807000 0.38303000 0.94686000
0.55390000 0.43793000 0.69775000
0.80776000 0.46334000 0.95367000
0.86496000 0.29646000 0.93208000
0.51114000 0.44823000 0.93132000
0.59239000 0.48880000 0.78044000
0.64789000 0.41602000 0.85029000
0.53816000 0.33890000 0.56123000
0.57875000 0.39143000 0.58876000
0.60660000 0.38939000 0.66860000
0.78335000 0.30635000 0.82647000
0.86538000 0.28055000 0.63803000
0.52656000 0.48206000 0.50885000
0.83726000 0.35205000 0.58345000
0.82474000 0.31341000 0.98988000
0.67159000 0.37101000 0.66859000
0.73389000 0.37532000 0.70703000
0.89729000 0.26915000 0.82891000
0.82201000 0.48773000 0.67599000
0.61472000 0.48754000 0.85533000
0.94653000 0.41416000 0.80888000
0.71809000 0.26642000 0.84607000
0.90067000 0.38566000 0.60216000
0.67511000 0.30793000 0.89309000
0.64178000 0.30531000 0.76511000
0.61079000 0.28953000 0.57551000
0.87559000 0.44204000 0.79522000
0.84375000 0.35119000 0.66746000
0.54782000 0.38758000 0.89822000
0.95811000 0.35357000 0.87992000
0.62089000 0.36474000 0.90841000
0.80580000 0.47802000 0.86334000
0.94842000 0.41830000 0.89763000
0.73802000 0.47253000 0.65575000
0.90677000 0.43819000 0.53885000
0.54324000 0.28539000 0.81756000
0.76579000 0.41562000 0.56961000
0.89293000 0.49683000 0.66566000
0.51991000 0.28606000 0.62248000
0.63488000 0.30861000 0.68913000
0.76757000 0.31214000 0.72638000
0.73472000 0.46472000 0.98610000
0.99697000 0.27587000 0.88613000
0.97342000 0.36001000 0.56543000
0.97381000 0.25966000 0.50874000
0.88902000 0.37332000 0.52112000
0.50512000 0.40948000 0.75904000
0.59613000 0.41691000 0.98573000
0.81095000 0.38018000 0.52029000
0.51107000 0.33601000 0.84772000
0.99707000 0.35048000 0.94888000
0.97598000 0.49788000 0.55076000
0.76842000 0.25136000 0.98699000
0.96717000 0.28806000 0.98983000
0.65006000 0.41205000 0.50195000
0.67988000 0.47085000 0.50589000
0.99854000 0.35526000 0.80525000
0.67120000 0.31408000 0.50042000
0.63118000 0.68933000 0.26174000
0.88952000 0.73829000 0.39477000
0.69635000 0.73538000 0.29716000
0.63907000 0.54287000 0.15439000
0.90794000 0.58019000 0.23428000
0.84757000 0.61594000 0.37848000
0.99753000 0.54546000 0.13697000
0.77405000 0.50907000 0.06341000
0.74887000 0.51127000 0.31796000
0.93240000 0.60424000 0.37902000
0.85092000 0.56444000 0.13190000
0.54387000 0.55711000 0.04436000
0.93901000 0.68011000 0.30485000
0.87046000 0.52744000 0.27010000
0.89565000 0.51750000 0.08845000
0.77712000 0.66862000 0.08236000
0.54262000 0.56353000 0.33811000
0.53078000 0.64691000 0.42501000
0.91933000 0.56660000 0.14893000
0.70306000 0.62564000 0.42112000
0.99134000 0.72808000 0.21217000
0.90204000 0.72518000 0.17761000
0.61292000 0.54152000 0.22688000
0.62083000 0.72705000 0.47813000
0.66164000 0.60674000 0.30342000
0.62601000 0.61706000 0.11537000
0.83514000 0.71097000 0.19060000
0.85379000 0.52516000 0.48313000
0.65589000 0.60511000 0.19144000
0.50791000 0.70011000 0.20248000
0.93145000 0.66152000 0.43305000
0.80555000 0.64062000 0.44181000
0.83489000 0.70320000 0.06777000
0.57067000 0.51017000 0.44929000
0.66094000 0.53575000 0.05476000
0.96561000 0.50633000 0.45775000
0.88034000 0.67435000 0.35821000
0.60635000 0.62172000 0.25596000
0.77484000 0.65706000 0.35498000
0.59239000 0.60204000 0.00659000
0.70922000 0.67700000 0.18219000
0.67707000 0.50218000 0.19600000
0.59356000 0.61387000 0.38667000
0.62112000 0.66955000 0.33933000
0.89908000 0.72102000 0.03105000
0.74518000 0.53329000 0.42312000
0.81581000 0.60126000 0.19378000
0.50847000 0.66860000 0.32200000
0.82726000 0.71849000 0.42262000
0.58095000 0.71386000 0.04489000
0.88468000 0.59636000 0.49602000
0.69609000 0.55086000 0.37411000
0.93275000 0.63998000 0.10786000
0.95172000 0.51112000 0.33669000
0.84678000 0.53573000 0.39759000
0.78159000 0.64275000 0.26780000
0.99598000 0.63165000 0.18677000
0.58639000 0.72779000 0.33408000
0.67503000 0.69468000 0.10171000
0.67562000 0.69900000 0.43119000
0.70431000 0.65604000 0.25954000
0.57363000 0.64488000 0.06723000
0.55686000 0.69239000 0.26515000
0.50575000 0.50682000 0.29300000
0.79109000 0.57171000 0.26486000
0.56143000 0.69522000 0.12857000
0.92842000 0.65119000 0.18514000
0.98062000 0.54671000 0.23152000
0.87654000 0.70930000 0.24898000
0.61288000 0.54212000 0.32368000
0.54827000 0.61649000 0.19372000
0.63392000 0.53742000 0.41302000
0.63254000 0.62357000 0.48303000
0.75506000 0.61625000 0.12099000
0.69152000 0.67784000 0.35866000
0.76101000 0.70606000 0.45417000
0.66164000 0.50037000 0.28372000
0.98377000 0.69070000 0.38381000
0.77224000 0.58404000 0.48899000
0.89879000 0.56729000 0.02541000
0.74071000 0.53550000 0.13801000
0.73269000 0.53526000 0.23180000
0.87265000 0.66407000 0.12557000
0.78660000 0.57546000 0.34273000
0.84271000 0.73772000 0.31285000
0.51235000 0.59979000 0.49894000
0.94816000 0.61490000 0.29801000
0.92040000 0.54834000 0.43285000
0.85117000 0.63364000 0.25099000
0.59483000 0.51742000 0.08962000
0.84983000 0.61738000 0.05111000
0.53944000 0.70255000 0.38034000
0.77180000 0.74549000 0.37258000
0.54956000 0.53618000 0.18528000
0.79820000 0.50700000 0.21828000
0.83302000 0.50456000 0.01473000
0.96103000 0.71626000 0.07352000
0.75249000 0.72830000 0.18318000
0.76410000 0.71799000 0.26952000
0.50029000 0.69490000 0.09804000
0.67978000 0.60520000 0.05724000
0.88753000 0.69357000 0.49158000
0.99227000 0.66768000 0.00230000
0.50785000 0.59413000 0.09617000
0.85714000 0.59854000 0.96255000
0.77098000 0.66020000 0.97841000
0.87243000 0.51152000 0.87953000
0.85022000 0.65628000 0.77685000
0.78713000 0.60198000 0.98228000
0.81246000 0.55034000 0.85948000
0.69600000 0.70513000 0.97048000
0.71934000 0.60567000 0.84302000
0.89543000 0.56077000 0.90999000
0.73141000 0.61884000 0.92727000
0.59871000 0.56775000 0.69172000
0.62522000 0.64529000 0.78990000
0.69139000 0.66722000 0.80755000
0.93482000 0.69381000 0.74505000
0.57674000 0.50430000 0.64405000
0.69110000 0.50997000 0.75159000
0.70388000 0.73442000 0.53374000
0.78932000 0.62087000 0.82944000
0.98387000 0.52569000 0.71648000
0.59690000 0.53474000 0.95791000
0.53551000 0.60110000 0.69882000
0.74895000 0.65294000 0.52907000
0.60785000 0.69820000 0.54624000
0.52306000 0.67519000 0.82759000
0.99105000 0.62101000 0.88929000
0.72668000 0.74402000 0.91044000
0.88254000 0.69255000 0.93934000
0.51697000 0.70228000 0.68584000
0.80896000 0.56115000 0.58066000
0.74820000 0.74774000 0.98575000
0.99415000 0.68935000 0.87486000
0.99973000 0.62756000 0.63668000
0.88685000 0.63918000 0.56491000
0.52942000 0.60345000 0.87386000
0.67150000 0.54098000 0.52220000
0.64126000 0.56273000 0.75445000
0.59090000 0.52116000 0.54827000
0.92517000 0.66101000 0.62756000
0.77790000 0.59525000 0.75389000
0.73186000 0.51959000 0.84233000
0.84008000 0.64410000 0.87808000
0.85276000 0.51810000 0.60494000
0.59099000 0.71822000 0.62141000
0.54107000 0.57427000 0.95759000
0.64197000 0.70631000 0.70951000
0.66038000 0.69378000 0.62991000
0.84486000 0.73112000 0.69675000
0.93478000 0.73190000 0.94757000
0.67037000 0.58048000 0.93083000
0.57608000 0.58955000 0.79655000
0.81022000 0.69741000 0.92638000
0.79290000 0.69640000 0.83691000
0.80300000 0.51868000 0.74420000
0.81595000 0.68831000 0.52693000
0.60626000 0.65686000 0.65223000
0.84272000 0.69379000 0.62026000
0.97525000 0.61639000 0.81043000
0.58705000 0.69101000 0.84510000
0.78249000 0.66549000 0.65532000
0.94514000 0.64517000 0.95483000
0.52886000 0.56314000 0.56919000
0.93320000 0.54331000 0.83855000
0.67457000 0.51692000 0.60849000
0.72715000 0.67753000 0.59690000
0.63438000 0.68724000 0.91920000
0.87661000 0.64470000 0.69118000
0.57668000 0.65566000 0.72482000
0.56618000 0.53564000 0.87668000
0.73550000 0.68366000 0.90165000
0.69413000 0.66001000 0.72023000
0.57652000 0.63875000 0.52744000
0.82067000 0.54120000 0.94168000
0.78980000 0.54694000 0.66049000
0.73634000 0.73486000 0.70020000
0.54077000 0.62888000 0.60838000
0.62795000 0.59327000 0.61986000
0.64289000 0.56722000 0.85758000
0.91313000 0.57548000 0.56584000
0.98492000 0.56778000 0.59550000
0.65246000 0.71634000 0.84267000
0.93898000 0.55591000 0.65502000
0.56803000 0.72833000 0.74024000
0.89284000 0.54811000 0.77417000
0.67294000 0.63859000 0.97580000
0.85919000 0.59723000 0.80965000
0.50516000 0.69453000 0.59968000
0.60793000 0.62014000 0.87247000
0.98963000 0.54968000 0.78793000
0.97149000 0.52928000 0.95531000
0.91861000 0.66774000 0.87581000
0.70569000 0.58538000 0.64142000
0.53160000 0.68858000 0.95403000
0.79115000 0.68047000 0.74134000
0.87109000 0.71723000 0.82983000
0.94254000 0.66850000 0.54178000
0.98956000 0.88655000 0.09101000
0.71829000 0.79244000 0.28546000
0.74102000 0.84173000 0.42507000
0.91244000 0.80072000 0.19931000
0.82070000 0.75268000 0.01766000
0.55378000 0.75455000 0.45239000
0.74924000 0.77849000 0.48038000
0.62818000 0.86652000 0.04793000
0.80799000 0.89227000 0.18306000
0.61482000 0.89028000 0.36630000
0.69895000 0.90367000 0.16510000
0.50456000 0.88123000 0.34861000
0.75294000 0.77857000 0.06388000
0.55467000 0.92079000 0.14019000
0.53469000 0.94368000 0.25231000
0.57385000 0.89112000 0.28845000
0.57002000 0.76319000 0.11264000
0.60301000 0.94344000 0.46559000
0.84026000 0.79889000 0.40029000
0.60832000 0.97740000 0.36109000
0.78369000 0.89805000 0.09396000
0.68579000 0.88798000 0.35332000
0.88403000 0.79673000 0.31310000
0.65874000 0.89631000 0.43970000
0.99275000 0.96007000 0.43065000
0.52018000 0.94278000 0.44731000
0.85121000 0.94842000 0.11780000
0.59429000 0.90977000 0.21748000
0.87169000 0.89541000 0.35171000
0.86186000 0.84373000 0.24884000
0.72083000 0.94960000 0.03178000
0.55128000 0.88689000 0.46602000
0.91209000 0.86947000 0.06687000
0.81480000 0.93706000 0.05098000
0.87738000 0.92476000 0.27123000
0.60971000 0.98439000 0.01137000
0.87637000 0.78895000 0.12911000
0.81853000 0.81576000 0.17589000
0.67283000 0.83905000 0.29013000
0.61524000 0.97837000 0.28369000
0.87677000 0.89478000 0.17650000
0.85401000 0.84681000 0.11008000
0.81471000 0.85284000 0.45727000
0.80058000 0.86996000 0.34374000
0.75131000 0.91569000 0.35590000
0.67426000 0.82261000 0.40779000
0.75926000 0.94976000 0.42926000
0.99511000 0.78196000 0.15714000
0.57636000 0.81057000 0.04043000
0.80155000 0.85784000 0.02421000
0.56671000 0.85811000 0.17190000
0.92149000 0.87249000 0.29254000
0.70500000 0.98254000 0.41792000
0.51560000 0.88145000 0.06401000
0.94228000 0.89236000 0.45285000
0.96403000 0.84398000 0.01164000
0.54379000 0.75826000 0.23901000
0.61446000 0.95466000 0.14055000
0.74071000 0.84556000 0.14257000
0.94062000 0.94387000 0.25714000
0.66288000 0.85164000 0.11390000
0.94652000 0.93435000 0.36463000
0.61472000 0.84135000 0.46051000
0.93685000 0.78321000 0.07881000
0.89541000 0.83802000 0.39629000
0.82590000 0.77401000 0.48095000
0.55589000 0.93609000 0.06226000
0.66973000 0.91577000 0.06885000
0.55722000 0.99717000 0.42871000
0.65148000 0.91551000 0.28064000
0.75946000 0.96895000 0.09383000
0.67775000 0.99929000 0.15257000
0.68489000 0.80031000 0.48709000
0.74877000 0.99960000 0.17893000
0.95172000 0.79056000 0.26911000
0.92797000 0.78699000 0.44068000
0.89815000 0.93354000 0.04283000
0.75207000 0.86283000 0.28008000
0.67615000 0.78030000 0.10857000
0.71032000 0.97463000 0.24868000
0.73508000 0.86314000 0.03256000
0.74872000 0.79451000 0.20027000
0.77809000 0.80273000 0.34474000
0.77171000 0.93574000 0.28741000
0.60196000 0.82701000 0.33818000
0.97692000 0.84905000 0.16554000
0.80592000 0.90299000 0.40819000
0.94853000 0.76115000 0.36109000
0.65778000 0.85626000 0.20626000
0.61350000 0.80497000 0.23011000
0.54818000 0.94885000 0.32488000
0.86959000 0.93442000 0.46433000
0.53885000 0.78496000 0.32517000
0.62559000 0.75293000 0.39142000
0.99474000 0.90398000 0.27227000
0.99679000 0.98971000 0.15606000
0.62777000 0.76090000 0.15834000
0.68443000 0.75337000 0.21181000
0.82850000 0.98207000 0.43026000
0.65227000 0.77299000 0.02975000
0.83602000 0.95435000 0.32467000
0.90117000 0.99843000 0.09080000
0.76266000 0.78263000 0.74919000
0.73832000 0.99166000 0.62251000
0.86841000 0.83591000 0.95664000
0.72346000 0.89210000 0.94259000
0.66682000 0.85548000 0.98832000
0.87956000 0.77931000 0.65453000
0.67733000 0.77909000 0.71066000
0.83542000 0.79420000 0.73842000
0.57825000 0.89580000 0.54004000
0.76994000 0.94061000 0.57199000
0.60945000 0.85864000 0.92446000
0.61010000 0.84583000 0.58098000
0.51570000 0.84249000 0.51620000
0.75547000 0.95151000 0.74138000
0.96820000 0.79439000 0.72654000
0.51300000 0.80156000 0.60412000
0.57342000 0.96433000 0.94569000
0.80608000 0.94521000 0.86171000
0.97316000 0.82646000 0.63876000
0.94336000 0.90325000 0.85874000
0.60568000 0.87349000 0.70858000
0.56046000 0.76712000 0.86108000
0.96599000 0.85632000 0.76127000
0.81048000 0.89162000 0.91547000
0.95619000 0.82902000 0.51058000
0.67065000 0.83800000 0.89070000
0.97433000 0.96116000 0.88962000
0.60253000 0.96948000 0.53888000
0.83499000 0.77302000 0.89579000
0.62704000 0.78732000 0.85459000
0.92426000 0.89720000 0.71686000
0.88282000 0.80590000 0.78209000
0.58996000 0.80152000 0.79043000
0.87599000 0.98200000 0.59343000
0.91195000 0.75580000 0.72993000
0.74178000 0.92126000 0.80338000
0.71364000 0.97989000 0.54258000
0.54974000 0.88485000 0.97438000
0.87041000 0.87163000 0.87693000
0.68865000 0.93904000 0.85876000
0.65564000 0.91740000 0.96112000
0.78518000 0.75871000 0.59427000
0.92154000 0.96594000 0.52692000
0.83162000 0.94349000 0.72122000
0.61235000 0.79209000 0.52265000
0.96204000 0.84535000 0.92521000
0.67836000 0.93398000 0.57988000
0.94152000 0.79075000 0.86605000
0.66462000 0.76685000 0.59287000
0.78502000 0.94463000 0.96863000
0.90203000 0.97037000 0.92876000
0.70432000 0.88265000 0.64627000
0.81838000 0.90977000 0.63301000
0.95748000 0.93587000 0.98837000
0.61746000 0.93600000 0.69162000
0.57110000 0.78936000 0.71360000
0.70628000 0.95647000 0.95982000
0.89784000 0.87615000 0.78836000
0.60409000 0.78220000 0.61691000
0.52911000 0.96409000 0.85995000
0.90648000 0.83846000 0.63733000
0.72749000 0.80534000 0.62655000
0.50204000 0.87307000 0.59240000
0.53667000 0.77497000 0.52509000
0.81010000 0.94767000 0.50739000
0.84120000 0.87826000 0.73053000
0.98556000 0.98117000 0.73281000
0.77416000 0.79091000 0.93107000
0.51703000 0.90310000 0.79566000
0.79202000 0.88171000 0.80758000
0.69222000 0.85824000 0.56845000
0.91593000 0.98314000 0.84418000
0.67083000 0.84520000 0.74877000
0.62006000 0.97732000 0.87263000
0.57731000 0.91204000 0.60989000
0.75552000 0.85244000 0.72688000
0.93223000 0.89987000 0.56346000
0.69823000 0.77811000 0.86059000
0.90690000 0.92597000 0.64038000
0.87855000 0.75132000 0.52645000
0.61121000 0.90038000 0.85705000
0.57812000 0.87060000 0.79371000
0.85319000 0.94193000 0.97640000
0.83115000 0.82944000 0.82269000
0.98500000 0.95096000 0.80510000
0.67881000 0.95761000 0.65434000
0.53541000 0.89312000 0.67865000
0.82890000 0.86473000 0.56515000
0.73747000 0.83214000 0.80659000
0.51990000 0.97762000 0.69515000
0.87133000 0.96899000 0.78525000
0.84283000 0.79737000 0.57056000
0.75142000 0.84281000 0.51445000
0.58018000 0.97675000 0.75382000
0.50387000 0.98727000 0.55087000
0.80064000 0.75637000 0.80085000
0.88360000 0.82787000 0.50102000
0.50926000 0.95083000 0.99742000
0.99284000 0.98622000 0.60276000
0.50485000 0.95353000 0.61662000
0.94606000 0.75385000 0.56331000
0.61968000 0.75325000 0.92887000
0.71010000 0.80737000 0.99025000
0.88842000 0.78406000 0.99900000
