1 12
1 14
1 26
1 27
1 97
2 11
2 16
2 38
2 116
2 132
3 8
3 133
3 1227
3 1242
3 1246
3 1350
4 7
4 10
4 17
4 327
4 329
5 12
5 14
5 19
5 26
5 73
5 97
5 414
6 9
6 13
6 16
6 20
6 25
6 34
7 14
7 17
7 23
7 329
7 1221
7 1227
7 1231
8 11
8 23
8 130
9 20
9 26
9 422
9 436
10 14
10 15
10 17
10 19
11 16
11 22
11 1224
12 14
12 97
13 25
13 60
13 425
13 444
13 478
14 23
14 26
15 17
15 22
15 62
15 324
15 326
16 22
16 25
16 34
17 18
17 22
17 23
17 327
17 329
18 22
18 44
18 331
18 1244
18 1552
19 422
20 21
20 26
20 108
21 100
21 108
21 124
21 128
21 444
22 23
22 44
22 1244
23 1227
23 1231
23 1244
24 70
24 73
24 414
24 434
25 134
26 93
26 97
26 434
26 436
27 79
27 107
27 128
27 131
27 133
27 184
28 31
28 34
28 38
28 41
28 43
28 51
29 39
29 42
29 47
29 53
29 55
29 68
29 76
29 90
29 96
29 361
30 32
30 33
30 35
30 51
30 52
30 167
31 39
31 45
31 47
31 50
31 56
31 58
31 353
32 38
32 51
32 52
32 61
33 37
33 40
33 147
33 167
33 171
34 38
34 41
34 48
35 36
35 145
35 167
35 1259
35 1381
36 40
36 77
36 86
36 168
36 201
36 1273
36 1310
37 43
37 45
37 47
37 470
38 41
38 51
38 61
38 153
39 47
39 50
39 54
39 55
39 361
40 42
40 84
40 95
41 44
42 47
42 55
42 86
42 90
43 45
43 60
43 453
43 470
44 58
44 62
44 331
44 1244
44 1264
44 1274
45 47
45 57
45 59
46 51
46 134
46 153
46 155
46 483
47 53
47 55
48 56
48 62
48 324
48 461
49 59
49 84
49 92
49 472
49 492
49 506
50 54
50 58
50 373
50 1270
50 1277
51 153
51 155
52 55
52 1259
52 1277
53 57
53 68
53 81
53 361
53 384
54 1271
55 1282
56 350
56 353
56 362
56 473
57 59
57 353
57 362
57 371
57 475
57 769
58 62
58 350
58 373
59 81
59 472
59 475
60 453
60 474
61 132
61 1225
61 1251
61 1386
62 324
62 326
63 64
63 75
63 85
63 88
63 91
63 92
63 496
63 502
64 66
64 88
64 93
64 489
64 496
64 511
65 78
65 79
65 80
65 98
65 191
65 1308
65 1409
66 79
66 91
66 183
66 184
67 71
67 72
67 76
67 82
67 96
67 390
67 1602
68 71
68 76
68 81
68 90
68 92
69 72
69 83
69 87
69 344
69 389
69 392
70 74
70 83
70 407
70 414
70 510
70 513
70 517
71 72
71 76
71 85
71 384
71 392
71 406
72 82
72 83
72 85
72 87
72 89
72 392
73 74
73 83
73 88
73 93
73 97
73 434
74 83
74 85
74 88
74 94
74 496
74 510
74 517
75 84
75 91
75 95
75 181
75 502
75 609
76 82
76 90
76 96
77 78
77 86
77 90
77 91
77 95
77 201
78 91
78 95
78 181
78 191
78 199
78 201
79 97
79 98
80 87
80 89
80 1287
80 1308
80 1311
81 391
81 512
81 769
82 85
82 89
82 90
83 85
83 88
83 89
83 392
83 414
84 92
84 95
84 171
85 88
85 89
85 90
86 1273
86 1293
87 89
87 1287
87 1304
88 89
88 97
88 496
90 92
91 95
91 181
92 502
93 97
93 424
94 496
94 506
94 510
94 517
94 791
95 171
95 181
96 361
96 379
96 1271
96 1295
96 1567
98 133
98 182
98 1246
98 1305
98 1308
99 104
99 112
99 113
99 115
99 118
99 124
99 126
100 108
100 121
100 124
100 128
100 522
100 532
101 110
101 114
101 130
101 132
101 1329
102 126
102 144
102 169
102 524
102 545
102 547
103 104
103 110
103 117
103 136
103 166
103 1337
103 1342
103 1348
104 106
104 110
104 115
104 117
104 135
104 166
105 106
105 109
105 120
105 127
105 129
106 112
106 114
106 117
106 122
106 129
106 135
107 109
107 128
107 131
107 203
107 205
108 124
108 131
109 112
109 119
109 120
109 189
109 203
110 116
110 126
110 132
110 166
111 112
111 113
111 243
112 113
112 121
113 121
113 524
113 538
113 540
114 122
114 123
114 130
114 131
115 125
115 126
115 135
115 239
115 243
116 118
116 132
116 134
116 146
116 153
117 129
117 135
117 221
117 1337
117 1339
117 1342
117 1446
118 124
118 126
118 134
118 146
118 170
118 545
119 176
119 185
119 203
119 207
119 518
120 127
120 175
120 210
120 314
121 518
121 522
121 538
122 123
122 1339
123 131
123 133
123 205
123 1331
124 526
124 532
124 536
124 545
125 126
125 136
125 166
125 230
125 239
125 280
126 146
126 157
126 166
127 129
127 135
127 210
127 225
128 203
128 544
129 135
129 1325
129 1339
129 1445
130 131
130 1350
131 133
132 1225
133 182
133 205
133 1246
134 146
134 153
134 170
134 478
134 536
135 217
135 221
135 225
135 243
136 166
136 1337
136 1348
136 1353
136 1363
137 140
137 148
137 156
137 168
137 177
137 179
137 193
138 146
138 157
138 163
138 169
139 140
139 165
139 171
139 193
139 208
139 555
139 563
139 595
140 165
140 167
140 168
140 193
141 148
141 149
141 150
141 151
141 152
141 154
141 1375
142 150
142 152
142 153
142 154
142 1375
142 1386
143 149
143 156
143 160
143 162
143 164
143 165
143 258
143 267
144 161
144 169
144 239
144 242
144 250
144 547
145 154
145 167
145 168
145 1358
145 1380
145 1381
145 1412
146 153
146 157
146 170
147 155
147 483
147 563
147 571
148 149
148 156
148 160
148 172
148 1358
149 151
149 156
149 160
149 162
149 267
149 278
150 151
150 152
150 157
150 166
150 1353
150 1375
151 152
151 157
151 159
151 162
151 250
151 280
152 154
152 157
152 162
153 155
154 1358
154 1368
154 1375
154 1381
154 1386
156 160
156 162
156 165
156 178
157 166
158 159
158 162
158 163
158 164
158 165
158 555
159 161
159 162
159 250
159 256
159 267
159 677
160 172
160 178
160 194
160 258
160 265
160 316
160 1389
161 169
161 256
161 260
161 547
161 551
161 564
161 677
162 165
163 567
163 571
164 165
164 204
164 208
164 555
164 566
164 664
165 208
165 555
167 168
168 177
168 179
168 201
168 1412
169 547
169 560
169 564
170 478
170 483
170 536
170 545
170 567
171 563
171 609
172 265
172 278
172 1354
172 1358
172 1378
172 1389
172 1482
173 178
173 188
173 200
173 204
173 281
173 284
173 302
174 180
174 181
174 193
174 196
174 590
174 595
174 609
175 185
175 188
175 189
175 190
175 192
175 206
175 282
175 310
176 185
176 214
176 314
176 710
177 179
177 194
177 198
177 199
177 1412
177 1417
177 1422
178 194
178 198
178 281
179 180
179 181
179 193
179 198
179 199
180 181
180 183
180 193
180 196
180 197
180 198
181 183
182 186
182 205
182 1246
182 1401
182 1423
183 184
183 195
183 197
183 590
184 189
184 195
184 197
184 203
184 205
185 187
185 188
185 189
185 197
185 207
186 189
186 190
186 191
186 192
186 205
186 209
186 1401
187 188
187 196
187 282
187 581
187 605
188 190
188 197
188 198
188 206
188 282
189 192
189 197
189 205
190 192
190 197
190 198
190 199
190 202
190 209
191 199
191 1409
192 205
192 1331
192 1401
192 1410
194 198
194 202
194 316
194 1389
194 1417
194 1422
195 203
195 207
195 511
195 544
196 200
196 590
196 601
198 202
199 201
199 209
199 1390
199 1409
199 1417
200 204
200 208
201 1310
201 1390
201 1412
202 206
202 209
202 1407
202 1417
202 1420
203 207
204 290
204 578
204 714
205 1401
206 281
206 313
207 581
207 590
207 607
208 555
208 595
209 1393
209 1396
209 1417
210 216
210 310
210 312
210 314
210 1325
211 213
211 220
211 618
211 621
211 624
211 700
212 213
212 222
212 223
212 235
212 237
212 621
212 638
212 641
213 229
213 231
213 235
213 237
213 244
213 638
214 220
214 225
214 314
214 618
215 216
215 217
215 229
215 236
215 240
215 241
215 1424
216 217
216 225
216 295
216 314
217 221
217 225
217 226
217 233
217 240
217 1445
218 222
218 232
218 245
218 263
218 272
218 336
218 342
218 366
218 367
219 229
219 246
219 287
219 296
220 226
220 227
220 618
220 621
221 230
221 233
221 1337
221 1446
222 228
222 232
222 234
222 235
222 237
222 245
222 263
223 232
223 235
223 339
223 616
223 638
224 234
224 238
224 245
224 268
224 272
224 277
224 1427
225 226
225 243
226 228
226 229
226 237
226 243
227 228
227 243
227 540
227 621
227 623
228 239
228 242
228 641
229 237
230 233
230 239
230 262
230 268
230 280
231 341
231 638
231 738
232 235
232 253
232 263
232 339
232 367
233 234
233 240
233 268
233 1443
233 1446
234 237
234 238
234 245
235 237
235 244
235 336
235 339
236 238
236 240
236 348
236 1437
236 1441
236 1448
237 238
237 244
238 336
238 347
238 1441
239 242
239 280
240 1445
240 1446
240 1448
241 295
241 300
241 348
241 1442
242 260
242 547
242 623
242 641
244 246
244 318
244 347
245 259
245 263
245 268
246 301
246 337
246 341
246 347
247 253
247 256
247 260
247 261
247 642
247 655
247 660
247 661
248 269
248 276
248 369
248 374
248 375
249 257
249 258
249 264
249 265
249 266
249 293
249 305
250 267
250 271
250 274
250 280
251 259
251 269
251 274
252 272
252 279
252 364
252 374
252 1478
252 1481
253 263
253 270
253 641
253 642
253 655
254 257
254 265
254 274
254 278
255 256
255 261
255 267
255 275
255 290
255 659
255 664
255 714
256 260
256 267
256 660
256 664
256 677
257 258
257 265
257 266
257 293
257 1489
257 1495
258 265
258 281
258 293
259 262
259 268
259 271
259 274
259 277
260 271
260 642
260 660
261 269
261 275
261 661
262 268
262 274
262 280
262 1477
263 270
263 367
264 273
264 275
264 285
264 305
265 278
265 1389
266 276
266 279
266 298
266 1489
267 274
268 277
268 1443
269 270
269 273
269 351
269 369
269 650
270 367
270 369
272 277
272 366
273 275
273 285
273 351
273 375
275 290
275 308
275 675
275 705
276 285
276 375
276 377
276 410
277 1459
277 1481
278 1477
279 364
279 377
279 1463
279 1481
279 1484
281 293
281 302
281 316
282 284
282 310
283 284
283 288
283 289
283 299
283 303
283 698
283 704
283 709
284 302
284 605
284 704
285 304
285 315
285 375
285 409
286 295
286 296
286 299
286 303
286 307
286 310
286 314
287 289
287 296
287 303
287 397
287 694
287 700
288 289
288 294
288 297
288 299
288 304
288 308
288 309
288 697
289 294
289 299
289 303
289 694
289 697
290 302
290 308
290 714
291 292
291 294
291 295
291 296
291 304
291 307
291 309
291 311
291 380
292 298
292 304
292 306
292 309
292 311
292 315
292 1508
292 1510
293 305
293 306
293 316
294 296
294 299
294 304
294 380
294 411
295 296
295 307
295 317
296 299
296 301
297 304
297 308
297 409
297 411
297 697
297 713
298 1489
298 1498
298 1508
299 303
299 309
300 301
300 311
300 348
300 399
300 1615
301 311
301 380
301 381
302 305
302 308
302 309
303 694
303 700
304 305
304 309
304 315
305 309
306 307
306 309
306 313
306 1508
307 309
307 310
307 312
307 313
307 317
308 697
308 705
310 312
310 314
311 380
311 394
311 1510
311 1513
311 1614
312 313
312 317
312 1325
312 1410
312 1420
312 1506
313 1420
313 1507
315 380
315 387
315 400
315 409
316 1389
316 1407
317 1424
317 1506
317 1511
318 321
318 336
318 338
318 342
318 343
318 347
319 326
319 327
319 330
319 333
319 338
319 343
319 1548
319 1552
320 336
320 366
320 1441
320 1543
320 1545
321 333
321 339
321 342
321 343
322 323
322 325
322 328
322 332
322 346
322 728
322 734
323 328
323 334
323 337
323 344
323 383
323 395
324 326
324 340
324 376
325 332
325 335
325 715
325 724
325 734
325 736
326 327
326 333
326 340
326 363
327 329
327 340
327 1552
328 334
328 340
329 334
329 1533
330 343
330 358
330 363
330 366
330 1548
330 1584
331 1238
331 1270
331 1552
331 1584
332 335
332 341
332 734
332 738
333 340
333 342
333 343
333 370
334 344
334 345
334 413
334 1533
335 339
335 724
335 740
336 342
337 341
337 345
337 381
337 395
337 412
338 343
338 1548
339 342
340 745
341 403
342 343
342 367
344 383
344 389
344 413
344 414
345 412
346 403
346 728
346 734
346 788
346 813
347 348
347 1441
347 1525
348 1437
348 1441
348 1525
348 1527
349 353
349 360
349 361
349 365
349 368
349 371
350 353
350 363
350 365
350 373
351 369
351 650
351 763
351 781
352 354
352 359
352 360
352 1559
352 1562
352 1582
353 362
353 365
353 371
354 360
354 368
354 375
354 377
354 388
354 410
355 368
355 371
355 372
355 780
355 800
356 357
356 369
356 372
356 752
356 757
356 762
357 367
357 370
357 372
357 757
358 359
358 366
358 1582
359 363
359 1582
360 361
360 379
360 1567
361 379
361 384
361 1567
362 365
362 473
362 475
362 759
363 370
363 373
364 374
364 377
364 1559
364 1574
365 372
367 374
368 372
368 375
371 769
371 780
373 1270
373 1556
375 408
376 461
376 473
376 747
376 782
377 410
377 1559
377 1562
378 382
378 385
378 386
378 393
378 398
378 400
378 402
378 408
378 409
379 384
379 1567
379 1602
380 381
380 394
380 400
381 394
381 395
381 400
381 401
381 412
382 385
382 393
382 402
382 407
382 789
382 793
382 813
382 815
383 389
383 395
383 405
383 407
383 414
384 391
385 386
385 391
385 392
385 393
385 405
385 406
385 407
386 391
386 393
386 408
386 800
387 388
387 394
387 410
387 1614
388 398
388 408
388 410
389 390
389 396
389 404
389 405
389 406
389 413
389 1585
390 404
390 406
390 1585
390 1602
391 769
391 791
391 793
392 405
392 406
392 407
393 789
393 793
393 800
393 815
394 399
394 400
394 401
394 404
394 1605
394 1614
395 401
395 405
395 412
396 399
396 404
396 412
396 413
396 1585
396 1619
397 402
397 403
397 411
397 694
397 787
398 401
398 406
399 404
399 412
399 1615
400 401
400 402
400 409
401 404
401 405
401 406
402 403
402 411
402 815
403 734
403 790
403 813
404 412
404 1585
404 1605
405 406
405 407
407 414
407 517
408 409
409 411
411 815
413 1533
413 1539
413 1585
415 421
415 428
415 433
415 435
415 440
415 441
415 442
415 443
416 420
416 431
416 462
416 480
416 482
417 423
417 427
417 444
417 448
417 458
417 523
417 536
418 569
418 836
418 883
418 923
419 422
419 429
419 439
419 443
419 737
420 429
420 431
420 435
420 748
421 427
421 432
421 433
421 440
421 445
422 434
422 438
422 440
423 427
423 435
423 437
423 451
423 458
424 433
424 434
424 436
424 446
424 489
424 544
425 426
425 438
425 440
425 458
425 474
426 429
426 435
426 438
426 440
426 720
426 747
427 437
427 445
427 523
427 543
428 433
428 442
428 445
428 508
428 829
429 439
429 440
429 443
429 720
429 737
430 439
430 515
430 719
430 727
430 739
430 748
430 1121
430 1125
431 435
431 821
431 823
431 831
431 832
431 836
432 436
432 444
432 445
432 532
433 441
433 446
433 498
434 436
434 446
435 437
435 440
437 442
437 831
437 836
437 949
438 745
439 443
439 732
439 739
439 748
440 443
441 497
441 508
441 848
442 831
442 833
442 845
442 848
442 949
443 446
444 532
444 536
446 489
446 493
446 497
447 460
447 468
447 512
447 514
447 753
448 452
448 458
448 476
448 478
448 523
448 569
449 456
449 457
449 463
449 556
449 866
449 881
449 884
449 984
450 455
450 460
450 465
450 471
451 454
451 462
451 467
451 821
451 836
451 870
452 454
452 463
452 476
452 556
452 569
453 470
453 474
454 458
454 462
454 463
454 471
455 456
455 460
455 468
455 471
455 481
455 778
456 457
456 463
456 465
456 859
456 881
457 459
457 466
457 477
457 486
457 881
458 462
458 474
459 469
459 486
459 500
459 561
459 574
459 577
460 465
460 468
460 477
460 778
461 473
461 474
461 747
462 471
462 474
462 480
463 465
463 466
463 476
463 556
464 466
464 470
464 476
464 479
465 466
465 472
466 476
466 554
467 471
467 481
467 482
467 859
467 870
468 516
468 753
468 774
468 778
468 819
468 856
469 472
469 479
469 492
469 495
469 514
469 574
470 472
471 480
471 481
471 482
472 514
473 474
473 782
475 753
475 759
475 769
476 568
477 486
477 488
478 483
478 536
479 492
479 563
479 574
480 482
480 746
480 747
480 755
480 782
481 482
481 760
481 876
482 755
482 1154
483 567
484 487
484 500
484 505
484 898
484 901
484 909
484 916
485 490
485 494
485 499
485 502
485 504
485 511
485 585
486 500
486 561
486 892
486 901
487 488
487 494
487 503
487 507
487 909
488 495
488 501
488 516
488 899
489 509
489 510
489 511
490 492
490 495
490 502
490 577
490 585
490 609
491 494
491 501
491 506
491 509
491 510
491 513
491 795
492 502
492 609
493 497
493 509
493 513
493 809
494 495
494 499
494 509
495 500
495 514
496 502
496 506
496 510
497 503
497 509
498 503
498 505
498 508
499 504
499 505
499 577
499 585
499 586
499 592
500 577
500 901
501 506
501 512
501 514
501 794
501 795
502 506
503 507
503 509
504 511
504 539
504 585
504 586
504 593
504 596
505 592
505 596
505 909
505 910
505 916
506 512
506 514
507 796
507 1216
508 829
508 848
508 910
508 913
509 510
509 513
510 513
510 517
511 544
511 585
512 514
512 791
512 794
513 517
513 795
513 797
513 809
515 806
515 917
515 1125
516 856
516 878
516 894
516 899
517 791
518 522
518 525
518 534
518 542
518 626
519 528
519 537
519 541
519 637
519 665
519 673
520 531
520 610
520 932
521 533
521 546
521 549
521 582
521 937
521 1012
522 534
522 538
522 607
523 526
523 536
523 543
523 562
523 569
524 528
524 538
524 540
524 545
524 547
524 623
525 534
525 581
525 583
525 598
525 607
525 626
525 684
526 532
526 536
526 538
526 543
526 545
526 562
527 530
527 533
527 535
527 627
527 925
528 537
528 547
529 531
529 532
529 534
529 535
529 543
530 537
530 541
530 543
530 548
530 947
531 543
531 928
531 949
532 536
532 538
533 546
533 610
534 535
534 538
534 542
535 538
535 542
536 545
537 541
537 548
537 551
537 552
537 560
537 562
539 544
539 593
539 596
540 542
540 613
540 623
541 637
541 947
542 546
542 613
542 617
542 626
542 630
545 562
546 549
546 598
546 630
547 551
547 560
547 623
548 569
548 966
549 627
549 925
549 937
549 1046
550 552
550 558
550 573
550 672
551 557
551 560
551 564
551 673
552 665
552 961
552 1063
553 558
553 559
553 565
553 588
553 611
553 969
553 980
554 556
554 559
554 565
554 568
555 563
555 566
555 570
555 571
555 575
556 565
556 568
556 883
556 884
556 974
557 564
557 573
557 654
557 676
557 677
558 572
558 588
558 670
558 969
559 565
559 568
559 570
559 574
559 575
560 562
560 564
561 611
561 865
561 984
561 1002
563 571
563 575
563 595
564 566
564 570
564 573
564 677
565 568
565 974
565 980
565 984
565 987
566 570
566 573
566 608
566 676
567 570
567 571
568 570
570 571
570 573
572 588
572 608
572 652
572 670
572 676
572 691
574 575
574 577
574 599
575 595
575 599
576 588
576 690
576 691
576 699
576 991
577 599
577 604
578 605
578 606
578 608
578 698
578 707
578 714
579 582
579 587
579 594
579 597
579 600
579 602
579 995
580 584
580 586
580 587
580 590
580 591
580 593
580 597
580 601
581 583
581 589
581 607
582 594
582 600
582 995
582 997
582 1012
583 597
583 598
583 607
583 610
584 586
584 587
584 590
584 595
584 599
584 601
584 603
585 586
585 590
586 591
586 592
586 593
587 591
587 597
587 602
587 603
587 604
588 603
588 608
588 611
589 598
589 602
589 605
589 684
589 698
589 704
590 601
591 592
591 593
591 596
591 597
591 600
591 610
591 1005
592 596
592 604
592 916
592 1005
592 1014
593 596
593 607
594 598
594 680
594 687
594 995
595 609
596 910
596 1005
597 602
598 630
598 684
599 603
599 604
599 611
600 997
600 1005
600 1014
601 603
602 606
604 901
604 1002
604 1014
605 698
605 704
606 608
606 690
606 691
606 707
611 1019
612 614
612 620
612 628
612 635
612 639
613 617
613 627
613 628
614 627
614 637
614 1047
615 629
615 631
615 632
615 640
615 721
615 725
615 817
615 1043
616 620
616 624
616 629
616 638
616 718
616 724
617 619
617 627
617 630
617 635
618 619
618 626
618 710
619 626
619 630
619 635
620 621
620 624
620 628
620 639
621 624
621 628
622 634
622 741
622 1020
623 628
624 638
624 640
625 628
625 639
625 641
625 642
625 649
625 673
626 630
626 684
626 710
627 637
628 641
629 640
629 712
629 717
629 725
629 738
629 817
630 684
630 696
631 634
631 725
631 1043
631 1053
631 1124
632 633
632 635
632 636
632 640
632 696
633 636
633 683
633 687
633 696
633 1035
633 1087
633 1117
634 635
634 1053
635 636
635 640
636 1035
636 1036
636 1053
637 1030
639 668
640 712
641 642
642 649
642 655
642 660
642 668
643 646
643 658
643 669
643 768
643 783
644 645
644 652
644 654
644 656
644 658
644 660
645 646
645 651
645 670
645 672
645 674
646 651
646 653
646 671
646 1070
646 1071
647 648
647 650
647 658
647 675
647 685
647 711
647 768
647 786
648 650
648 655
648 658
648 661
648 663
648 669
648 786
649 654
649 660
649 668
649 673
650 663
650 675
650 763
650 781
650 786
651 656
651 657
651 1061
651 1062
652 658
652 659
652 670
652 674
652 705
653 657
653 666
653 785
653 1067
653 1071
654 656
654 665
654 673
655 660
655 661
655 662
655 663
655 668
656 657
656 658
656 668
656 669
657 667
657 1061
657 1067
658 669
659 660
659 661
659 664
659 676
659 714
660 661
660 677
662 663
662 668
662 743
662 752
662 773
662 784
663 669
663 752
663 761
663 763
663 786
664 676
664 677
664 714
665 667
665 673
665 1063
666 669
666 741
666 773
666 785
667 1061
667 1067
668 669
669 761
669 773
669 786
670 691
671 674
671 678
671 708
671 1070
671 1081
671 1108
672 965
672 1057
674 691
674 706
674 708
675 685
675 705
675 713
675 781
676 677
678 692
678 711
678 768
678 772
678 1081
678 1088
679 681
679 685
679 688
679 697
679 711
679 713
679 818
680 683
680 689
680 690
680 693
680 702
681 682
681 686
681 692
681 693
681 703
681 807
681 818
682 693
682 694
682 701
682 712
682 787
682 811
682 818
683 686
683 687
683 696
683 702
683 1086
684 689
684 695
684 704
684 710
685 692
685 705
685 706
685 711
686 693
686 701
686 1091
687 696
687 1012
687 1035
687 1086
688 693
688 697
688 698
688 705
688 706
688 707
688 709
689 693
689 695
689 698
689 701
689 709
690 691
690 699
690 702
691 699
691 708
692 703
692 706
692 711
693 695
693 701
693 709
694 700
694 712
695 700
695 701
695 709
695 710
696 701
698 704
698 707
698 709
699 702
699 708
699 991
700 712
701 712
702 1086
703 807
703 814
703 1088
703 1106
704 709
704 710
705 707
705 714
707 714
708 1065
708 1111
711 713
711 768
711 802
711 805
713 781
713 802
715 728
715 732
715 734
715 736
715 737
715 742
716 726
716 727
716 729
716 731
716 733
716 1128
717 721
717 725
717 738
717 742
717 790
717 803
717 808
717 817
718 724
718 733
718 740
718 743
719 722
719 727
719 739
719 806
719 808
719 1121
720 730
720 737
720 746
720 747
721 722
721 725
721 792
721 817
721 1213
722 727
722 729
722 1121
722 1131
722 1136
723 730
723 733
723 746
723 767
723 779
724 736
724 740
724 742
725 742
725 817
726 733
726 1128
726 1143
726 1151
727 729
727 732
727 748
727 1121
727 1131
727 1133
728 734
729 732
729 733
729 736
729 742
730 736
730 737
730 744
730 746
730 767
731 748
731 766
731 832
731 1128
731 1135
732 737
732 739
732 742
734 738
734 742
734 790
735 736
735 740
735 744
735 767
735 784
736 737
736 742
736 744
737 744
737 745
738 742
738 790
739 808
740 743
740 784
741 743
741 775
741 779
741 785
741 1020
743 779
743 784
744 745
746 747
746 755
746 767
746 782
747 782
749 754
749 756
749 765
749 774
749 778
749 819
749 1167
750 756
750 758
750 761
750 765
750 768
750 772
750 777
750 786
751 755
751 758
751 762
751 767
751 773
751 775
751 776
751 779
752 757
752 761
752 762
752 763
752 773
753 754
753 778
753 819
754 771
754 778
754 780
755 760
755 770
755 776
755 782
756 758
756 764
756 765
756 772
756 783
756 1167
756 1168
757 767
757 776
757 784
758 760
758 764
758 775
759 762
759 776
759 780
759 782
760 770
760 774
760 778
760 1167
761 763
761 773
761 786
762 763
762 776
762 780
763 777
763 781
763 786
764 775
764 783
764 785
764 1153
764 1179
765 768
765 771
765 772
765 777
765 805
765 816
766 770
766 1128
766 1151
766 1154
766 1166
767 776
767 779
768 772
768 777
768 786
769 780
770 775
770 1151
770 1166
770 1179
771 777
771 780
771 800
771 810
772 783
772 816
772 1081
773 775
773 779
774 778
774 856
774 876
774 1159
774 1167
774 1168
774 1169
774 1175
775 779
775 785
775 1151
775 1179
776 782
777 781
777 786
781 786
783 1081
785 1153
785 1179
787 790
787 803
787 804
787 811
787 815
787 818
788 797
788 808
788 813
789 793
789 798
789 801
789 802
789 804
789 810
789 815
791 793
791 795
792 799
792 803
792 806
792 808
792 1205
792 1208
793 810
794 795
794 801
794 810
794 819
795 797
795 801
796 812
796 1216
797 801
797 804
797 809
797 813
798 802
798 803
798 804
798 805
798 807
798 811
798 812
798 818
799 807
799 811
799 1208
799 1213
800 810
801 804
801 812
802 805
802 815
802 818
803 804
803 808
803 811
804 813
804 815
805 807
805 812
805 814
806 808
806 1121
806 1198
806 1205
807 811
807 814
808 809
811 817
811 818
812 814
814 816
814 1088
814 1189
815 818
816 1088
816 1168
816 1189
816 1197
816 1201
817 1213
820 821
820 836
820 837
820 840
820 858
820 870
820 880
821 831
821 832
821 836
821 837
821 870
821 880
822 824
822 828
822 838
822 844
822 845
822 938
822 944
823 831
823 843
823 847
823 848
824 841
824 850
824 853
824 938
824 1249
825 827
825 835
825 837
825 852
825 880
825 1138
826 830
826 926
826 940
826 944
826 1228
826 1249
826 1324
827 832
827 843
827 852
827 1127
827 1133
827 1135
827 1146
828 840
828 845
828 940
829 833
829 904
829 910
829 913
829 932
829 1005
830 840
830 864
830 926
830 940
830 954
830 982
831 836
831 845
832 1135
832 1154
833 844
833 845
833 931
833 932
833 949
834 841
834 842
834 846
834 850
834 853
834 886
835 846
835 1138
835 1144
835 1248
837 838
837 840
837 880
838 840
838 841
838 844
838 845
839 849
839 1228
839 1232
839 1249
839 1250
841 846
842 843
842 846
842 847
842 897
843 846
843 847
844 845
844 848
844 850
844 913
846 851
846 1126
847 848
847 1125
849 871
849 873
849 880
849 1250
850 886
850 904
850 913
850 938
851 897
851 1126
851 1148
851 1215
851 1223
851 1599
852 880
852 1134
852 1135
852 1138
852 1154
852 1183
853 886
853 1289
854 857
854 868
854 869
854 875
854 879
854 919
855 857
855 865
855 869
855 877
855 881
855 884
856 867
856 876
856 878
856 882
856 1175
857 862
857 869
857 875
857 885
857 903
857 919
858 861
858 864
858 871
858 982
859 861
859 863
859 866
859 867
859 881
860 862
860 863
860 868
860 874
860 879
860 1184
861 863
861 866
861 868
861 870
862 867
862 868
862 875
862 882
863 870
863 880
863 1183
864 871
864 872
864 976
864 982
864 1355
864 1383
865 903
865 984
865 1015
866 883
866 884
867 876
867 878
867 881
867 882
868 874
868 875
868 879
869 877
869 956
869 1283
870 880
871 872
871 874
871 1250
871 1280
872 877
872 976
872 1280
872 1283
872 1355
873 874
873 1164
873 1250
873 1256
873 1267
874 879
874 1267
874 1280
875 879
875 906
875 919
875 1265
876 882
876 1159
876 1169
877 884
877 955
877 956
877 976
877 982
878 881
878 892
878 899
879 1184
879 1257
879 1267
879 1269
882 1158
882 1169
883 884
884 955
884 974
884 984
885 889
885 890
885 902
885 903
885 915
885 919
886 895
886 896
886 907
886 913
887 896
887 913
887 914
887 917
888 902
888 906
888 1187
888 1199
889 896
889 898
889 900
889 902
889 907
889 908
889 911
889 914
890 903
890 915
890 1015
890 1016
890 1017
891 897
891 1291
891 1313
891 1315
892 899
892 903
893 894
893 898
893 899
893 902
893 909
894 899
894 1199
894 1216
895 896
895 900
895 911
895 1289
895 1301
895 1315
896 911
896 914
897 1188
897 1215
898 901
898 902
898 908
898 909
898 914
898 916
900 907
900 908
900 911
900 1016
901 908
901 916
901 1002
901 1017
903 1017
904 907
904 910
904 913
904 914
904 1000
905 906
905 912
905 918
905 1203
905 1290
905 1613
906 918
906 919
906 1162
906 1265
907 908
907 914
907 996
908 914
908 916
908 996
908 1017
909 914
910 914
910 916
910 1005
911 912
911 1315
911 1316
912 918
912 1315
913 914
915 919
915 1286
915 1312
915 1316
916 1014
917 1216
918 919
918 1265
918 1285
918 1290
919 1265
920 926
920 927
920 935
920 950
920 1347
921 924
921 933
921 937
921 941
921 945
921 946
921 1049
922 924
922 933
922 935
922 938
922 944
922 945
922 946
922 1351
923 929
923 947
923 966
923 985
924 933
924 934
924 939
924 945
924 990
924 993
924 1007
925 928
925 936
925 937
925 947
925 1049
926 954
926 983
926 1347
926 1383
927 943
927 950
927 960
927 967
927 1048
928 945
928 946
929 930
929 940
929 954
929 960
929 985
930 936
930 943
930 947
931 932
931 938
931 945
932 942
932 1005
933 935
933 939
933 941
933 948
933 1319
934 939
934 953
934 990
934 993
934 1018
934 1334
934 1338
935 950
935 1336
935 1344
935 1351
936 941
936 946
936 947
936 1049
937 1012
937 1046
938 944
938 953
939 952
939 993
939 1334
939 1336
939 1392
940 944
940 954
941 946
941 1021
941 1049
942 945
942 997
942 1000
942 1005
942 1007
943 960
943 972
943 979
943 986
943 1048
943 1083
945 946
945 1007
948 951
948 952
948 1021
948 1045
948 1319
950 967
950 1321
950 1322
950 1344
951 1004
951 1012
951 1046
951 1092
951 1105
951 1107
952 993
952 1045
952 1107
952 1319
952 1327
952 1392
952 1516
953 990
954 960
954 982
954 983
954 985
955 956
955 959
955 970
955 976
955 977
955 982
956 958
956 975
956 977
957 962
957 968
957 977
957 988
957 1011
958 959
958 975
958 1364
958 1369
958 1371
959 963
959 973
959 975
959 976
959 983
959 1369
960 964
960 979
960 985
961 964
961 966
961 979
961 986
961 987
961 1063
962 970
962 977
962 980
962 984
963 967
963 972
963 1356
963 1371
964 970
964 973
964 979
964 985
964 987
965 968
965 971
965 973
965 980
966 985
966 987
967 972
967 1321
967 1352
968 969
968 971
968 1057
968 1065
969 980
970 973
970 974
970 980
970 987
971 973
971 978
971 1064
972 979
972 986
972 1082
972 1083
973 975
973 979
974 984
974 987
975 977
975 981
976 982
976 983
976 1355
976 1369
977 1015
978 981
978 1074
978 1472
978 1488
979 986
980 987
981 1001
981 1010
981 1357
981 1364
983 1355
983 1360
983 1369
983 1383
986 1063
986 1075
988 989
988 991
988 998
988 1011
988 1019
989 991
989 995
989 999
989 1008
990 993
990 994
990 1007
990 1018
991 995
991 1090
992 998
992 1001
992 1003
992 1008
992 1013
993 1004
993 1018
993 1107
993 1392
993 1399
993 1419
994 996
994 1008
994 1009
994 1016
995 999
996 1000
996 1008
997 1000
997 1007
997 1008
998 1015
999 1004
999 1006
999 1013
999 1090
999 1093
999 1105
1000 1005
1000 1007
1000 1008
1001 1011
1001 1413
1002 1014
1002 1017
1002 1019
1003 1018
1003 1395
1003 1405
1004 1007
1004 1008
1004 1013
1004 1105
1006 1011
1006 1013
1006 1090
1006 1099
1006 1105
1007 1008
1009 1289
1009 1301
1009 1404
1010 1364
1010 1405
1011 1074
1011 1095
1011 1099
1012 1035
1012 1046
1012 1086
1013 1105
1013 1419
1015 1017
1016 1418
1018 1399
1020 1054
1020 1067
1021 1023
1021 1024
1021 1031
1021 1049
1022 1026
1022 1031
1022 1032
1022 1045
1022 1425
1022 1447
1022 1454
1023 1024
1023 1027
1023 1031
1023 1036
1023 1049
1024 1030
1024 1031
1024 1038
1024 1048
1024 1049
1025 1027
1025 1029
1025 1032
1025 1037
1025 1040
1025 1041
1025 1050
1025 1052
1026 1031
1026 1048
1026 1322
1026 1352
1026 1425
1026 1450
1027 1028
1027 1040
1027 1041
1027 1053
1028 1033
1028 1047
1028 1053
1029 1032
1029 1037
1029 1039
1029 1041
1029 1110
1029 1114
1029 1117
1030 1063
1031 1038
1031 1040
1032 1037
1032 1039
1032 1040
1032 1045
1032 1454
1033 1034
1033 1054
1033 1056
1034 1040
1034 1042
1034 1051
1034 1428
1035 1036
1035 1041
1035 1046
1035 1086
1035 1117
1036 1039
1036 1041
1036 1046
1036 1049
1037 1044
1037 1094
1037 1096
1037 1438
1037 1454
1038 1048
1038 1083
1038 1084
1039 1041
1040 1044
1041 1117
1042 1051
1042 1054
1042 1056
1042 1066
1042 1079
1042 1120
1042 1161
1043 1052
1043 1053
1043 1124
1043 1213
1044 1147
1044 1435
1044 1438
1044 1447
1044 1455
1045 1319
1045 1454
1046 1049
1048 1083
1048 1352
1050 1120
1050 1122
1050 1130
1051 1066
1051 1079
1051 1084
1051 1428
1052 1089
1052 1119
1052 1124
1052 1129
1054 1056
1054 1059
1054 1120
1054 1161
1054 1180
1055 1078
1055 1082
1055 1472
1055 1473
1056 1059
1056 1060
1056 1066
1057 1062
1057 1064
1057 1065
1057 1070
1058 1068
1058 1069
1058 1072
1058 1073
1058 1076
1058 1077
1058 1156
1058 1178
1058 1491
1059 1068
1059 1071
1059 1153
1059 1161
1060 1062
1060 1072
1060 1075
1060 1080
1061 1067
1061 1075
1062 1064
1062 1070
1062 1071
1062 1075
1062 1076
1064 1074
1065 1095
1066 1073
1066 1079
1066 1080
1066 1161
1066 1462
1066 1469
1068 1069
1068 1071
1068 1076
1068 1153
1068 1178
1069 1076
1069 1077
1069 1108
1069 1115
1069 1195
1069 1204
1070 1076
1071 1076
1072 1073
1072 1076
1072 1077
1072 1078
1072 1460
1073 1155
1073 1460
1073 1469
1073 1491
1074 1095
1074 1099
1074 1102
1074 1113
1077 1078
1077 1115
1077 1483
1077 1491
1078 1473
1078 1483
1079 1149
1079 1161
1079 1163
1079 1453
1079 1469
1080 1082
1080 1084
1080 1460
1080 1462
1080 1479
1081 1088
1081 1195
1082 1083
1082 1479
1082 1485
1083 1084
1083 1352
1083 1479
1084 1450
1084 1479
1085 1102
1085 1103
1085 1104
1085 1109
1085 1519
1085 1524
1086 1093
1086 1117
1087 1089
1087 1091
1087 1116
1087 1117
1088 1195
1088 1196
1089 1096
1089 1116
1089 1119
1089 1206
1090 1093
1090 1095
1090 1098
1090 1099
1091 1112
1091 1116
1092 1093
1092 1097
1092 1105
1092 1107
1092 1114
1092 1117
1093 1098
1093 1105
1094 1096
1094 1110
1094 1114
1094 1500
1094 1504
1094 1522
1095 1099
1095 1102
1095 1113
1096 1206
1096 1616
1097 1098
1097 1104
1097 1105
1097 1107
1097 1114
1097 1497
1097 1500
1098 1104
1098 1105
1098 1109
1099 1102
1100 1101
1100 1103
1100 1106
1100 1115
1100 1200
1100 1204
1101 1104
1101 1106
1101 1109
1101 1110
1101 1112
1101 1116
1101 1191
1102 1103
1102 1109
1102 1113
1103 1104
1103 1109
1103 1113
1103 1115
1103 1521
1103 1524
1104 1109
1104 1110
1104 1500
1104 1524
1105 1107
1106 1108
1106 1109
1106 1111
1106 1112
1107 1114
1107 1419
1107 1516
1108 1111
1108 1113
1108 1115
1109 1112
1109 1113
1110 1114
1111 1112
1113 1115
1114 1454
1115 1204
1116 1191
1116 1210
1116 1213
1118 1126
1118 1127
1118 1132
1118 1137
1118 1139
1118 1142
1118 1145
1118 1146
1119 1136
1119 1205
1119 1206
1119 1213
1120 1130
1121 1125
1121 1133
1121 1136
1121 1145
1121 1150
1121 1205
1122 1124
1122 1129
1122 1130
1122 1131
1122 1141
1123 1132
1123 1137
1123 1148
1123 1207
1123 1212
1123 1215
1123 1526
1124 1131
1124 1136
1125 1150
1126 1144
1126 1146
1126 1148
1127 1128
1127 1131
1127 1133
1127 1135
1127 1141
1127 1146
1128 1131
1128 1135
1128 1141
1128 1143
1128 1151
1129 1132
1129 1137
1129 1147
1130 1140
1130 1142
1130 1147
1131 1133
1131 1136
1131 1141
1131 1145
1132 1137
1132 1145
1132 1150
1133 1145
1133 1146
1134 1138
1134 1142
1134 1173
1134 1176
1134 1181
1135 1154
1136 1145
1136 1205
1137 1139
1137 1140
1137 1147
1137 1148
1137 1526
1137 1530
1138 1164
1138 1248
1139 1140
1139 1142
1139 1144
1139 1148
1139 1152
1140 1142
1140 1147
1140 1152
1140 1547
1141 1143
1141 1176
1141 1181
1142 1152
1143 1151
1144 1148
1144 1248
1144 1528
1145 1146
1145 1150
1147 1530
1148 1526
1148 1531
1149 1152
1149 1163
1151 1176
1151 1179
1151 1180
1152 1528
1152 1547
1152 1551
1152 1580
1153 1171
1153 1178
1153 1179
1153 1180
1154 1166
1155 1156
1155 1163
1155 1185
1155 1469
1155 1491
1156 1157
1156 1165
1156 1170
1156 1178
1156 1185
1157 1160
1157 1165
1157 1170
1157 1178
1157 1204
1157 1217
1158 1162
1158 1169
1158 1177
1159 1166
1159 1167
1159 1169
1159 1170
1159 1171
1159 1172
1160 1168
1160 1170
1160 1178
1161 1163
1161 1174
1162 1187
1162 1265
1162 1560
1162 1613
1163 1182
1163 1469
1163 1564
1164 1183
1164 1248
1164 1256
1164 1578
1164 1580
1165 1170
1165 1185
1165 1217
1165 1571
1165 1581
1166 1171
1166 1172
1166 1173
1166 1176
1167 1168
1168 1169
1168 1175
1168 1197
1168 1201
1169 1170
1169 1175
1169 1217
1170 1171
1170 1177
1171 1172
1171 1173
1171 1174
1171 1180
1172 1173
1172 1177
1172 1183
1173 1176
1173 1181
1173 1183
1174 1178
1174 1180
1174 1181
1174 1182
1175 1197
1175 1199
1175 1209
1176 1180
1176 1181
1177 1182
1177 1184
1179 1180
1180 1181
1182 1565
1182 1578
1182 1580
1184 1560
1184 1578
1185 1565
1185 1566
1185 1571
1185 1581
1186 1187
1186 1193
1186 1201
1186 1202
1186 1209
1186 1211
1186 1217
1187 1199
1187 1203
1187 1209
1187 1217
1188 1215
1188 1218
1188 1313
1189 1194
1189 1196
1189 1197
1189 1201
1189 1209
1189 1211
1190 1200
1190 1202
1190 1204
1190 1521
1191 1192
1191 1206
1191 1210
1192 1193
1192 1194
1192 1207
1192 1214
1193 1196
1193 1201
1193 1202
1194 1196
1194 1198
1194 1208
1194 1210
1194 1211
1195 1196
1195 1201
1195 1204
1196 1201
1196 1210
1197 1201
1197 1209
1198 1208
1198 1211
1198 1216
1199 1209
1200 1521
1200 1524
1200 1590
1201 1209
1201 1217
1202 1214
1203 1610
1203 1613
1205 1208
1206 1207
1207 1212
1207 1620
1208 1210
1209 1211
1209 1217
1212 1215
1212 1218
1212 1599
1212 1611
1214 1586
1214 1590
1214 1598
1214 1620
1215 1599
1218 1313
1218 1599
1219 1224
1219 1230
1219 1238
1219 1244
1219 1245
1219 1263
1219 1264
1219 1268
1219 1274
1220 1241
1220 1245
1220 1248
1220 1528
1221 1231
1221 1532
1222 1236
1222 1237
1222 1291
1222 1302
1223 1240
1223 1291
1223 1531
1223 1596
1223 1599
1224 1225
1224 1230
1224 1239
1224 1244
1224 1264
1225 1239
1225 1329
1225 1387
1226 1232
1226 1234
1226 1236
1226 1243
1226 1249
1226 1323
1226 1324
1227 1231
1227 1235
1227 1242
1227 1305
1228 1229
1228 1232
1228 1247
1228 1249
1228 1250
1229 1232
1229 1243
1229 1247
1229 1250
1229 1263
1229 1268
1229 1276
1230 1234
1230 1239
1230 1243
1230 1244
1231 1237
1231 1244
1232 1236
1232 1243
1233 1242
1233 1314
1233 1340
1234 1236
1234 1239
1234 1242
1234 1243
1234 1323
1234 1340
1234 1350
1235 1237
1235 1302
1235 1305
1235 1539
1236 1237
1238 1270
1238 1274
1238 1275
1238 1535
1238 1568
1239 1243
1239 1329
1239 1350
1240 1302
1240 1529
1240 1531
1240 1532
1240 1596
1241 1245
1241 1248
1241 1250
1241 1256
1242 1246
1243 1247
1243 1268
1243 1317
1244 1264
1246 1423
1247 1276
1247 1317
1247 1324
1247 1347
1247 1367
1247 1383
1248 1528
1249 1324
1249 1351
1250 1256
1250 1263
1250 1280
1251 1254
1251 1260
1251 1268
1251 1277
1251 1376
1252 1253
1252 1262
1252 1278
1252 1286
1252 1309
1252 1384
1252 1385
1252 1388
1253 1257
1253 1285
1253 1286
1254 1255
1254 1258
1254 1260
1254 1268
1254 1272
1254 1278
1254 1281
1255 1260
1255 1276
1255 1278
1255 1355
1255 1376
1255 1382
1256 1275
1256 1583
1257 1267
1257 1269
1257 1272
1257 1278
1258 1261
1258 1262
1258 1266
1258 1273
1258 1278
1258 1282
1259 1262
1259 1273
1259 1277
1259 1282
1260 1268
1260 1276
1260 1367
1260 1376
1260 1387
1261 1266
1261 1269
1261 1284
1262 1273
1262 1278
1262 1380
1262 1381
1262 1382
1262 1385
1263 1268
1263 1272
1263 1275
1263 1281
1264 1268
1264 1274
1265 1269
1265 1285
1265 1613
1266 1277
1266 1281
1266 1282
1267 1269
1267 1272
1267 1279
1269 1279
1269 1560
1270 1274
1270 1555
1270 1556
1271 1282
1271 1284
1271 1296
1271 1567
1271 1572
1272 1280
1272 1281
1273 1282
1273 1288
1273 1293
1273 1309
1273 1310
1273 1385
1274 1275
1274 1277
1274 1281
1275 1279
1275 1281
1275 1555
1275 1583
1276 1280
1276 1355
1276 1383
1277 1281
1278 1283
1278 1382
1278 1388
1279 1553
1279 1555
1279 1560
1279 1572
1282 1284
1283 1388
1284 1293
1284 1295
1284 1296
1284 1303
1285 1286
1285 1303
1286 1292
1286 1307
1286 1309
1286 1312
1286 1316
1287 1294
1287 1297
1287 1304
1287 1311
1288 1293
1288 1298
1288 1299
1288 1309
1288 1310
1288 1311
1288 1390
1289 1301
1289 1404
1290 1292
1290 1303
1290 1306
1290 1593
1291 1300
1291 1302
1292 1299
1292 1300
1292 1307
1292 1315
1292 1316
1293 1295
1294 1302
1294 1304
1294 1306
1294 1606
1295 1296
1295 1297
1296 1303
1296 1579
1296 1588
1296 1604
1297 1299
1297 1300
1297 1306
1297 1311
1298 1299
1298 1307
1298 1393
1298 1406
1299 1307
1299 1309
1300 1315
1301 1307
1301 1404
1303 1306
1303 1579
1304 1539
1304 1585
1304 1606
1306 1588
1306 1593
1306 1612
1307 1309
1307 1312
1307 1316
1307 1418
1308 1311
1308 1409
1308 1423
1309 1385
1310 1380
1310 1385
1310 1390
1310 1412
1312 1316
1312 1384
1312 1418
1313 1315
1313 1599
1314 1423
1317 1323
1317 1329
1317 1332
1317 1333
1317 1347
1317 1367
1317 1387
1318 1327
1318 1334
1318 1341
1318 1345
1318 1346
1318 1392
1318 1402
1318 1408
1319 1327
1319 1341
1320 1323
1320 1329
1320 1330
1320 1332
1320 1333
1320 1342
1321 1322
1321 1326
1321 1343
1321 1344
1321 1349
1321 1362
1322 1326
1322 1343
1322 1344
1322 1352
1322 1452
1323 1324
1323 1329
1323 1332
1323 1340
1324 1332
1324 1347
1324 1351
1325 1346
1325 1402
1325 1410
1325 1445
1325 1506
1326 1328
1326 1341
1326 1342
1326 1344
1326 1452
1327 1341
1327 1345
1327 1392
1327 1432
1328 1337
1328 1343
1328 1363
1328 1372
1328 1452
1328 1486
1329 1333
1329 1350
1330 1335
1330 1340
1331 1346
1331 1401
1331 1408
1331 1410
1332 1336
1332 1344
1332 1347
1333 1342
1333 1348
1333 1349
1334 1335
1334 1336
1334 1392
1334 1399
1335 1340
1335 1391
1335 1408
1336 1338
1336 1341
1336 1344
1336 1351
1337 1342
1337 1446
1338 1340
1338 1351
1339 1342
1339 1345
1339 1346
1341 1344
1341 1345
1343 1352
1343 1362
1343 1372
1343 1452
1345 1346
1345 1426
1346 1402
1346 1408
1346 1410
1347 1367
1348 1349
1348 1363
1349 1359
1349 1362
1349 1363
1349 1370
1352 1450
1352 1479
1353 1363
1353 1373
1353 1477
1353 1486
1354 1361
1354 1365
1354 1373
1354 1378
1354 1379
1354 1482
1354 1490
1355 1369
1355 1383
1356 1362
1356 1365
1356 1371
1356 1485
1357 1364
1357 1374
1357 1400
1358 1368
1358 1378
1358 1379
1358 1380
1359 1366
1359 1367
1359 1370
1359 1375
1359 1376
1359 1387
1360 1362
1360 1366
1360 1367
1360 1369
1360 1370
1361 1456
1361 1472
1361 1475
1361 1482
1362 1363
1362 1365
1362 1370
1362 1372
1363 1370
1363 1372
1363 1373
1363 1486
1364 1400
1364 1405
1365 1370
1365 1372
1365 1373
1365 1374
1365 1379
1365 1490
1366 1369
1366 1370
1366 1371
1366 1374
1366 1376
1366 1382
1367 1383
1368 1370
1368 1373
1368 1375
1368 1377
1368 1379
1368 1381
1369 1371
1370 1373
1371 1374
1372 1467
1372 1485
1372 1486
1372 1490
1373 1375
1373 1490
1374 1377
1374 1379
1374 1382
1375 1386
1376 1381
1376 1382
1376 1386
1376 1387
1377 1379
1377 1380
1377 1381
1377 1382
1377 1385
1378 1379
1378 1394
1378 1422
1378 1482
1380 1381
1380 1385
1380 1397
1380 1412
1381 1382
1381 1386
1382 1385
1382 1388
1384 1385
1384 1388
1384 1400
1389 1407
1389 1422
1389 1482
1389 1495
1390 1393
1390 1406
1390 1409
1390 1412
1391 1393
1391 1395
1391 1396
1391 1398
1391 1408
1392 1399
1392 1419
1392 1516
1393 1396
1393 1406
1393 1409
1393 1423
1394 1407
1394 1415
1394 1416
1394 1422
1394 1523
1395 1398
1395 1404
1395 1411
1395 1418
1396 1398
1396 1408
1396 1414
1396 1420
1397 1400
1397 1406
1397 1412
1397 1415
1397 1417
1397 1422
1398 1399
1398 1411
1398 1414
1399 1419
1400 1405
1400 1411
1400 1413
1400 1415
1401 1423
1402 1408
1402 1506
1403 1413
1403 1419
1403 1421
1403 1492
1403 1497
1403 1520
1405 1411
1405 1413
1405 1418
1407 1414
1407 1415
1407 1422
1407 1523
1408 1410
1409 1423
1410 1420
1411 1413
1411 1415
1412 1417
1413 1416
1414 1415
1414 1421
1414 1523
1415 1417
1415 1422
1416 1488
1416 1520
1417 1422
1419 1497
1419 1516
1420 1507
1421 1492
1421 1507
1421 1514
1421 1523
1424 1442
1424 1445
1425 1440
1425 1449
1425 1450
1425 1452
1426 1445
1426 1446
1426 1452
1427 1430
1427 1444
1427 1487
1427 1543
1428 1433
1428 1447
1428 1450
1428 1455
1429 1431
1429 1432
1429 1434
1429 1436
1429 1440
1429 1448
1430 1435
1430 1451
1430 1453
1430 1487
1430 1549
1431 1432
1431 1434
1431 1436
1431 1439
1431 1442
1431 1493
1431 1505
1432 1493
1433 1440
1433 1444
1433 1449
1433 1450
1433 1467
1434 1436
1434 1438
1434 1447
1434 1454
1435 1436
1435 1438
1435 1447
1435 1451
1435 1455
1435 1541
1436 1437
1436 1438
1436 1439
1436 1440
1436 1447
1436 1451
1437 1441
1437 1442
1437 1451
1437 1534
1438 1439
1438 1447
1438 1522
1438 1537
1439 1442
1439 1502
1439 1522
1439 1537
1439 1592
1439 1617
1440 1447
1440 1448
1440 1449
1441 1451
1441 1525
1441 1545
1443 1444
1443 1446
1443 1467
1443 1486
1444 1449
1444 1459
1444 1467
1445 1446
1448 1451
1449 1450
1449 1452
1449 1467
1450 1479
1451 1534
1453 1455
1453 1487
1453 1549
1453 1577
1456 1464
1456 1466
1456 1472
1456 1473
1456 1485
1457 1459
1457 1465
1457 1466
1457 1467
1457 1476
1457 1477
1457 1486
1457 1490
1458 1461
1458 1480
1458 1484
1458 1491
1458 1561
1459 1465
1459 1476
1459 1478
1459 1481
1460 1462
1460 1464
1460 1469
1460 1473
1461 1469
1461 1478
1461 1577
1462 1464
1462 1476
1462 1479
1463 1465
1463 1466
1463 1468
1463 1471
1463 1474
1463 1484
1463 1489
1464 1465
1464 1466
1464 1473
1464 1476
1465 1466
1465 1474
1465 1476
1465 1484
1466 1471
1466 1474
1466 1482
1466 1490
1467 1476
1467 1486
1468 1474
1468 1480
1468 1484
1468 1489
1468 1498
1468 1517
1470 1473
1470 1474
1470 1475
1470 1488
1470 1494
1470 1496
1470 1520
1471 1474
1471 1475
1471 1482
1471 1489
1471 1495
1472 1473
1472 1488
1473 1483
1474 1496
1474 1517
1475 1482
1475 1494
1475 1495
1475 1520
1477 1486
1477 1490
1478 1481
1478 1484
1478 1570
1478 1574
1479 1485
1480 1589
1480 1618
1481 1484
1482 1495
1483 1496
1483 1521
1484 1554
1486 1490
1487 1543
1487 1577
1488 1520
1489 1495
1489 1498
1489 1512
1492 1494
1492 1497
1492 1499
1492 1500
1492 1514
1492 1519
1492 1520
1493 1505
1493 1506
1493 1511
1493 1514
1494 1495
1494 1496
1494 1499
1494 1512
1494 1517
1494 1520
1494 1523
1495 1512
1496 1517
1496 1519
1497 1500
1498 1509
1498 1512
1498 1517
1499 1501
1499 1505
1499 1507
1499 1514
1500 1504
1500 1505
1500 1514
1500 1519
1500 1524
1501 1504
1501 1505
1501 1515
1501 1518
1501 1519
1502 1503
1502 1504
1502 1515
1502 1522
1502 1592
1502 1603
1502 1617
1503 1504
1503 1518
1503 1522
1503 1524
1503 1590
1503 1620
1504 1505
1504 1515
1504 1522
1505 1514
1505 1515
1506 1507
1506 1511
1507 1511
1508 1510
1508 1512
1508 1513
1509 1510
1509 1518
1509 1589
1509 1594
1509 1597
1509 1614
1510 1513
1510 1515
1510 1614
1511 1513
1512 1517
1513 1515
1515 1615
1518 1519
1518 1524
1518 1590
1519 1524
1520 1523
1522 1537
1522 1616
1525 1527
1525 1534
1525 1545
1526 1530
1526 1592
1526 1595
1526 1611
1526 1616
1527 1534
1527 1550
1527 1617
1527 1619
1529 1532
1529 1533
1529 1539
1529 1546
1529 1596
1529 1606
1529 1619
1530 1537
1530 1541
1530 1544
1530 1550
1531 1532
1531 1544
1531 1596
1532 1544
1532 1546
1533 1539
1533 1546
1534 1541
1534 1542
1534 1545
1534 1550
1535 1536
1535 1538
1535 1552
1535 1568
1535 1584
1536 1538
1536 1542
1536 1548
1536 1552
1537 1592
1537 1616
1538 1542
1538 1544
1538 1547
1538 1551
1539 1585
1540 1542
1540 1543
1540 1549
1540 1551
1540 1575
1541 1542
1541 1547
1541 1549
1542 1545
1543 1545
1543 1549
1543 1575
1544 1546
1546 1550
1546 1619
1547 1549
1547 1551
1548 1552
1548 1584
1549 1577
1550 1592
1550 1595
1550 1619
1551 1580
1551 1583
1552 1584
1553 1555
1553 1563
1553 1565
1553 1578
1553 1583
1554 1559
1554 1561
1554 1562
1555 1556
1555 1568
1555 1572
1555 1573
1556 1573
1556 1582
1557 1558
1557 1562
1557 1572
1557 1576
1558 1563
1558 1566
1558 1570
1558 1573
1559 1562
1559 1574
1559 1582
1560 1565
1560 1571
1560 1576
1561 1566
1563 1564
1563 1565
1563 1566
1563 1570
1564 1566
1564 1570
1564 1577
1565 1566
1565 1571
1565 1576
1565 1578
1567 1602
1567 1604
1568 1573
1568 1583
1568 1584
1569 1571
1569 1576
1569 1579
1569 1581
1569 1591
1569 1610
1569 1618
1570 1574
1570 1575
1570 1577
1571 1576
1571 1581
1572 1576
1573 1575
1573 1582
1573 1584
1574 1575
1574 1582
1576 1579
1578 1580
1579 1588
1579 1613
1580 1583
1581 1618
1585 1606
1586 1590
1586 1591
1586 1594
1586 1610
1586 1618
1587 1596
1587 1600
1587 1606
1587 1607
1587 1611
1588 1591
1588 1593
1588 1600
1588 1604
1588 1610
1588 1612
1589 1594
1589 1601
1589 1618
1590 1594
1590 1598
1590 1620
1591 1601
1591 1604
1591 1608
1591 1609
1591 1610
1591 1618
1592 1595
1592 1603
1592 1611
1592 1616
1592 1617
1593 1600
1593 1610
1593 1613
1594 1597
1594 1608
1595 1596
1595 1603
1595 1607
1595 1611
1595 1619
1596 1599
1596 1611
1597 1603
1597 1605
1597 1608
1597 1614
1597 1615
1598 1611
1598 1620
1600 1606
1600 1608
1600 1612
1601 1608
1601 1609
1601 1618
1602 1604
1602 1609
1602 1612
1603 1607
1603 1615
1603 1617
1604 1609
1605 1608
1605 1609
1605 1614
1606 1607
1606 1612
1607 1619
1608 1609
1609 1612
1610 1613
1611 1620
1615 1617
1616 1620
