0.10354000 0.17163000 0.05539000
0.08052000 0.23274000 0.29551000
0.00796000 0.19649000 0.10344000
0.09932000 0.00406000 0.12715000
0.14426000 0.06579000 0.03361000
0.19318000 0.12434000 0.25358000
0.03547000 0.04307000 0.11126000
0.06392000 0.18074000 0.17869000
0.22528000 0.14193000 0.17031000
0.13777000 0.04818000 0.16931000
0.04278000 0.16507000 0.26871000
0.08115000 0.11058000 0.01608000
0.24376000 0.18251000 0.30410000
0.10585000 0.10847000 0.10156000
0.12795000 0.05203000 0.25362000
0.12467000 0.15646000 0.27462000
0.06742000 0.03454000 0.18954000
0.01781000 0.01993000 0.26284000
0.19517000 0.03316000 0.10906000
0.17075000 0.18528000 0.17125000
0.21301000 0.23751000 0.16855000
0.06249000 0.09336000 0.24825000
0.04584000 0.09827000 0.16952000
0.24588000 0.04047000 0.00214000
0.17817000 0.21147000 0.29022000
0.17429000 0.14138000 0.08210000
0.13209000 0.24881000 0.02493000
0.13943000 0.13045000 0.43783000
0.09747000 0.06704000 0.64376000
0.07905000 0.19533000 0.52567000
0.11124000 0.06627000 0.49228000
0.05807000 0.20196000 0.44578000
0.14500000 0.22847000 0.57735000
0.14638000 0.12857000 0.34857000
0.02963000 0.24314000 0.56805000
0.03470000 0.22550000 0.64824000
0.18141000 0.16171000 0.55360000
0.09806000 0.19702000 0.38050000
0.07374000 0.05241000 0.56581000
0.11984000 0.20670000 0.64848000
0.07186000 0.11976000 0.38191000
0.08286000 0.14106000 0.63241000
0.21263000 0.13243000 0.45472000
0.04056000 0.06233000 0.33443000
0.19368000 0.09126000 0.54319000
0.18806000 0.22842000 0.42427000
0.12940000 0.09181000 0.58024000
0.18872000 0.05775000 0.36737000
0.24380000 0.13528000 0.65058000
0.03437000 0.04987000 0.47071000
0.13176000 0.19542000 0.45927000
0.03573000 0.14591000 0.49876000
0.14961000 0.02435000 0.63619000
0.01294000 0.02592000 0.55061000
0.04023000 0.11537000 0.57821000
0.18032000 0.03516000 0.44896000
0.21274000 0.00261000 0.56443000
0.08678000 0.02166000 0.40359000
0.24695000 0.07055000 0.61794000
0.24091000 0.14954000 0.38222000
0.00427000 0.22014000 0.38821000
0.12609000 0.02937000 0.33421000
0.19507000 0.15378000 0.80532000
0.22389000 0.18519000 0.89531000
0.04300000 0.20411000 0.88250000
0.15885000 0.23492000 0.90120000
0.04139000 0.01367000 0.79266000
0.16549000 0.06039000 0.70710000
0.09617000 0.01014000 0.92308000
0.23703000 0.01970000 0.92696000
0.12783000 0.02094000 0.75498000
0.09309000 0.03572000 0.84496000
0.19850000 0.09836000 0.97609000
0.21555000 0.07573000 0.88366000
0.20660000 0.22338000 0.77616000
0.07140000 0.05787000 0.73010000
0.06193000 0.19849000 0.74592000
0.08893000 0.24213000 0.80204000
0.10285000 0.19528000 0.94057000
0.02142000 0.12831000 0.89388000
0.22749000 0.03227000 0.67765000
0.05975000 0.09106000 0.79654000
0.15579000 0.04540000 0.90564000
0.18232000 0.19064000 0.69134000
0.14413000 0.09407000 0.81570000
0.01660000 0.14807000 0.69946000
0.03233000 0.04949000 0.92615000
0.17316000 0.12413000 0.88937000
0.09984000 0.10730000 0.89213000
0.11630000 0.12162000 0.73085000
0.13634000 0.19110000 0.80852000
0.19444000 0.12174000 0.71121000
0.21233000 0.17984000 0.99077000
0.23925000 0.05711000 0.79267000
0.13771000 0.22798000 0.72373000
0.02073000 0.03050000 0.68414000
0.14417000 0.14884000 0.98771000
0.02320000 0.19477000 0.98601000
0.16263000 0.38522000 0.22679000
0.22373000 0.29734000 0.13433000
0.03252000 0.30879000 0.24341000
0.21825000 0.42932000 0.31152000
0.00844000 0.40713000 0.25629000
0.07253000 0.41367000 0.23202000
0.06808000 0.41803000 0.07660000
0.07634000 0.40585000 0.15196000
0.13786000 0.31087000 0.05336000
0.15371000 0.27857000 0.17057000
0.13715000 0.38066000 0.04886000
0.07426000 0.35570000 0.28862000
0.16785000 0.44931000 0.12056000
0.16190000 0.38531000 0.13612000
0.22038000 0.41988000 0.17772000
0.07293000 0.33636000 0.15731000
0.14453000 0.45808000 0.23743000
0.11820000 0.29717000 0.30014000
0.01712000 0.45143000 0.20152000
0.17656000 0.33088000 0.30423000
0.19771000 0.39358000 0.00427000
0.10015000 0.45149000 0.01748000
0.22797000 0.36841000 0.12959000
0.00071000 0.35877000 0.13787000
0.02925000 0.31403000 0.07575000
0.22727000 0.31673000 0.22721000
0.09205000 0.47451000 0.31781000
0.14421000 0.40262000 0.31779000
0.07843000 0.48452000 0.08324000
0.19448000 0.26529000 0.06625000
0.01757000 0.46682000 0.12626000
0.05323000 0.26009000 0.18322000
0.10414000 0.28110000 0.12372000
0.02620000 0.28273000 0.32215000
0.05041000 0.25455000 0.04521000
0.18676000 0.26324000 0.33059000
0.08697000 0.49201000 0.17560000
0.01123000 0.45151000 0.33332000
0.10266000 0.35979000 0.65617000
0.19204000 0.38519000 0.42507000
0.20218000 0.33834000 0.63136000
0.14521000 0.32603000 0.58424000
0.04651000 0.41580000 0.50218000
0.06068000 0.32429000 0.42179000
0.14564000 0.49168000 0.59399000
0.18704000 0.48287000 0.36032000
0.02195000 0.31558000 0.58685000
0.16433000 0.33224000 0.37617000
0.21470000 0.25731000 0.53638000
0.05591000 0.42130000 0.59168000
0.09166000 0.47010000 0.53882000
0.06563000 0.40243000 0.42354000
0.10654000 0.45207000 0.46635000
0.09757000 0.36028000 0.47954000
0.13203000 0.26636000 0.38854000
0.01753000 0.33392000 0.50284000
0.15154000 0.27137000 0.46458000
0.12593000 0.42740000 0.61387000
0.13173000 0.40212000 0.40334000
0.22639000 0.42171000 0.53234000
0.19640000 0.47721000 0.48336000
0.06163000 0.47827000 0.64364000
0.24578000 0.48125000 0.41741000
0.14773000 0.41695000 0.52741000
0.22621000 0.35876000 0.48753000
0.23516000 0.45495000 0.60808000
0.18266000 0.40620000 0.60175000
0.07340000 0.41381000 0.34062000
0.09399000 0.27900000 0.56680000
0.07223000 0.30005000 0.65411000
0.23865000 0.42335000 0.39018000
0.23975000 0.31042000 0.37221000
0.20226000 0.25967000 0.65300000
0.00062000 0.47167000 0.59694000
0.16690000 0.48459000 0.76345000
0.22287000 0.32674000 0.75698000
0.09515000 0.45261000 0.91302000
0.19672000 0.48144000 0.98817000
0.04888000 0.36344000 0.71705000
0.12689000 0.44896000 0.71322000
0.10717000 0.33320000 0.73213000
0.16114000 0.33915000 0.79107000
0.15467000 0.28060000 0.78452000
0.02160000 0.27370000 0.96836000
0.19412000 0.28876000 0.87946000
0.14742000 0.30098000 0.93370000
0.17696000 0.41009000 0.92628000
0.05184000 0.32987000 0.91194000
0.21556000 0.43765000 0.86117000
0.14285000 0.43253000 0.84780000
0.11092000 0.36540000 0.95099000
0.06351000 0.38259000 0.84783000
0.07492000 0.28542000 0.85442000
0.04279000 0.38887000 0.93933000
0.15762000 0.34444000 0.69020000
0.04376000 0.42955000 0.71413000
0.23674000 0.26943000 0.95930000
0.23726000 0.37877000 0.80647000
0.15020000 0.36360000 0.87601000
0.10011000 0.41029000 0.77968000
0.04041000 0.32144000 0.79315000
0.22513000 0.43004000 0.72898000
0.03639000 0.26252000 0.73178000
0.02405000 0.43357000 0.82108000
0.19470000 0.32346000 0.99317000
0.22362000 0.49739000 0.69916000
0.06558000 0.31669000 0.99455000
0.07130000 0.49570000 0.84518000
0.24297000 0.35952000 0.94038000
0.24555000 0.38664000 0.66788000
0.00148000 0.36551000 0.82920000
0.05415000 0.51931000 0.01973000
0.23977000 0.64106000 0.06940000
0.21842000 0.65714000 0.21578000
0.19495000 0.68518000 0.13199000
0.18854000 0.53410000 0.05191000
0.04486000 0.63799000 0.08587000
0.08042000 0.58437000 0.05288000
0.06586000 0.57013000 0.16150000
0.09808000 0.72330000 0.32283000
0.13764000 0.67854000 0.03157000
0.21917000 0.58319000 0.10619000
0.03016000 0.50798000 0.23380000
0.15697000 0.65950000 0.28159000
0.24607000 0.71813000 0.24209000
0.01865000 0.67031000 0.29305000
0.11620000 0.54096000 0.11396000
0.13768000 0.59347000 0.15789000
0.22289000 0.54068000 0.18081000
0.18314000 0.57204000 0.25386000
0.12563000 0.65711000 0.11075000
0.06012000 0.54345000 0.30083000
0.22707000 0.73834000 0.06759000
0.18544000 0.72715000 0.30820000
0.03447000 0.58200000 0.23652000
0.09424000 0.64866000 0.24595000
0.16417000 0.73159000 0.22246000
0.00161000 0.67468000 0.13081000
0.14583000 0.67352000 0.18769000
0.05539000 0.69635000 0.20022000
0.15108000 0.50876000 0.29545000
0.00211000 0.60411000 0.16961000
0.03262000 0.68483000 0.01953000
0.23993000 0.54250000 0.32161000
0.16339000 0.50709000 0.17020000
0.14644000 0.74979000 0.14140000
0.10218000 0.64260000 0.32935000
0.12176000 0.74955000 0.04925000
0.23931000 0.62506000 0.46571000
0.11202000 0.74586000 0.53645000
0.09977000 0.60959000 0.62631000
0.14326000 0.51508000 0.43047000
0.13357000 0.64623000 0.47491000
0.01937000 0.72043000 0.46929000
0.23297000 0.67447000 0.38432000
0.01583000 0.59194000 0.54387000
0.21021000 0.56872000 0.60240000
0.23191000 0.54377000 0.49860000
0.02901000 0.58696000 0.65378000
0.10590000 0.54146000 0.64434000
0.07523000 0.61735000 0.40465000
0.24372000 0.56668000 0.41046000
0.20785000 0.63068000 0.56598000
0.04479000 0.55494000 0.39075000
0.16469000 0.68716000 0.36696000
0.15487000 0.65269000 0.65986000
0.04104000 0.53948000 0.59215000
0.03769000 0.67390000 0.64492000
0.14544000 0.54489000 0.53360000
0.03229000 0.60189000 0.33694000
0.19405000 0.69764000 0.54040000
0.19731000 0.71973000 0.43994000
0.15672000 0.57418000 0.37988000
0.01489000 0.71455000 0.36868000
0.17814000 0.71362000 0.62935000
0.08575000 0.57245000 0.47004000
0.21664000 0.63006000 0.65237000
0.06417000 0.74274000 0.63680000
0.00080000 0.64747000 0.39400000
0.01126000 0.50577000 0.51418000
0.00147000 0.69987000 0.55471000
0.08908000 0.50384000 0.38447000
0.09804000 0.51656000 0.74506000
0.16489000 0.50953000 0.87783000
0.23339000 0.58471000 0.86366000
0.21730000 0.52659000 0.81376000
0.11736000 0.72452000 0.69509000
0.12520000 0.60146000 0.94658000
0.19851000 0.68928000 0.96667000
0.19460000 0.64915000 0.80390000
0.22984000 0.67420000 0.86886000
0.19862000 0.55926000 0.68635000
0.08438000 0.67318000 0.86587000
0.04928000 0.67857000 0.78921000
0.05549000 0.58442000 0.72084000
0.15554000 0.69804000 0.86138000
0.06073000 0.63051000 0.95850000
0.11968000 0.67510000 0.93158000
0.21039000 0.70780000 0.75325000
0.01435000 0.68900000 0.72061000
0.16272000 0.60708000 0.87791000
0.01671000 0.73852000 0.96532000
0.09313000 0.73880000 0.95493000
0.15919000 0.56856000 0.75430000
0.20962000 0.62558000 0.93342000
0.13584000 0.68467000 0.78418000
0.11823000 0.62535000 0.72418000
0.03672000 0.59369000 0.80438000
0.05001000 0.58984000 0.88967000
0.21585000 0.61417000 0.73928000
0.11142000 0.61404000 0.81117000
0.09328000 0.53953000 0.94618000
0.03294000 0.71935000 0.87096000
0.01571000 0.52386000 0.94744000
0.01732000 0.53586000 0.84886000
0.14116000 0.53197000 0.99989000
0.10736000 0.74899000 0.77728000
0.03816000 0.50152000 0.73161000
0.00041000 0.59406000 0.97611000
0.09281000 0.80426000 0.18929000
0.06380000 0.91911000 0.26137000
0.00411000 0.77219000 0.26729000
0.15209000 0.84021000 0.21463000
0.19879000 0.90244000 0.07870000
0.14517000 0.90474000 0.02895000
0.17991000 0.99456000 0.29819000
0.23929000 0.87390000 0.14993000
0.11422000 0.96857000 0.29115000
0.08542000 0.96442000 0.19828000
0.13295000 0.90179000 0.12938000
0.04392000 0.97178000 0.11429000
0.03848000 0.85785000 0.32686000
0.00717000 0.99346000 0.33170000
0.22298000 0.82990000 0.10071000
0.15727000 0.89560000 0.28009000
0.06845000 0.91963000 0.06781000
0.23812000 0.80502000 0.17022000
0.09245000 0.75567000 0.25395000
0.13162000 0.83540000 0.02209000
0.04640000 0.86475000 0.19805000
0.19125000 0.78719000 0.25535000
0.17213000 0.95769000 0.20162000
0.18522000 0.79411000 0.03803000
0.13194000 0.80865000 0.29197000
0.09901000 0.85588000 0.25268000
0.11389000 0.97832000 0.00374000
0.05726000 0.84968000 0.06083000
0.24961000 0.90355000 0.00366000
0.06501000 0.75293000 0.13074000
0.00046000 0.75126000 0.07670000
0.11085000 0.93706000 0.55360000
0.12627000 0.97045000 0.42540000
0.21548000 0.76095000 0.58094000
0.03292000 0.86950000 0.53489000
0.14624000 0.98789000 0.52630000
0.06614000 0.83654000 0.60114000
0.20429000 0.86661000 0.57954000
0.23798000 0.83697000 0.47374000
0.18602000 0.83741000 0.41045000
0.06192000 0.83310000 0.39428000
0.06497000 0.88191000 0.45282000
0.04532000 0.91773000 0.59826000
0.08051000 0.98465000 0.62388000
0.23614000 0.98868000 0.48647000
0.07938000 0.92770000 0.37608000
0.01360000 0.77303000 0.52079000
0.16356000 0.93602000 0.47631000
0.03704000 0.78191000 0.34600000
0.13653000 0.76934000 0.37383000
0.13787000 0.84766000 0.55348000
0.20270000 0.76776000 0.50062000
0.15337000 0.88336000 0.36313000
0.19920000 0.93935000 0.59493000
0.18398000 0.87575000 0.50453000
0.04748000 0.97915000 0.45296000
0.08455000 0.75331000 0.46039000
0.12119000 0.77808000 0.61071000
0.22953000 0.97161000 0.35595000
0.01202000 0.77205000 0.59747000
0.17037000 0.85240000 0.77764000
0.06119000 0.94463000 0.68697000
0.10947000 0.75187000 0.86270000
0.11633000 0.79129000 0.92489000
0.23863000 0.89622000 0.83820000
0.15612000 0.93361000 0.95830000
0.13326000 0.96927000 0.69335000
0.17400000 0.91905000 0.80676000
0.19370000 0.88282000 0.70967000
0.03193000 0.78821000 0.77135000
0.06243000 0.83232000 0.70796000
0.07402000 0.94501000 0.91230000
0.03966000 0.95115000 0.83581000
0.20934000 0.95921000 0.73728000
0.14778000 0.99543000 0.84452000
0.24175000 0.86199000 0.76036000
0.04420000 0.80521000 0.86031000
0.12255000 0.86588000 0.95409000
0.01205000 0.89070000 0.96625000
0.22073000 0.76908000 0.91671000
0.08160000 0.88037000 0.77123000
0.00865000 0.80740000 0.94011000
0.13443000 0.81103000 0.81987000
0.09566000 0.85952000 0.85912000
0.20792000 0.82127000 0.87500000
0.23642000 0.84732000 0.96887000
0.02948000 0.88182000 0.88824000
0.14617000 0.93459000 0.87977000
0.10777000 0.94210000 0.80611000
0.21874000 0.96182000 0.88972000
0.14362000 0.83883000 0.69036000
0.18236000 0.77256000 0.75090000
0.02314000 0.78691000 0.67590000
0.21872000 0.76071000 0.82213000
0.06541000 0.82990000 0.97312000
0.04796000 0.94503000 0.99918000
0.18780000 0.99430000 0.98512000
0.41288000 0.12474000 0.11987000
0.41957000 0.04074000 0.31842000
0.33650000 0.22519000 0.26867000
0.49776000 0.24912000 0.30109000
0.30317000 0.02372000 0.11329000
0.42363000 0.05469000 0.21130000
0.35811000 0.17420000 0.13438000
0.25877000 0.08391000 0.15897000
0.41162000 0.17353000 0.29107000
0.27954000 0.17280000 0.02198000
0.30288000 0.12778000 0.27376000
0.33097000 0.06073000 0.26283000
0.39070000 0.22221000 0.21092000
0.43361000 0.19952000 0.06657000
0.35695000 0.03605000 0.17034000
0.46796000 0.00388000 0.08001000
0.47343000 0.08367000 0.25231000
0.31962000 0.23704000 0.12823000
0.37327000 0.15724000 0.04730000
0.25453000 0.10638000 0.05299000
0.39707000 0.12367000 0.22534000
0.26213000 0.17089000 0.09821000
0.45944000 0.19247000 0.21156000
0.26365000 0.05702000 0.23693000
0.39876000 0.02158000 0.10273000
0.33357000 0.11104000 0.16666000
0.44439000 0.10384000 0.04208000
0.48233000 0.18560000 0.13438000
0.35338000 0.07380000 0.09983000
0.26893000 0.22417000 0.22121000
0.39394000 0.22888000 0.12924000
0.33436000 0.09950000 0.01580000
0.36659000 0.04117000 0.63798000
0.34893000 0.24445000 0.34751000
0.49068000 0.21774000 0.52329000
0.36714000 0.05865000 0.50946000
0.47066000 0.13342000 0.35778000
0.42272000 0.23748000 0.38894000
0.29711000 0.15238000 0.45840000
0.41658000 0.15948000 0.40887000
0.43778000 0.04492000 0.52759000
0.46321000 0.13441000 0.52495000
0.45701000 0.19340000 0.59420000
0.35351000 0.16964000 0.33426000
0.42715000 0.23627000 0.64563000
0.41030000 0.06580000 0.59139000
0.25890000 0.03855000 0.35236000
0.38865000 0.09250000 0.37526000
0.43527000 0.19805000 0.47068000
0.31756000 0.22138000 0.53682000
0.39243000 0.13593000 0.54037000
0.38850000 0.20923000 0.53250000
0.49294000 0.07451000 0.41470000
0.44589000 0.01308000 0.63248000
0.35456000 0.19339000 0.64666000
0.26185000 0.17003000 0.53146000
0.42118000 0.06967000 0.44281000
0.31519000 0.12532000 0.59360000
0.27463000 0.02846000 0.42936000
0.30716000 0.09718000 0.36696000
0.28370000 0.01041000 0.55341000
0.36699000 0.23783000 0.44520000
0.44041000 0.12294000 0.64592000
0.26509000 0.24421000 0.34654000
0.31239000 0.24645000 0.62112000
0.37001000 0.00511000 0.38733000
0.48512000 0.00466000 0.47370000
0.43991000 0.00090000 0.39412000
0.25232000 0.24720000 0.44659000
0.48534000 0.17892000 0.81335000
0.32891000 0.19003000 0.83875000
0.49431000 0.19099000 0.67419000
0.43850000 0.10458000 0.82800000
0.44146000 0.10054000 0.72994000
0.30327000 0.14563000 0.94270000
0.32344000 0.21898000 0.75543000
0.33944000 0.06941000 0.81481000
0.28726000 0.20090000 0.69172000
0.34177000 0.03457000 0.97340000
0.37432000 0.14566000 0.84174000
0.37650000 0.16027000 0.74097000
0.25789000 0.12225000 0.83617000
0.40002000 0.07470000 0.99261000
0.41383000 0.16293000 0.94623000
0.38762000 0.23298000 0.85194000
0.43344000 0.19917000 0.73211000
0.36965000 0.04640000 0.75393000
0.26206000 0.15704000 0.77229000
0.42697000 0.09028000 0.91961000
0.35184000 0.23659000 0.93506000
0.45407000 0.20675000 0.88246000
0.29082000 0.09894000 0.73893000
0.45183000 0.03402000 0.84681000
0.47941000 0.15794000 0.99379000
0.35840000 0.08684000 0.90346000
0.28427000 0.07238000 0.87322000
0.27942000 0.22406000 0.91903000
0.31665000 0.02330000 0.69586000
0.31743000 0.01537000 0.88868000
0.34451000 0.11362000 0.69202000
0.49399000 0.00692000 0.96945000
0.48781000 0.03240000 0.69145000
0.25227000 0.01550000 0.85163000
0.26232000 0.43204000 0.07247000
0.41937000 0.49757000 0.30381000
0.44526000 0.30328000 0.06948000
0.48303000 0.44087000 0.03594000
0.27442000 0.35210000 0.07599000
0.35678000 0.28123000 0.28620000
0.25787000 0.44734000 0.24033000
0.30080000 0.44115000 0.00605000
0.31469000 0.33672000 0.25242000
0.42843000 0.41238000 0.15946000
0.34603000 0.44733000 0.26808000
0.37112000 0.33610000 0.14380000
0.42828000 0.37773000 0.25483000
0.45187000 0.31532000 0.14957000
0.29604000 0.30324000 0.18345000
0.43046000 0.40052000 0.07015000
0.32334000 0.40407000 0.08885000
0.35302000 0.40154000 0.15907000
0.26904000 0.28493000 0.28127000
0.40307000 0.42192000 0.33242000
0.28605000 0.38989000 0.18025000
0.35380000 0.25323000 0.01169000
0.27352000 0.49798000 0.16102000
0.45995000 0.44166000 0.28080000
0.34418000 0.47551000 0.10188000
0.40017000 0.30476000 0.21054000
0.27996000 0.25285000 0.02108000
0.25427000 0.36256000 0.29064000
0.41306000 0.46412000 0.04018000
0.28040000 0.47178000 0.33282000
0.44018000 0.35564000 0.33203000
0.48078000 0.49783000 0.09955000
0.44003000 0.45954000 0.51565000
0.33871000 0.47697000 0.38074000
0.45132000 0.45776000 0.40164000
0.45115000 0.38415000 0.59272000
0.41390000 0.28670000 0.54320000
0.26894000 0.38736000 0.59475000
0.46311000 0.26968000 0.46964000
0.35749000 0.49819000 0.46099000
0.43371000 0.44975000 0.60127000
0.37873000 0.34983000 0.57352000
0.31639000 0.40802000 0.38404000
0.48088000 0.28061000 0.65785000
0.33225000 0.35726000 0.33494000
0.26614000 0.29933000 0.61152000
0.30736000 0.42925000 0.46358000
0.45521000 0.35093000 0.52338000
0.32268000 0.43503000 0.56267000
0.28613000 0.31121000 0.45127000
0.39697000 0.32154000 0.46901000
0.43258000 0.28949000 0.33858000
0.33443000 0.37090000 0.51293000
0.26115000 0.31921000 0.53086000
0.37340000 0.49503000 0.64580000
0.37904000 0.43162000 0.49401000
0.36623000 0.28107000 0.65104000
0.34754000 0.34556000 0.64185000
0.46961000 0.46319000 0.73579000
0.39969000 0.25394000 0.74586000
0.30207000 0.49359000 0.74380000
0.45353000 0.43338000 0.85729000
0.33885000 0.35141000 0.86392000
0.27923000 0.42557000 0.92336000
0.49104000 0.43622000 0.95755000
0.36004000 0.40818000 0.96671000
0.33792000 0.32689000 0.78030000
0.30752000 0.25515000 0.84867000
0.36981000 0.29366000 0.88016000
0.41835000 0.36708000 0.81431000
0.40081000 0.42365000 0.66992000
0.33250000 0.48223000 0.88041000
0.26564000 0.31908000 0.84146000
0.42312000 0.32916000 0.90838000
0.45634000 0.27756000 0.86454000
0.34937000 0.30637000 0.95195000
0.44346000 0.49234000 0.92713000
0.28439000 0.33581000 0.69047000
0.43508000 0.26174000 0.95762000
0.39288000 0.39392000 0.89227000
0.38503000 0.46830000 0.96370000
0.39901000 0.33202000 0.70885000
0.48912000 0.36701000 0.89711000
0.31427000 0.38867000 0.78899000
0.38729000 0.44112000 0.84191000
0.37926000 0.38252000 0.75125000
0.45264000 0.30359000 0.78323000
0.27096000 0.48057000 0.82257000
0.37045000 0.48132000 0.76499000
0.30769000 0.35521000 0.98638000
0.32706000 0.44822000 0.67146000
0.26027000 0.26126000 0.72347000
0.42850000 0.36227000 0.99997000
0.44872000 0.35675000 0.66759000
0.37629000 0.61110000 0.20441000
0.35525000 0.51294000 0.17755000
0.43943000 0.57072000 0.22644000
0.42229000 0.72268000 0.05754000
0.31691000 0.73920000 0.16811000
0.38401000 0.54860000 0.10534000
0.26115000 0.55878000 0.05502000
0.32182000 0.57658000 0.07136000
0.33290000 0.66195000 0.20732000
0.26532000 0.61296000 0.17300000
0.45347000 0.72319000 0.25079000
0.27823000 0.52106000 0.25617000
0.30030000 0.66847000 0.13484000
0.32550000 0.59187000 0.31515000
0.31061000 0.50487000 0.04117000
0.42859000 0.50666000 0.16682000
0.31241000 0.58003000 0.22681000
0.34143000 0.74152000 0.07114000
0.37219000 0.53320000 0.02565000
0.46168000 0.73114000 0.12507000
0.42930000 0.64353000 0.04519000
0.49116000 0.62782000 0.00552000
0.43880000 0.68341000 0.18834000
0.39646000 0.62395000 0.11717000
0.48788000 0.60371000 0.09766000
0.46871000 0.51750000 0.24292000
0.25347000 0.70738000 0.16312000
0.37825000 0.64997000 0.30038000
0.34926000 0.67431000 0.07843000
0.25031000 0.62283000 0.29430000
0.28819000 0.62220000 0.38162000
0.43259000 0.69929000 0.55202000
0.38420000 0.58983000 0.52156000
0.44719000 0.57561000 0.56587000
0.49833000 0.64902000 0.54365000
0.34784000 0.69823000 0.62035000
0.32505000 0.67296000 0.53360000
0.35468000 0.58255000 0.39018000
0.28200000 0.71654000 0.57882000
0.49184000 0.59991000 0.47924000
0.36316000 0.58446000 0.62552000
0.49609000 0.69359000 0.45146000
0.41253000 0.54383000 0.44510000
0.28658000 0.67264000 0.46098000
0.41683000 0.63567000 0.46530000
0.46091000 0.63406000 0.40218000
0.37989000 0.65545000 0.56665000
0.30019000 0.57001000 0.58435000
0.30626000 0.58488000 0.48068000
0.27504000 0.62979000 0.53202000
0.31824000 0.73257000 0.40300000
0.30158000 0.74064000 0.49659000
0.25162000 0.51728000 0.57679000
0.45043000 0.52261000 0.37240000
0.42347000 0.72435000 0.40395000
0.46559000 0.58538000 0.35505000
0.34912000 0.65997000 0.40537000
0.38931000 0.71269000 0.48745000
0.42712000 0.51367000 0.61173000
0.48773000 0.65768000 0.64319000
0.49182000 0.50432000 0.51959000
0.37906000 0.53764000 0.33941000
0.42283000 0.61212000 0.66081000
0.27771000 0.68111000 0.65221000
0.32561000 0.50475000 0.55667000
0.28233000 0.50189000 0.48419000
0.43866000 0.72332000 0.66655000
0.33043000 0.70748000 0.77806000
0.42250000 0.56497000 0.86765000
0.39450000 0.70954000 0.81200000
0.35424000 0.70976000 0.89707000
0.46868000 0.59957000 0.93387000
0.33102000 0.51820000 0.95647000
0.34198000 0.66605000 0.69476000
0.45053000 0.66583000 0.89028000
0.48126000 0.53846000 0.98856000
0.32524000 0.62265000 0.80331000
0.35729000 0.57492000 0.89874000
0.42481000 0.52724000 0.79463000
0.42092000 0.52354000 0.69452000
0.42608000 0.68808000 0.74096000
0.36420000 0.63996000 0.87389000
0.27052000 0.69188000 0.92348000
0.31976000 0.60226000 0.95688000
0.41803000 0.59004000 0.98797000
0.26334000 0.66179000 0.79898000
0.31266000 0.55342000 0.80826000
0.49609000 0.53498000 0.76279000
0.26878000 0.66036000 0.99724000
0.37314000 0.65784000 0.95098000
0.48982000 0.56964000 0.82982000
0.48697000 0.73032000 0.79978000
0.27131000 0.52682000 0.88394000
0.29332000 0.61084000 0.69697000
0.38967000 0.62647000 0.74644000
0.32082000 0.55836000 0.73113000
0.48705000 0.58355000 0.68921000
0.29524000 0.59887000 0.87958000
0.26698000 0.54271000 0.97672000
0.35674000 0.73749000 0.69913000
0.32280000 0.69895000 0.99425000
0.28285000 0.74754000 0.70638000
0.27411000 0.54753000 0.66767000
0.29707000 0.91226000 0.11881000
0.45014000 0.89791000 0.21110000
0.37070000 0.82107000 0.02477000
0.37391000 0.77514000 0.22425000
0.44597000 0.92150000 0.03929000
0.35483000 0.99259000 0.25304000
0.44416000 0.80901000 0.03767000
0.46700000 0.85902000 0.09627000
0.37467000 0.86228000 0.29548000
0.30184000 0.81296000 0.18173000
0.39353000 0.78527000 0.09748000
0.47361000 0.84043000 0.23198000
0.46381000 0.92719000 0.14056000
0.25664000 0.94644000 0.06777000
0.38596000 0.87428000 0.14858000
0.33340000 0.91720000 0.25964000
0.46308000 0.96533000 0.25588000
0.36841000 0.93666000 0.11629000
0.40304000 0.83029000 0.22318000
0.26971000 0.85848000 0.06093000
0.25347000 0.85776000 0.28082000
0.30248000 0.87880000 0.19003000
0.31751000 0.96468000 0.16626000
0.29251000 0.79150000 0.06621000
0.40684000 0.96989000 0.04658000
0.30322000 0.80021000 0.25626000
0.45265000 0.76598000 0.32709000
0.33663000 0.84959000 0.09110000
0.35624000 0.75778000 0.30936000
0.26657000 0.93009000 0.25302000
0.25444000 0.99070000 0.20638000
0.37501000 0.94018000 0.33057000
0.31164000 0.99916000 0.32651000
0.45012000 0.99911000 0.16947000
0.42742000 0.90461000 0.60260000
0.38267000 0.80815000 0.55528000
0.37569000 0.87052000 0.43394000
0.29741000 0.79784000 0.45262000
0.35933000 0.97477000 0.60355000
0.35487000 0.91472000 0.57365000
0.39825000 0.93713000 0.43036000
0.46152000 0.83855000 0.56942000
0.26695000 0.84949000 0.39534000
0.42346000 0.85139000 0.50048000
0.28882000 0.93591000 0.48709000
0.45785000 0.92763000 0.48778000
0.36106000 0.76888000 0.50199000
0.30439000 0.85089000 0.50238000
0.28339000 0.79609000 0.56327000
0.47055000 0.79998000 0.47479000
0.40634000 0.84241000 0.65464000
0.47114000 0.91691000 0.34246000
0.32618000 0.87369000 0.35110000
0.39143000 0.75910000 0.62117000
0.25473000 0.95551000 0.63900000
0.48855000 0.90155000 0.41602000
0.31752000 0.87292000 0.63522000
0.45807000 0.79490000 0.62282000
0.37652000 0.78408000 0.42302000
0.49439000 0.95067000 0.58471000
0.43608000 0.82703000 0.40346000
0.31450000 0.90612000 0.42744000
0.33630000 0.80660000 0.62028000
0.42121000 0.97765000 0.55728000
0.37706000 0.81695000 0.35668000
0.27439000 0.89929000 0.56546000
0.26730000 0.76049000 0.63476000
0.31328000 0.96565000 0.40337000
0.46838000 0.76174000 0.54047000
0.27705000 0.78749000 0.33565000
0.48166000 0.76489000 0.41284000
0.33610000 0.75266000 0.56988000
0.30930000 0.78440000 0.90349000
0.32893000 0.91504000 0.99092000
0.30984000 0.86580000 0.79354000
0.30023000 0.80173000 0.98090000
0.27006000 0.99295000 0.78113000
0.45987000 0.85541000 0.94813000
0.27619000 0.91998000 0.76636000
0.36621000 0.97383000 0.72433000
0.35630000 0.98997000 0.80817000
0.46293000 0.95804000 0.78102000
0.32730000 0.94346000 0.88503000
0.37899000 0.80433000 0.82112000
0.46559000 0.78794000 0.90569000
0.25243000 0.86312000 0.67775000
0.37454000 0.91808000 0.81687000
0.33124000 0.81519000 0.74127000
0.38453000 0.84128000 0.91879000
0.33684000 0.86072000 0.87116000
0.41013000 0.79780000 0.74122000
0.49153000 0.93165000 0.96763000
0.43816000 0.77093000 0.83785000
0.40126000 0.90019000 0.98608000
0.39544000 0.98360000 0.93306000
0.32335000 0.91291000 0.70676000
0.38579000 0.77657000 0.89713000
0.42647000 0.87188000 0.77556000
0.28490000 0.89092000 0.92090000
0.47442000 0.80202000 0.76542000
0.27308000 0.81344000 0.83122000
0.49725000 0.82747000 0.69117000
0.40981000 0.76382000 0.99845000
0.32369000 0.75511000 0.82864000
0.42172000 0.95084000 0.66815000
0.57758000 0.15971000 0.33142000
0.53301000 0.09627000 0.29929000
0.63289000 0.20207000 0.16312000
0.50893000 0.08525000 0.15025000
0.69827000 0.19296000 0.11118000
0.63584000 0.03505000 0.25496000
0.70145000 0.24869000 0.23713000
0.56538000 0.01047000 0.21624000
0.58413000 0.22008000 0.22741000
0.51662000 0.21941000 0.01824000
0.66102000 0.23397000 0.31300000
0.50867000 0.12936000 0.20738000
0.52284000 0.03626000 0.26981000
0.53832000 0.23161000 0.10476000
0.66962000 0.11229000 0.03355000
0.68513000 0.03585000 0.18992000
0.51451000 0.16196000 0.28445000
0.60125000 0.10105000 0.25113000
0.64583000 0.13209000 0.18159000
0.73876000 0.12390000 0.23170000
0.62987000 0.17436000 0.27677000
0.69175000 0.11536000 0.11103000
0.62007000 0.06410000 0.04147000
0.58302000 0.05468000 0.14325000
0.59568000 0.15752000 0.08828000
0.55947000 0.17279000 0.17038000
0.65511000 0.05227000 0.10897000
0.54189000 0.06721000 0.06398000
0.50937000 0.13073000 0.07799000
0.69426000 0.10198000 0.32317000
0.64123000 0.20262000 0.04346000
0.71831000 0.01285000 0.04138000
0.60872000 0.00366000 0.31596000
0.74530000 0.16261000 0.02467000
0.69195000 0.14905000 0.58095000
0.59076000 0.19233000 0.56111000
0.52351000 0.00979000 0.61683000
0.63472000 0.14155000 0.63421000
0.63394000 0.16963000 0.40463000
0.52981000 0.09731000 0.50106000
0.67204000 0.05125000 0.48967000
0.59956000 0.12557000 0.46551000
0.62178000 0.08122000 0.57154000
0.59384000 0.06149000 0.44105000
0.69882000 0.21956000 0.37808000
0.56326000 0.24691000 0.62746000
0.53765000 0.17944000 0.45006000
0.54450000 0.06974000 0.57083000
0.67493000 0.12494000 0.51377000
0.67456000 0.21528000 0.58520000
0.55660000 0.09061000 0.37728000
0.70804000 0.15351000 0.37342000
0.72671000 0.20589000 0.45962000
0.74261000 0.05692000 0.39212000
0.71840000 0.09938000 0.45608000
0.68822000 0.08271000 0.60315000
0.55345000 0.00277000 0.54698000
0.64690000 0.22565000 0.50236000
0.54546000 0.08812000 0.65097000
0.73173000 0.08319000 0.52864000
0.61474000 0.09097000 0.33684000
0.52900000 0.14291000 0.56418000
0.60686000 0.01579000 0.58794000
0.52848000 0.24398000 0.39181000
0.55341000 0.24689000 0.49154000
0.65042000 0.16071000 0.73621000
0.67266000 0.15648000 0.97093000
0.58121000 0.08519000 0.93660000
0.63545000 0.05015000 0.71823000
0.62080000 0.16230000 0.84205000
0.66709000 0.23726000 0.71642000
0.73637000 0.07698000 0.94445000
0.54447000 0.14357000 0.69701000
0.55456000 0.08482000 0.81816000
0.53802000 0.02911000 0.77031000
0.73304000 0.17016000 0.90732000
0.64801000 0.12481000 0.90741000
0.66258000 0.03288000 0.95095000
0.55251000 0.16451000 0.82536000
0.51864000 0.09200000 0.74033000
0.67142000 0.21047000 0.83990000
0.50794000 0.23020000 0.76220000
0.60849000 0.12047000 0.78583000
0.59880000 0.19583000 0.69031000
0.58548000 0.22650000 0.97566000
0.73440000 0.01533000 0.76720000
0.69743000 0.05402000 0.68325000
0.62877000 0.21984000 0.90940000
0.58883000 0.22728000 0.82767000
0.50584000 0.12929000 0.86682000
0.51678000 0.21491000 0.92803000
0.70040000 0.14757000 0.84222000
0.69930000 0.06974000 0.80358000
0.57690000 0.15723000 0.99044000
0.57118000 0.16085000 0.90432000
0.71899000 0.18933000 0.68314000
0.51346000 0.23899000 0.84554000
0.56717000 0.00300000 0.90085000
0.74731000 0.07853000 0.74119000
0.69622000 0.12065000 0.66766000
0.71668000 0.35682000 0.24527000
0.61007000 0.42634000 0.10232000
0.68327000 0.34600000 0.11536000
0.52633000 0.31311000 0.29007000
0.67541000 0.38947000 0.03913000
0.51286000 0.44586000 0.16695000
0.71762000 0.29839000 0.29500000
0.68835000 0.43183000 0.28754000
0.53026000 0.36622000 0.12363000
0.61355000 0.35558000 0.28160000
0.57392000 0.41967000 0.29649000
0.59783000 0.28144000 0.08677000
0.51806000 0.28704000 0.04802000
0.68948000 0.42170000 0.11396000
0.73288000 0.35605000 0.00405000
0.74525000 0.37571000 0.16939000
0.56324000 0.43733000 0.20999000
0.54573000 0.45775000 0.06142000
0.67301000 0.25493000 0.10275000
0.74945000 0.40980000 0.04784000
0.62018000 0.27612000 0.25685000
0.64296000 0.43831000 0.18539000
0.54202000 0.34976000 0.01067000
0.64283000 0.45909000 0.32687000
0.65700000 0.28889000 0.18811000
0.61244000 0.34439000 0.07203000
0.59855000 0.37736000 0.15648000
0.50970000 0.37973000 0.24753000
0.68153000 0.49355000 0.08335000
0.50784000 0.26342000 0.17493000
0.74887000 0.41879000 0.24261000
0.62650000 0.49186000 0.00386000
0.74717000 0.47855000 0.04608000
0.67434000 0.29592000 0.00364000
0.65772000 0.31298000 0.33206000
0.62705000 0.28904000 0.51041000
0.67844000 0.28554000 0.58159000
0.59742000 0.40761000 0.63536000
0.73973000 0.32628000 0.54326000
0.67767000 0.34556000 0.47318000
0.64868000 0.38195000 0.36380000
0.52990000 0.44008000 0.39985000
0.55287000 0.35062000 0.61990000
0.72793000 0.42348000 0.44518000
0.59032000 0.37009000 0.42668000
0.56552000 0.45826000 0.51690000
0.50042000 0.35776000 0.37050000
0.74393000 0.43440000 0.34219000
0.56933000 0.47423000 0.60170000
0.50275000 0.44193000 0.61358000
0.56533000 0.35765000 0.51104000
0.63765000 0.47417000 0.53461000
0.68625000 0.47892000 0.41516000
0.62221000 0.40017000 0.49337000
0.51577000 0.30919000 0.49500000
0.68834000 0.37483000 0.56477000
0.69051000 0.27799000 0.45434000
0.62869000 0.33932000 0.60547000
0.69924000 0.46605000 0.61180000
0.62477000 0.43064000 0.42158000
0.51329000 0.39855000 0.54661000
0.72412000 0.40722000 0.63533000
0.62570000 0.25806000 0.41058000
0.73153000 0.33374000 0.38601000
0.50898000 0.29325000 0.57717000
0.57139000 0.32731000 0.36085000
0.60508000 0.48992000 0.39411000
0.50109000 0.37450000 0.45122000
0.55823000 0.41328000 0.71293000
0.55489000 0.41639000 0.80709000
0.67690000 0.34915000 0.95878000
0.53020000 0.48320000 0.77347000
0.66669000 0.38189000 0.79806000
0.71728000 0.42933000 0.97672000
0.66657000 0.30749000 0.87525000
0.51808000 0.47339000 0.87597000
0.59854000 0.28848000 0.87068000
0.54680000 0.38946000 0.93231000
0.61415000 0.36435000 0.73646000
0.59636000 0.47449000 0.87702000
0.58048000 0.31464000 0.95191000
0.70795000 0.42693000 0.72961000
0.52620000 0.31726000 0.74854000
0.74035000 0.37336000 0.83705000
0.63280000 0.43515000 0.92348000
0.50279000 0.29259000 0.95650000
0.64788000 0.48562000 0.80268000
0.62030000 0.38332000 0.96905000
0.61514000 0.36499000 0.87023000
0.73329000 0.26684000 0.90827000
0.71473000 0.33806000 0.68399000
0.63221000 0.46600000 0.71521000
0.54349000 0.49599000 0.99212000
0.67868000 0.45563000 0.86459000
0.51240000 0.33073000 0.83530000
0.62739000 0.28921000 0.68325000
0.69687000 0.28712000 0.78324000
0.57888000 0.25977000 0.74379000
0.73115000 0.37875000 0.91847000
0.50023000 0.37423000 0.71708000
0.51832000 0.72118000 0.31365000
0.65011000 0.51299000 0.17281000
0.73685000 0.58929000 0.16692000
0.59533000 0.58505000 0.20232000
0.60132000 0.53467000 0.26543000
0.64091000 0.69677000 0.09945000
0.73853000 0.53244000 0.25418000
0.60016000 0.65796000 0.14804000
0.54967000 0.69289000 0.19002000
0.65347000 0.64913000 0.02925000
0.53408000 0.51852000 0.27752000
0.66938000 0.58761000 0.22042000
0.70069000 0.62357000 0.10880000
0.60099000 0.66664000 0.28195000
0.68762000 0.68211000 0.25910000
0.53938000 0.57137000 0.02615000
0.55685000 0.56845000 0.11997000
0.71295000 0.68069000 0.06297000
0.64696000 0.55972000 0.31650000
0.64032000 0.58661000 0.08608000
0.66790000 0.66229000 0.16664000
0.58697000 0.64042000 0.06433000
0.68059000 0.71907000 0.33142000
0.51278000 0.71997000 0.05904000
0.73382000 0.71621000 0.15637000
0.73966000 0.53994000 0.09563000
0.56520000 0.51305000 0.08575000
0.50523000 0.61949000 0.23975000
0.68333000 0.50194000 0.28061000
0.58049000 0.50079000 0.16346000
0.63335000 0.74809000 0.19484000
0.73123000 0.67587000 0.33006000
0.58275000 0.74905000 0.07121000
0.50661000 0.66933000 0.12482000
0.59616000 0.74177000 0.33327000
0.71048000 0.55280000 0.52845000
0.62404000 0.66336000 0.38139000
0.55304000 0.55636000 0.56852000
0.66578000 0.73261000 0.56598000
0.58671000 0.73413000 0.42025000
0.64750000 0.61951000 0.45575000
0.53210000 0.59415000 0.41007000
0.58347000 0.58848000 0.51743000
0.52521000 0.50025000 0.35724000
0.62276000 0.55687000 0.58108000
0.52931000 0.53786000 0.65410000
0.70946000 0.69992000 0.41165000
0.50725000 0.66675000 0.34223000
0.60343000 0.72310000 0.51130000
0.61380000 0.70951000 0.61942000
0.54144000 0.62278000 0.58616000
0.55725000 0.67315000 0.48623000
0.67665000 0.65561000 0.55113000
0.72238000 0.71786000 0.49199000
0.64682000 0.53268000 0.64781000
0.62070000 0.56245000 0.43789000
0.60807000 0.65600000 0.56400000
0.70656000 0.69507000 0.61572000
0.71014000 0.60814000 0.59177000
0.74554000 0.74766000 0.36795000
0.71940000 0.61770000 0.44070000
0.50708000 0.73276000 0.62866000
0.72266000 0.55247000 0.44791000
0.69704000 0.52926000 0.36475000
0.70161000 0.61091000 0.33937000
0.72083000 0.61245000 0.77339000
0.52889000 0.56710000 0.92360000
0.56301000 0.67401000 0.95952000
0.51098000 0.74623000 0.71154000
0.59765000 0.73069000 0.98103000
0.59458000 0.52517000 0.80782000
0.51607000 0.68250000 0.89391000
0.63828000 0.54777000 0.96520000
0.60139000 0.53992000 0.88613000
0.73629000 0.66790000 0.95366000
0.60147000 0.54936000 0.72251000
0.68989000 0.73963000 0.99690000
0.69958000 0.56323000 0.87845000
0.64204000 0.58415000 0.84888000
0.67545000 0.51820000 0.74324000
0.65380000 0.71914000 0.77650000
0.62102000 0.68507000 0.86355000
0.67521000 0.58063000 0.71378000
0.69422000 0.66156000 0.73379000
0.69189000 0.64239000 0.84481000
0.65777000 0.50511000 0.90736000
0.57427000 0.69304000 0.78237000
0.71109000 0.51886000 0.96361000
0.57498000 0.65778000 0.69132000
0.63606000 0.62341000 0.79107000
0.66649000 0.65324000 0.94982000
0.53070000 0.62709000 0.74747000
0.55646000 0.64506000 0.83703000
0.62616000 0.61221000 0.68199000
0.69776000 0.59208000 0.96778000
0.64691000 0.67945000 0.68281000
0.56257000 0.74045000 0.90848000
0.57328000 0.61386000 0.98719000
0.64607000 0.90764000 0.14790000
0.56549000 0.81216000 0.00139000
0.65140000 0.78089000 0.27579000
0.50980000 0.92730000 0.06323000
0.59911000 0.82160000 0.18148000
0.69836000 0.88195000 0.01260000
0.53820000 0.78537000 0.13564000
0.55135000 0.99486000 0.03469000
0.67425000 0.97066000 0.08522000
0.59024000 0.93937000 0.21344000
0.51712000 0.89042000 0.25130000
0.64472000 0.81140000 0.08941000
0.67553000 0.81389000 0.20734000
0.53960000 0.87454000 0.15453000
0.64241000 0.88209000 0.05861000
0.53545000 0.94529000 0.14983000
0.65770000 0.92316000 0.30569000
0.53345000 0.96399000 0.26684000
0.53477000 0.85619000 0.07257000
0.71787000 0.86410000 0.09321000
0.67658000 0.98597000 0.27929000
0.71308000 0.90951000 0.16469000
0.73612000 0.84813000 0.18769000
0.58386000 0.86867000 0.24749000
0.68162000 0.88918000 0.22780000
0.53291000 0.82073000 0.26843000
0.73145000 0.97669000 0.16351000
0.57335000 0.90989000 0.09221000
0.60507000 0.96188000 0.14178000
0.73056000 0.79650000 0.13369000
0.73161000 0.93092000 0.07929000
0.73776000 0.82648000 0.31453000
0.59071000 0.93724000 0.02296000
0.50118000 0.85498000 0.32668000
0.74952000 0.90204000 0.25406000
0.55715000 0.78871000 0.45933000
0.52898000 0.98673000 0.34979000
0.74070000 0.78945000 0.50698000
0.68730000 0.81959000 0.54209000
0.64976000 0.82501000 0.61618000
0.66157000 0.97985000 0.58639000
0.55723000 0.93541000 0.51342000
0.58589000 0.82507000 0.56876000
0.65772000 0.77373000 0.40376000
0.70687000 0.99331000 0.64229000
0.74912000 0.80575000 0.40732000
0.73434000 0.98879000 0.34139000
0.69135000 0.87999000 0.62255000
0.55099000 0.93519000 0.40347000
0.50746000 0.89443000 0.54228000
0.53976000 0.87496000 0.60766000
0.58820000 0.93034000 0.59721000
0.63235000 0.88316000 0.53210000
0.60055000 0.87241000 0.45855000
0.61362000 0.96032000 0.46806000
0.63779000 0.92757000 0.38405000
0.65611000 0.84180000 0.42964000
0.54240000 0.95578000 0.65042000
0.58124000 0.90128000 0.34481000
0.67391000 0.93798000 0.50988000
0.62200000 0.78937000 0.51627000
0.50470000 0.83156000 0.41828000
0.57788000 0.82511000 0.37457000
0.63522000 0.85895000 0.34460000
0.72110000 0.89229000 0.43297000
0.64760000 0.99414000 0.39472000
0.71394000 0.99900000 0.48267000
0.74992000 0.85912000 0.56222000
0.63789000 0.90035000 0.75621000
0.64701000 0.97165000 0.71241000
0.67106000 0.97383000 0.87499000
0.53019000 0.86976000 0.76157000
0.72264000 0.78052000 0.69972000
0.63438000 0.76912000 0.88144000
0.66388000 0.83970000 0.84472000
0.63880000 0.83163000 0.76219000
0.57249000 0.85654000 0.84186000
0.57466000 0.76461000 0.68112000
0.57729000 0.79021000 0.76748000
0.50823000 0.89602000 0.68452000
0.52293000 0.91576000 0.87470000
0.57570000 0.99451000 0.71662000
0.72735000 0.75173000 0.78708000
0.57036000 0.85670000 0.69861000
0.70601000 0.84170000 0.74072000
0.72527000 0.94533000 0.74028000
0.64413000 0.75106000 0.68755000
0.51976000 0.86977000 0.97644000
0.64365000 0.79752000 0.97451000
0.68891000 0.84058000 0.93094000
0.52663000 0.82816000 0.89334000
0.57094000 0.92319000 0.73605000
0.56750000 0.78379000 0.84601000
0.59269000 0.92444000 0.81584000
0.73678000 0.91628000 0.94395000
0.50297000 0.76286000 0.99345000
0.74385000 0.84289000 0.82723000
0.67921000 0.96153000 0.96275000
0.51224000 0.98303000 0.85074000
0.63674000 0.90368000 0.67288000
0.74524000 0.94397000 0.87201000
0.90020000 0.09103000 0.29344000
0.80473000 0.04425000 0.17206000
0.95693000 0.01507000 0.15127000
0.86262000 0.12138000 0.03690000
0.78847000 0.01593000 0.01955000
0.97823000 0.14505000 0.26903000
0.96562000 0.22842000 0.30982000
0.82848000 0.20268000 0.19162000
0.99841000 0.12628000 0.08301000
0.75497000 0.18017000 0.26325000
0.81910000 0.16434000 0.30281000
0.92159000 0.14394000 0.23197000
0.98012000 0.09686000 0.15436000
0.81724000 0.14220000 0.22616000
0.86269000 0.21719000 0.03796000
0.89983000 0.20864000 0.16370000
0.96451000 0.07551000 0.04031000
0.84919000 0.14106000 0.14621000
0.90124000 0.09668000 0.10993000
0.93339000 0.02075000 0.32994000
0.95934000 0.21273000 0.22078000
0.86778000 0.01268000 0.03576000
0.80144000 0.05894000 0.28409000
0.94706000 0.18719000 0.08443000
0.87785000 0.19915000 0.26666000
0.98049000 0.07481000 0.24592000
0.88037000 0.04975000 0.21749000
0.97602000 0.23891000 0.02844000
0.81365000 0.24719000 0.29179000
0.75574000 0.02289000 0.23727000
0.75282000 0.20452000 0.17360000
0.76801000 0.10650000 0.32810000
0.94496000 0.18843000 0.42622000
0.84043000 0.19945000 0.61721000
0.79959000 0.14878000 0.60849000
0.88481000 0.17107000 0.47407000
0.84504000 0.23673000 0.45539000
0.79799000 0.02589000 0.36158000
0.79292000 0.12776000 0.52707000
0.89745000 0.13196000 0.56674000
0.97971000 0.18280000 0.53543000
0.88840000 0.23065000 0.39257000
0.87324000 0.06338000 0.58547000
0.91319000 0.22497000 0.57571000
0.85521000 0.11786000 0.36850000
0.97853000 0.11776000 0.33622000
0.76257000 0.05336000 0.65157000
0.92904000 0.08365000 0.52790000
0.78816000 0.06307000 0.47255000
0.90335000 0.16689000 0.36128000
0.79918000 0.05489000 0.55874000
0.97046000 0.01476000 0.41081000
0.96455000 0.01496000 0.60829000
0.83294000 0.12969000 0.44360000
0.94590000 0.18685000 0.64041000
0.95377000 0.07569000 0.38513000
0.86443000 0.03742000 0.38582000
0.80994000 0.20530000 0.36598000
0.97196000 0.11959000 0.45290000
0.84967000 0.20312000 0.52822000
0.84150000 0.01357000 0.49007000
0.76419000 0.15302000 0.41862000
0.89475000 0.09223000 0.45968000
0.97349000 0.10778000 0.58986000
0.75455000 0.22130000 0.54274000
0.91457000 0.07884000 0.66189000
0.80647000 0.10930000 0.68578000
0.79461000 0.17026000 0.70247000
0.97094000 0.07014000 0.87856000
0.93287000 0.20191000 0.75202000
0.78907000 0.20372000 0.96180000
0.82068000 0.04111000 0.79557000
0.81412000 0.06601000 0.96264000
0.80722000 0.13367000 0.80730000
0.95288000 0.13165000 0.70621000
0.90443000 0.01530000 0.91014000
0.95978000 0.07014000 0.74703000
0.91724000 0.02029000 0.70345000
0.90993000 0.10499000 0.83604000
0.88608000 0.23910000 0.82617000
0.87018000 0.17439000 0.79466000
0.83664000 0.10872000 0.88218000
0.79038000 0.21042000 0.88097000
0.88938000 0.06271000 0.97425000
0.85771000 0.05145000 0.71666000
0.97630000 0.00546000 0.91778000
0.97113000 0.12982000 0.99370000
0.88316000 0.01880000 0.81558000
0.80840000 0.22378000 0.77517000
0.97524000 0.19834000 0.90326000
0.87009000 0.19875000 0.71068000
0.97631000 0.23904000 0.68065000
0.96360000 0.14450000 0.82904000
0.76820000 0.23417000 0.69689000
0.75291000 0.01172000 0.89038000
0.90082000 0.24780000 0.95029000
0.75335000 0.10043000 0.86934000
0.75218000 0.17656000 0.76767000
0.87651000 0.28855000 0.27689000
0.86207000 0.43591000 0.01868000
0.75154000 0.47601000 0.13249000
0.89785000 0.35201000 0.16835000
0.82697000 0.41859000 0.30597000
0.80074000 0.47269000 0.24029000
0.86759000 0.27001000 0.19058000
0.78853000 0.26519000 0.20110000
0.98457000 0.48972000 0.03210000
0.86401000 0.43896000 0.22108000
0.83161000 0.48620000 0.07136000
0.89824000 0.48904000 0.29473000
0.94355000 0.28368000 0.22112000
0.90476000 0.32968000 0.08952000
0.97599000 0.36939000 0.01946000
0.83811000 0.33616000 0.19732000
0.92076000 0.34473000 0.26458000
0.81226000 0.38001000 0.00928000
0.87882000 0.32165000 0.01937000
0.78937000 0.37789000 0.11375000
0.95901000 0.47709000 0.25523000
0.77436000 0.29675000 0.06620000
0.96170000 0.42761000 0.14183000
0.85801000 0.26818000 0.09508000
0.83493000 0.43706000 0.12539000
0.93017000 0.42153000 0.20953000
0.82619000 0.49584000 0.32890000
0.81290000 0.40338000 0.19444000
0.90308000 0.46847000 0.09435000
0.94836000 0.42643000 0.04810000
0.79013000 0.31674000 0.26104000
0.96478000 0.37736000 0.31630000
0.88485000 0.38568000 0.32453000
0.98429000 0.25516000 0.15759000
0.75890000 0.29259000 0.14316000
0.75946000 0.49985000 0.32133000
0.99136000 0.46100000 0.40692000
0.91906000 0.46547000 0.53856000
0.75509000 0.26177000 0.43101000
0.78535000 0.45051000 0.46819000
0.81357000 0.39502000 0.61219000
0.98643000 0.37841000 0.59273000
0.91451000 0.32312000 0.39276000
0.80597000 0.35384000 0.38898000
0.84747000 0.49199000 0.57828000
0.83693000 0.43658000 0.40131000
0.92315000 0.44905000 0.35746000
0.76717000 0.35516000 0.63015000
0.86542000 0.43408000 0.48373000
0.84739000 0.33235000 0.46763000
0.83166000 0.30008000 0.35646000
0.93672000 0.36410000 0.50244000
0.75602000 0.31996000 0.46092000
0.87772000 0.38558000 0.42311000
0.78108000 0.38475000 0.49436000
0.86626000 0.49666000 0.40310000
0.93988000 0.43415000 0.45387000
0.84159000 0.36560000 0.55272000
0.98990000 0.36803000 0.43186000
0.92226000 0.27674000 0.44924000
0.89186000 0.32986000 0.58277000
0.91713000 0.42944000 0.61227000
0.90065000 0.39070000 0.55545000
0.95691000 0.29943000 0.61889000
0.95680000 0.28415000 0.53578000
0.86340000 0.28514000 0.53908000
0.76989000 0.25861000 0.35066000
0.83413000 0.28106000 0.66555000
0.89573000 0.25622000 0.64181000
0.99430000 0.28429000 0.45313000
0.92918000 0.27496000 0.34651000
0.80034000 0.25897000 0.59198000
0.98795000 0.49580000 0.66587000
0.97212000 0.27264000 0.76561000
0.89007000 0.34353000 0.91537000
0.79609000 0.45063000 0.99381000
0.93087000 0.30994000 0.84013000
0.88932000 0.43947000 0.68898000
0.81641000 0.32475000 0.85236000
0.93888000 0.38973000 0.86546000
0.92423000 0.34562000 0.69161000
0.84697000 0.39285000 0.86332000
0.79546000 0.40983000 0.93154000
0.82847000 0.36200000 0.69020000
0.99089000 0.33069000 0.95099000
0.90774000 0.48287000 0.97459000
0.79047000 0.46994000 0.81377000
0.80550000 0.27625000 0.94805000
0.76688000 0.35024000 0.74087000
0.90137000 0.29315000 0.75314000
0.95137000 0.46957000 0.76587000
0.91569000 0.39664000 0.97256000
0.99333000 0.26519000 0.84257000
0.99350000 0.43276000 0.96351000
0.82974000 0.36884000 0.78548000
0.99540000 0.30924000 0.68816000
0.77729000 0.41702000 0.74161000
0.90252000 0.44154000 0.81237000
0.89842000 0.39354000 0.74979000
0.80230000 0.46561000 0.69013000
0.98695000 0.37259000 0.75060000
0.77096000 0.28318000 0.77264000
0.76236000 0.47056000 0.90748000
0.98064000 0.45576000 0.89290000
0.86855000 0.49017000 0.84477000
0.96828000 0.41311000 0.70107000
0.95808000 0.26643000 0.92075000
0.97652000 0.60257000 0.05825000
0.80192000 0.56163000 0.19835000
0.91704000 0.52470000 0.16019000
0.92819000 0.70316000 0.30313000
0.76753000 0.66274000 0.26262000
0.86257000 0.59691000 0.11403000
0.86703000 0.71984000 0.24826000
0.86555000 0.63363000 0.01297000
0.87414000 0.55762000 0.05629000
0.83630000 0.63111000 0.30517000
0.80563000 0.63368000 0.07806000
0.82498000 0.72045000 0.16045000
0.86234000 0.66462000 0.11594000
0.93552000 0.70381000 0.09773000
0.77959000 0.69777000 0.07820000
0.86137000 0.71817000 0.02234000
0.85744000 0.61559000 0.19448000
0.99259000 0.72648000 0.17962000
0.93610000 0.66663000 0.02023000
0.96330000 0.57007000 0.29696000
0.91674000 0.63616000 0.32560000
0.99224000 0.54712000 0.10342000
0.97274000 0.53543000 0.21282000
0.79715000 0.65424000 0.16829000
0.93327000 0.62758000 0.18400000
0.86593000 0.58162000 0.26477000
0.77320000 0.58839000 0.28786000
0.90466000 0.70317000 0.17615000
0.84930000 0.51468000 0.22047000
0.80171000 0.74795000 0.31170000
0.75122000 0.60331000 0.05784000
0.75771000 0.74918000 0.23169000
0.82500000 0.54303000 0.53059000
0.91918000 0.58334000 0.44662000
0.83480000 0.73359000 0.54899000
0.92053000 0.65799000 0.43729000
0.75807000 0.66491000 0.50690000
0.83907000 0.72854000 0.45630000
0.78472000 0.64217000 0.41804000
0.94113000 0.64258000 0.58804000
0.81344000 0.61082000 0.49910000
0.87850000 0.63827000 0.50918000
0.89527000 0.58213000 0.54292000
0.89073000 0.58252000 0.36966000
0.92955000 0.69753000 0.63597000
0.77127000 0.73991000 0.43923000
0.81653000 0.56746000 0.65086000
0.91809000 0.58456000 0.61955000
0.76852000 0.50400000 0.56357000
0.78173000 0.58812000 0.56359000
0.86751000 0.64129000 0.62050000
0.87116000 0.52864000 0.64377000
0.84992000 0.61500000 0.42906000
0.98238000 0.52633000 0.43291000
0.92408000 0.73667000 0.46544000
0.75354000 0.57926000 0.37347000
0.86057000 0.73806000 0.65047000
0.96859000 0.67516000 0.47976000
0.93314000 0.51176000 0.60365000
0.76294000 0.65129000 0.64640000
0.92815000 0.71538000 0.53893000
0.79223000 0.52306000 0.44340000
0.93862000 0.52333000 0.36547000
0.88831000 0.73392000 0.34433000
0.76362000 0.52332000 0.65962000
0.97374000 0.63160000 0.65727000
0.90543000 0.50921000 0.47200000
0.75149000 0.74696000 0.58010000
0.81499000 0.55462000 0.80290000
0.87710000 0.57325000 0.96796000
0.86547000 0.57833000 0.73864000
0.94802000 0.55419000 0.69330000
0.81294000 0.63516000 0.69590000
0.75151000 0.52788000 0.83587000
0.94847000 0.69258000 0.71424000
0.88699000 0.58236000 0.82745000
0.77108000 0.60411000 0.88020000
0.86784000 0.65438000 0.84624000
0.84060000 0.74570000 0.93723000
0.80049000 0.73721000 0.87725000
0.81352000 0.67742000 0.91300000
0.84862000 0.61441000 0.92257000
0.95026000 0.53632000 0.94520000
0.94888000 0.53941000 0.85734000
0.97785000 0.63851000 0.80710000
0.90981000 0.74040000 0.79144000
0.96117000 0.70264000 0.82775000
0.94819000 0.60396000 0.91609000
0.94325000 0.61956000 0.72969000
0.97348000 0.66326000 0.89628000
0.84493000 0.54813000 0.89133000
0.90127000 0.69292000 0.90661000
0.77583000 0.51857000 0.96804000
0.88406000 0.65783000 0.71172000
0.82448000 0.70720000 0.80016000
0.80180000 0.63424000 0.80930000
0.81668000 0.52453000 0.72632000
0.75821000 0.71822000 0.71135000
0.79004000 0.71166000 0.98596000
0.88688000 0.50006000 0.75734000
0.75151000 0.67676000 0.82152000
0.98438000 0.80358000 0.12676000
0.76967000 0.85553000 0.03242000
0.94828000 0.82006000 0.05517000
0.78943000 0.96867000 0.21381000
0.91615000 0.95306000 0.01375000
0.80607000 0.84143000 0.10153000
0.81478000 0.98014000 0.08739000
0.88327000 0.97565000 0.09971000
0.98705000 0.93882000 0.07114000
0.91178000 0.78180000 0.12573000
0.91462000 0.96204000 0.27124000
0.95451000 0.90770000 0.19102000
0.81033000 0.76942000 0.05799000
0.86848000 0.91163000 0.20041000
0.97341000 0.99166000 0.01968000
0.89384000 0.85142000 0.29165000
0.85270000 0.80451000 0.18311000
0.90955000 0.85069000 0.19675000
0.92336000 0.78978000 0.29509000
0.83562000 0.92094000 0.10260000
0.94266000 0.78243000 0.22371000
0.90857000 0.91146000 0.08005000
0.79907000 0.85613000 0.22094000
0.99168000 0.87438000 0.25950000
0.84356000 0.80206000 0.26408000
0.88070000 0.84081000 0.06726000
0.83178000 0.89310000 0.30293000
0.99819000 0.95896000 0.23810000
0.82000000 0.95626000 0.43690000
0.91840000 0.80063000 0.57263000
0.90101000 0.98027000 0.42896000
0.98331000 0.94593000 0.45812000
0.91374000 0.91046000 0.56844000
0.89648000 0.87921000 0.47395000
0.96706000 0.81897000 0.51441000
0.76722000 0.98572000 0.55420000
0.85098000 0.80528000 0.54621000
0.96478000 0.85207000 0.58908000
0.84059000 0.88574000 0.43774000
0.80557000 0.83248000 0.42072000
0.77706000 0.91791000 0.49392000
0.81813000 0.86322000 0.51176000
0.99589000 0.94836000 0.64357000
0.90225000 0.94852000 0.35737000
0.83178000 0.89845000 0.63987000
0.87632000 0.81497000 0.43350000
0.77334000 0.91940000 0.60003000
0.91097000 0.98091000 0.53834000
0.95385000 0.90643000 0.39449000
0.95053000 0.79706000 0.44057000
0.93432000 0.82764000 0.36854000
0.84245000 0.94532000 0.57200000
0.84181000 0.78407000 0.36368000
0.75148000 0.95632000 0.43209000
0.85331000 0.97769000 0.65140000
0.75827000 0.91705000 0.36007000
0.78559000 0.85654000 0.62717000
0.99522000 0.86205000 0.45480000
0.83388000 0.96873000 0.34083000
0.98034000 0.93073000 0.33481000
0.99706000 0.94814000 0.93559000
0.80925000 0.84424000 0.74457000
0.85813000 0.92927000 0.89262000
0.87775000 0.95268000 0.73372000
0.88050000 0.76827000 0.72680000
0.78980000 0.79072000 0.82518000
0.88652000 0.88922000 0.70520000
0.83594000 0.80302000 0.98911000
0.83329000 0.97128000 0.78969000
0.85570000 0.80924000 0.79297000
0.85525000 0.87299000 0.99140000
0.82942000 0.95633000 0.98113000
0.91371000 0.79958000 0.84134000
0.79591000 0.84462000 0.88163000
0.75701000 0.98045000 0.96330000
0.88124000 0.91604000 0.81557000
0.92524000 0.81743000 0.70839000
0.99590000 0.95357000 0.75723000
0.88391000 0.80563000 0.92218000
0.94173000 0.93605000 0.69178000
0.97571000 0.85855000 0.81794000
0.92454000 0.94617000 0.90977000
0.90778000 0.87048000 0.91952000
0.90723000 0.85356000 0.78975000
0.97005000 0.88761000 0.74570000
0.80214000 0.90745000 0.72858000
0.79792000 0.87321000 0.94964000
0.93717000 0.95011000 0.82291000
0.78238000 0.98597000 0.69725000
0.97554000 0.76630000 0.79796000
0.94884000 0.75358000 0.92997000
0.76239000 0.78353000 0.99251000
0.91496000 0.76758000 0.99715000
0.85543000 0.82263000 0.66741000
0.93143000 0.87756000 0.99670000
0.75068000 0.79792000 0.90992000
