Simulation began at: 2022-12-02 20:44:03.060219

Box details:
	cell parameters = 52.79450 54.79430 45.19530
	cell volume = 130742.65416 Å^3
	Ca number density = 0.01239075

Lennard-Jones parameters set:
	eps = 0.00950718 eV
	sigma = 3.75849720 Å

Gaussian parameters set:
	eps = 0.03968365 eV
	H = -0.05979992 eV # See LAMMPS documentation
	r0 = 5.99124646 Å
	sigma = 0.60117255 Å

Gaussian (II) parameters set:
	eps = -0.03112717 eV
	H = 0.07261839 eV # See LAMMPS documentation
	r0 = 5.91965995 Å
	sigma = 0.93071570 Å

Performing Monte-Carlo simulation.
	Max moves = 8000000
	Max accepted moves = 4000000
	Temperature = 300 K
	Max translation = 0.1 Å
	Energy(start) = 778781728.28681 eV
	Number of cores = 48


Tracking simulation progress:
nmoves, naccept, nboltzmann, nhardspherereject, nreject | curr_e, hs_violations
-------------------------------------------------------------------------------
         0          0          0          0          0 | 778781728.28681386            -
     10000       5739        734          0       4261 | 5108565.18904153            -
     20000      11562       1679          0       8438 | 25195.25452871            -
     30000      17604       2885          0      12396 | 1624.37530343            -
     40000      23772       4337          0      16228 |  47.23942943            -
     50000      30148       6073          0      19852 |   7.36985421            -
     60000      36898       8184          0      23102 |   1.00752772            -
     70000      43717      10591          0      26283 |   0.39041251            -
     80000      50834      13234          0      29166 |   0.19547563            -
     90000      58269      16262          0      31731 |   0.10071279            -
    100000      65892      19519          0      34108 |   0.06332580            -
    110000      73796      22987          0      36204 |   0.04450317            -
    120000      81842      26679          0      38158 |   0.03370628            -
    130000      89938      30475          0      40062 |   0.02682572            -
    140000      98156      34351          0      41844 |   0.02300621            -
    150000     106490      38352          0      43510 |   0.02018758            -
    160000     114923      42399          0      45077 |   0.01771072            -
    170000     123304      46444          0      46696 |   0.01563429            -
    180000     131740      50518          0      48260 |   0.01350733            -
    190000     140210      54682          0      49790 |   0.01225324            -
    200000     148703      58864          0      51297 |   0.01127284            -
    210000     157228      63072          0      52772 |   0.00982831            -
    220000     165807      67356          0      54193 |   0.01020637            -
    230000     174373      71582          0      55627 |   0.00965426            -
    240000     182962      75814          0      57038 |   0.00870456            -
    250000     191578      80082          0      58422 |   0.00804943            -
    260000     200163      84330          0      59837 |   0.00736775            -
    270000     208816      88629          0      61184 |   0.00747064            -
    280000     217467      92981          0      62533 |   0.00719053            -
    290000     226072      97217          0      63928 |   0.00677589            -
    300000     234694     101538          0      65306 |   0.00651199            -
    310000     243357     105801          0      66643 |   0.00582822            -
    320000     251973     110053          0      68027 |   0.00519690            -
    330000     260635     114342          0      69365 |   0.00460735            -
    340000     269285     118659          0      70715 |   0.00485800            -
    350000     278000     122967          0      72000 |   0.00465923            -
    360000     286671     127315          0      73329 |   0.00524231            -
    370000     295361     131666          0      74639 |   0.00516612            -
    380000     304058     135986          0      75942 |   0.00385931            -
    390000     312810     140320          0      77190 |   0.00310563            -
    400000     321556     144680          0      78444 |   0.00345369            -
    410000     330296     149037          0      79704 |   0.00311025            -
    420000     339015     153318          0      80985 |   0.00276227            -
    430000     347748     157680          0      82252 |   0.00249603            -
    440000     356432     162048          0      83568 |   0.00305821            -
    450000     365184     166426          0      84816 |   0.00285417            -
    460000     373875     170765          0      86125 |   0.00261735            -
    470000     382644     175141          0      87356 |   0.00249190            -
    480000     391388     179517          0      88612 |   0.00269727            -
    490000     400099     183862          0      89901 |   0.00261578            -
    500000     408798     188206          0      91202 |   0.00230636            -
    510000     417531     192513          0      92469 |   0.00196818            -
    520000     426270     196907          0      93730 |   0.00273847            -
    530000     435023     201197          0      94977 |   0.00201323            -
    540000     443800     205555          0      96200 |   0.00182501            -
    550000     452473     209962          0      97527 |   0.00212734            -
    560000     461230     214353          0      98770 |   0.00184095            -
    570000     469925     218723          0     100075 |   0.00231560            -
    580000     478697     223090          0     101303 |   0.00144885            -
    590000     487441     227516          0     102559 |   0.00183092            -
    600000     496173     231873          0     103827 |   0.00208964            -
    610000     504880     236192          0     105120 |   0.00157320            -
    620000     513638     240561          0     106362 |   0.00163988            -
    630000     522409     244931          0     107591 |   0.00194323            -
    640000     531154     249352          0     108846 |   0.00210305            -
    650000     539862     253592          0     110138 |   0.00147270            -
    660000     548582     258007          0     111418 |   0.00156119            -
    670000     557280     262334          0     112720 |   0.00140379            -
    680000     566032     266680          0     113968 |   0.00131364            -
    690000     574856     271126          0     115144 |   0.00136549            -
    700000     583641     275510          0     116359 |   0.00174377            -
    710000     592397     279850          0     117603 |   0.00116623            -
    720000     601151     284287          0     118849 |   0.00154969            -
    730000     609950     288688          0     120050 |   0.00134707            -
    740000     618756     293032          0     121244 |   0.00047213            -
    750000     627594     297492          0     122406 |   0.00067367            -
    760000     636353     301882          0     123647 |   0.00043530            -
    770000     645111     306294          0     124889 |   0.00100605            -
    780000     653887     310656          0     126113 |   0.00077804            -
    790000     662661     314947          0     127339 |  -0.00022321            -
    800000     671496     319366          0     128504 |  -0.00013217            -
    810000     680280     323812          0     129720 |  -0.00012667            -
    820000     689077     328167          0     130923 |  -0.00016753            -
    830000     697851     332574          0     132149 |   0.00016598            -
    840000     706630     336959          0     133370 |   0.00037212            -
    850000     715404     341362          0     134596 |   0.00036902            -
    860000     724146     345686          0     135854 |  -0.00021300            -
    870000     732893     350047          0     137107 |   0.00009652            -
    880000     741635     354477          0     138365 |  -0.00000349            -
    890000     750491     358898          0     139509 |  -0.00019734            -
    900000     759234     363263          0     140766 |  -0.00012288            -
    910000     768051     367698          0     141949 |   0.00001744            -
    920000     776823     372112          0     143177 |   0.00021029            -
    930000     785618     376503          0     144382 |  -0.00015587            -
    940000     794449     380907          0     145551 |  -0.00021028            -
    950000     803267     385280          0     146733 |  -0.00082260            -
    960000     812021     389673          0     147979 |  -0.00054459            -
    970000     820779     394008          0     149221 |  -0.00055719            -
    980000     829543     398367          0     150457 |  -0.00094763            -
    990000     838335     402755          0     151665 |  -0.00076920            -
   1000000     847153     407190          0     152847 |  -0.00064640            -
   1010000     855813     411561          0     154187 |  -0.00004072            -
   1020000     864562     415932          0     155438 |  -0.00032649            -
   1030000     873307     420285          0     156693 |  -0.00094006            -
   1040000     882174     424717          0     157826 |  -0.00063828            -
   1050000     890991     429143          0     159009 |  -0.00069545            -
   1060000     899881     433593          0     160119 |  -0.00079064            -
   1070000     908679     438003          0     161321 |  -0.00080629            -
   1080000     917453     442368          0     162547 |  -0.00085682            -
   1090000     926243     446736          0     163757 |  -0.00107681            -
   1100000     935025     451198          0     164975 |  -0.00052578            -
   1110000     943828     455524          0     166172 |  -0.00036398            -
   1120000     952631     459907          0     167369 |  -0.00053660            -
   1130000     961424     464298          0     168576 |  -0.00072884            -
   1140000     970294     468724          0     169706 |  -0.00110338            -
   1150000     979069     473141          0     170931 |  -0.00129226            -
   1160000     987844     477526          0     172156 |  -0.00124085            -
   1170000     996652     481914          0     173348 |  -0.00128060            -
   1180000    1005448     486290          0     174552 |  -0.00135810            -
   1190000    1014260     490724          0     175740 |  -0.00140162            -
   1200000    1023062     495083          0     176938 |  -0.00138116            -
   1210000    1031898     499515          0     178102 |  -0.00083797            -
   1220000    1040754     503909          0     179246 |  -0.00115560            -
   1230000    1049477     508275          0     180523 |  -0.00137371            -
   1240000    1058220     512649          0     181780 |  -0.00110549            -
   1250000    1067040     517031          0     182960 |  -0.00109638            -
   1260000    1075845     521411          0     184155 |  -0.00159542            -
   1270000    1084665     525785          0     185335 |  -0.00166443            -
   1280000    1093498     530232          0     186502 |  -0.00153681            -
   1290000    1102288     534600          0     187712 |  -0.00184872            -
   1300000    1111107     538910          0     188893 |  -0.00255767            -
   1310000    1119931     543383          0     190069 |  -0.00191106            -
   1320000    1128763     547749          0     191237 |  -0.00228628            -
   1330000    1137575     552193          0     192425 |  -0.00186574            -
   1340000    1146419     556642          0     193581 |  -0.00155966            -
   1350000    1155243     561071          0     194757 |  -0.00156405            -
   1360000    1164130     565563          0     195870 |  -0.00221844            -
   1370000    1173004     569942          0     196996 |  -0.00218125            -
   1380000    1181885     574418          0     198115 |  -0.00179155            -
   1390000    1190745     578859          0     199255 |  -0.00182634            -
   1400000    1199585     583279          0     200415 |  -0.00157624            -
   1410000    1208371     587740          0     201629 |  -0.00134301            -
   1420000    1217150     592176          0     202850 |  -0.00091810            -
   1430000    1226000     596637          0     204000 |  -0.00102417            -
   1440000    1234890     601062          0     205110 |  -0.00153280            -
   1450000    1243719     605535          0     206281 |  -0.00138305            -
   1460000    1252559     610006          0     207441 |  -0.00070814            -
   1470000    1261366     614411          0     208634 |  -0.00129418            -
   1480000    1270183     618751          0     209817 |  -0.00125801            -
   1490000    1279049     623115          0     210951 |  -0.00171927            -
   1500000    1287869     627571          0     212131 |  -0.00179693            -
   1510000    1296699     631892          0     213301 |  -0.00236260            -
   1520000    1305533     636355          0     214467 |  -0.00211831            -
   1530000    1314403     640763          0     215597 |  -0.00201636            -
   1540000    1323224     645180          0     216776 |  -0.00217444            -
   1550000    1332023     649599          0     217977 |  -0.00213081            -
   1560000    1340832     654084          0     219168 |  -0.00145153            -
   1570000    1349648     658489          0     220352 |  -0.00176887            -
   1580000    1358476     662932          0     221524 |  -0.00156871            -
   1590000    1367331     667332          0     222669 |  -0.00177618            -
   1600000    1376191     671706          0     223809 |  -0.00193229            -
   1610000    1385042     676059          0     224958 |  -0.00212227            -
   1620000    1393889     680519          0     226111 |  -0.00165706            -
   1630000    1402713     684911          0     227287 |  -0.00225214            -
   1640000    1411561     689336          0     228439 |  -0.00240486            -
   1650000    1420356     693838          0     229644 |  -0.00170142            -
   1660000    1429249     698313          0     230751 |  -0.00160169            -
   1670000    1438073     702709          0     231927 |  -0.00186592            -
   1680000    1446901     707156          0     233099 |  -0.00158895            -
   1690000    1455746     711492          0     234254 |  -0.00245620            -
   1700000    1464523     715906          0     235477 |  -0.00194490            -
   1710000    1473352     720308          0     236648 |  -0.00170964            -
   1720000    1482145     724641          0     237855 |  -0.00192342            -
   1730000    1490954     728954          0     239046 |  -0.00228120            -
   1740000    1499788     733352          0     240212 |  -0.00282206            -
   1750000    1508647     737815          0     241353 |  -0.00228139            -
   1760000    1517481     742229          0     242519 |  -0.00226778            -
   1770000    1526308     746639          0     243692 |  -0.00214315            -
   1780000    1535161     751139          0     244839 |  -0.00140281            -
   1790000    1543980     755474          0     246020 |  -0.00193689            -
   1800000    1552811     759826          0     247189 |  -0.00244808            -
   1810000    1561675     764221          0     248325 |  -0.00270987            -
   1820000    1570472     768697          0     249528 |  -0.00254725            -
   1830000    1579254     773084          0     250746 |  -0.00257511            -
   1840000    1588049     777467          0     251951 |  -0.00241410            -
   1850000    1596853     781919          0     253147 |  -0.00254709            -
   1860000    1605696     786361          0     254304 |  -0.00255942            -
   1870000    1614539     790753          0     255461 |  -0.00289149            -
   1880000    1623385     795117          0     256615 |  -0.00335394            -
   1890000    1632259     799621          0     257741 |  -0.00280454            -
   1900000    1641077     804019          0     258923 |  -0.00260843            -
   1910000    1649893     808422          0     260107 |  -0.00283247            -
   1920000    1658782     812867          0     261218 |  -0.00293814            -
   1930000    1667637     817310          0     262363 |  -0.00194806            -
   1940000    1676442     821646          0     263558 |  -0.00286354            -
   1950000    1685297     826094          0     264703 |  -0.00269268            -
   1960000    1694143     830478          0     265857 |  -0.00250940            -
   1970000    1703004     834864          0     266996 |  -0.00290186            -
   1980000    1711844     839300          0     268156 |  -0.00269150            -
   1990000    1720710     843717          0     269290 |  -0.00292297            -
   2000000    1729559     848191          0     270441 |  -0.00236354            -
   2010000    1738379     852545          0     271621 |  -0.00230124            -
   2020000    1747220     857017          0     272780 |  -0.00199433            -
   2030000    1756024     861391          0     273976 |  -0.00240018            -
   2040000    1764896     865856          0     275104 |  -0.00197132            -
   2050000    1773750     870319          0     276250 |  -0.00144259            -
   2060000    1782608     874774          0     277392 |  -0.00137428            -
   2070000    1791361     879112          0     278639 |  -0.00163224            -
   2080000    1800190     883490          0     279810 |  -0.00231762            -
   2090000    1809036     887945          0     280964 |  -0.00216316            -
   2100000    1817859     892298          0     282141 |  -0.00294164            -
   2110000    1826724     896763          0     283276 |  -0.00315736            -
   2120000    1835567     901196          0     284433 |  -0.00315226            -
   2130000    1844453     905682          0     285547 |  -0.00311901            -
   2140000    1853261     910123          0     286739 |  -0.00267204            -
   2150000    1862098     914554          0     287902 |  -0.00238717            -
   2160000    1870905     919033          0     289095 |  -0.00191660            -
   2170000    1879648     923423          0     290352 |  -0.00196695            -
   2180000    1888508     927917          0     291492 |  -0.00149356            -
   2190000    1897274     932311          0     292726 |  -0.00150251            -
   2200000    1906045     936642          0     293955 |  -0.00176596            -
   2210000    1914844     940982          0     295156 |  -0.00231054            -
   2220000    1923708     945462          0     296292 |  -0.00213448            -
   2230000    1932569     949884          0     297431 |  -0.00246704            -
   2240000    1941458     954296          0     298542 |  -0.00252098            -
   2250000    1950288     958684          0     299712 |  -0.00289139            -
   2260000    1959114     963027          0     300886 |  -0.00345402            -
   2270000    1968015     967566          0     301985 |  -0.00282585            -
   2280000    1976846     971969          0     303154 |  -0.00251782            -
   2290000    1985659     976328          0     304341 |  -0.00270491            -
   2300000    1994469     980717          0     305531 |  -0.00244720            -
   2310000    2003281     985147          0     306719 |  -0.00255764            -
   2320000    2012129     989595          0     307871 |  -0.00221481            -
   2330000    2020933     993971          0     309067 |  -0.00229451            -
   2340000    2029764     998318          0     310236 |  -0.00267374            -
   2350000    2038541    1002705          0     311459 |  -0.00214611            -
   2360000    2047381    1007137          0     312619 |  -0.00281418            -
   2370000    2056237    1011507          0     313763 |  -0.00299333            -
   2380000    2065086    1015962          0     314914 |  -0.00228290            -
   2390000    2073914    1020352          0     316086 |  -0.00219804            -
   2400000    2082734    1024746          0     317266 |  -0.00244328            -
   2410000    2091544    1029086          0     318456 |  -0.00263394            -
   2420000    2100376    1033539          0     319624 |  -0.00239550            -
   2430000    2109194    1037904          0     320806 |  -0.00250975            -
   2440000    2118047    1042323          0     321953 |  -0.00296806            -
   2450000    2126895    1046778          0     323105 |  -0.00309951            -
   2460000    2135700    1051223          0     324300 |  -0.00309774            -
   2470000    2144571    1055653          0     325429 |  -0.00356280            -
   2480000    2153471    1060078          0     326529 |  -0.00361432            -
   2490000    2162386    1064561          0     327614 |  -0.00340989            -
   2500000    2171272    1069020          0     328728 |  -0.00349891            -
   2510000    2180140    1073541          0     329860 |  -0.00323480            -
   2520000    2188961    1077969          0     331039 |  -0.00271770            -
   2530000    2197758    1082419          0     332242 |  -0.00193496            -
   2540000    2206606    1086854          0     333394 |  -0.00245437            -
   2550000    2215527    1091308          0     334473 |  -0.00269116            -
   2560000    2224408    1095779          0     335592 |  -0.00216017            -
   2570000    2233226    1100118          0     336774 |  -0.00239282            -
   2580000    2242118    1104547          0     337882 |  -0.00273157            -
   2590000    2250905    1108932          0     339095 |  -0.00253083            -
   2600000    2259730    1113347          0     340270 |  -0.00229361            -
   2610000    2268600    1117774          0     341400 |  -0.00285384            -
   2620000    2277486    1122226          0     342514 |  -0.00284433            -
   2630000    2286313    1126650          0     343687 |  -0.00299999            -
   2640000    2295161    1131075          0     344839 |  -0.00273542            -
   2650000    2304000    1135429          0     346000 |  -0.00317582            -
   2660000    2312810    1139880          0     347190 |  -0.00258196            -
   2670000    2321662    1144344          0     348338 |  -0.00259021            -
   2680000    2330554    1148813          0     349446 |  -0.00287012            -
   2690000    2339367    1153278          0     350633 |  -0.00232551            -
   2700000    2348182    1157551          0     351818 |  -0.00305584            -
   2710000    2357022    1161981          0     352978 |  -0.00264890            -
   2720000    2365831    1166415          0     354169 |  -0.00283125            -
   2730000    2374616    1170807          0     355384 |  -0.00261964            -
   2740000    2383545    1175259          0     356455 |  -0.00298910            -
   2750000    2392412    1179682          0     357588 |  -0.00303039            -
   2760000    2401314    1184051          0     358686 |  -0.00324735            -
   2770000    2410086    1188449          0     359914 |  -0.00303287            -
   2780000    2418840    1192875          0     361160 |  -0.00291398            -
   2790000    2427740    1197302          0     362260 |  -0.00321076            -
   2800000    2436588    1201688          0     363412 |  -0.00336237            -
   2810000    2445409    1205963          0     364591 |  -0.00403706            -
   2820000    2454287    1210438          0     365713 |  -0.00374675            -
   2830000    2463097    1214847          0     366903 |  -0.00383916            -
   2840000    2471891    1219280          0     368109 |  -0.00321582            -
   2850000    2480702    1223728          0     369298 |  -0.00273523            -
   2860000    2489553    1228174          0     370447 |  -0.00249045            -
   2870000    2498393    1232502          0     371607 |  -0.00314634            -
   2880000    2507216    1236995          0     372784 |  -0.00220710            -
   2890000    2516010    1241371          0     373990 |  -0.00221194            -
   2900000    2524863    1245811          0     375137 |  -0.00253070            -
   2910000    2533675    1250143          0     376325 |  -0.00271498            -
   2920000    2542515    1254496          0     377485 |  -0.00323802            -
   2930000    2551328    1258902          0     378672 |  -0.00323454            -
   2940000    2560152    1263357          0     379848 |  -0.00360819            -
   2950000    2568994    1267857          0     381006 |  -0.00326911            -
   2960000    2577831    1272301          0     382169 |  -0.00316865            -
   2970000    2586683    1276678          0     383317 |  -0.00312087            -
   2980000    2595460    1281009          0     384540 |  -0.00365272            -
   2990000    2604302    1285450          0     385698 |  -0.00348765            -
   3000000    2613097    1289801          0     386903 |  -0.00347482            -
   3010000    2621941    1294287          0     388059 |  -0.00351282            -
   3020000    2630770    1298733          0     389230 |  -0.00343227            -
   3030000    2639593    1303155          0     390407 |  -0.00356173            -
   3040000    2648390    1307666          0     391610 |  -0.00306623            -
   3050000    2657240    1312141          0     392760 |  -0.00279457            -
   3060000    2666038    1316520          0     393962 |  -0.00327204            -
   3070000    2674931    1320961          0     395069 |  -0.00333008            -
   3080000    2683768    1325396          0     396232 |  -0.00279844            -
   3090000    2692607    1329810          0     397393 |  -0.00276996            -
   3100000    2701398    1334206          0     398602 |  -0.00336810            -
   3110000    2710277    1338677          0     399723 |  -0.00322824            -
   3120000    2719156    1343153          0     400844 |  -0.00332013            -
   3130000    2727944    1347517          0     402056 |  -0.00319535            -
   3140000    2736746    1351932          0     403254 |  -0.00301096            -
   3150000    2745672    1356382          0     404328 |  -0.00296859            -
   3160000    2754500    1360813          0     405500 |  -0.00274319            -
   3170000    2763283    1365152          0     406717 |  -0.00299206            -
   3180000    2772141    1369591          0     407859 |  -0.00244580            -
   3190000    2780928    1373954          0     409072 |  -0.00324753            -
   3200000    2789814    1378394          0     410186 |  -0.00322330            -
   3210000    2798635    1382782          0     411365 |  -0.00345551            -
   3220000    2807478    1387228          0     412522 |  -0.00330773            -
   3230000    2816340    1391687          0     413660 |  -0.00352347            -
   3240000    2825231    1396134          0     414769 |  -0.00364745            -
   3250000    2834096    1400602          0     415904 |  -0.00343153            -
   3260000    2842892    1405021          0     417108 |  -0.00325146            -
   3270000    2851721    1409460          0     418279 |  -0.00319292            -
   3280000    2860538    1413893          0     419462 |  -0.00329238            -
   3290000    2869365    1418446          0     420635 |  -0.00265272            -
   3300000    2878135    1422842          0     421865 |  -0.00200416            -
   3310000    2886984    1427212          0     423016 |  -0.00269647            -
   3320000    2895807    1431684          0     424193 |  -0.00220156            -
   3330000    2904644    1436097          0     425356 |  -0.00218040            -
   3340000    2913410    1440427          0     426590 |  -0.00196847            -
   3350000    2922152    1444777          0     427848 |  -0.00254524            -
   3360000    2930963    1449196          0     429037 |  -0.00257374            -
   3370000    2939745    1453591          0     430255 |  -0.00258989            -
   3380000    2948550    1457938          0     431450 |  -0.00281500            -
   3390000    2957453    1462357          0     432547 |  -0.00362473            -
   3400000    2966261    1466798          0     433739 |  -0.00312106            -
   3410000    2975044    1471157          0     434956 |  -0.00267734            -
   3420000    2983892    1475651          0     436108 |  -0.00261032            -
   3430000    2992734    1480088          0     437266 |  -0.00272800            -
   3440000    3001480    1484456          0     438520 |  -0.00262749            -
   3450000    3010300    1488885          0     439700 |  -0.00252287            -
   3460000    3019055    1493261          0     440945 |  -0.00232367            -
   3470000    3027901    1497684          0     442099 |  -0.00239832            -
   3480000    3036730    1502064          0     443270 |  -0.00250146            -
   3490000    3045527    1506422          0     444473 |  -0.00255000            -
   3500000    3054369    1510795          0     445631 |  -0.00293271            -
   3510000    3063249    1515275          0     446751 |  -0.00258244            -
   3520000    3072035    1519682          0     447965 |  -0.00225611            -
   3530000    3080891    1524067          0     449109 |  -0.00280899            -
   3540000    3089740    1528470          0     450260 |  -0.00288594            -
   3550000    3098591    1532961          0     451409 |  -0.00242302            -
   3560000    3107393    1537391          0     452607 |  -0.00215247            -
   3570000    3116225    1541705          0     453775 |  -0.00277129            -
   3580000    3125088    1546100          0     454912 |  -0.00271338            -
   3590000    3133892    1550468          0     456108 |  -0.00303705            -
   3600000    3142738    1554935          0     457262 |  -0.00255995            -
   3610000    3151586    1559406          0     458414 |  -0.00214684            -
   3620000    3160428    1563845          0     459572 |  -0.00214166            -
   3630000    3169266    1568259          0     460734 |  -0.00224853            -
   3640000    3178065    1572668          0     461935 |  -0.00225810            -
   3650000    3186872    1577079          0     463128 |  -0.00221090            -
   3660000    3195734    1581554          0     464266 |  -0.00207512            -
   3670000    3204546    1586007          0     465454 |  -0.00190295            -
   3680000    3213395    1590436          0     466605 |  -0.00248092            -
   3690000    3222277    1594900          0     467723 |  -0.00212834            -
   3700000    3231160    1599288          0     468840 |  -0.00266332            -
   3710000    3239993    1603644          0     470007 |  -0.00281957            -
   3720000    3248864    1608047          0     471136 |  -0.00289717            -
   3730000    3257677    1612483          0     472323 |  -0.00270969            -
   3740000    3266451    1616854          0     473549 |  -0.00259023            -
   3750000    3275270    1621273          0     474730 |  -0.00235618            -
   3760000    3284071    1625665          0     475929 |  -0.00257666            -
   3770000    3292857    1630049          0     477143 |  -0.00286878            -
   3780000    3301725    1634451          0     478275 |  -0.00305063            -
   3790000    3310539    1638877          0     479461 |  -0.00310308            -
   3800000    3319410    1643287          0     480590 |  -0.00346935            -
   3810000    3328248    1647726          0     481752 |  -0.00366744            -
   3820000    3337137    1652186          0     482863 |  -0.00344025            -
   3830000    3345978    1656676          0     484022 |  -0.00309835            -
   3840000    3354772    1661092          0     485228 |  -0.00262020            -
   3850000    3363582    1665539          0     486418 |  -0.00215653            -
   3860000    3372352    1669902          0     487648 |  -0.00274986            -
   3870000    3381126    1674312          0     488874 |  -0.00302602            -
   3880000    3389982    1678699          0     490018 |  -0.00256612            -
   3890000    3398793    1683135          0     491207 |  -0.00275656            -
   3900000    3407599    1687531          0     492401 |  -0.00302663            -
   3910000    3416456    1691886          0     493544 |  -0.00349820            -
   3920000    3425241    1696291          0     494759 |  -0.00346431            -
   3930000    3434093    1700740          0     495907 |  -0.00285486            -
   3940000    3442879    1705146          0     497121 |  -0.00307958            -
   3950000    3451716    1709511          0     498284 |  -0.00318124            -
   3960000    3460491    1713884          0     499509 |  -0.00328166            -
   3970000    3469357    1718341          0     500643 |  -0.00322545            -
   3980000    3478192    1722780          0     501808 |  -0.00336345            -
   3990000    3487048    1727216          0     502952 |  -0.00341098            -
   4000000    3495888    1731602          0     504112 |  -0.00342989            -
   4010000    3504713    1736070          0     505287 |  -0.00316925            -
   4020000    3513559    1740426          0     506441 |  -0.00343415            -
   4030000    3522325    1744861          0     507675 |  -0.00294034            -
   4040000    3531168    1749286          0     508832 |  -0.00300891            -
   4050000    3539995    1753702          0     510005 |  -0.00305565            -
   4060000    3548841    1758119          0     511159 |  -0.00321814            -
   4070000    3557749    1762521          0     512251 |  -0.00316605            -
   4080000    3566527    1766899          0     513473 |  -0.00319794            -
   4090000    3575396    1771352          0     514604 |  -0.00305752            -
   4100000    3584256    1775783          0     515744 |  -0.00317232            -
   4110000    3593131    1780284          0     516869 |  -0.00308965            -
   4120000    3601984    1784731          0     518016 |  -0.00282911            -
   4130000    3610768    1789082          0     519232 |  -0.00298313            -
   4140000    3619575    1793468          0     520425 |  -0.00297005            -
   4150000    3628483    1797865          0     521517 |  -0.00314840            -
   4160000    3637317    1802294          0     522683 |  -0.00338983            -
   4170000    3646161    1806651          0     523839 |  -0.00369957            -
   4180000    3655049    1811063          0     524951 |  -0.00363847            -
   4190000    3663873    1815525          0     526127 |  -0.00297234            -
   4200000    3672750    1819895          0     527250 |  -0.00411693            -
   4210000    3681653    1824368          0     528347 |  -0.00402191            -
   4220000    3690544    1828855          0     529456 |  -0.00402040            -
   4230000    3699466    1833390          0     530534 |  -0.00363208            -
   4240000    3708288    1837892          0     531712 |  -0.00334344            -
   4250000    3717127    1842265          0     532873 |  -0.00332581            -
   4260000    3725971    1846720          0     534029 |  -0.00294118            -
   4270000    3734882    1851149          0     535118 |  -0.00329952            -
   4280000    3743797    1855551          0     536203 |  -0.00359366            -
   4290000    3752641    1860031          0     537359 |  -0.00315419            -
   4300000    3761524    1864469          0     538476 |  -0.00328153            -
   4310000    3770421    1868922          0     539579 |  -0.00301650            -
   4320000    3779214    1873332          0     540786 |  -0.00279474            -
   4330000    3788026    1877784          0     541974 |  -0.00237675            -
   4340000    3796934    1882245          0     543066 |  -0.00274449            -
   4350000    3805801    1886699          0     544199 |  -0.00265816            -
   4360000    3814632    1891248          0     545368 |  -0.00212277            -
   4370000    3823474    1895665          0     546526 |  -0.00261738            -
   4380000    3832356    1900058          0     547644 |  -0.00282222            -
   4390000    3841207    1904477          0     548793 |  -0.00284281            -
   4400000    3849995    1908917          0     550005 |  -0.00243556            -
   4410000    3858843    1913342          0     551157 |  -0.00254260            -
   4420000    3867709    1917768          0     552291 |  -0.00266054            -
   4430000    3876541    1922195          0     553459 |  -0.00260632            -
   4440000    3885358    1926643          0     554642 |  -0.00234333            -
   4450000    3894155    1931060          0     555845 |  -0.00224754            -
   4460000    3902986    1935320          0     557014 |  -0.00360468            -
   4470000    3911832    1939726          0     558168 |  -0.00370853            -
   4480000    3920675    1944192          0     559325 |  -0.00356889            -
   4490000    3929514    1948598          0     560486 |  -0.00361091            -
   4500000    3938346    1953000          0     561654 |  -0.00365100            -
   4510000    3947151    1957322          0     562849 |  -0.00399807            -
   4520000    3955987    1961806          0     564013 |  -0.00363242            -
   4530000    3964823    1966276          0     565177 |  -0.00342896            -
   4540000    3973709    1970626          0     566291 |  -0.00434916            -
   4550000    3982594    1975054          0     567406 |  -0.00462887            -
   4560000    3991520    1979584          0     568480 |  -0.00395961            -
   4569622    4000000    1983848          0     569622 |  -0.00378089            -


Monte Carlo simulation results:
	Total accepted moves = 4000000
	E_start, E_last, E_diff = 778781728.28681, -0.00378, -778781728.29059 eV

Simulation ended at: 2022-12-03 06:09:36.928426
Elapsed time = 9:25:33.868207

