1 72
1 75
1 76
1 148
2 26
2 78
2 93
2 177
2 182
2 852
2 854
3 4
3 22
3 34
3 57
3 88
3 99
3 228
3 817
4 15
4 43
4 191
4 817
4 841
4 897
5 23
5 38
5 41
5 625
5 663
5 685
5 687
6 48
6 55
6 63
6 87
6 93
6 879
6 884
7 12
7 18
7 58
7 67
7 85
7 118
8 45
8 50
8 80
8 184
9 11
9 19
9 20
9 32
9 70
9 261
9 283
10 11
10 75
11 73
11 75
11 77
11 261
12 58
12 67
12 118
12 119
12 137
13 36
13 46
13 89
13 810
13 825
13 846
13 860
14 20
14 42
14 53
14 56
14 81
15 17
15 21
15 43
15 47
15 61
15 71
16 39
16 74
16 688
16 702
16 1512
17 35
17 629
17 665
17 872
17 1445
18 21
18 40
18 73
19 32
19 54
19 70
19 78
19 85
19 208
19 252
19 283
20 64
20 285
21 37
21 43
21 61
21 71
21 88
22 34
22 214
22 817
22 836
22 860
22 871
23 52
23 65
23 86
24 34
24 36
24 40
24 59
24 61
24 200
25 31
25 39
25 45
25 49
25 74
26 28
26 63
26 67
26 91
26 93
26 182
27 29
27 48
27 62
27 68
27 83
27 706
27 833
28 44
28 55
28 58
28 91
28 711
29 38
29 68
29 687
30 43
30 187
30 629
30 770
30 841
31 39
31 82
31 86
31 680
32 63
32 65
32 70
32 73
32 85
33 49
33 74
33 680
33 688
33 690
34 36
34 57
34 61
34 200
34 214
35 39
35 90
35 665
35 680
36 61
36 90
36 825
36 846
36 860
37 43
37 132
37 143
37 710
38 41
38 686
38 687
38 706
39 46
39 74
39 90
40 57
40 73
40 232
40 255
41 69
41 92
41 742
42 53
42 69
42 148
42 221
43 47
44 58
44 65
44 79
44 711
45 49
45 72
45 76
45 96
45 158
45 163
45 169
46 59
46 80
46 90
46 825
46 876
47 66
47 71
47 629
47 659
47 665
48 68
48 83
48 87
48 879
48 884
49 74
49 169
49 171
49 714
50 74
50 169
50 184
51 53
51 56
51 81
51 101
51 117
51 194
51 923
51 1002
52 630
52 687
52 700
53 56
53 144
53 221
53 230
53 1002
54 63
54 64
54 208
54 870
55 60
55 87
55 91
55 93
55 613
56 62
56 847
57 88
57 210
57 232
58 711
59 77
59 80
59 253
60 91
60 93
60 807
60 967
61 71
61 90
62 68
62 833
62 835
62 847
63 64
63 87
63 93
64 68
64 87
64 884
65 73
65 79
66 71
66 79
66 631
66 659
66 665
67 118
67 137
67 182
68 87
68 884
69 72
69 108
69 148
69 158
70 73
70 85
70 218
70 232
70 252
70 261
71 79
71 82
71 90
72 75
72 76
72 158
75 77
76 163
76 277
77 82
78 85
78 252
78 278
79 82
79 86
80 89
81 117
81 124
81 194
82 86
82 90
83 687
83 706
83 1470
84 85
84 94
84 198
84 206
84 252
84 308
85 252
86 663
86 671
86 680
88 140
88 142
88 210
88 228
89 287
89 810
89 1013
91 696
91 708
92 171
92 664
92 690
92 742
93 813
93 854
94 165
94 196
94 308
94 352
95 104
95 105
95 128
95 130
95 133
95 151
95 161
96 120
96 134
96 158
96 163
97 108
97 109
97 158
97 723
97 742
98 120
98 139
98 169
98 171
98 192
99 100
99 191
99 228
99 817
99 936
99 957
99 981
100 173
100 185
100 906
100 981
101 105
101 117
101 123
101 194
101 923
101 954
101 976
102 107
102 125
102 133
102 168
102 176
103 110
103 114
103 138
103 142
103 156
103 159
103 173
104 121
104 128
104 133
104 146
104 161
105 117
105 126
105 153
105 155
105 161
105 976
106 115
106 127
106 147
106 752
106 903
106 910
106 1597
107 112
107 126
107 134
107 145
107 170
107 176
107 178
108 126
108 145
108 148
108 155
108 158
109 122
109 150
109 176
109 723
109 786
110 131
110 142
110 143
110 156
110 173
110 187
110 191
110 770
111 149
111 157
111 159
111 164
111 192
111 731
111 755
112 116
112 141
112 170
112 178
112 181
113 141
113 179
113 188
114 149
114 156
114 173
114 183
114 906
114 911
115 153
115 172
115 735
115 998
116 141
116 152
116 166
116 181
116 314
116 392
117 150
117 155
117 194
117 954
118 119
118 140
118 165
118 198
119 125
119 132
119 137
119 168
119 174
120 134
120 154
120 157
120 166
120 167
120 169
120 183
121 128
121 129
121 903
121 918
121 940
122 127
122 133
122 176
122 762
123 144
123 318
123 1002
123 1182
124 172
124 194
124 724
124 833
124 835
125 127
125 137
125 146
125 174
125 189
126 133
126 145
126 150
126 153
126 155
127 133
127 146
127 147
127 189
127 752
128 151
128 161
128 918
128 919
128 987
129 180
129 182
129 852
129 967
130 151
130 155
130 178
130 318
130 378
130 398
131 156
131 173
131 187
131 720
131 938
131 972
131 1551
132 138
132 140
132 142
132 143
133 153
133 161
133 176
134 157
134 166
134 170
135 165
135 168
135 196
135 311
136 140
136 168
136 185
136 198
136 333
137 197
137 709
137 726
138 141
138 142
138 152
138 168
138 185
139 149
139 167
139 169
139 183
139 1619
140 198
141 152
141 157
142 185
142 191
143 710
143 770
144 155
144 162
144 221
144 400
145 148
145 155
145 162
145 170
145 178
146 147
146 197
147 180
147 197
147 903
147 910
148 158
148 162
148 186
148 221
149 720
149 731
149 911
150 153
150 172
151 196
151 318
151 335
151 354
152 181
152 185
152 328
152 333
153 161
153 172
154 160
154 166
154 167
154 169
154 179
154 190
154 193
155 162
156 159
156 173
156 720
156 797
157 164
157 183
158 171
159 755
160 175
160 190
160 193
160 397
161 903
162 186
162 221
162 378
163 175
163 186
163 277
164 176
164 192
164 195
164 755
165 168
165 198
165 308
165 311
166 175
166 190
166 314
167 169
167 179
167 183
167 184
169 714
170 178
170 186
170 314
171 739
171 742
172 724
172 735
172 785
173 191
173 906
174 189
174 195
174 726
174 729
175 186
175 190
175 314
175 341
175 376
176 195
177 278
177 388
177 852
177 918
177 970
178 378
179 183
179 190
179 912
179 958
180 197
180 967
180 1593
181 307
181 333
183 911
184 193
184 929
184 948
184 949
186 314
186 371
187 191
187 770
187 841
187 938
187 1514
187 1551
187 1558
188 327
188 391
188 906
188 912
188 994
188 1138
189 195
189 726
189 793
190 316
190 392
191 841
191 936
192 753
192 792
193 929
193 1159
194 835
194 923
194 954
195 747
195 771
196 311
196 335
196 388
197 708
198 308
199 201
199 227
199 245
199 263
199 274
199 293
199 459
200 214
200 234
200 248
200 266
201 293
201 336
201 373
201 396
201 429
201 459
201 1102
201 1299
202 213
202 244
202 272
202 282
202 285
202 290
203 231
203 237
203 242
203 247
203 281
203 443
204 207
204 235
204 239
204 262
204 291
204 403
204 423
205 254
205 286
205 353
205 394
205 1009
206 223
206 249
206 252
206 264
206 269
206 275
206 310
206 349
207 213
207 217
207 239
207 240
207 262
207 291
208 267
208 276
208 283
208 1066
209 222
209 234
209 286
209 1008
209 1061
209 1099
210 228
210 241
210 264
210 359
211 212
211 226
211 256
211 300
211 362
211 473
211 478
212 224
212 226
212 275
212 300
212 301
213 238
213 240
213 272
213 282
213 290
214 254
214 860
214 1048
214 1061
215 219
215 233
215 241
215 248
215 289
216 226
216 233
216 235
216 289
216 297
216 450
217 262
217 272
217 279
217 281
217 291
218 223
218 255
218 261
218 269
218 272
218 279
218 283
219 223
219 233
219 241
219 264
219 275
219 289
220 225
220 257
220 467
220 1072
220 1236
221 230
221 244
221 332
222 286
222 297
222 299
222 477
222 1008
222 1267
223 232
223 255
223 264
223 269
223 279
224 225
224 249
224 269
224 284
224 301
225 257
225 265
225 267
225 292
226 262
226 451
226 478
227 238
227 239
227 258
227 263
227 268
228 254
228 360
229 249
229 252
229 259
229 265
229 267
229 278
229 352
230 244
230 270
230 280
230 400
231 242
231 271
231 295
231 302
231 443
231 468
232 255
232 264
233 235
233 240
233 248
233 262
233 279
233 289
234 246
234 248
234 258
234 266
234 1099
235 239
235 246
235 262
235 297
236 242
236 270
236 272
236 283
236 284
237 247
237 276
237 292
237 296
237 298
237 472
237 1059
237 1069
238 258
238 277
238 395
239 246
239 251
239 258
240 248
240 255
240 258
240 266
240 272
240 279
241 264
241 289
241 359
241 394
242 247
242 270
242 280
243 270
243 294
243 1059
243 1065
243 1086
244 280
244 285
244 290
244 332
244 399
245 246
245 263
245 274
245 1043
245 1099
246 258
247 270
247 273
247 276
247 294
247 1059
248 255
248 266
249 265
249 269
249 349
250 251
250 290
250 291
250 295
250 302
250 329
251 293
251 390
251 403
252 269
253 266
253 282
254 353
254 1009
254 1202
255 261
256 289
256 324
256 362
256 493
257 265
257 317
257 467
258 266
259 267
259 278
259 1021
259 1066
260 271
260 273
260 494
260 505
260 554
261 272
262 423
263 287
264 310
264 359
265 348
265 349
267 276
267 283
267 284
267 292
267 296
268 287
268 336
268 342
268 397
269 279
270 280
270 294
271 273
271 280
271 302
271 303
272 279
272 285
273 303
273 1024
273 1067
274 293
274 416
274 444
274 459
274 1043
275 310
275 362
276 292
276 296
276 1059
277 341
277 395
278 304
278 352
278 388
280 290
280 302
280 303
280 332
281 288
281 451
281 468
281 491
283 284
284 292
286 289
286 299
286 1008
286 1009
288 292
288 301
288 419
288 491
290 302
291 295
291 403
291 423
292 296
292 298
293 390
293 396
293 403
293 429
293 459
294 1023
294 1059
295 329
295 409
295 468
296 298
296 1072
296 1094
297 444
297 477
298 472
298 495
299 450
299 477
299 493
299 1224
299 1293
300 362
300 381
300 452
300 462
300 473
300 513
301 419
301 451
301 452
301 462
301 467
302 309
302 321
302 329
302 332
303 332
303 382
303 400
304 338
304 388
304 1021
305 344
305 348
305 374
305 381
306 313
306 353
306 360
306 391
306 957
306 1124
306 1138
306 1198
307 372
307 379
308 311
308 349
308 352
308 369
309 329
309 343
309 355
309 387
309 550
310 322
310 359
310 374
311 335
311 369
312 337
312 339
312 355
312 379
312 386
313 323
313 353
313 385
313 391
313 1198
313 1200
314 371
314 376
314 379
315 319
315 358
315 361
315 367
315 387
315 1188
316 330
316 331
316 341
316 342
316 376
316 392
316 397
317 348
317 370
317 564
317 1178
318 354
318 361
318 398
319 351
319 380
319 383
319 398
320 323
320 345
320 350
320 389
320 1146
321 339
321 343
321 375
321 395
321 399
322 344
322 347
322 359
322 374
322 385
322 394
323 345
323 353
323 385
323 394
323 1146
323 1198
324 347
324 362
324 366
324 503
324 560
325 337
325 344
325 366
325 385
325 386
326 334
326 350
326 384
326 386
326 532
327 357
327 391
327 392
327 1155
328 333
328 360
328 385
328 391
329 375
329 409
329 508
329 601
330 331
330 334
330 339
330 341
330 342
330 390
331 336
331 342
331 346
331 373
331 397
331 1113
331 1136
331 1157
332 343
332 365
332 399
333 374
334 346
334 373
334 384
334 1136
335 356
335 361
335 369
335 380
335 398
336 342
336 373
336 397
336 1113
337 339
337 376
337 379
337 392
338 340
338 348
338 352
338 356
338 388
339 375
339 377
340 356
340 363
340 1107
340 1170
340 1186
341 342
341 376
341 395
342 390
342 395
342 397
343 355
343 365
343 371
343 399
344 347
344 362
344 366
344 372
345 346
345 384
345 1146
346 357
346 384
346 1130
346 1136
347 362
347 366
347 394
348 349
348 363
348 369
348 381
349 352
349 369
350 366
350 532
350 539
350 549
351 372
351 383
351 393
351 557
352 369
352 388
353 360
353 394
353 1198
353 1202
354 361
354 368
354 986
354 987
354 1182
355 377
355 383
355 587
356 368
356 388
356 1170
357 392
358 363
358 367
358 393
358 1186
359 360
359 394
360 391
361 368
361 380
361 398
362 381
363 380
363 393
364 365
364 382
364 1118
364 1182
364 1188
365 378
365 398
366 385
366 503
366 539
367 501
367 520
367 1176
368 1122
368 1170
368 1186
370 543
370 1178
371 378
371 379
371 399
372 374
372 380
373 396
373 1136
373 1402
375 377
375 390
375 595
375 601
376 392
377 595
378 379
378 398
382 387
382 1104
382 1118
382 1134
383 550
383 557
383 587
384 532
384 561
384 1136
385 394
386 539
386 581
387 554
387 1134
389 560
389 1123
389 1224
390 396
391 1138
393 557
395 399
396 429
396 595
397 1113
397 1157
400 1002
400 1118
401 424
401 456
401 466
401 470
401 477
401 493
401 496
401 592
401 1224
402 412
402 441
402 455
402 474
403 416
403 442
403 490
404 421
404 425
404 431
404 482
404 641
404 661
404 705
404 1231
404 1281
404 1446
405 417
405 489
405 497
405 674
405 1229
405 1263
406 443
406 464
406 471
406 472
406 483
406 491
407 434
407 448
407 454
407 467
407 510
408 492
408 531
408 552
408 617
408 620
408 745
408 757
409 437
409 490
409 540
409 598
410 418
410 422
410 425
410 427
410 431
410 439
410 470
410 482
411 419
411 448
411 464
411 489
411 495
411 1271
412 439
412 451
412 478
412 480
412 485
413 440
413 496
413 604
413 666
413 705
413 738
413 1288
413 1410
413 1447
414 415
414 418
414 440
414 460
414 474
414 682
415 418
415 446
415 460
415 466
415 470
415 523
416 422
416 429
416 432
416 475
417 461
417 481
417 488
417 497
417 674
418 425
418 427
418 431
418 440
418 470
418 474
418 496
418 682
419 467
419 487
419 491
419 495
420 430
420 481
420 484
420 488
420 655
421 428
421 463
421 465
421 482
421 641
421 1281
422 427
422 428
422 432
422 439
422 475
422 482
423 451
423 469
423 480
424 427
424 477
424 496
424 1213
424 1224
424 1228
424 1252
424 1293
425 431
425 457
425 476
425 482
425 682
426 436
426 441
426 464
426 479
426 483
427 431
427 470
427 477
428 432
428 482
428 1231
428 1255
428 1281
428 1289
429 432
429 442
429 459
429 498
429 589
430 438
430 484
430 507
430 540
430 603
431 496
431 705
431 1231
431 1288
432 459
432 475
432 1232
433 471
433 494
433 1237
434 435
434 453
434 458
434 642
434 712
434 1303
435 449
435 454
435 492
435 510
435 642
435 703
436 445
436 447
436 683
437 443
437 483
437 494
437 505
437 583
437 598
438 530
438 575
438 603
438 616
439 480
440 456
440 496
440 604
440 620
440 682
441 455
441 469
441 479
441 481
441 483
441 484
442 490
442 498
442 519
442 540
443 468
443 471
443 483
443 494
444 1043
444 1232
444 1267
445 447
445 458
445 489
445 674
445 681
445 683
446 460
446 473
446 485
446 492
446 531
447 609
447 674
447 683
448 495
448 1246
448 1273
448 1302
448 1303
449 453
449 492
449 510
449 515
449 590
449 642
449 736
450 477
450 478
450 493
451 452
451 479
452 454
452 462
452 473
452 485
452 487
453 510
453 712
453 780
453 1376
454 462
454 485
454 487
454 510
455 457
455 481
456 496
456 523
456 592
456 604
457 476
457 482
457 616
458 486
458 611
458 642
458 647
458 681
458 683
459 1232
459 1260
459 1299
460 474
460 492
460 703
461 497
461 514
461 533
461 559
462 467
462 513
463 465
463 1212
463 1255
464 489
464 491
465 616
465 635
465 641
466 473
466 493
466 523
466 580
466 592
468 469
468 479
468 483
468 491
469 479
469 480
469 490
470 496
471 494
471 1024
471 1237
471 1258
472 491
472 495
472 1258
472 1283
473 478
473 485
473 580
474 476
475 480
475 482
475 490
477 1293
478 493
479 487
479 491
480 490
481 484
481 488
483 484
484 598
485 487
486 611
486 681
486 1219
486 1271
486 1303
486 1421
488 643
488 655
488 697
489 674
489 681
489 1263
490 540
492 531
492 590
492 703
494 504
494 505
494 583
494 1251
495 1246
495 1283
496 1252
496 1288
497 652
497 697
497 1229
497 1419
498 519
498 589
499 512
499 522
499 536
499 605
499 717
500 501
500 520
500 527
500 565
500 573
500 578
501 520
501 525
502 507
502 508
502 517
502 540
502 547
502 563
502 596
502 598
503 518
503 524
503 539
503 549
503 562
504 505
504 525
504 527
504 533
504 554
504 583
504 1310
505 508
505 550
505 554
505 583
506 543
506 564
506 602
506 1302
506 1391
507 519
507 528
507 540
507 563
507 575
507 596
508 547
508 550
508 587
508 598
509 512
509 519
509 528
509 536
509 537
509 606
510 515
511 516
511 522
511 524
511 542
511 548
511 571
511 576
512 521
512 522
512 536
512 537
512 1315
513 515
513 580
514 517
514 533
514 541
514 577
514 583
514 594
515 531
515 566
515 580
515 585
515 590
516 521
516 522
516 542
516 576
516 579
516 1328
517 541
517 547
517 577
517 583
517 598
518 529
518 562
518 566
519 528
519 563
519 595
520 565
520 1120
520 1343
521 532
521 537
521 542
521 574
521 579
521 1315
521 1328
521 1355
522 542
522 568
522 582
523 531
523 552
523 571
523 592
524 539
524 549
524 560
524 562
524 571
525 554
525 1134
525 1310
525 1313
525 1326
525 1406
526 553
526 557
526 564
526 565
527 547
527 550
527 577
527 578
528 545
528 551
528 563
528 582
528 588
528 596
529 553
529 555
529 557
529 562
529 565
529 578
530 536
530 575
530 591
530 603
530 775
530 787
531 548
531 552
531 571
531 590
532 537
532 549
532 561
532 574
533 559
533 583
533 597
533 1310
534 544
534 556
534 567
534 569
534 584
534 585
534 730
535 558
535 570
535 573
535 593
535 776
535 794
535 1614
536 591
536 1397
537 542
537 551
537 561
538 570
538 572
538 780
538 794
538 1325
538 1376
539 549
539 562
539 581
540 563
540 598
540 601
541 577
541 586
541 594
541 655
541 759
541 766
542 549
542 551
542 582
543 564
543 599
543 602
543 1309
543 1343
544 546
544 555
544 556
544 567
544 577
544 588
545 546
545 568
545 575
545 586
545 596
545 751
546 586
546 596
546 804
547 577
547 578
547 587
548 552
548 569
548 571
548 607
549 560
549 579
550 554
550 578
550 587
551 563
551 581
552 600
552 620
552 745
553 555
553 565
553 572
553 585
554 1134
554 1168
555 567
555 578
555 585
555 588
556 558
556 567
556 803
557 565
557 578
558 567
558 570
558 584
558 776
558 794
559 597
559 737
559 1229
559 1314
560 579
560 592
561 606
561 1402
562 566
562 581
563 595
563 601
564 602
565 578
566 569
566 571
566 580
566 585
567 570
568 582
568 740
569 571
569 582
569 585
570 572
570 573
570 599
571 580
572 584
572 599
573 593
573 597
573 1326
573 1388
574 579
574 1355
574 1370
574 1401
575 603
576 600
576 798
577 594
578 587
579 1370
582 588
583 598
584 585
584 590
584 736
585 590
586 596
586 603
586 751
586 772
586 804
588 596
589 606
589 1299
590 727
590 736
591 635
591 775
591 1346
591 1397
591 1603
593 594
593 597
593 1614
594 597
594 766
595 601
597 1326
597 1342
597 1387
599 1322
599 1343
599 1351
599 1391
600 607
600 774
600 798
602 1178
602 1236
603 787
604 738
604 798
604 1410
605 717
605 744
605 802
605 1566
606 1346
606 1355
606 1402
607 717
607 740
607 788
608 609
608 637
608 638
608 650
608 657
608 692
609 619
609 622
609 643
610 613
610 618
610 639
610 645
610 676
610 1429
610 1478
610 1486
611 614
611 618
611 642
611 647
611 676
611 712
611 1421
611 1449
611 1508
612 629
612 698
612 1434
612 1459
612 1462
613 639
613 696
613 1486
614 626
614 645
614 654
614 704
614 712
614 746
614 780
614 1508
614 1560
615 627
615 634
615 710
615 779
615 800
616 658
617 620
617 656
617 684
617 699
617 757
618 638
618 644
618 645
618 647
618 654
618 675
618 676
619 622
619 623
619 643
619 652
619 685
620 684
620 699
620 745
621 633
621 638
621 644
621 669
621 692
621 700
621 701
621 711
622 643
622 660
622 695
623 630
623 639
623 651
623 675
623 679
623 685
623 687
624 661
624 666
624 682
624 684
624 691
624 694
624 698
624 705
624 1503
625 646
625 660
625 664
625 685
625 806
626 642
626 647
626 649
626 654
626 712
626 736
626 780
627 629
627 634
627 659
627 694
628 653
628 671
628 672
628 673
628 693
628 694
628 698
630 657
630 685
630 700
630 701
631 659
631 710
631 711
632 645
632 654
632 696
632 704
632 708
632 746
632 1430
633 634
633 649
633 656
633 669
633 781
634 659
634 692
635 640
635 713
635 1482
635 1603
635 1615
636 667
636 770
636 790
637 653
637 657
637 662
637 671
637 692
638 644
638 647
638 649
638 656
638 675
638 683
638 692
639 675
639 700
640 693
640 702
640 713
640 1482
640 1589
640 1603
641 661
641 670
641 1281
641 1446
641 1471
642 647
642 683
642 703
642 712
643 652
643 668
643 697
644 649
644 654
644 669
644 696
644 700
645 654
645 746
645 1474
645 1478
645 1508
646 660
646 663
646 664
646 672
646 689
646 690
647 649
647 654
647 683
647 703
648 668
648 679
648 686
648 697
648 805
648 806
649 654
649 656
649 669
649 704
650 656
650 683
650 703
651 675
651 676
651 1414
651 1416
651 1457
652 674
652 697
653 657
653 659
653 662
653 671
653 692
653 694
653 701
654 704
655 668
655 695
655 697
655 759
655 761
656 692
656 703
657 671
657 692
657 701
658 689
658 707
658 713
658 787
659 665
659 692
659 701
660 664
660 668
660 689
660 695
660 761
661 670
661 673
661 691
662 684
662 692
662 694
663 671
663 680
664 689
664 690
664 728
664 739
664 742
665 671
666 667
666 684
666 705
666 738
667 738
667 790
667 1410
668 697
668 761
668 805
668 806
669 696
669 704
669 708
669 709
669 711
670 673
670 691
670 693
670 1436
671 680
671 701
672 673
672 689
672 690
672 693
672 707
674 681
675 676
676 681
676 1421
677 688
677 714
677 718
677 873
677 1609
678 805
678 1419
678 1469
678 1616
679 686
679 1457
679 1469
679 1511
681 1416
682 684
682 705
683 703
684 699
685 687
686 687
686 706
686 806
686 1511
687 706
688 693
688 702
688 714
689 690
689 707
691 698
691 1436
691 1446
691 1503
692 701
693 702
693 707
694 698
695 761
696 700
696 708
697 805
698 1459
699 745
699 774
699 779
702 1426
704 719
705 1288
705 1446
705 1447
705 1503
706 833
706 1438
706 1511
707 713
707 743
708 709
709 711
709 726
709 781
712 780
713 775
713 787
713 789
713 1603
714 718
715 734
715 776
715 794
715 1546
715 1582
715 1614
716 733
716 754
716 762
716 782
716 786
717 744
717 802
718 763
718 1609
718 1619
719 721
719 773
719 781
720 722
720 731
720 972
720 1519
721 730
721 764
721 773
721 793
721 801
722 749
722 765
722 783
722 784
722 1519
722 1579
722 1594
723 742
723 753
723 786
724 785
724 791
724 1510
724 1602
725 732
725 748
725 756
725 760
725 767
725 784
725 788
726 729
726 781
727 745
727 757
727 764
728 759
728 761
728 806
729 747
729 755
729 768
730 758
730 764
731 760
731 763
731 783
732 740
732 751
732 767
732 772
732 804
733 758
733 759
733 769
733 782
733 803
733 804
734 754
734 777
734 1521
734 1524
734 1597
735 754
735 785
735 786
735 791
736 773
736 780
737 741
737 766
737 799
737 805
737 1562
738 774
738 790
738 798
738 1410
738 1586
739 742
739 743
739 753
739 792
740 767
740 788
741 782
741 791
741 799
741 805
743 748
743 796
744 1559
744 1566
744 1594
745 757
745 774
745 779
746 795
746 1474
746 1508
746 1560
747 755
747 760
747 771
747 801
748 760
748 763
748 784
748 792
748 796
749 763
749 784
749 796
749 1533
749 1559
749 1594
750 752
750 777
750 795
751 772
751 775
751 787
752 762
752 793
753 769
753 771
753 792
754 791
754 1521
754 1580
755 760
756 768
756 783
756 788
756 797
756 800
757 779
758 764
758 767
758 769
758 801
758 803
758 804
759 766
759 782
760 783
760 784
760 792
762 771
762 786
762 793
762 801
763 792
763 796
764 767
764 768
764 801
765 778
765 1551
765 1579
766 782
766 805
767 788
768 779
768 781
769 771
769 801
770 797
770 800
771 801
772 787
772 804
774 778
775 787
775 789
775 796
776 794
776 803
777 795
777 1524
777 1565
778 790
779 800
780 1376
780 1560
782 799
782 803
783 784
783 797
784 796
785 786
785 806
789 796
789 1559
789 1603
790 1586
791 1580
791 1602
793 801
794 795
794 1325
794 1546
795 1546
795 1560
797 800
798 1373
798 1586
799 1562
799 1580
799 1614
802 1373
802 1563
802 1594
807 814
807 967
807 1430
807 1486
807 1527
807 1593
808 824
808 831
808 898
808 931
808 943
808 948
808 949
808 975
809 840
809 841
809 872
809 1434
809 1441
809 1514
810 830
810 867
810 874
811 828
811 849
811 851
811 868
811 1042
811 1046
811 1076
812 855
812 857
812 893
812 899
812 901
812 1049
812 1056
812 1087
813 828
813 854
813 881
813 886
813 889
813 999
814 839
814 882
814 1501
814 1502
814 1527
815 818
815 863
815 878
815 893
815 908
815 983
816 826
816 845
816 858
816 869
816 875
816 890
817 836
817 871
817 897
817 936
817 957
818 832
818 848
818 857
818 863
818 885
818 899
819 879
819 1438
820 826
820 827
820 829
820 844
820 869
820 888
820 891
821 823
821 834
821 850
821 857
821 893
821 900
821 1001
822 851
822 855
822 899
822 1046
822 1084
823 834
823 885
823 900
823 908
823 1467
824 831
824 837
824 850
824 866
824 867
824 931
824 943
825 846
825 888
826 827
826 845
826 869
826 883
826 887
826 890
827 830
827 858
827 861
827 891
828 839
828 851
828 881
828 889
828 890
829 853
829 859
829 1033
829 1038
829 1039
830 853
830 866
830 867
831 850
831 866
831 1427
832 851
832 862
832 879
832 883
832 885
832 889
833 835
833 1438
833 1511
834 904
834 975
834 1001
834 1467
835 863
835 983
835 997
836 846
836 859
836 860
836 871
836 888
836 897
837 915
837 931
837 943
837 977
837 1049
838 852
838 854
838 970
838 1000
838 1003
839 862
839 881
839 882
839 886
839 890
840 872
840 875
840 891
840 1434
840 1441
840 1495
841 897
841 936
842 843
842 844
842 887
842 966
842 1004
842 1038
843 871
843 1038
843 1048
843 1098
844 869
844 880
844 888
845 856
845 869
845 887
845 890
845 1004
846 859
846 860
846 888
847 848
847 878
848 878
848 884
848 899
848 1065
849 980
849 1000
849 1076
849 1175
849 1205
850 866
850 900
851 868
851 883
851 889
852 854
852 970
852 999
853 859
853 867
853 896
853 1014
853 1020
853 1039
855 857
855 861
855 883
855 899
855 1087
856 869
856 875
856 880
856 902
856 950
856 1441
856 1505
857 861
857 885
857 893
858 864
858 865
858 875
858 891
859 860
859 1020
861 883
861 896
862 864
862 883
862 886
862 890
862 1515
863 877
863 983
864 865
864 1417
864 1433
864 1454
865 900
865 1418
865 1427
865 1454
866 876
867 896
868 883
868 1046
868 1052
869 875
869 887
869 891
870 884
870 889
871 957
871 1048
872 897
872 1434
872 1445
873 898
873 1426
873 1512
874 892
875 891
875 1441
875 1456
875 1505
877 1409
878 899
878 901
878 1058
879 884
879 886
879 889
880 936
880 950
880 964
880 966
881 882
881 999
881 1000
882 917
882 920
883 890
885 900
886 889
886 894
886 1515
887 980
887 1004
888 891
888 897
892 929
892 931
892 1080
893 901
893 1001
894 1429
894 1486
894 1515
895 1418
895 1445
895 1512
896 1014
896 1049
898 949
898 1497
898 1536
898 1609
899 1056
900 1427
900 1467
901 945
901 1047
901 1056
901 1116
902 920
902 950
902 1424
902 1505
902 1554
902 1581
903 910
903 919
903 982
904 930
904 975
904 990
904 991
904 1001
905 927
905 928
905 933
905 937
905 939
905 961
905 971
905 1187
906 921
906 981
906 994
907 908
907 915
907 924
907 945
907 1001
908 924
908 983
908 985
908 1001
909 925
909 926
909 946
909 947
909 955
909 963
909 973
909 988
909 991
909 996
909 1129
910 922
910 953
910 1565
910 1597
910 1611
911 916
911 973
911 974
912 955
912 958
912 994
912 1155
912 1173
913 920
913 960
913 965
913 979
913 989
913 1525
913 1554
914 933
914 942
914 947
914 965
914 971
915 977
915 1047
915 1112
915 1131
916 946
916 948
916 973
916 974
916 990
917 922
917 939
917 978
917 999
918 940
918 970
918 987
919 937
919 940
919 961
919 982
919 987
920 960
920 979
920 1004
920 1554
921 938
921 944
921 956
921 963
921 972
921 994
922 967
922 1593
923 954
923 962
923 983
923 1002
924 951
924 968
924 983
924 985
925 928
925 932
925 942
925 947
925 988
925 996
926 946
926 958
926 996
926 1129
926 1145
927 933
927 961
927 984
927 986
927 1158
927 1166
927 1187
928 942
928 988
928 1126
928 1187
929 931
929 946
929 948
929 958
929 1159
930 969
930 975
930 990
930 1599
930 1613
931 943
931 946
931 948
931 977
932 941
932 960
932 995
933 942
933 961
933 971
934 953
934 959
934 968
934 971
934 982
934 1549
935 937
935 940
935 970
935 978
935 1000
935 1003
935 1201
936 938
936 966
936 981
937 940
937 961
937 1158
937 1187
938 944
938 964
938 972
938 1558
939 941
939 959
939 965
939 971
939 978
940 970
941 978
941 980
941 992
941 995
941 1152
942 996
943 946
943 975
943 977
944 963
944 964
944 972
944 1531
944 1558
944 1567
945 962
945 983
945 984
946 948
946 958
946 973
946 977
946 990
946 991
947 963
947 969
947 991
948 949
948 958
949 1609
950 964
950 1558
950 1581
951 954
951 961
951 968
951 976
952 980
952 992
952 995
952 1098
952 1106
952 1152
952 1175
953 959
953 982
953 1516
953 1549
953 1597
953 1611
954 968
954 976
955 988
955 994
955 1129
955 1165
955 1173
956 964
956 981
956 993
956 994
957 981
957 993
957 1124
958 1159
959 965
959 971
959 1549
960 964
961 971
961 982
962 1002
962 1147
962 1167
963 969
963 973
964 1558
965 971
965 989
965 1549
966 992
966 993
967 999
967 1593
968 982
968 997
969 989
969 1535
969 1570
969 1599
970 999
970 1000
970 1003
972 974
972 1519
973 974
973 990
974 1556
974 1619
975 990
975 1536
976 986
977 991
977 996
978 980
978 1000
979 1525
979 1527
979 1528
979 1554
980 992
980 1004
980 1175
981 993
984 1119
984 1131
984 1167
985 1425
985 1573
986 987
986 1122
986 1158
986 1182
987 1158
988 995
988 1129
988 1171
989 1531
989 1535
989 1570
989 1595
990 991
991 996
992 995
992 1004
993 994
993 995
995 1152
995 1171
996 1129
997 1510
997 1573
997 1602
998 1521
998 1564
998 1597
998 1602
999 1000
1000 1003
1000 1201
1002 1118
1003 1163
1005 1029
1005 1037
1005 1040
1005 1063
1005 1075
1005 1085
1005 1093
1005 1097
1006 1010
1006 1030
1006 1034
1006 1050
1006 1075
1006 1077
1007 1024
1007 1067
1007 1069
1007 1077
1007 1169
1007 1240
1007 1258
1007 1296
1008 1009
1008 1017
1008 1068
1008 1091
1008 1099
1009 1048
1009 1091
1009 1202
1010 1056
1010 1058
1010 1063
1010 1070
1010 1077
1011 1017
1011 1020
1011 1033
1011 1068
1011 1074
1011 1088
1011 1096
1012 1035
1012 1049
1012 1053
1012 1097
1012 1112
1013 1020
1013 1061
1013 1079
1013 1099
1014 1039
1014 1040
1014 1049
1014 1087
1014 1088
1014 1097
1015 1026
1015 1045
1015 1046
1015 1057
1015 1071
1015 1075
1016 1019
1016 1032
1016 1178
1016 1193
1016 1236
1016 1250
1016 1318
1017 1025
1017 1064
1017 1068
1017 1091
1017 1206
1018 1055
1018 1078
1018 1095
1018 1108
1018 1133
1018 1160
1019 1021
1019 1032
1019 1062
1019 1071
1019 1072
1019 1094
1020 1033
1020 1039
1020 1048
1020 1061
1020 1068
1020 1088
1021 1031
1021 1032
1021 1072
1021 1094
1022 1028
1022 1035
1022 1060
1022 1073
1022 1082
1022 1102
1022 1113
1022 1151
1023 1059
1023 1067
1023 1077
1023 1109
1024 1067
1024 1069
1024 1258
1025 1036
1025 1206
1025 1208
1026 1045
1026 1057
1026 1071
1026 1074
1026 1075
1026 1078
1026 1092
1027 1036
1027 1055
1027 1208
1028 1029
1028 1035
1028 1037
1028 1060
1028 1079
1028 1082
1028 1097
1029 1037
1029 1051
1029 1073
1029 1093
1029 1101
1030 1045
1030 1069
1030 1077
1030 1296
1031 1032
1031 1071
1031 1076
1031 1160
1031 1205
1032 1071
1032 1072
1032 1139
1032 1193
1033 1038
1033 1039
1033 1074
1033 1089
1034 1044
1034 1050
1034 1085
1034 1211
1034 1223
1034 1284
1034 1296
1034 1297
1035 1060
1035 1080
1035 1101
1035 1114
1035 1151
1036 1044
1036 1092
1036 1208
1037 1081
1037 1082
1037 1085
1037 1096
1038 1052
1038 1090
1039 1057
1040 1057
1040 1075
1040 1087
1040 1088
1040 1092
1040 1096
1040 1097
1041 1083
1041 1091
1041 1100
1041 1123
1041 1293
1042 1046
1042 1084
1042 1094
1043 1054
1043 1232
1043 1260
1043 1267
1043 1285
1044 1045
1044 1092
1044 1245
1045 1062
1045 1075
1045 1092
1046 1052
1046 1057
1046 1076
1047 1049
1047 1056
1047 1112
1047 1116
1047 1131
1047 1143
1048 1061
1048 1068
1048 1089
1049 1087
1049 1097
1050 1063
1050 1070
1050 1093
1050 1204
1051 1085
1051 1235
1051 1253
1051 1297
1052 1057
1052 1076
1052 1078
1053 1060
1053 1079
1053 1080
1054 1081
1054 1099
1054 1267
1055 1071
1056 1058
1056 1063
1056 1087
1057 1074
1057 1075
1058 1070
1058 1086
1058 1147
1059 1069
1059 1077
1059 1086
1060 1079
1060 1080
1060 1082
1061 1068
1061 1099
1062 1209
1062 1250
1063 1070
1063 1093
1064 1083
1064 1089
1064 1091
1064 1095
1064 1100
1064 1206
1065 1066
1065 1084
1065 1086
1066 1084
1066 1094
1067 1168
1067 1169
1067 1251
1068 1089
1068 1091
1069 1077
1069 1258
1070 1109
1070 1147
1070 1204
1071 1076
1071 1078
1071 1094
1073 1082
1073 1102
1073 1151
1073 1214
1073 1260
1075 1092
1076 1078
1076 1108
1076 1205
1078 1090
1078 1108
1079 1088
1080 1114
1081 1085
1081 1096
1081 1235
1081 1285
1081 1298
1082 1260
1083 1089
1083 1091
1083 1095
1083 1100
1083 1117
1083 1174
1084 1086
1084 1094
1085 1092
1085 1096
1085 1298
1087 1097
1088 1096
1089 1090
1089 1091
1089 1098
1090 1098
1090 1106
1090 1108
1092 1096
1093 1101
1093 1156
1095 1133
1095 1196
1098 1106
1100 1206
1100 1264
1100 1270
1100 1292
1100 1338
1101 1151
1102 1299
1102 1405
1103 1121
1103 1140
1103 1142
1103 1154
1103 1162
1104 1127
1104 1134
1104 1168
1104 1181
1104 1188
1104 1192
1105 1106
1105 1117
1105 1124
1105 1165
1105 1174
1105 1195
1105 1198
1105 1202
1106 1117
1106 1132
1106 1171
1106 1179
1107 1121
1107 1139
1107 1140
1107 1170
1107 1186
1107 1189
1108 1133
1108 1160
1108 1175
1108 1185
1108 1205
1109 1118
1109 1147
1109 1181
1109 1204
1110 1140
1110 1154
1110 1161
1110 1164
1110 1176
1111 1141
1111 1144
1111 1183
1111 1184
1112 1114
1112 1131
1112 1141
1112 1143
1113 1157
1114 1144
1114 1145
1114 1159
1114 1184
1115 1154
1115 1192
1115 1361
1115 1403
1115 1404
1116 1119
1116 1131
1116 1143
1116 1147
1117 1125
1117 1174
1117 1195
1118 1147
1118 1182
1119 1131
1119 1161
1119 1166
1119 1167
1119 1172
1119 1181
1120 1164
1120 1176
1120 1186
1120 1189
1120 1309
1120 1400
1121 1122
1121 1140
1121 1142
1121 1158
1121 1170
1122 1127
1122 1140
1122 1158
1122 1166
1123 1146
1123 1174
1123 1198
1124 1138
1124 1202
1125 1133
1125 1137
1125 1149
1125 1150
1125 1195
1125 1196
1125 1378
1126 1135
1126 1172
1126 1179
1126 1187
1127 1181
1127 1182
1127 1188
1128 1153
1128 1183
1128 1190
1128 1191
1128 1194
1128 1393
1128 1403
1129 1145
1129 1180
1130 1136
1130 1157
1130 1177
1131 1141
1131 1143
1131 1172
1132 1150
1132 1165
1132 1171
1132 1179
1132 1180
1132 1195
1133 1149
1133 1160
1133 1162
1133 1185
1133 1196
1134 1168
1134 1406
1135 1150
1135 1172
1135 1180
1136 1153
1136 1402
1137 1146
1137 1174
1137 1177
1137 1191
1137 1195
1137 1331
1137 1378
1138 1165
1138 1200
1139 1142
1139 1160
1139 1163
1139 1170
1139 1193
1140 1164
1140 1176
1140 1186
1140 1189
1141 1143
1141 1172
1141 1184
1142 1160
1142 1162
1142 1163
1142 1185
1143 1156
1144 1151
1144 1184
1145 1157
1145 1159
1145 1173
1145 1180
1145 1184
1146 1174
1146 1177
1146 1195
1146 1198
1146 1401
1147 1167
1147 1181
1148 1196
1148 1197
1148 1282
1148 1363
1148 1384
1149 1162
1149 1196
1149 1329
1149 1378
1149 1384
1149 1390
1150 1180
1150 1191
1150 1195
1151 1190
1152 1171
1152 1175
1152 1179
1152 1185
1152 1201
1153 1190
1153 1194
1153 1359
1153 1402
1153 1405
1154 1164
1154 1329
1155 1157
1155 1159
1155 1173
1156 1204
1157 1159
1158 1166
1158 1187
1160 1163
1160 1185
1160 1205
1161 1166
1161 1172
1161 1181
1161 1192
1162 1185
1162 1189
1162 1197
1162 1390
1163 1170
1163 1201
1163 1205
1164 1189
1164 1341
1164 1400
1165 1171
1165 1173
1165 1180
1165 1195
1165 1200
1166 1172
1167 1181
1167 1182
1168 1169
1168 1251
1168 1313
1169 1192
1169 1204
1169 1251
1169 1323
1171 1179
1173 1180
1174 1195
1174 1198
1175 1201
1175 1205
1176 1186
1176 1188
1177 1191
1177 1195
1177 1200
1178 1193
1178 1236
1179 1185
1180 1184
1181 1192
1183 1403
1185 1201
1187 1201
1189 1379
1190 1199
1190 1333
1190 1403
1190 1405
1191 1194
1192 1204
1192 1404
1193 1197
1193 1318
1193 1379
1194 1359
1194 1393
1196 1331
1196 1378
1196 1384
1197 1379
1197 1390
1198 1202
1199 1203
1199 1253
1199 1333
1199 1403
1201 1205
1203 1226
1203 1253
1203 1333
1203 1375
1203 1404
1206 1208
1206 1292
1206 1293
1207 1211
1207 1222
1207 1223
1207 1237
1207 1240
1207 1258
1207 1283
1207 1296
1208 1268
1208 1270
1208 1275
1208 1292
1209 1227
1209 1241
1209 1246
1209 1283
1210 1225
1210 1257
1210 1276
1210 1301
1210 1305
1211 1222
1211 1223
1211 1241
1211 1284
1211 1294
1211 1296
1212 1255
1212 1277
1212 1471
1212 1615
1213 1228
1213 1247
1213 1252
1213 1292
1214 1233
1214 1235
1214 1260
1214 1286
1215 1221
1215 1242
1215 1259
1215 1280
1215 1282
1215 1300
1215 1334
1216 1221
1216 1242
1216 1265
1216 1272
1216 1276
1216 1494
1217 1239
1217 1248
1217 1261
1217 1314
1217 1345
1218 1243
1218 1247
1218 1266
1218 1287
1218 1290
1219 1220
1219 1291
1219 1421
1219 1449
1219 1466
1219 1489
1219 1513
1220 1273
1220 1279
1220 1291
1220 1302
1220 1303
1221 1242
1221 1244
1221 1274
1221 1300
1222 1223
1222 1239
1222 1265
1222 1269
1222 1294
1223 1226
1223 1240
1223 1284
1223 1296
1223 1297
1224 1262
1224 1264
1224 1293
1225 1231
1225 1287
1225 1288
1225 1440
1225 1473
1226 1253
1226 1256
1226 1297
1226 1323
1226 1375
1227 1241
1227 1242
1227 1271
1227 1273
1227 1280
1227 1291
1228 1231
1228 1247
1228 1267
1228 1285
1228 1289
1229 1239
1229 1263
1229 1314
1229 1419
1230 1238
1230 1248
1230 1254
1230 1266
1230 1294
1230 1295
1231 1281
1231 1288
1231 1289
1232 1260
1232 1285
1232 1286
1232 1289
1233 1235
1233 1249
1233 1255
1233 1286
1233 1304
1233 1332
1234 1272
1234 1287
1234 1420
1234 1465
1234 1473
1234 1484
1234 1496
1235 1298
1235 1304
1236 1246
1237 1239
1237 1263
1237 1283
1238 1248
1238 1249
1238 1256
1238 1295
1238 1304
1238 1312
1238 1348
1239 1263
1239 1269
1240 1251
1240 1323
1241 1242
1241 1245
1242 1244
1242 1265
1242 1291
1243 1266
1243 1290
1243 1294
1244 1245
1244 1259
1244 1268
1244 1275
1244 1276
1245 1259
1245 1268
1245 1290
1246 1273
1247 1268
1247 1285
1248 1256
1248 1348
1249 1266
1249 1277
1249 1304
1250 1259
1250 1280
1250 1282
1251 1310
1251 1323
1252 1257
1252 1262
1252 1288
1253 1256
1253 1297
1253 1333
1254 1294
1254 1468
1254 1484
1255 1281
1255 1286
1255 1289
1256 1297
1256 1304
1257 1262
1257 1301
1257 1392
1257 1492
1258 1283
1258 1296
1259 1275
1259 1282
1260 1285
1260 1286
1260 1299
1261 1468
1261 1481
1261 1509
1262 1264
1262 1360
1263 1269
1263 1416
1264 1292
1264 1293
1264 1338
1265 1291
1265 1294
1265 1494
1266 1284
1267 1285
1268 1275
1268 1290
1269 1489
1269 1509
1270 1275
1270 1292
1270 1338
1270 1363
1271 1273
1271 1283
1271 1291
1272 1276
1272 1305
1272 1473
1272 1484
1272 1496
1273 1280
1273 1302
1273 1303
1274 1300
1274 1407
1274 1507
1274 1513
1275 1363
1276 1305
1277 1399
1277 1420
1277 1615
1278 1305
1278 1383
1278 1394
1278 1407
1278 1432
1278 1492
1278 1507
1279 1302
1279 1358
1279 1368
1279 1391
1280 1302
1281 1287
1281 1289
1281 1440
1281 1446
1281 1471
1282 1334
1282 1363
1284 1290
1284 1294
1284 1297
1286 1299
1286 1332
1287 1289
1288 1447
1290 1294
1290 1298
1291 1489
1292 1293
1295 1399
1295 1420
1295 1458
1295 1468
1295 1620
1299 1405
1300 1352
1300 1394
1300 1407
1301 1394
1302 1303
1302 1358
1302 1391
1305 1435
1305 1473
1305 1498
1306 1324
1306 1327
1306 1338
1306 1366
1306 1367
1306 1394
1307 1332
1307 1365
1307 1369
1307 1405
1308 1324
1308 1330
1308 1347
1308 1383
1308 1385
1308 1520
1308 1532
1308 1555
1309 1318
1309 1343
1309 1351
1309 1379
1310 1313
1310 1323
1310 1342
1310 1345
1311 1317
1311 1347
1311 1374
1311 1407
1312 1348
1312 1353
1312 1365
1313 1323
1313 1356
1313 1404
1313 1406
1314 1342
1314 1345
1315 1328
1315 1340
1315 1355
1316 1342
1316 1345
1316 1348
1316 1592
1317 1321
1317 1337
1317 1374
1317 1389
1317 1561
1317 1569
1317 1607
1318 1344
1318 1358
1318 1379
1319 1340
1319 1349
1319 1362
1319 1364
1319 1541
1319 1566
1320 1326
1320 1339
1320 1342
1320 1350
1320 1356
1320 1372
1320 1377
1320 1388
1321 1322
1321 1337
1321 1339
1321 1372
1321 1377
1321 1388
1321 1607
1322 1325
1322 1339
1322 1351
1322 1391
1322 1396
1323 1345
1323 1356
1323 1375
1324 1327
1324 1347
1324 1352
1324 1381
1324 1395
1325 1376
1325 1518
1325 1546
1325 1569
1325 1574
1326 1339
1326 1342
1326 1388
1327 1331
1327 1335
1327 1338
1327 1352
1327 1367
1327 1378
1327 1384
1327 1386
1328 1340
1328 1366
1328 1373
1329 1335
1329 1341
1329 1357
1329 1390
1330 1336
1330 1362
1330 1381
1330 1389
1330 1395
1330 1520
1330 1532
1331 1338
1331 1367
1331 1378
1332 1346
1332 1369
1333 1353
1333 1365
1333 1375
1333 1403
1334 1344
1334 1352
1334 1358
1334 1368
1334 1374
1335 1354
1335 1357
1335 1378
1335 1381
1335 1384
1336 1354
1336 1362
1336 1364
1336 1365
1336 1371
1337 1344
1337 1351
1337 1372
1337 1374
1338 1352
1338 1363
1339 1343
1339 1351
1339 1388
1339 1400
1340 1364
1340 1380
1340 1395
1341 1379
1341 1390
1341 1400
1342 1345
1342 1356
1342 1387
1343 1351
1343 1400
1344 1351
1344 1358
1344 1379
1344 1390
1345 1356
1346 1397
1347 1383
1347 1394
1347 1407
1348 1353
1348 1620
1349 1369
1349 1397
1349 1566
1349 1584
1349 1612
1349 1615
1350 1353
1350 1356
1350 1371
1350 1372
1350 1377
1351 1391
1352 1363
1352 1374
1352 1384
1353 1375
1354 1357
1354 1364
1354 1371
1354 1381
1354 1386
1354 1393
1355 1359
1356 1361
1356 1375
1356 1404
1357 1378
1357 1393
1357 1403
1358 1368
1358 1391
1359 1393
1360 1366
1360 1370
1360 1392
1361 1404
1362 1382
1362 1532
1362 1541
1362 1585
1363 1384
1364 1386
1364 1393
1364 1395
1365 1369
1365 1393
1366 1367
1366 1370
1366 1385
1366 1386
1366 1395
1367 1370
1367 1386
1367 1401
1368 1374
1368 1391
1371 1372
1371 1381
1372 1377
1373 1380
1373 1385
1375 1404
1376 1391
1376 1574
1377 1382
1377 1398
1377 1607
1378 1384
1379 1390
1380 1385
1380 1395
1380 1532
1380 1555
1380 1575
1381 1389
1382 1389
1382 1544
1382 1561
1382 1585
1383 1392
1383 1394
1383 1492
1383 1526
1383 1555
1384 1390
1385 1392
1385 1395
1385 1555
1386 1395
1386 1401
1387 1388
1387 1396
1387 1398
1387 1614
1388 1396
1388 1398
1389 1520
1389 1561
1392 1394
1392 1492
1393 1403
1396 1398
1396 1607
1396 1614
1397 1566
1398 1598
1398 1607
1399 1420
1399 1539
1399 1612
1399 1620
1400 1406
1402 1405
1407 1507
1407 1550
1408 1413
1408 1439
1408 1448
1408 1458
1408 1476
1408 1523
1408 1618
1409 1413
1409 1425
1409 1439
1409 1493
1410 1435
1410 1453
1410 1492
1410 1586
1411 1424
1411 1444
1411 1455
1411 1472
1411 1487
1411 1528
1411 1529
1411 1550
1411 1610
1412 1415
1412 1452
1412 1456
1412 1463
1412 1479
1412 1498
1413 1439
1413 1448
1413 1475
1413 1481
1414 1416
1414 1457
1414 1488
1414 1504
1415 1450
1415 1452
1415 1477
1415 1496
1415 1498
1416 1489
1416 1509
1417 1442
1417 1443
1417 1460
1417 1493
1417 1515
1418 1423
1418 1456
1418 1479
1419 1509
1420 1465
1420 1499
1421 1449
1421 1489
1421 1504
1422 1423
1422 1436
1422 1437
1422 1450
1422 1452
1422 1465
1422 1479
1423 1437
1423 1445
1423 1459
1423 1479
1423 1512
1424 1463
1424 1502
1424 1505
1424 1528
1424 1554
1424 1608
1425 1439
1425 1467
1425 1476
1425 1577
1426 1437
1426 1497
1426 1512
1426 1589
1427 1467
1428 1449
1428 1472
1428 1474
1428 1508
1428 1560
1428 1572
1428 1574
1429 1470
1429 1478
1429 1486
1430 1474
1430 1486
1430 1593
1431 1490
1431 1491
1431 1553
1431 1578
1431 1581
1431 1608
1432 1435
1432 1444
1432 1453
1432 1492
1432 1498
1432 1550
1433 1442
1433 1501
1433 1502
1433 1505
1434 1441
1434 1490
1434 1491
1434 1495
1434 1514
1435 1447
1435 1453
1435 1462
1435 1492
1435 1498
1436 1446
1436 1465
1436 1471
1436 1482
1437 1497
1437 1500
1438 1470
1438 1511
1439 1523
1439 1568
1440 1446
1440 1465
1440 1471
1440 1473
1441 1491
1441 1495
1441 1505
1442 1443
1442 1464
1442 1477
1442 1483
1443 1460
1443 1461
1443 1464
1443 1483
1443 1504
1444 1463
1444 1487
1444 1507
1444 1550
1445 1459
1445 1512
1446 1503
1447 1462
1447 1473
1447 1503
1448 1451
1448 1460
1448 1464
1448 1480
1448 1506
1449 1508
1449 1513
1449 1560
1449 1574
1450 1452
1450 1473
1450 1479
1450 1496
1450 1498
1450 1503
1451 1454
1451 1480
1451 1493
1452 1454
1452 1479
1452 1480
1452 1484
1452 1496
1453 1490
1453 1492
1453 1553
1453 1586
1454 1456
1454 1480
1455 1461
1455 1474
1455 1501
1455 1527
1455 1538
1455 1572
1456 1479
1457 1470
1457 1475
1457 1488
1457 1511
1458 1468
1458 1499
1458 1617
1458 1618
1458 1620
1459 1462
1459 1495
1459 1503
1460 1488
1460 1493
1461 1472
1461 1478
1461 1483
1461 1487
1461 1501
1461 1504
1462 1490
1462 1491
1462 1503
1463 1505
1464 1477
1464 1483
1464 1494
1464 1506
1465 1471
1466 1472
1466 1483
1466 1487
1466 1494
1466 1507
1466 1513
1467 1476
1468 1484
1468 1506
1469 1475
1469 1510
1469 1511
1471 1482
1472 1487
1472 1513
1472 1529
1473 1496
1473 1498
1474 1478
1474 1508
1474 1538
1475 1488
1475 1511
1476 1480
1476 1596
1477 1483
1477 1487
1477 1494
1478 1486
1478 1501
1480 1499
1480 1500
1481 1488
1481 1506
1481 1509
1481 1616
1482 1603
1482 1615
1483 1487
1483 1494
1483 1504
1484 1496
1484 1499
1485 1500
1485 1522
1485 1589
1485 1615
1485 1617
1486 1501
1487 1507
1488 1504
1488 1506
1488 1509
1489 1504
1490 1491
1490 1514
1490 1578
1491 1495
1494 1506
1496 1498
1497 1500
1497 1522
1497 1589
1499 1500
1500 1522
1501 1515
1502 1505
1508 1560
1510 1511
1510 1602
1513 1529
1514 1558
1514 1578
1516 1517
1516 1521
1516 1524
1516 1542
1516 1549
1516 1564
1516 1597
1516 1611
1517 1549
1517 1564
1517 1573
1517 1577
1518 1529
1518 1546
1518 1560
1518 1569
1518 1572
1518 1574
1519 1533
1519 1537
1519 1567
1519 1579
1520 1532
1520 1557
1520 1561
1520 1571
1521 1564
1521 1580
1521 1597
1522 1540
1522 1587
1522 1589
1523 1530
1523 1568
1523 1577
1523 1596
1523 1618
1524 1565
1524 1582
1524 1591
1524 1604
1524 1611
1525 1528
1525 1554
1525 1591
1525 1600
1526 1548
1526 1550
1526 1553
1526 1555
1526 1606
1526 1608
1527 1538
1527 1593
1528 1554
1528 1572
1528 1591
1528 1600
1528 1610
1529 1550
1529 1572
1529 1610
1530 1544
1530 1545
1530 1577
1530 1585
1530 1592
1530 1601
1531 1537
1531 1547
1531 1554
1531 1581
1531 1600
1532 1541
1532 1548
1532 1555
1532 1575
1533 1556
1533 1587
1533 1605
1533 1619
1534 1542
1534 1552
1534 1564
1534 1568
1534 1598
1535 1549
1535 1576
1535 1595
1535 1601
1536 1556
1536 1587
1536 1599
1536 1609
1537 1547
1537 1567
1537 1570
1537 1579
1537 1588
1537 1590
1538 1565
1538 1572
1538 1591
1538 1593
1539 1545
1539 1585
1539 1592
1539 1612
1539 1617
1539 1620
1540 1543
1540 1545
1540 1587
1540 1605
1541 1545
1541 1566
1541 1575
1541 1583
1541 1612
1542 1544
1542 1576
1542 1582
1542 1604
1543 1545
1543 1590
1543 1596
1543 1599
1543 1601
1543 1613
1544 1561
1544 1571
1544 1576
1544 1585
1545 1583
1545 1585
1545 1601
1546 1560
1546 1582
1547 1548
1547 1588
1547 1590
1547 1595
1547 1600
1547 1606
1548 1555
1548 1563
1548 1575
1548 1583
1548 1588
1548 1606
1550 1608
1550 1610
1551 1558
1551 1567
1551 1578
1552 1562
1552 1568
1552 1592
1552 1598
1552 1616
1553 1588
1553 1608
1554 1600
1555 1563
1556 1570
1556 1587
1556 1599
1556 1619
1557 1561
1557 1571
1557 1604
1557 1606
1557 1610
1558 1567
1558 1578
1558 1581
1559 1584
1559 1603
1560 1574
1561 1569
1561 1571
1561 1607
1562 1580
1562 1598
1562 1616
1563 1579
1563 1586
1563 1588
1564 1573
1564 1580
1564 1602
1565 1591
1565 1593
1565 1611
1566 1584
1567 1578
1567 1588
1568 1573
1569 1582
1569 1607
1570 1590
1570 1599
1571 1576
1571 1583
1571 1585
1571 1606
1572 1591
1572 1610
1573 1577
1573 1602
1575 1583
1575 1594
1576 1595
1576 1601
1577 1596
1577 1601
1578 1581
1578 1588
1579 1594
1580 1598
1582 1604
1582 1607
1583 1585
1583 1590
1584 1603
1584 1605
1584 1615
1585 1592
1587 1589
1587 1605
1587 1609
1587 1619
1589 1609
1590 1595
1590 1605
1591 1604
1591 1611
1592 1618
1592 1620
1595 1600
1595 1606
1596 1613
1596 1617
1598 1614
1599 1613
1600 1606
1600 1608
1603 1615
1608 1610
1609 1619
1618 1620
