0.25792000 0.19548000 0.46275000
0.45395000 0.16318000 0.03218000
0.07634000 0.18056000 0.06002000
0.05482000 0.11915000 0.05546000
0.31423000 0.00321000 0.37788000
0.49243000 0.11044000 0.19940000
0.30900000 0.14452000 0.07705000
0.07480000 0.16952000 0.45626000
0.34140000 0.22481000 0.24317000
0.31439000 0.13405000 0.34722000
0.26886000 0.19498000 0.30837000
0.26403000 0.08304000 0.01188000
0.01321000 0.19553000 0.26869000
0.40018000 0.17731000 0.40433000
0.07777000 0.07392000 0.15053000
0.05311000 0.00185000 0.35192000
0.05727000 0.01732000 0.22390000
0.22549000 0.15300000 0.13230000
0.38094000 0.24707000 0.17706000
0.38511000 0.22600000 0.31968000
0.14906000 0.12183000 0.10203000
0.01276000 0.22055000 0.09299000
0.30257000 0.04434000 0.29814000
0.11787000 0.20998000 0.22597000
0.14267000 0.11051000 0.40214000
0.40664000 0.12721000 0.07450000
0.46312000 0.06543000 0.35983000
0.36345000 0.06576000 0.12160000
0.39028000 0.06355000 0.36042000
0.05497000 0.01233000 0.05809000
0.19345000 0.07087000 0.34342000
0.34136000 0.16896000 0.19129000
0.14863000 0.00915000 0.41510000
0.08080000 0.20801000 0.13989000
0.11195000 0.04230000 0.26106000
0.03515000 0.16907000 0.19354000
0.16055000 0.06762000 0.03354000
0.38755000 0.00940000 0.44318000
0.10910000 0.07607000 0.33784000
0.18447000 0.19762000 0.19972000
0.32674000 0.02949000 0.48457000
0.35684000 0.18136000 0.46426000
0.09779000 0.06863000 0.06797000
0.30108000 0.05382000 0.17188000
0.15600000 0.12879000 0.49623000
0.05144000 0.13189000 0.30557000
0.13442000 0.01796000 0.13541000
0.49297000 0.07883000 0.28173000
0.14306000 0.06369000 0.47520000
0.05576000 0.10699000 0.46465000
0.48046000 0.16458000 0.48989000
0.35453000 0.00385000 0.26438000
0.42099000 0.20332000 0.48733000
0.44915000 0.20989000 0.20936000
0.45934000 0.05390000 0.14270000
0.47060000 0.19093000 0.40527000
0.14853000 0.22032000 0.10382000
0.29349000 0.07062000 0.09332000
0.11525000 0.20216000 0.30399000
0.49008000 0.07636000 0.06428000
0.09999000 0.14474000 0.17573000
0.49998000 0.11226000 0.39378000
0.43445000 0.14835000 0.17069000
0.43473000 0.17225000 0.27331000
0.30981000 0.10723000 0.23272000
0.20431000 0.03203000 0.15806000
0.35693000 0.10244000 0.00530000
0.43141000 0.11511000 0.32476000
0.31603000 0.10225000 0.47272000
0.28685000 0.22549000 0.16249000
0.14935000 0.10268000 0.17319000
0.23529000 0.13045000 0.45171000
0.25667000 0.16729000 0.20539000
0.08663000 0.06612000 0.40964000
0.23416000 0.16611000 0.37169000
0.18209000 0.19135000 0.46488000
0.17904000 0.17518000 0.32210000
0.41457000 0.22227000 0.09598000
0.23069000 0.06849000 0.21193000
0.07496000 0.17578000 0.35538000
0.41977000 0.10595000 0.46973000
0.19240000 0.11316000 0.27509000
0.46365000 0.01838000 0.27371000
0.31050000 0.24311000 0.04045000
0.33860000 0.19671000 0.11700000
0.23634000 0.03469000 0.29895000
0.41901000 0.10409000 0.22204000
0.14418000 0.17314000 0.01918000
0.02032000 0.24886000 0.33306000
0.09860000 0.11578000 0.25324000
0.42361000 0.05492000 0.06786000
0.24419000 0.01726000 0.46788000
0.48852000 0.13097000 0.11857000
0.37054000 0.21827000 0.98025000
0.40125000 0.17119000 0.75815000
0.19508000 0.13348000 0.58358000
0.28060000 0.05661000 0.59927000
0.13166000 0.04700000 0.60934000
0.02957000 0.18433000 0.97443000
0.04924000 0.18024000 0.89003000
0.49270000 0.17118000 0.58448000
0.29534000 0.11038000 0.79468000
0.10378000 0.09504000 0.85194000
0.40799000 0.13464000 0.82639000
0.44212000 0.15286000 0.66587000
0.45456000 0.00610000 0.76307000
0.27638000 0.13083000 0.69457000
0.31040000 0.12308000 0.56742000
0.33019000 0.02645000 0.65281000
0.08361000 0.05111000 0.94230000
0.13604000 0.03341000 0.74359000
0.23694000 0.18108000 0.75248000
0.07613000 0.19790000 0.76625000
0.04140000 0.09571000 0.79195000
0.47075000 0.02671000 0.68591000
0.17157000 0.21196000 0.72672000
0.43538000 0.13391000 0.57579000
0.30204000 0.14228000 0.98943000
0.27159000 0.09521000 0.92196000
0.13113000 0.11971000 0.62691000
0.49504000 0.13161000 0.86234000
0.36153000 0.02061000 0.72433000
0.46590000 0.23851000 0.61334000
0.47016000 0.04849000 0.50196000
0.32159000 0.07649000 0.85926000
0.35421000 0.12552000 0.64144000
0.37012000 0.03533000 0.80610000
0.48012000 0.18125000 0.79463000
0.48556000 0.09934000 0.94529000
0.37724000 0.22371000 0.69149000
0.00564000 0.03281000 0.87620000
0.18928000 0.09313000 0.93591000
0.36571000 0.10368000 0.73190000
0.19782000 0.13161000 0.66393000
0.32199000 0.20969000 0.83832000
0.19978000 0.21660000 0.93943000
0.32180000 0.04728000 0.96436000
0.16258000 0.15459000 0.85616000
0.05488000 0.05798000 0.64511000
0.21320000 0.16469000 0.99029000
0.14798000 0.15220000 0.77169000
0.11718000 0.11821000 0.94742000
0.13601000 0.01960000 0.96827000
0.40036000 0.24114000 0.56472000
0.30095000 0.16765000 0.62213000
0.39496000 0.07133000 0.86832000
0.46066000 0.03748000 0.85116000
0.29446000 0.18030000 0.53065000
0.04820000 0.03782000 0.74678000
0.38369000 0.06376000 0.60648000
0.41726000 0.23139000 0.78990000
0.15835000 0.21615000 0.83075000
0.42629000 0.07738000 0.67138000
0.08536000 0.17717000 0.58338000
0.38255000 0.17653000 0.60144000
0.07725000 0.03022000 0.85838000
0.14306000 0.10100000 0.72094000
0.23728000 0.10445000 0.52138000
0.14976000 0.04822000 0.83669000
0.08210000 0.24541000 0.55301000
0.45540000 0.13450000 0.74639000
0.32885000 0.23748000 0.58195000
0.17650000 0.19795000 0.54732000
0.21673000 0.05425000 0.73938000
0.31662000 0.19167000 0.92891000
0.13787000 0.19889000 0.65872000
0.05119000 0.12392000 0.60466000
0.25722000 0.16585000 0.87175000
0.09843000 0.08684000 0.55216000
0.24998000 0.19413000 0.64903000
0.19099000 0.02933000 0.53516000
0.45008000 0.01725000 0.60317000
0.03540000 0.09083000 0.87871000
0.24801000 0.03453000 0.86037000
0.16274000 0.24596000 0.61175000
0.29274000 0.06073000 0.71357000
0.47404000 0.21056000 0.97256000
0.29834000 0.21171000 0.71595000
0.02473000 0.19160000 0.66878000
0.46559000 0.02207000 0.93436000
0.21794000 0.24446000 0.78161000
0.42396000 0.11866000 0.96453000
0.07565000 0.11715000 0.69219000
0.00753000 0.12717000 0.51888000
0.12295000 0.18930000 0.90449000
0.24328000 0.23792000 0.58215000
0.00336000 0.01439000 0.96177000
0.00645000 0.22577000 0.78506000
0.30665000 0.00499000 0.83747000
0.07810000 0.23964000 0.64609000
0.02797000 0.09523000 0.96325000
0.18037000 0.01282000 0.65876000
0.01230000 0.22003000 0.53235000
0.48642000 0.10780000 0.51227000
0.27049000 0.00703000 0.76961000
0.40174000 0.22171000 0.88266000
0.39259000 0.00263000 0.92275000
0.25768000 0.21274000 0.98743000
0.05341000 0.43341000 0.40152000
0.07396000 0.26936000 0.21309000
0.04453000 0.46735000 0.48337000
0.26222000 0.29140000 0.38972000
0.40197000 0.45861000 0.33640000
0.17455000 0.48046000 0.31526000
0.06220000 0.39552000 0.01430000
0.28121000 0.31593000 0.06692000
0.21718000 0.41557000 0.32613000
0.45018000 0.27915000 0.24390000
0.04475000 0.37949000 0.17603000
0.15611000 0.25432000 0.03306000
0.20589000 0.49368000 0.05797000
0.26774000 0.44629000 0.11032000
0.23289000 0.34634000 0.36886000
0.02463000 0.27823000 0.14132000
0.12885000 0.33673000 0.12913000
0.13943000 0.46258000 0.16387000
0.28687000 0.41716000 0.30702000
0.28574000 0.30654000 0.21630000
0.19152000 0.36257000 0.10628000
0.45959000 0.47302000 0.09202000
0.35031000 0.25110000 0.49545000
0.02140000 0.46132000 0.18396000
0.24126000 0.31811000 0.15309000
0.33791000 0.40875000 0.14322000
0.40901000 0.42524000 0.13739000
0.22269000 0.47620000 0.16332000
0.10240000 0.36901000 0.40956000
0.08906000 0.25111000 0.01313000
0.40142000 0.32022000 0.09514000
0.40857000 0.27458000 0.43847000
0.36168000 0.45876000 0.40015000
0.22227000 0.25107000 0.14672000
0.18112000 0.38874000 0.19769000
0.06900000 0.34278000 0.24665000
0.13569000 0.45484000 0.24469000
0.36458000 0.34039000 0.30335000
0.48428000 0.43804000 0.28531000
0.17448000 0.33464000 0.43041000
0.14401000 0.41749000 0.34920000
0.19493000 0.34299000 0.29084000
0.14168000 0.34179000 0.04201000
0.38137000 0.38880000 0.35578000
0.49178000 0.29092000 0.35533000
0.33841000 0.30630000 0.44269000
0.03700000 0.42478000 0.31483000
0.10285000 0.40341000 0.29001000
0.45101000 0.39895000 0.35423000
0.14731000 0.33026000 0.22009000
0.33045000 0.37326000 0.06843000
0.24588000 0.43854000 0.44397000
0.17066000 0.44072000 0.44634000
0.33848000 0.27276000 0.10812000
0.12745000 0.25395000 0.37845000
0.04086000 0.32126000 0.05075000
0.19826000 0.26856000 0.22362000
0.13820000 0.45952000 0.04566000
0.40516000 0.45676000 0.04943000
0.12926000 0.35160000 0.33242000
0.47020000 0.29998000 0.12333000
0.43229000 0.49109000 0.49687000
0.26529000 0.25375000 0.25910000
0.21802000 0.44867000 0.24120000
0.02750000 0.37017000 0.36966000
0.21738000 0.29754000 0.07250000
0.39831000 0.38325000 0.05730000
0.11803000 0.30028000 0.29533000
0.41575000 0.34631000 0.19748000
0.07496000 0.32063000 0.46734000
0.30002000 0.34860000 0.13571000
0.42194000 0.31540000 0.37234000
0.39629000 0.43951000 0.46498000
0.28177000 0.32310000 0.30876000
0.45948000 0.44278000 0.44018000
0.06223000 0.48279000 0.34588000
0.23316000 0.39351000 0.03697000
0.46462000 0.36703000 0.26964000
0.17735000 0.27225000 0.48915000
0.44964000 0.26940000 0.05059000
0.25767000 0.36077000 0.23348000
0.38339000 0.36562000 0.43126000
0.33710000 0.48346000 0.27726000
0.19967000 0.26227000 0.36195000
0.36238000 0.30014000 0.22483000
0.35800000 0.37402000 0.23227000
0.31830000 0.26884000 0.36314000
0.04338000 0.43130000 0.10930000
0.03017000 0.29087000 0.40227000
0.38395000 0.48913000 0.22235000
0.13252000 0.40153000 0.11221000
0.28951000 0.37712000 0.42345000
0.24556000 0.46419000 0.36189000
0.42887000 0.41406000 0.22142000
0.10762000 0.46799000 0.44462000
0.48143000 0.33832000 0.41011000
0.29825000 0.48811000 0.40312000
0.49775000 0.39671000 0.19370000
0.07177000 0.49196000 0.23054000
0.49922000 0.47008000 0.20306000
0.03702000 0.49316000 0.08067000
0.28657000 0.49624000 0.04209000
0.33614000 0.49825000 0.14744000
0.32298000 0.41763000 0.48892000
0.42283000 0.37956000 0.49149000
0.49866000 0.31380000 0.00541000
0.29186000 0.39768000 0.90489000
0.02244000 0.29720000 0.91558000
0.27095000 0.29020000 0.77454000
0.30891000 0.25558000 0.96136000
0.34882000 0.44704000 0.58367000
0.23736000 0.32236000 0.98193000
0.33579000 0.26241000 0.87801000
0.23151000 0.38970000 0.68981000
0.02363000 0.35012000 0.85963000
0.21460000 0.25385000 0.66010000
0.42571000 0.39679000 0.70432000
0.08846000 0.31386000 0.63772000
0.42174000 0.45517000 0.96428000
0.43396000 0.26547000 0.68805000
0.34914000 0.38718000 0.72804000
0.03542000 0.47866000 0.87497000
0.25325000 0.39170000 0.54388000
0.19119000 0.35599000 0.92365000
0.04857000 0.41016000 0.88004000
0.13944000 0.47931000 0.94540000
0.16379000 0.38453000 0.80748000
0.12097000 0.46464000 0.72785000
0.04976000 0.29123000 0.74836000
0.13182000 0.27761000 0.84845000
0.28773000 0.48300000 0.51627000
0.11362000 0.39071000 0.61547000
0.04444000 0.37227000 0.59281000
0.35440000 0.34074000 0.51781000
0.20637000 0.25223000 0.87719000
0.08466000 0.44524000 0.66034000
0.38206000 0.28533000 0.81713000
0.04230000 0.38945000 0.51277000
0.18455000 0.35304000 0.72325000
0.45107000 0.35297000 0.96540000
0.18591000 0.39977000 0.62610000
0.48304000 0.38442000 0.89944000
0.15734000 0.31222000 0.58228000
0.10143000 0.35091000 0.54048000
0.31069000 0.37632000 0.61080000
0.22854000 0.41754000 0.87868000
0.02701000 0.43198000 0.79734000
0.03601000 0.38823000 0.70269000
0.16907000 0.41906000 0.93040000
0.37136000 0.39248000 0.95040000
0.34340000 0.33892000 0.99645000
0.10653000 0.48775000 0.80608000
0.30574000 0.43614000 0.76766000
0.39678000 0.28886000 0.98878000
0.03832000 0.34752000 0.95633000
0.48742000 0.26799000 0.73248000
0.28136000 0.45074000 0.64596000
0.46600000 0.30199000 0.87197000
0.08349000 0.36346000 0.74139000
0.42835000 0.42228000 0.79009000
0.16889000 0.30369000 0.97442000
0.10098000 0.27943000 0.93194000
0.42137000 0.32517000 0.75736000
0.21884000 0.45501000 0.98207000
0.40156000 0.39594000 0.85709000
0.46258000 0.34466000 0.60294000
0.37065000 0.34028000 0.61813000
0.14259000 0.45279000 0.87302000
0.45359000 0.46440000 0.72803000
0.48855000 0.31890000 0.79148000
0.35570000 0.30789000 0.92297000
0.46440000 0.48120000 0.90250000
0.26417000 0.31290000 0.61044000
0.26239000 0.36386000 0.79707000
0.02996000 0.45322000 0.57914000
0.25325000 0.32015000 0.89717000
0.21286000 0.44829000 0.55808000
0.15846000 0.30045000 0.66491000
0.19315000 0.46883000 0.64085000
0.31989000 0.26855000 0.65864000
0.25429000 0.31350000 0.69625000
0.34374000 0.35229000 0.81289000
0.30684000 0.44651000 0.96815000
0.48691000 0.39454000 0.54958000
0.34180000 0.47083000 0.70904000
0.02957000 0.47069000 0.71054000
0.11193000 0.36570000 0.85790000
0.19209000 0.44322000 0.75810000
0.43624000 0.43642000 0.61267000
0.45337000 0.27992000 0.95010000
0.03107000 0.49575000 0.96458000
0.13311000 0.43677000 0.51976000
0.05554000 0.27509000 0.83178000
0.11670000 0.28961000 0.72993000
0.36679000 0.45676000 0.84127000
0.11661000 0.37548000 0.94153000
0.19181000 0.35403000 0.51981000
0.10664000 0.49381000 0.54817000
0.04525000 0.31528000 0.55887000
0.36064000 0.29965000 0.71439000
0.28299000 0.32738000 0.53235000
0.45107000 0.29395000 0.50551000
0.06567000 0.59390000 0.06824000
0.23878000 0.65462000 0.24991000
0.17768000 0.50148000 0.39186000
0.03537000 0.72519000 0.27715000
0.44781000 0.69723000 0.35472000
0.42178000 0.56138000 0.32026000
0.41665000 0.61095000 0.06831000
0.19746000 0.74051000 0.01669000
0.27325000 0.54039000 0.44838000
0.11666000 0.63378000 0.23475000
0.45131000 0.61786000 0.19299000
0.22376000 0.57669000 0.19516000
0.01413000 0.74446000 0.09715000
0.16891000 0.71487000 0.13592000
0.16424000 0.65681000 0.08218000
0.10547000 0.55648000 0.36672000
0.38914000 0.69811000 0.39089000
0.10923000 0.68238000 0.17065000
0.38793000 0.54640000 0.17761000
0.29043000 0.70263000 0.47351000
0.04907000 0.68737000 0.37718000
0.08843000 0.59804000 0.29621000
0.23566000 0.51157000 0.27906000
0.00998000 0.59673000 0.12668000
0.11652000 0.70460000 0.25536000
0.35159000 0.63840000 0.29548000
0.06091000 0.61572000 0.19803000
0.02501000 0.63336000 0.31946000
0.09412000 0.53545000 0.47104000
0.22978000 0.64866000 0.49054000
0.04912000 0.68513000 0.21207000
0.04836000 0.59040000 0.39687000
0.45806000 0.60823000 0.42579000
0.42520000 0.68638000 0.08567000
0.34578000 0.68868000 0.08867000
0.32326000 0.69770000 0.21647000
0.35464000 0.55445000 0.45984000
0.14996000 0.69461000 0.46007000
0.13887000 0.56208000 0.23521000
0.09182000 0.72533000 0.07238000
0.27980000 0.63403000 0.32951000
0.16185000 0.56013000 0.47226000
0.38935000 0.53562000 0.39169000
0.01994000 0.52106000 0.29264000
0.39257000 0.71915000 0.21580000
0.23273000 0.65244000 0.06308000
0.34118000 0.74132000 0.27504000
0.47894000 0.60256000 0.10945000
0.33478000 0.70405000 0.00883000
0.11366000 0.52214000 0.13004000
0.28791000 0.51525000 0.21633000
0.29433000 0.55157000 0.11515000
0.43098000 0.69281000 0.00707000
0.32519000 0.61459000 0.08487000
0.20901000 0.68353000 0.34030000
0.06138000 0.66307000 0.02600000
0.14482000 0.73084000 0.33546000
0.41959000 0.74233000 0.15571000
0.02942000 0.50468000 0.41784000
0.23746000 0.70578000 0.12473000
0.41246000 0.70571000 0.49503000
0.33143000 0.54634000 0.05469000
0.01308000 0.68338000 0.45302000
0.41697000 0.61472000 0.26589000
0.04837000 0.73787000 0.42696000
0.14986000 0.59907000 0.02057000
0.39453000 0.53161000 0.09487000
0.32911000 0.53406000 0.34682000
0.26626000 0.56703000 0.33140000
0.11755000 0.62597000 0.13146000
0.47563000 0.54370000 0.38891000
0.47058000 0.51376000 0.27956000
0.22594000 0.55880000 0.06457000
0.20105000 0.67741000 0.19220000
0.13450000 0.61432000 0.36447000
0.17808000 0.74774000 0.26167000
0.04702000 0.53088000 0.15008000
0.17804000 0.55036000 0.12153000
0.31632000 0.58037000 0.25450000
0.19274000 0.57837000 0.30175000
0.29421000 0.68702000 0.38264000
0.08901000 0.66477000 0.31881000
0.35058000 0.59535000 0.38814000
0.30035000 0.63438000 0.43545000
0.26900000 0.61369000 0.13476000
0.49661000 0.72755000 0.17659000
0.33013000 0.60818000 0.17626000
0.33151000 0.73855000 0.40933000
0.44859000 0.67600000 0.27448000
0.21423000 0.57176000 0.39968000
0.38181000 0.54162000 0.26485000
0.27201000 0.71341000 0.03696000
0.11040000 0.53139000 0.05712000
0.44553000 0.55757000 0.47602000
0.46991000 0.55132000 0.19076000
0.05339000 0.68000000 0.10947000
0.44256000 0.74114000 0.41687000
0.10704000 0.60846000 0.49702000
0.06807000 0.71242000 0.71681000
0.43266000 0.59487000 0.73212000
0.46481000 0.53738000 0.71249000
0.27062000 0.59723000 0.59347000
0.18009000 0.51843000 0.88619000
0.44193000 0.57941000 0.56449000
0.38430000 0.52901000 0.54176000
0.48010000 0.60143000 0.96526000
0.20435000 0.62889000 0.57234000
0.32666000 0.54249000 0.58186000
0.08865000 0.62865000 0.63264000
0.36683000 0.63916000 0.99473000
0.13899000 0.64286000 0.85733000
0.05318000 0.65112000 0.69731000
0.29838000 0.55127000 0.98699000
0.38844000 0.66868000 0.55265000
0.29862000 0.62649000 0.96667000
0.04934000 0.64845000 0.82509000
0.32379000 0.64302000 0.56267000
0.27036000 0.51439000 0.86540000
0.13559000 0.58685000 0.57029000
0.46514000 0.52269000 0.79186000
0.03004000 0.60056000 0.75224000
0.11423000 0.67143000 0.76345000
0.14537000 0.65947000 0.98527000
0.14910000 0.57842000 0.88279000
0.48865000 0.54376000 0.63432000
0.38210000 0.54198000 0.89324000
0.40340000 0.59840000 0.65377000
0.17504000 0.61532000 0.66330000
0.30675000 0.55494000 0.79126000
0.09646000 0.72887000 0.54298000
0.23187000 0.68494000 0.97781000
0.06182000 0.52039000 0.75523000
0.46289000 0.65070000 0.55518000
0.30025000 0.71748000 0.82072000
0.45833000 0.74252000 0.76746000
0.06506000 0.70786000 0.63262000
0.08712000 0.57526000 0.70367000
0.46507000 0.71085000 0.89866000
0.16976000 0.50506000 0.81661000
0.22727000 0.57137000 0.51124000
0.33404000 0.71849000 0.58838000
0.12241000 0.60201000 0.77365000
0.48039000 0.54847000 0.90812000
0.30490000 0.67965000 0.73777000
0.18535000 0.70832000 0.65528000
0.26043000 0.72010000 0.68897000
0.32768000 0.59511000 0.63854000
0.18111000 0.69272000 0.88237000
0.11061000 0.54839000 0.82406000
0.38570000 0.51268000 0.65029000
0.16728000 0.56312000 0.70677000
0.14822000 0.72638000 0.96082000
0.35445000 0.59999000 0.87189000
0.45441000 0.51242000 0.57849000
0.30792000 0.62423000 0.78315000
0.35100000 0.73240000 0.74489000
0.36501000 0.50545000 0.79081000
0.40222000 0.74120000 0.81445000
0.48732000 0.72576000 0.52726000
0.09269000 0.55465000 0.93369000
0.05602000 0.53694000 0.64661000
0.21277000 0.56336000 0.81745000
0.20849000 0.57217000 0.60316000
0.41525000 0.54450000 0.96709000
0.39695000 0.57123000 0.80963000
0.24910000 0.59262000 0.88831000
0.37152000 0.67108000 0.76819000
0.17179000 0.70914000 0.73976000
0.24212000 0.67463000 0.84328000
0.45634000 0.67791000 0.80419000
0.19349000 0.63112000 0.91706000
0.40572000 0.65632000 0.89005000
0.47703000 0.65758000 0.72466000
0.00686000 0.55024000 0.79932000
0.15809000 0.68006000 0.56206000
0.05571000 0.68017000 0.89240000
0.34560000 0.66681000 0.64658000
0.35077000 0.56684000 0.72943000
0.04085000 0.58088000 0.85476000
0.22422000 0.57331000 0.98256000
0.20821000 0.51597000 0.74420000
0.19217000 0.64769000 0.75924000
0.38399000 0.60184000 0.52038000
0.35623000 0.70893000 0.87522000
0.29201000 0.64234000 0.87625000
0.24813000 0.73801000 0.59672000
0.30117000 0.51849000 0.65002000
0.25839000 0.62463000 0.72124000
0.04256000 0.57953000 0.52218000
0.28885000 0.71115000 0.94148000
0.02213000 0.74443000 0.55743000
0.07378000 0.60913000 0.97828000
0.44526000 0.72341000 0.69308000
0.39746000 0.71081000 0.63115000
0.15733000 0.51744000 0.59366000
0.23751000 0.66241000 0.63901000
0.48487000 0.68074000 0.62295000
0.30039000 0.58112000 0.51518000
0.48665000 0.62505000 0.85057000
0.09610000 0.73225000 0.91682000
0.22680000 0.51072000 0.54475000
0.48742000 0.53852000 0.99399000
0.18941000 0.72973000 0.52576000
0.02151000 0.71512000 0.99730000
0.00381000 0.74004000 0.73237000
0.00929000 0.58467000 0.61246000
0.12074000 0.74759000 0.83655000
0.28014000 0.83965000 0.23987000
0.32189000 0.80930000 0.29521000
0.48282000 0.90445000 0.16177000
0.46762000 0.77539000 0.10307000
0.01800000 0.92296000 0.14224000
0.45075000 0.97612000 0.16030000
0.44321000 0.82439000 0.01337000
0.15083000 0.92893000 0.04436000
0.12221000 0.76044000 0.42083000
0.19839000 0.80570000 0.08523000
0.42225000 0.85075000 0.14138000
0.36178000 0.85942000 0.33299000
0.13396000 0.77115000 0.03448000
0.28847000 0.91650000 0.13208000
0.27707000 0.83436000 0.36257000
0.41609000 0.91404000 0.30772000
0.05849000 0.83163000 0.18363000
0.29887000 0.93357000 0.43430000
0.38170000 0.78904000 0.01987000
0.11988000 0.91398000 0.12393000
0.11978000 0.90733000 0.29455000
0.06646000 0.96885000 0.15526000
0.32907000 0.93527000 0.26333000
0.23171000 0.99177000 0.09559000
0.43535000 0.93289000 0.03762000
0.27402000 0.89474000 0.05490000
0.19201000 0.90106000 0.10385000
0.03279000 0.78526000 0.48150000
0.04571000 0.91391000 0.02188000
0.21081000 0.86307000 0.27434000
0.33110000 0.85791000 0.16581000
0.42650000 0.92909000 0.22081000
0.02445000 0.87452000 0.45693000
0.04486000 0.76095000 0.34649000
0.37361000 0.75124000 0.09192000
0.34026000 0.80119000 0.38166000
0.37266000 0.90647000 0.12599000
0.47888000 0.88630000 0.07460000
0.22300000 0.91421000 0.39708000
0.37724000 0.80578000 0.12274000
0.40034000 0.88013000 0.45869000
0.33936000 0.84703000 0.07391000
0.26411000 0.78586000 0.19025000
0.46557000 0.85074000 0.27774000
0.41940000 0.80129000 0.36626000
0.19110000 0.91197000 0.21830000
0.40361000 0.86378000 0.07051000
0.31747000 0.76843000 0.49345000
0.26773000 0.81855000 0.09967000
0.26527000 0.90324000 0.27205000
0.14563000 0.81607000 0.45978000
0.18460000 0.95108000 0.15235000
0.26434000 0.86802000 0.43731000
0.08811000 0.80504000 0.27428000
0.16861000 0.83852000 0.19537000
0.24163000 0.97411000 0.34623000
0.24589000 0.93229000 0.49482000
0.15047000 0.99847000 0.20631000
0.04459000 0.81735000 0.10446000
0.01686000 0.84026000 0.03807000
0.34245000 0.83603000 0.46728000
0.33031000 0.93371000 0.05570000
0.06067000 0.82928000 0.36044000
0.19391000 0.95511000 0.27447000
0.15945000 0.89876000 0.38982000
0.13802000 0.82787000 0.33960000
0.40751000 0.75337000 0.30696000
0.40280000 0.85762000 0.22685000
0.46895000 0.83014000 0.19666000
0.02864000 0.97276000 0.49177000
0.49329000 0.82263000 0.46801000
0.44898000 0.89852000 0.38485000
0.16395000 0.99322000 0.33467000
0.46172000 0.75683000 0.24269000
0.11159000 0.75409000 0.16541000
0.35142000 0.77283000 0.18691000
0.11373000 0.81264000 0.12556000
0.33167000 0.91826000 0.35887000
0.41881000 0.94931000 0.42354000
0.39334000 0.98401000 0.33795000
0.08979000 0.96581000 0.42869000
0.19630000 0.87665000 0.45276000
0.19352000 0.95768000 0.44906000
0.02603000 0.83531000 0.27484000
0.24754000 0.88168000 0.17326000
0.09021000 0.90582000 0.40215000
0.11701000 0.88135000 0.21280000
0.24367000 0.79212000 0.42455000
0.40719000 0.96899000 0.10484000
0.39469000 0.79681000 0.44558000
0.04647000 0.90702000 0.24106000
0.12894000 0.83621000 0.01709000
0.35423000 0.95557000 0.18174000
0.25456000 0.95618000 0.22237000
0.02577000 0.92097000 0.37767000
0.30794000 0.75454000 0.11129000
0.38336000 0.89655000 0.00695000
0.03088000 0.76088000 0.19539000
0.46163000 0.99596000 0.38256000
0.13153000 0.89516000 0.49761000
0.39551000 0.99580000 0.02775000
0.30068000 0.98693000 0.01246000
0.17554000 0.98827000 0.03309000
0.30879000 0.99815000 0.09340000
0.44041000 0.75394000 0.03357000
0.08706000 0.83414000 0.49835000
0.08362000 0.99993000 0.51595000
0.49856000 0.83406000 0.78666000
0.37778000 0.89543000 0.69932000
0.08912000 0.78070000 0.74433000
0.02951000 0.96752000 0.59412000
0.34323000 0.87170000 0.95095000
0.01404000 0.99064000 0.79106000
0.32884000 0.86295000 0.86582000
0.02852000 0.90494000 0.77848000
0.29838000 0.97827000 0.60045000
0.47372000 0.97636000 0.53192000
0.15813000 0.85439000 0.76074000
0.25780000 0.98441000 0.93237000
0.25019000 0.78454000 0.91946000
0.29576000 0.88479000 0.55589000
0.21921000 0.96443000 0.86983000
0.30010000 0.79468000 0.81906000
0.08802000 0.98268000 0.73476000
0.19828000 0.80823000 0.70183000
0.32790000 0.85314000 0.67677000
0.49913000 0.90831000 0.78742000
0.44165000 0.96689000 0.64954000
0.36689000 0.75643000 0.94315000
0.46421000 0.77143000 0.58695000
0.02541000 0.78815000 0.99769000
0.20622000 0.94784000 0.57371000
0.19778000 0.76230000 0.79226000
0.43504000 0.85283000 0.57763000
0.26347000 0.98719000 0.53373000
0.14583000 0.88840000 0.58067000
0.01838000 0.79246000 0.68263000
0.17178000 0.80393000 0.95927000
0.48118000 0.87789000 0.98697000
0.23151000 0.95138000 0.79451000
0.13856000 0.88421000 0.67967000
0.00939000 0.89356000 0.67624000
0.42011000 0.90815000 0.89231000
0.16726000 0.76792000 0.63753000
0.40415000 0.96698000 0.81015000
0.25400000 0.95107000 0.64474000
0.45075000 0.90830000 0.69168000
0.17383000 0.99363000 0.79428000
0.14289000 0.89156000 0.86466000
0.23766000 0.81707000 0.98667000
0.29630000 0.82520000 0.74601000
0.32926000 0.80346000 0.59547000
0.16635000 0.93344000 0.76036000
0.27297000 0.81321000 0.50168000
0.35683000 0.94807000 0.75735000
0.08797000 0.94781000 0.65633000
0.26045000 0.85240000 0.84410000
0.00530000 0.90063000 0.85488000
0.38831000 0.76823000 0.59156000
0.21611000 0.83188000 0.77910000
0.23304000 0.88796000 0.90091000
0.26317000 0.88910000 0.68755000
0.07785000 0.97640000 0.97679000
0.27364000 0.95221000 0.72096000
0.21862000 0.81756000 0.61441000
0.37066000 0.81896000 0.90658000
0.09588000 0.82147000 0.93641000
0.09470000 0.80009000 0.59575000
0.41748000 0.82282000 0.76889000
0.48898000 0.92678000 0.87152000
0.03730000 0.85856000 0.89994000
0.18737000 0.86700000 0.97343000
0.44301000 0.75628000 0.94287000
0.27601000 0.91936000 0.95558000
0.37472000 0.81297000 0.64797000
0.10031000 0.92376000 0.80120000
0.08986000 0.87751000 0.73509000
0.40893000 0.96776000 0.55154000
0.35831000 0.93931000 0.64377000
0.15440000 0.79458000 0.53457000
0.15772000 0.81090000 0.83523000
0.05020000 0.85591000 0.56860000
0.00671000 0.86177000 0.96625000
0.47658000 0.91337000 0.60354000
0.17200000 0.94712000 0.67703000
0.33722000 0.94270000 0.84232000
0.46584000 0.78490000 0.83171000
0.48232000 0.85295000 0.90317000
0.08461000 0.88787000 0.62456000
0.10090000 0.97144000 0.87697000
0.01796000 0.75558000 0.90624000
0.45659000 0.81554000 0.66043000
0.12619000 0.91726000 0.94191000
0.29309000 0.90416000 0.78337000
0.00813000 0.78949000 0.79915000
0.36405000 0.79633000 0.72539000
0.26600000 0.78758000 0.68730000
0.41605000 0.80789000 0.52151000
0.35181000 0.92457000 0.50009000
0.55565000 0.02534000 0.04120000
0.91606000 0.08769000 0.48920000
0.93759000 0.02024000 0.07495000
0.96852000 0.18553000 0.33046000
0.63664000 0.22626000 0.11740000
0.70831000 0.22569000 0.38760000
0.58177000 0.13053000 0.09525000
0.62775000 0.02172000 0.04778000
0.64279000 0.14158000 0.43269000
0.77214000 0.06942000 0.16472000
0.98458000 0.16442000 0.04200000
0.64761000 0.13840000 0.34734000
0.60164000 0.04640000 0.29938000
0.85280000 0.14668000 0.17994000
0.76085000 0.10957000 0.42002000
0.63938000 0.23916000 0.25625000
0.71283000 0.04761000 0.41968000
0.85895000 0.14186000 0.42814000
0.99082000 0.11588000 0.21800000
0.78077000 0.13825000 0.16026000
0.81824000 0.14584000 0.25241000
0.64182000 0.15194000 0.11795000
0.84168000 0.22065000 0.17641000
0.90378000 0.14164000 0.30371000
0.86453000 0.05106000 0.41022000
0.63760000 0.13159000 0.25099000
0.50839000 0.04127000 0.41695000
0.77094000 0.05143000 0.48287000
0.53674000 0.07627000 0.47460000
0.96229000 0.18404000 0.11440000
0.81755000 0.18619000 0.47266000
0.56854000 0.23259000 0.03252000
0.66486000 0.07477000 0.10581000
0.90607000 0.02660000 0.14897000
0.98885000 0.06494000 0.01593000
0.84454000 0.18010000 0.06038000
0.89009000 0.23905000 0.06994000
0.88548000 0.12368000 0.09221000
0.76554000 0.07224000 0.08409000
0.95461000 0.17177000 0.20842000
0.53720000 0.19908000 0.39427000
0.58525000 0.18404000 0.33355000
0.68275000 0.22936000 0.04464000
0.83219000 0.10047000 0.36519000
0.63902000 0.19112000 0.20016000
0.52006000 0.15993000 0.00837000
0.88416000 0.22911000 0.26649000
0.52188000 0.19963000 0.07536000
0.70869000 0.21417000 0.28766000
0.83185000 0.03985000 0.06416000
0.71870000 0.15456000 0.34706000
0.78180000 0.06417000 0.24573000
0.91961000 0.23307000 0.19524000
0.98895000 0.22651000 0.17877000
0.77454000 0.17379000 0.30150000
0.67027000 0.06445000 0.21655000
0.60546000 0.08773000 0.40879000
0.71799000 0.01090000 0.24160000
0.79998000 0.01255000 0.29978000
0.90874000 0.09110000 0.36758000
0.87307000 0.18581000 0.34735000
0.70901000 0.21845000 0.15949000
0.82474000 0.09284000 0.12086000
0.53192000 0.19970000 0.19222000
0.95478000 0.23386000 0.04585000
0.98638000 0.03243000 0.15409000
0.97824000 0.01428000 0.43606000
0.96991000 0.18450000 0.41445000
0.83198000 0.03228000 0.15498000
0.98977000 0.08966000 0.35806000
0.61390000 0.01943000 0.44412000
0.60597000 0.21717000 0.42016000
0.56538000 0.09788000 0.25616000
0.88794000 0.09953000 0.01455000
0.63498000 0.13330000 0.03724000
0.68243000 0.08858000 0.00775000
0.72136000 0.14165000 0.21641000
0.51630000 0.14011000 0.27711000
0.69649000 0.09247000 0.32380000
0.58698000 0.05936000 0.15658000
0.78167000 0.16453000 0.08262000
0.93107000 0.12563000 0.14979000
0.59826000 0.13376000 0.18906000
0.71343000 0.09905000 0.15545000
0.87159000 0.08643000 0.21057000
0.92295000 0.21132000 0.47025000
0.71736000 0.16725000 0.42940000
0.54089000 0.01344000 0.19264000
0.95009000 0.03845000 0.27150000
0.81348000 0.21739000 0.34388000
0.99080000 0.11467000 0.09963000
0.92406000 0.00859000 0.48630000
0.65550000 0.23077000 0.33492000
0.75652000 0.04247000 0.35563000
0.68054000 0.23241000 0.46534000
0.78899000 0.00794000 0.00395000
0.50198000 0.08585000 0.77826000
0.77778000 0.06916000 0.58221000
0.68646000 0.18538000 0.77184000
0.99571000 0.14885000 0.84369000
0.71090000 0.15672000 0.56701000
0.67470000 0.09405000 0.50299000
0.85520000 0.16773000 0.70542000
0.53400000 0.02147000 0.82729000
0.98228000 0.10006000 0.71193000
0.96311000 0.20895000 0.73020000
0.72988000 0.03363000 0.86532000
0.72256000 0.09928000 0.68486000
0.76303000 0.21944000 0.53907000
0.94568000 0.07992000 0.65028000
0.63911000 0.10201000 0.92337000
0.50059000 0.19936000 0.87518000
0.55942000 0.15553000 0.77814000
0.74452000 0.05090000 0.95638000
0.92987000 0.09897000 0.82487000
0.57068000 0.05426000 0.89396000
0.54542000 0.16589000 0.51732000
0.65747000 0.08424000 0.59420000
0.78718000 0.16656000 0.74513000
0.88297000 0.21008000 0.64410000
0.65475000 0.24684000 0.70450000
0.75201000 0.22409000 0.76281000
0.95969000 0.17976000 0.56155000
0.80036000 0.01449000 0.61380000
0.90233000 0.16361000 0.52313000
0.77787000 0.13298000 0.82295000
0.67662000 0.16553000 0.69916000
0.62900000 0.05831000 0.70062000
0.61886000 0.20736000 0.90204000
0.95911000 0.13177000 0.95922000
0.62418000 0.19891000 0.81339000
0.94336000 0.05664000 0.91106000
0.68105000 0.12255000 0.85261000
0.56903000 0.15358000 0.86138000
0.74732000 0.17345000 0.87663000
0.74658000 0.18270000 0.67854000
0.84956000 0.12195000 0.51663000
0.88718000 0.03586000 0.84002000
0.65251000 0.19248000 0.53309000
0.88718000 0.13660000 0.61288000
0.79789000 0.10000000 0.70291000
0.95418000 0.11199000 0.57297000
0.98992000 0.05553000 0.54987000
0.85444000 0.02776000 0.98327000
0.58743000 0.13744000 0.62494000
0.80934000 0.23844000 0.97594000
0.59883000 0.02287000 0.76061000
0.51882000 0.10821000 0.60049000
0.89207000 0.22219000 0.76527000
0.89366000 0.14694000 0.86056000
0.96801000 0.23168000 0.96665000
0.95551000 0.18373000 0.64042000
0.62928000 0.07244000 0.79909000
0.79384000 0.07939000 0.89585000
0.61409000 0.16713000 0.72924000
0.57343000 0.23237000 0.53971000
0.86357000 0.08885000 0.76079000
0.87789000 0.07868000 0.92967000
0.71161000 0.06620000 0.77946000
0.88314000 0.16776000 0.97601000
0.54305000 0.06808000 0.97008000
0.59456000 0.06951000 0.62750000
0.80845000 0.03620000 0.70762000
0.55925000 0.18545000 0.93900000
0.66570000 0.11056000 0.74369000
0.96012000 0.03349000 0.80187000
0.90102000 0.11546000 0.69051000
0.94281000 0.03705000 0.72270000
0.84187000 0.04625000 0.53521000
0.53464000 0.17994000 0.65762000
0.81773000 0.17724000 0.56193000
0.67936000 0.16068000 0.92406000
0.68474000 0.01138000 0.93613000
0.74347000 0.18926000 0.98540000
0.97375000 0.18214000 0.90514000
0.55298000 0.09578000 0.72227000
0.61273000 0.12420000 0.51463000
0.65110000 0.22618000 0.61282000
0.68130000 0.03127000 0.55525000
0.55715000 0.24501000 0.69955000
0.53421000 0.23110000 0.77949000
0.82971000 0.21728000 0.79135000
0.77785000 0.00254000 0.78942000
0.86251000 0.07400000 0.62056000
0.81393000 0.11804000 0.62882000
0.81126000 0.17034000 0.94805000
0.90514000 0.20168000 0.90001000
0.93047000 0.17166000 0.79593000
0.81696000 0.20918000 0.87354000
0.81501000 0.20457000 0.64708000
0.56515000 0.03522000 0.54829000
0.53685000 0.00044000 0.67214000
0.58104000 0.13385000 0.99552000
0.63527000 0.19680000 0.98959000
0.74618000 0.11044000 0.50907000
0.50047000 0.24820000 0.51302000
0.56862000 0.24741000 0.95979000
0.78576000 0.12638000 0.99860000
0.76107000 0.38388000 0.36391000
0.67088000 0.42532000 0.35122000
0.59035000 0.48116000 0.40997000
0.97010000 0.41291000 0.15386000
0.99129000 0.36568000 0.06368000
0.64324000 0.35878000 0.37602000
0.86447000 0.37423000 0.20548000
0.83962000 0.27924000 0.45139000
0.97612000 0.29122000 0.27978000
0.82137000 0.28650000 0.31218000
0.67340000 0.34524000 0.22939000
0.59275000 0.49254000 0.04086000
0.88286000 0.43452000 0.15405000
0.71843000 0.39082000 0.01940000
0.58071000 0.42802000 0.12337000
0.90098000 0.29292000 0.21653000
0.53647000 0.35539000 0.09145000
0.91802000 0.40267000 0.47775000
0.54514000 0.37967000 0.42568000
0.50481000 0.48517000 0.38488000
0.84019000 0.49191000 0.19448000
0.72986000 0.37445000 0.18686000
0.74263000 0.47123000 0.10726000
0.87197000 0.37163000 0.40759000
0.80830000 0.41726000 0.42595000
0.61761000 0.43125000 0.29522000
0.62587000 0.33566000 0.05165000
0.59645000 0.40193000 0.05075000
0.84370000 0.30211000 0.16586000
0.70050000 0.49932000 0.33835000
0.87802000 0.34308000 0.48468000
0.76845000 0.47679000 0.19506000
0.84766000 0.42694000 0.35039000
0.82163000 0.25810000 0.10605000
0.82655000 0.26317000 0.24197000
0.78742000 0.35261000 0.29517000
0.94021000 0.46010000 0.04862000
0.60456000 0.28813000 0.15092000
0.98250000 0.46936000 0.32262000
0.69725000 0.49740000 0.23702000
0.67008000 0.42832000 0.22287000
0.68431000 0.28125000 0.17023000
0.74174000 0.27239000 0.47987000
0.93408000 0.30535000 0.11275000
0.78311000 0.25594000 0.40803000
0.69732000 0.44151000 0.42626000
0.78579000 0.49891000 0.41232000
0.75048000 0.26688000 0.11569000
0.91079000 0.28148000 0.37567000
0.93304000 0.44136000 0.25494000
0.69221000 0.43705000 0.09571000
0.68005000 0.28674000 0.39849000
0.74265000 0.30096000 0.21573000
0.61406000 0.30354000 0.42003000
0.52665000 0.36220000 0.32321000
0.93269000 0.33757000 0.42353000
0.96674000 0.32309000 0.19202000
0.60498000 0.47914000 0.18247000
0.70966000 0.35864000 0.43228000
0.84812000 0.43038000 0.09137000
0.54241000 0.25340000 0.28911000
0.51142000 0.29375000 0.19915000
0.53445000 0.47073000 0.45262000
0.91898000 0.36354000 0.15957000
0.54011000 0.44090000 0.33284000
0.64754000 0.37163000 0.46036000
0.65603000 0.37593000 0.12690000
0.51210000 0.42459000 0.10224000
0.89259000 0.45797000 0.45430000
0.79962000 0.35073000 0.17763000
0.72494000 0.37331000 0.28606000
0.68604000 0.29544000 0.08381000
0.59139000 0.40458000 0.36055000
0.73579000 0.34080000 0.08698000
0.94062000 0.32912000 0.34387000
0.94659000 0.28172000 0.47662000
0.86441000 0.49362000 0.30780000
0.92842000 0.41796000 0.39746000
0.88058000 0.42104000 0.01732000
0.57536000 0.27949000 0.22884000
0.77489000 0.46182000 0.31925000
0.56158000 0.29187000 0.33912000
0.74242000 0.28299000 0.33618000
0.87990000 0.34829000 0.28290000
0.86845000 0.35143000 0.07627000
0.79898000 0.32493000 0.04004000
0.92170000 0.40638000 0.08993000
0.74862000 0.42570000 0.24507000
0.74589000 0.41183000 0.47220000
0.56706000 0.35479000 0.16600000
0.79761000 0.42041000 0.02004000
0.82349000 0.41450000 0.27413000
0.79412000 0.32286000 0.37319000
0.87201000 0.27950000 0.00589000
0.99387000 0.37723000 0.25513000
0.87205000 0.49642000 0.02946000
0.81135000 0.37674000 0.49904000
0.96029000 0.46515000 0.49705000
0.67499000 0.37880000 0.80033000
0.56230000 0.41789000 0.60821000
0.90935000 0.34065000 0.90467000
0.82972000 0.30750000 0.93297000
0.55413000 0.38779000 0.86620000
0.72324000 0.32314000 0.98541000
0.58827000 0.37491000 0.50941000
0.61138000 0.41622000 0.72005000
0.80281000 0.38923000 0.61289000
0.79746000 0.28353000 0.53855000
0.97812000 0.36753000 0.54639000
0.89012000 0.29291000 0.56146000
0.69475000 0.47030000 0.67461000
0.66897000 0.28920000 0.51547000
0.84853000 0.37300000 0.93063000
0.52339000 0.33170000 0.52840000
0.65712000 0.31265000 0.62025000
0.53502000 0.47099000 0.80440000
0.60203000 0.33453000 0.82699000
0.57331000 0.31604000 0.73900000
0.95065000 0.46617000 0.93498000
0.95005000 0.28983000 0.92379000
0.81045000 0.41476000 0.88040000
0.75079000 0.29138000 0.75642000
0.55871000 0.35470000 0.63679000
0.86182000 0.45581000 0.66794000
0.83483000 0.25572000 0.71034000
0.94215000 0.38416000 0.69967000
0.73080000 0.27252000 0.59406000
0.84140000 0.32314000 0.82212000
0.74177000 0.40459000 0.93989000
0.50414000 0.46665000 0.61758000
0.77108000 0.35189000 0.73517000
0.99152000 0.42678000 0.64020000
0.86837000 0.45521000 0.86452000
0.97632000 0.26706000 0.84852000
0.58664000 0.37111000 0.94602000
0.58344000 0.38814000 0.78381000
0.78527000 0.31634000 0.61947000
0.65795000 0.36108000 0.87628000
0.73178000 0.32568000 0.53968000
0.88706000 0.37820000 0.59843000
0.89634000 0.28969000 0.65715000
0.95771000 0.43610000 0.85681000
0.59725000 0.30383000 0.50772000
0.71657000 0.48960000 0.98749000
0.74715000 0.46654000 0.87407000
0.81699000 0.38762000 0.79739000
0.87346000 0.42607000 0.53613000
0.75372000 0.25685000 0.88431000
0.92969000 0.48283000 0.64549000
0.69116000 0.44278000 0.75750000
0.99347000 0.28883000 0.68014000
0.71328000 0.38986000 0.55802000
0.97313000 0.33028000 0.61886000
0.61411000 0.26462000 0.76081000
0.95985000 0.26763000 0.59679000
0.66860000 0.35859000 0.96969000
0.66174000 0.37785000 0.66879000
0.69340000 0.42534000 0.87609000
0.60754000 0.30641000 0.94134000
0.62659000 0.46517000 0.76551000
0.90671000 0.30457000 0.80069000
0.65633000 0.31535000 0.70591000
0.59783000 0.27325000 0.59396000
0.53233000 0.47940000 0.55005000
0.59783000 0.47750000 0.51201000
0.55020000 0.32329000 0.87484000
0.83490000 0.26880000 0.85807000
0.72134000 0.33415000 0.67631000
0.93080000 0.27469000 0.73102000
0.90333000 0.41589000 0.92853000
0.73699000 0.25068000 0.97165000
0.53115000 0.42898000 0.73279000
0.91827000 0.40305000 0.79246000
0.51638000 0.46959000 0.98576000
0.76417000 0.31670000 0.85107000
0.85257000 0.32750000 0.74369000
0.61610000 0.36345000 0.59006000
0.51918000 0.28976000 0.63096000
0.79638000 0.43719000 0.67189000
0.85048000 0.33838000 0.64609000
0.71604000 0.33843000 0.90096000
0.50220000 0.39416000 0.80285000
0.67882000 0.26826000 0.80472000
0.50776000 0.37834000 0.68358000
0.60192000 0.43677000 0.84233000
0.85584000 0.48257000 0.58971000
0.86281000 0.43153000 0.75911000
0.63056000 0.43499000 0.60255000
0.57990000 0.45192000 0.97308000
0.87379000 0.49213000 0.72900000
0.88002000 0.37960000 0.85449000
0.78367000 0.46322000 0.94341000
0.65139000 0.46255000 0.94538000
0.99104000 0.38447000 0.92647000
0.77991000 0.47045000 0.55773000
0.97028000 0.34260000 0.80056000
0.67057000 0.25630000 0.91596000
0.95802000 0.34060000 0.99668000
0.70979000 0.49143000 0.54911000
0.64058000 0.42996000 0.50502000
0.66773000 0.29382000 0.99335000
0.88692000 0.50233000 0.13572000
0.58438000 0.56597000 0.32618000
0.81282000 0.52551000 0.12994000
0.56637000 0.54396000 0.21545000
0.87340000 0.68199000 0.14016000
0.65568000 0.56965000 0.30501000
0.94100000 0.70553000 0.44348000
0.92937000 0.60276000 0.14981000
0.88670000 0.52604000 0.45682000
0.67106000 0.61004000 0.07650000
0.72514000 0.71433000 0.19701000
0.61996000 0.66567000 0.46629000
0.85602000 0.60920000 0.28699000
0.56924000 0.73982000 0.14583000
0.57367000 0.67021000 0.10354000
0.69686000 0.66839000 0.10604000
0.62888000 0.63787000 0.31866000
0.65907000 0.57094000 0.39161000
0.99619000 0.55251000 0.03143000
0.90358000 0.68100000 0.22200000
0.68945000 0.53168000 0.47817000
0.59368000 0.60834000 0.18986000
0.96155000 0.58273000 0.22527000
0.51705000 0.69693000 0.43362000
0.71892000 0.66932000 0.39429000
0.98440000 0.66395000 0.25038000
0.97776000 0.55273000 0.35478000
0.89361000 0.60751000 0.40303000
0.82727000 0.73868000 0.31168000
0.83503000 0.54944000 0.39169000
0.52809000 0.51722000 0.06411000
0.51189000 0.61374000 0.34572000
0.76306000 0.66735000 0.46845000
0.57149000 0.66600000 0.38515000
0.58819000 0.56908000 0.41958000
0.65268000 0.58472000 0.21223000
0.66331000 0.64315000 0.17549000
0.79131000 0.63633000 0.26832000
0.74942000 0.62415000 0.14468000
0.72541000 0.56468000 0.19225000
0.51992000 0.54573000 0.13760000
0.88785000 0.57807000 0.21565000
0.68707000 0.63771000 0.46901000
0.84064000 0.66181000 0.40909000
0.64040000 0.52118000 0.11223000
0.52699000 0.54022000 0.49566000
0.96771000 0.65963000 0.11458000
0.77497000 0.52330000 0.48761000
0.72366000 0.72245000 0.33386000
0.95846000 0.64674000 0.39471000
0.75253000 0.60340000 0.46765000
0.91674000 0.69067000 0.06085000
0.54756000 0.50556000 0.33639000
0.71486000 0.56335000 0.11120000
0.93301000 0.50398000 0.39581000
0.64691000 0.73203000 0.41511000
0.95755000 0.62891000 0.02552000
0.50881000 0.69572000 0.31963000
0.92662000 0.56653000 0.00367000
0.66381000 0.69169000 0.24433000
0.79391000 0.64236000 0.35232000
0.96546000 0.51276000 0.22472000
0.81859000 0.58883000 0.17137000
0.58045000 0.70429000 0.31419000
0.81951000 0.53987000 0.05002000
0.53920000 0.65012000 0.21445000
0.79671000 0.73251000 0.23368000
0.54158000 0.61571000 0.13154000
0.68283000 0.71179000 0.03826000
0.79235000 0.58366000 0.09392000
0.78792000 0.68422000 0.15539000
0.87580000 0.71577000 0.46569000
0.80311000 0.74771000 0.04848000
0.59406000 0.65687000 0.00993000
0.60287000 0.57840000 0.08978000
0.97528000 0.69872000 0.32670000
0.69588000 0.55044000 0.02984000
0.52440000 0.57700000 0.27781000
0.72115000 0.58393000 0.33537000
0.91952000 0.53936000 0.31175000
0.94484000 0.56876000 0.44206000
0.88761000 0.66563000 0.30033000
0.98537000 0.71180000 0.17389000
0.95319000 0.63112000 0.31092000
0.77278000 0.57197000 0.25907000
0.60167000 0.68298000 0.19081000
0.89025000 0.54972000 0.07357000
0.96729000 0.51825000 0.08630000
0.70852000 0.63674000 0.29418000
0.76329000 0.73914000 0.44787000
0.62369000 0.51402000 0.32336000
0.72815000 0.53838000 0.40532000
0.80186000 0.52531000 0.29854000
0.98204000 0.52942000 0.49071000
0.74308000 0.66491000 0.03494000
0.86052000 0.65585000 0.06472000
0.53036000 0.62745000 0.04024000
0.50810000 0.67097000 0.09804000
0.83544000 0.60762000 0.47960000
0.84984000 0.74817000 0.14853000
0.86390000 0.61517000 0.93133000
0.91371000 0.58441000 0.57269000
0.82137000 0.72170000 0.86569000
0.54646000 0.52705000 0.86877000
0.53320000 0.58986000 0.55546000
0.71687000 0.74026000 0.92008000
0.76808000 0.66247000 0.57175000
0.57178000 0.54469000 0.60081000
0.56367000 0.69038000 0.51198000
0.97106000 0.64051000 0.71608000
0.64243000 0.71197000 0.58365000
0.68082000 0.69742000 0.84426000
0.58109000 0.53295000 0.94425000
0.88698000 0.70577000 0.68469000
0.60273000 0.63615000 0.67378000
0.63808000 0.66710000 0.77977000
0.55824000 0.67497000 0.83333000
0.61424000 0.56408000 0.51797000
0.80388000 0.65742000 0.88042000
0.53256000 0.74359000 0.87032000
0.52265000 0.61915000 0.66559000
0.81678000 0.56892000 0.88069000
0.97570000 0.64757000 0.81574000
0.71494000 0.50941000 0.79085000
0.80987000 0.69178000 0.76555000
0.85750000 0.51825000 0.91456000
0.93815000 0.62172000 0.50403000
0.78356000 0.54384000 0.56966000
0.67644000 0.61215000 0.97681000
0.75972000 0.56102000 0.82081000
0.81167000 0.63943000 0.67903000
0.66542000 0.61674000 0.84193000
0.83202000 0.57100000 0.98233000
0.57120000 0.61067000 0.75864000
0.91865000 0.67013000 0.75291000
0.63339000 0.52716000 0.79848000
0.57364000 0.64765000 0.60107000
0.52046000 0.57362000 0.81881000
0.63859000 0.56572000 0.92060000
0.60879000 0.63520000 0.54008000
0.98722000 0.66265000 0.57659000
0.78672000 0.70512000 0.94080000
0.70194000 0.67749000 0.54328000
0.91065000 0.72946000 0.57825000
0.69818000 0.63577000 0.66543000
0.57438000 0.59368000 0.85204000
0.76201000 0.60610000 0.95434000
0.72675000 0.60638000 0.59663000
0.81338000 0.58500000 0.75524000
0.97654000 0.57079000 0.71512000
0.62704000 0.58174000 0.62678000
0.77689000 0.51529000 0.74640000
0.57893000 0.60207000 0.97569000
0.92031000 0.54570000 0.68377000
0.96895000 0.63941000 0.94046000
0.67619000 0.52831000 0.68142000
0.80641000 0.72975000 0.69168000
0.76387000 0.55176000 0.99337000
0.86857000 0.62352000 0.72331000
0.83128000 0.60255000 0.61123000
0.93000000 0.62434000 0.86386000
0.90763000 0.55680000 0.88469000
0.61496000 0.66943000 0.93839000
0.88008000 0.65423000 0.58037000
0.97898000 0.57377000 0.90040000
0.75447000 0.61069000 0.72189000
0.67066000 0.62177000 0.74185000
0.96900000 0.71613000 0.83762000
0.69929000 0.66729000 0.91353000
0.68824000 0.55989000 0.55803000
0.51270000 0.70734000 0.95847000
0.65861000 0.68719000 0.70767000
0.80684000 0.50399000 0.85020000
0.61230000 0.50095000 0.88309000
0.90341000 0.73530000 0.80294000
0.76116000 0.63073000 0.80045000
0.72680000 0.73037000 0.70150000
0.84591000 0.74755000 0.96603000
0.74513000 0.53643000 0.91974000
0.89658000 0.70490000 0.87101000
0.88866000 0.58066000 0.80738000
0.55692000 0.72228000 0.64458000
0.55902000 0.67211000 0.71524000
0.73376000 0.69054000 0.78334000
0.68634000 0.50571000 0.87187000
0.53380000 0.64116000 0.93539000
0.90660000 0.70848000 0.95980000
0.83532000 0.54553000 0.68319000
0.82490000 0.67306000 0.99683000
0.86900000 0.65090000 0.81091000
0.56008000 0.73368000 0.75596000
0.97865000 0.72053000 0.62231000
0.60643000 0.74938000 0.69291000
0.81394000 0.74176000 0.51198000
0.56698000 0.51745000 0.75600000
0.95277000 0.51156000 0.81435000
0.99298000 0.51644000 0.60827000
0.78200000 0.50528000 0.65400000
0.65283000 0.50582000 0.60469000
0.93623000 0.50330000 0.55960000
0.55625000 0.50193000 0.66223000
0.74452000 0.73464000 0.99936000
0.70076000 0.87439000 0.47314000
0.65077000 0.95632000 0.43201000
0.95504000 0.77709000 0.03371000
0.70213000 0.86608000 0.04573000
0.82314000 0.90277000 0.18007000
0.64612000 0.88537000 0.41921000
0.54355000 0.84841000 0.27265000
0.80697000 0.85158000 0.21666000
0.51350000 0.78090000 0.29396000
0.66888000 0.96566000 0.24654000
0.87925000 0.98750000 0.27369000
0.51973000 0.75949000 0.41426000
0.82981000 0.75804000 0.42152000
0.52890000 0.79725000 0.17107000
0.91182000 0.85129000 0.31337000
0.93196000 0.92383000 0.29353000
0.75363000 0.93120000 0.02371000
0.69567000 0.96991000 0.49718000
0.94545000 0.93078000 0.42281000
0.82034000 0.98638000 0.38605000
0.57044000 0.83492000 0.03071000
0.53840000 0.93641000 0.20645000
0.50646000 0.98242000 0.03281000
0.86132000 0.92000000 0.00617000
0.81499000 0.81097000 0.06289000
0.71328000 0.97813000 0.13544000
0.95614000 0.95551000 0.10890000
0.90231000 0.80124000 0.10567000
0.97985000 0.83289000 0.33924000
0.90317000 0.89969000 0.37834000
0.55407000 0.99857000 0.35394000
0.64056000 0.90401000 0.49719000
0.92855000 0.75404000 0.28794000
0.87020000 0.97730000 0.10183000
0.72122000 0.91168000 0.20742000
0.63952000 0.89635000 0.23143000
0.75702000 0.84175000 0.09245000
0.98341000 0.98034000 0.24831000
0.99010000 0.77771000 0.26932000
0.94948000 0.77102000 0.16426000
0.69645000 0.87515000 0.36536000
0.54148000 0.77198000 0.06572000
0.88356000 0.83193000 0.22816000
0.72637000 0.95036000 0.35289000
0.82964000 0.87057000 0.28696000
0.90054000 0.83031000 0.02660000
0.77916000 0.95057000 0.29094000
0.62975000 0.92517000 0.04822000
0.80955000 0.96962000 0.19679000
0.51273000 0.89136000 0.33921000
0.75073000 0.82326000 0.45920000
0.97967000 0.89878000 0.20741000
0.62561000 0.91569000 0.31273000
0.62322000 0.88478000 0.13785000
0.94493000 0.86190000 0.13410000
0.79160000 0.90536000 0.09704000
0.71470000 0.86191000 0.27594000
0.89565000 0.79029000 0.36111000
0.65412000 0.77055000 0.15430000
0.76169000 0.99240000 0.45170000
0.71412000 0.78035000 0.38533000
0.50207000 0.89266000 0.46788000
0.51114000 0.95086000 0.28116000
0.95132000 0.76383000 0.38159000
0.63221000 0.82723000 0.08111000
0.88518000 0.76174000 0.22330000
0.54474000 0.90178000 0.03389000
0.56554000 0.88761000 0.40875000
0.75980000 0.92622000 0.46262000
0.73921000 0.83685000 0.20594000
0.55055000 0.90366000 0.13668000
0.86986000 0.91684000 0.25849000
0.79072000 0.88943000 0.36605000
0.61893000 0.80518000 0.41595000
0.98337000 0.81592000 0.43978000
0.66750000 0.84031000 0.19167000
0.77939000 0.79092000 0.30438000
0.87583000 0.82871000 0.48427000
0.52729000 0.97606000 0.11739000
0.69525000 0.83806000 0.12190000
0.59340000 0.85483000 0.32692000
0.58217000 0.75789000 0.25264000
0.93279000 0.89736000 0.03207000
0.89703000 0.90848000 0.10214000
0.87683000 0.76301000 0.03695000
0.66701000 0.97524000 0.34886000
0.69082000 0.77996000 0.23657000
0.91348000 0.96089000 0.16964000
0.83424000 0.80148000 0.26199000
0.88048000 0.93987000 0.46239000
0.84157000 0.81509000 0.15543000
0.80367000 0.82053000 0.38202000
0.84416000 0.86917000 0.42179000
0.62397000 0.96362000 0.12368000
0.70035000 0.99287000 0.05448000
0.97340000 0.82885000 0.21174000
0.59701000 0.84351000 0.22341000
0.79053000 0.97708000 0.07658000
0.65681000 0.81978000 0.33243000
0.73196000 0.77083000 0.10447000
0.50370000 0.82641000 0.06132000
0.57798000 0.77021000 0.36665000
0.53574000 0.96529000 0.48752000
0.50943000 0.95098000 0.41067000
0.96223000 0.99057000 0.34294000
0.63367000 0.75340000 0.07414000
0.94851000 0.97691000 0.00872000
0.62320000 0.99821000 0.19053000
0.60437000 0.94813000 0.76273000
0.65464000 0.95941000 0.66731000
0.59648000 0.80296000 0.91858000
0.95108000 0.95684000 0.78632000
0.76877000 0.76024000 0.81636000
0.52806000 0.92086000 0.71487000
0.87296000 0.89926000 0.52318000
0.70030000 0.87358000 0.55345000
0.56931000 0.89965000 0.83395000
0.70290000 0.95650000 0.88018000
0.80210000 0.81626000 0.91752000
0.61961000 0.98856000 0.97788000
0.69367000 0.91971000 0.95143000
0.65996000 0.80574000 0.98762000
0.72039000 0.84466000 0.63096000
0.82324000 0.97765000 0.86785000
0.83756000 0.75857000 0.78889000
0.95390000 0.92971000 0.68994000
0.62389000 0.86687000 0.65139000
0.74762000 0.96970000 0.71752000
0.90559000 0.99056000 0.58202000
0.88454000 0.93484000 0.79770000
0.58495000 0.93172000 0.97235000
0.77528000 0.76456000 0.58783000
0.85968000 0.87575000 0.60432000
0.85453000 0.78089000 0.68527000
0.65558000 0.86864000 0.74646000
0.80997000 0.90897000 0.63417000
0.70537000 0.81112000 0.71718000
0.79472000 0.83778000 0.64436000
0.52674000 0.80646000 0.86183000
0.82838000 0.89972000 0.84132000
0.85344000 0.82779000 0.83291000
0.66840000 0.99751000 0.77137000
0.75167000 0.82019000 0.99569000
0.98307000 0.95112000 0.89515000
0.61746000 0.81759000 0.58872000
0.86501000 0.84711000 0.96327000
0.74847000 0.98247000 0.93926000
0.86243000 0.76962000 0.87679000
0.90949000 0.98293000 0.67309000
0.70412000 0.81971000 0.85664000
0.91829000 0.99666000 0.93391000
0.99767000 0.83593000 0.62577000
0.52084000 0.80836000 0.96244000
0.69331000 0.76508000 0.79721000
0.52912000 0.81559000 0.60233000
0.93724000 0.82028000 0.86737000
0.57844000 0.93266000 0.66043000
0.55377000 0.94616000 0.89277000
0.93709000 0.76651000 0.66280000
0.92149000 0.95890000 0.86878000
0.61111000 0.88579000 0.56039000
0.62790000 0.75856000 0.86196000
0.84687000 0.97838000 0.72999000
0.75866000 0.81451000 0.76803000
0.61684000 0.87035000 0.95748000
0.62063000 0.97375000 0.59936000
0.57012000 0.75785000 0.97209000
0.89565000 0.80264000 0.76160000
0.72534000 0.88747000 0.74827000
0.70184000 0.92894000 0.59997000
0.92427000 0.92753000 0.94924000
0.93978000 0.88709000 0.79550000
0.50530000 0.87257000 0.66590000
0.84794000 0.96111000 0.94680000
0.58385000 0.81954000 0.79638000
0.81512000 0.84075000 0.73065000
0.93756000 0.81186000 0.59079000
0.75602000 0.78242000 0.67508000
0.95076000 0.79587000 0.94804000
0.93398000 0.92519000 0.60305000
0.87523000 0.88100000 0.88989000
0.94082000 0.89566000 0.50855000
0.83187000 0.90389000 0.73660000
0.63378000 0.92105000 0.89801000
0.69516000 0.77300000 0.59131000
0.54618000 0.98612000 0.96701000
0.98225000 0.83935000 0.74917000
0.76614000 0.92783000 0.78698000
0.77418000 0.89486000 0.54624000
0.53830000 0.97997000 0.76136000
0.55708000 0.82843000 0.67665000
0.83603000 0.96819000 0.64433000
0.76372000 0.91304000 0.89273000
0.73830000 0.90367000 0.67467000
0.54576000 0.96422000 0.59575000
0.99726000 0.81820000 0.53592000
0.64956000 0.87451000 0.83051000
0.90175000 0.87580000 0.66318000
0.77194000 0.85642000 0.84686000
0.62632000 0.75217000 0.77963000
0.78659000 0.87289000 0.97723000
0.96633000 0.97537000 0.54324000
0.69876000 0.85309000 0.94921000
0.60241000 0.96289000 0.84780000
0.84691000 0.76303000 0.58163000
0.80140000 0.95763000 0.56392000
0.50853000 0.76521000 0.72524000
0.93905000 0.78196000 0.50155000
0.56447000 0.80817000 0.50795000
0.79289000 0.83767000 0.52042000
0.69021000 0.81447000 0.50901000
0.98865000 0.99173000 0.65059000
0.73058000 0.75340000 0.50971000
