0.81756422 0.52536029 0.47540564
0.07211843 0.50614147 0.70698282
0.28985028 0.48617285 0.93237015
0.76653578 0.54942381 0.93838564
0.40135768 0.53603706 0.22150696
0.11401519 0.25563006 0.68832642
0.52107200 0.92248358 0.56435049
0.95859287 0.48858394 0.56506846
0.77541710 0.36433774 0.92965907
0.83135460 0.82754157 0.15753176
0.84624973 -0.00565972 0.06606318
0.57482373 0.99864630 0.97005213
0.56594139 0.17082784 0.95821010
0.11465142 -0.05521526 0.77025050
0.50779179 0.83159801 0.06320557
0.91766547 0.92073308 0.13316838
0.51346543 0.53220213 0.68172350
0.29535401 0.02834604 0.43314895
0.72308876 0.32317880 0.44320686
0.44274599 1.00210309 0.78609581
0.45507521 0.65946414 0.77685888
-0.01066409 0.15562228 0.65895022
0.85827776 0.70226052 0.54034383
0.84411023 0.11620813 0.94984270
0.58580595 0.33632258 0.27021263
0.13095453 0.58960121 0.08902485
0.05617223 1.01311342 0.94711573
0.49581612 0.09125677 0.77180260
0.26459597 0.64169763 0.30737369
0.45293285 0.44932610 0.16275416
0.25605338 0.53012602 -0.02214494
0.82791021 0.05022709 0.45128862
0.85443830 0.51093468 0.39783908
0.59864523 0.80839173 0.29556568
0.30081926 0.37930042 0.78404550
0.79792404 0.98667173 0.33209742
0.20752389 0.72156322 0.24543409
0.88822918 0.15905869 0.34843419
1.04952666 0.81561864 0.29311289
0.12946850 0.51215857 0.95551260
0.94790604 0.99314101 0.23964876
0.41835408 0.60292248 0.18431384
0.27243858 0.33974067 0.24700354
0.54678855 0.51659258 0.94694917
0.77705733 0.42149407 0.00426704
0.83349149 0.85719955 0.28883592
0.89199489 0.82550817 0.27766867
0.78434760 0.25048302 0.30734841
0.15459170 0.73147683 0.50225387
0.33248957 0.56003610 0.86795490
0.67796307 0.92229497 0.61165875
0.85746579 0.26955408 0.42225637
0.39014024 0.80779065 0.50991252
0.68744344 0.88905115 0.07074650
0.23527729 0.63881630 0.58114039
0.95738087 0.85141451 0.28015026
0.93502095 0.58051021 0.40549697
0.41634068 0.95951974 0.89053751
0.63424705 0.55136760 0.00141645
0.06382843 0.18154809 0.80076741
0.18069815 0.75653047 0.85268207
0.39062206 0.74518817 0.45770616
0.59171533 0.39833270 0.49718803
0.03424419 0.80429494 0.02574718
0.91628217 0.14664927 0.43067476
0.96189419 0.35576404 0.36726058
0.42519797 0.83684547 0.78471901
0.78551424 0.07303313 0.32445437
0.86829177 0.95339310 0.47607707
0.93540229 0.62605830 0.01324323
0.75319093 0.86967982 0.91594013
0.59219657 0.74273344 0.41467121
0.95001515 0.28290943 0.20815453
0.23029288 -0.00751947 0.01153503
0.50869708 0.48025316 0.63433920
0.82249296 0.34500967 0.38713753
0.40677557 0.65565486 0.43390938
0.64209289 0.23070968 0.21070014
0.53692038 0.30892594 0.46485541
0.44243159 0.10807325 0.83664395
0.92635911 0.91457276 0.76668772
0.51765053 0.36955196 0.55440671
0.58566807 0.60130589 0.84732072
0.56843828 0.42593400 -0.02773098
0.33757119 0.90674831 0.49460026
0.67141372 0.30305566 0.83642857
0.21048063 0.40295345 0.61429122
0.31973583 1.00137508 0.50416608
0.48987594 0.21292570 0.45362674
0.29754050 0.43109525 0.55664725
0.39207366 0.55578392 0.36060861
0.23239191 0.07964478 0.19260469
0.49571519 0.63027992 0.44410145
0.31442797 0.50592416 0.03991487
0.08971488 0.18969179 0.59879720
0.43831825 0.28544146 0.26309932
0.99358849 0.67583742 0.63761799
0.12389238 0.53165356 0.59803194
0.24097284 0.10074667 0.61328543
0.13291760 0.04179161 0.86541144
0.48522970 0.71176088 0.83658924
0.89925091 1.01269691 0.72155120
0.54956239 0.13837079 0.75130654
0.51469080 0.31502082 0.35419302
0.01171915 0.42616206 0.48593487
0.86956480 0.92741776 0.80932625
0.61167327 0.86643663 0.05001203
0.32783668 0.75055077 0.20628387
0.97462226 0.28524016 0.37016956
0.69294405 0.13848149 0.09752695
0.68371369 0.08293148 0.56339263
0.27553206 0.04561422 0.82717388
0.53909048 0.93876707 0.48732282
0.62812034 0.41299080 0.85434822
0.66994422 0.05435331 0.31919743
0.39895375 0.38431521 0.82044428
0.20479528 0.48601884 0.93419562
0.39287323 0.56251089 0.50191165
0.40338547 -0.04760646 0.97136437
0.13947387 0.31965789 0.77122087
0.58949141 0.53486345 0.87342293
0.02301088 0.18245228 0.05676446
0.18269617 0.07714703 0.72514775
0.42650360 0.77820785 0.27817233
0.35297810 0.44430784 0.06032550
0.55528756 0.63579681 0.79085002
0.39139634 0.58608188 -0.01522453
0.22127474 0.02824390 0.53449038
0.46956968 0.12657842 0.22465165
0.36379176 0.47268425 0.56647943
0.09942774 0.95495578 0.92433763
0.06722858 0.87700189 0.32608011
0.58742367 0.65985000 0.33748329
0.11900808 0.35490193 0.64624475
0.15123528 0.98056626 0.08696086
0.00032353 0.70120157 0.06245933
0.73787521 0.91412783 0.16364438
0.44688243 0.40218871 0.05637134
0.08047378 0.24369249 0.89189609
0.38510137 0.70676891 0.20032047
0.19905746 0.25952779 0.09031759
0.86991819 0.68504616 0.68842150
0.95210072 0.55580381 0.50301916
0.89084678 0.66262402 0.79045465
0.45445596 0.51523141 0.35199442
0.89400666 0.48991198 0.33161285
0.23445234 0.42632127 0.21234868
0.09242486 0.03672226 0.31052073
0.20895651 0.84837329 0.13718520
0.40111125 0.68013251 0.71766695
0.23628769 0.91941507 0.05592064
0.17000546 0.95442680 0.53810588
0.87703737 0.48715386 0.69980358
0.54207602 1.06378561 0.51135930
0.37226465 0.38040977 0.47424793
0.04106500 0.47839317 0.44111741
0.11277373 0.32683315 0.25702919
0.70690567 0.43794516 0.50490115
0.32535730 0.34089388 0.43486753
0.29751299 0.14973095 0.30908359
0.24489870 0.86450269 0.98228880
0.25310243 0.78609226 0.02816258
0.16348531 0.40817148 0.99801032
0.09306908 0.84762728 0.04459263
0.52798671 0.12077932 0.84912526
0.97012000 0.88617280 0.65800651
0.89080179 0.48745985 0.46890193
0.33461547 0.67587546 0.91342085
0.93286092 0.46551785 0.16786430
0.21168203 0.05566810 0.34749349
0.02456014 0.21250373 0.63139025
0.76707377 0.88098216 0.67442892
0.43051357 0.13024862 0.72385326
0.46784899 0.70426642 0.36618271
0.76014783 0.81909323 0.18248722
0.71518787 0.02399817 0.88583360
0.85533767 0.43051183 0.13884282
0.84655329 0.91443860 0.58932608
0.22495594 0.45923598 0.57157511
0.05513848 0.36711080 0.79350091
0.48474820 0.42035054 0.51475487
0.78603779 0.15615932 0.91243588
0.47030081 0.52515070 0.99447765
-0.00174338 0.48613015 0.37424915
0.84242040 0.40547213 0.93057741
0.27031433 0.62421860 0.84848938
0.35114822 0.26619849 0.12293655
0.72446227 0.62748670 0.00925606
0.63798377 0.66388283 0.49030967
0.66512806 0.58547243 0.27752330
0.12877297 0.09969835 0.30308368
0.51801985 0.12701910 0.05158400
0.84688773 0.44249997 0.39183412
0.15853548 0.38487291 0.44376653
1.04215633 0.56235318 0.45361895
0.76574783 0.41588340 0.38983507
0.85600636 0.90311399 0.68119463
0.95018366 0.86227008 0.08794418
0.04815375 0.04099291 0.48242406
0.18692096 0.65540659 0.68755542
0.47696835 0.03036216 0.85263325
0.80836845 0.92132564 0.88737708
0.65746225 0.78934776 0.58804613
0.28122964 0.96161099 0.25451991
0.91883178 0.85892765 0.41316267
0.60253358 0.09561463 0.14238752
0.36027005 0.84647413 0.56480851
0.31248799 0.11852104 0.65276825
0.19626675 0.19567087 0.06841878
0.08345265 0.12256257 0.74631893
0.07954896 0.31318399 0.52236388
0.34931543 0.04815331 0.37628026
0.35238314 0.67222633 0.06583122
0.32323077 0.84241081 0.45785603
0.77228158 0.16405506 0.40216907
0.03981644 0.41911308 0.55958416
0.37846182 0.18257220 0.23461533
0.85845762 0.83403966 0.80592394
0.06612437 0.61646829 0.87635321
0.21460206 0.47105022 0.02712200
0.99608101 0.33203539 1.03077087
0.11397017 0.51447352 0.04357376
0.41881522 0.34228824 0.20977429
0.08435562 0.22237003 0.36234334
1.03899136 0.12606759 0.20019291
0.91693065 0.28273369 0.01026602
0.46782796 -0.00059025 0.10992457
0.01830105 0.62664521 0.04127038
0.49101874 0.21708190 0.67947940
0.09650510 0.15610481 0.23065087
0.86138909 0.54472337 0.05197126
0.98786047 0.28103369 0.45050868
0.82130502 1.00321389 0.97495956
0.42629505 0.09588947 0.54258912
0.18407189 0.51308850 0.41494401
0.01747441 0.92673165 0.46971456
0.83246788 0.22116639 0.50090117
0.83175841 0.38451831 0.64450072
0.05254376 0.46153870 0.31182818
0.77799060 0.46507341 0.30645412
-0.01017189 0.90086187 0.55605681
0.70598994 0.55539183 0.90020056
0.03240638 0.29421396 0.76862623
0.39149687 0.83173737 0.17665988
0.54476266 0.18640548 0.82904711
0.68835843 0.58130340 0.52290968
0.64674270 0.66328335 0.09119514
0.21626413 1.00777213 0.44872755
0.24385252 0.96999038 0.67151476
0.99414650 0.74606916 0.64012966
0.32675638 0.33854247 0.08961693
0.32745465 0.93175408 0.81407687
0.76962172 0.84898159 0.82611251
0.34587346 0.61759385 0.10740196
0.63456516 0.78042206 0.83978620
0.81179092 0.52342607 0.33303954
0.13733576 0.03040272 0.56106681
0.06236206 0.74316441 0.54999690
0.73124067 0.14069117 0.78688483
0.61865978 0.05475097 0.80898608
0.85864810 0.15183540 0.47405668
0.80528233 0.68724501 0.38006583
0.45108586 0.54282743 0.77967711
0.14615450 0.42771565 0.77457381
0.73320455 0.18399684 0.33360265
0.83130425 0.20226866 0.32335149
0.12979716 0.59954922 0.71641413
0.51716156 0.29311182 0.78751936
0.76776967 0.97078941 0.26441645
0.74199975 0.75092994 0.42721602
0.28025622 0.20375407 0.25272107
0.93987376 0.43915367 0.49370357
0.80908266 0.91007282 0.36035361
0.35641928 0.88555384 0.76340194
0.63316702 0.67067977 0.82357411
0.17718465 1.02105607 0.98077282
0.89866839 1.02035672 0.53007984
0.83856694 0.59298096 0.32232748
0.22146354 0.18399529 0.87659897
0.86965783 0.49386774 0.94870147
0.66228860 0.39759754 0.26509092
0.41333992 0.71947368 0.12146633
0.88454045 0.18133098 0.86817386
0.67423565 0.76779691 0.24456520
0.87539883 0.26601185 0.32395267
0.97278007 0.38405641 0.83440055
0.64672140 0.63931754 0.57344362
0.74548386 -0.02592509 0.94715729
0.28321339 0.29296277 0.31006002
0.57206144 0.79616598 0.75367716
0.81690770 0.62738847 0.43774374
0.27605204 0.56396728 0.33887159
0.69706340 0.69188519 0.34178758
0.16808870 -0.01097378 0.82531310
0.81370057 0.01779885 0.64026319
0.46332761 0.59146995 0.72186816
0.25131529 0.30345615 0.07862309
0.94888301 0.71876415 0.34452454
0.53663815 0.31802072 -0.02782507
0.58083229 0.11941255 0.53208683
0.85613597 0.65046489 0.01422434
0.44764758 0.66752266 0.50341871
0.93381954 0.69616952 0.08662551
0.11086949 0.40137948 0.16732059
0.69614562 0.88403208 0.69750224
0.62897507 0.41608787 0.71620908
0.83949296 0.15274323 0.70565961
0.93236615 0.24706165 0.91334099
0.79750603 0.06417762 0.83811836
0.20671640 0.50846087 0.76150863
0.20841072 0.22654954 0.35199469
0.62230018 0.18681848 0.29918040
0.99396264 0.03522697 0.89896257
0.36486358 0.87100987 0.07177325
0.52257602 0.44380572 0.12102233
0.69579967 0.61913119 0.33349340
0.45211805 0.28528868 0.68296259
0.04855598 0.28637877 0.63059994
0.74710408 0.92317716 0.77833443
0.57102366 0.87099198 0.17885054
0.82640768 0.68851751 0.93564458
0.61848839 0.03665365 0.10923615
0.68380985 0.85833584 0.35420354
0.49131739 0.88252526 0.18570631
0.28462268 0.52538821 0.76402395
0.38829099 0.33871891 0.61730256
0.19003430 0.22698382 0.68544645
0.31867586 0.71012094 0.78110791
0.34430324 0.22567006 -0.03375094
0.36155302 0.29761610 0.92973671
0.11627978 0.04015594 0.70124740
0.72822944 0.75639592 0.32431623
0.14334897 0.16394324 0.46463961
0.53587815 0.86324933 0.26266360
0.18683519 0.78300205 0.98159226
0.21993531 0.13728415 0.32987732
0.98624083 0.14245801 0.77400052
0.82762030 0.43360421 0.49186842
1.00030435 0.56798340 0.89992880
0.43354813 0.83020256 1.01147881
0.25696599 0.94065815 0.74248733
0.44082968 0.01413709 0.54032382
0.07093996 0.95941529 0.30220404
0.10640722 0.25778052 0.30211726
0.65216722 -0.03439939 0.32896882
0.02601801 0.02744972 0.19575204
0.87014283 0.36693512 0.57846888
0.76591209 0.74470796 0.61616049
0.50285596 0.24691806 0.52513300
0.28509672 0.44573288 0.69835249
0.08898638 0.21734115 0.45262638
0.70596874 0.56457327 0.44133291
0.27692681 0.19583560 0.67172538
0.32057685 0.61521625 0.35156465
0.47085932 0.37369837 0.84060622
0.72256910 0.14200051 0.68652742
0.90182028 0.40986792 0.68124695
0.55286339 0.65636298 0.57064453
0.51791823 0.35388058 0.04811876
0.11972626 0.99397473 0.48756437
0.22812825 0.35128805 0.84525798
0.52745943 0.41836852 0.85543167
0.12459464 0.85256448 0.28405592
0.58951699 0.97246184 0.56348675
0.50552486 0.47583509 0.55098054
0.68974344 0.38506684 0.83759194
0.55167762 0.19291447 0.16485908
0.76922861 0.84301425 0.37059683
0.21070801 0.57994854 0.33781763
0.04285094 0.51550530 0.20328700
0.81324549 0.36800843 0.75369116
0.68410636 0.45133166 0.67096457
0.04092767 0.80458585 0.57830060
0.75226042 0.47429196 0.68905280
0.72044442 0.29908842 0.68273744
0.88465316 0.77192365 0.71040531
0.17573873 0.19084172 0.55046974
0.67143719 0.99344728 0.62549364
0.30034659 0.86840717 0.69348566
0.63840721 0.49637748 0.81815633
0.25204275 0.47805700 0.37595107
0.50832222 0.53979917 0.19581394
0.67057479 0.64468840 0.21901008
0.28282161 0.71522124 0.27646387
0.46622544 0.22351051 0.37037157
0.49749106 0.09489606 0.95174303
0.93092143 0.45659395 0.40965660
0.37866901 0.14266429 0.65172364
0.27283317 0.22935449 0.59276957
0.96745501 0.14139619 0.15941001
0.65183352 0.29205057 0.55263230
0.45421647 0.81193484 0.13923905
0.27893036 0.12806741 1.02207661
0.62313975 0.79395849 0.03297050
0.20820892 0.90186857 0.76726672
0.30163822 0.69466118 0.48379531
0.39618362 0.14808187 0.41537013
0.49182341 -0.05457377 0.89175448
0.82323232 0.85784071 0.02688326
0.04968838 0.73653414 0.69449246
0.58812443 0.23144031 0.63031884
0.17347201 0.28654072 0.35300396
0.54109218 0.05616577 1.00371074
0.40845715 0.34534881 0.09928786
0.72929199 0.22577222 0.88824884
0.27207168 0.23898092 0.11002328
0.98711355 0.75972396 0.09780253
0.75175290 0.21473965 0.58457465
0.70965124 0.78244365 0.66724636
0.98916073 0.60140438 0.54478515
0.72391167 0.86511950 0.24204222
0.39901256 0.60257910 0.85481677
0.30192407 0.78702844 0.88032007
0.97291954 0.77543953 -0.00099646
0.45527033 0.78667736 0.94399376
0.27180173 0.96847672 0.35831251
0.60762561 0.86470833 0.53169821
0.09781734 0.64140969 0.37794842
0.61679898 0.57781351 0.49826607
0.78994293 0.57649484 0.37751212
0.12330688 0.28785698 0.59649070
-0.02876082 0.25579891 0.67786264
0.95608826 1.00583475 0.05175972
0.63263422 0.70472864 0.29193483
0.81232485 0.74572416 0.67956628
0.16358221 0.89208846 0.56308647
0.56540965 0.88611630 0.92669816
0.97890609 0.47527030 0.68334917
0.60990650 0.40294196 0.21289615
0.09972632 0.48363913 0.39701061
0.16012901 0.05212519 0.47196369
0.23203788 0.96928537 0.59246535
0.04919742 0.31878242 0.22200692
0.04178929 0.41823088 0.15642656
0.73934117 0.37200720 0.18729031
0.62795416 0.74499012 0.71176012
0.30684970 0.49648067 0.32973703
0.79219676 0.13091850 0.17901859
0.99543324 0.22938373 0.86567439
0.20092106 0.50148269 0.12048079
0.26152845 0.62544356 0.03723081
0.35416791 0.24650060 0.78774849
0.12465992 0.48596273 0.74278397
0.66269635 0.73439406 0.11625759
0.16348353 0.79592085 0.20582845
0.72259953 0.44634064 0.09188408
0.74955744 0.06121139 0.98836003
0.12936398 0.91494172 0.13789372
1.07890549 0.08741656 0.43120715
0.22262395 0.96753260 0.12462835
0.88445809 0.79266966 0.89856761
0.72163792 0.98504485 0.12515818
0.20148893 0.67349064 0.35049458
0.31589827 0.31276769 0.99212246
0.92238004 0.33179889 0.25479522
0.56620422 0.93733764 0.23605330
0.72944404 0.08700646 0.85390195
0.90609617 0.92083173 0.54899063
0.93720376 0.85514949 0.73729543
0.38315102 0.74212347 0.53370765
0.64026093 0.33021882 0.43007831
0.38452379 0.65704712 0.32496585
0.36035141 0.79741335 0.25216927
0.02713024 0.36172373 0.34029292
0.40888089 0.33660787 0.39931153
0.00476874 0.63593768 0.90530288
0.66227051 0.19975188 0.71881058
0.88092672 0.27475472 0.23822374
0.88126555 0.77076580 0.34290404
0.41239107 0.34248411 -0.00317614
0.32483323 0.24853888 0.70631765
0.07459784 0.91344579 0.52014667
0.01423220 0.01618414 0.76659467
0.78110177 0.82502621 0.09423908
0.32463059 0.90740214 0.62792086
0.92609518 0.20466985 0.11027056
0.95415068 0.53798172 0.68251321
0.33104418 0.00191993 0.81434558
0.66263871 0.88306927 -0.00874043
0.61578795 0.89523567 0.83038899
0.68530109 0.50416040 0.47355916
0.74550051 0.86444595 0.47145829
0.83701243 0.10604556 0.03351967
0.15169400 0.78979193 0.58605555
0.50473349 0.59965466 0.37442619
0.51029887 0.23622354 0.31432882
0.68707106 0.31136618 0.37127786
0.92497759 0.08117845 0.32411452
0.83203393 0.75191557 0.06795042
0.36028645 0.12801173 0.95767726
0.25880295 0.67600945 0.64157642
0.63396672 0.32780660 0.64618601
0.79196203 0.28337750 0.15993041
0.09431765 0.71244208 0.23212955
0.07653249 0.97339562 0.57052971
0.47356602 0.83167535 0.23637321
0.66123800 -0.03366487 0.92785419
0.20918192 0.64968791 0.92486032
0.71272771 0.29139429 0.91348263
0.21952370 0.10998285 0.92814422
0.57955292 0.47930381 0.22141314
0.49552596 0.87260452 0.47214458
0.58178604 0.07240598 0.71330492
0.74487968 0.35170520 0.03901919
0.51798005 0.80142589 0.69046400
0.51837143 0.46213635 0.91272413
0.49948164 0.71598802 0.61247941
0.44350782 0.92095149 0.56251848
0.84665284 0.27969912 0.95171624
0.22163020 0.38456723 0.69677989
0.01753298 0.81372171 0.79208058
0.59642218 0.29241602 0.96759864
0.08481660 0.70532526 0.03510549
0.36979132 0.93459760 0.57794570
0.79871211 0.05116625 0.04485818
0.80779237 0.96132106 0.41271269
0.40681597 0.18417623 0.75707095
0.06842874 0.22914379 0.53022064
0.53459791 0.36892071 0.12804045
0.76870566 0.19192944 1.05711121
0.54246968 0.98784050 0.37488898
0.47562927 0.89723339 0.39409246
0.79403469 0.30880569 0.62097842
0.56178011 0.94147965 0.83777037
0.42081792 0.76582134 0.36567464
0.78289886 0.40386307 0.12520107
0.71614790 0.54763515 0.59577994
0.48485736 0.38445435 0.62268530
0.08098438 0.92466589 0.22168508
0.33937895 0.04284924 0.61713126
0.78868518 0.07505699 0.92254138
0.45841684 0.59694976 0.51073476
0.87949552 0.79199135 0.51249802
0.37424121 0.46758677 0.31029673
0.82431767 0.53069414 0.65519256
0.57810194 0.37867511 0.89214979
0.55678640 0.75085933 -0.01958891
0.94149052 0.15300177 0.84228439
0.33602575 0.58918955 0.02920773
0.20223762 0.82338933 0.29504512
0.08498851 0.18435862 0.11673361
0.74530961 0.95108853 0.69933322
0.84571972 0.13351175 0.81999606
0.36863240 0.18430947 0.04450425
0.58946165 0.75731004 0.50228039
0.11582459 0.09615774 0.51293808
0.24466816 0.27669269 0.69397367
0.61620304 0.56678757 0.35374692
0.83513108 0.26627449 0.02801748
0.10948244 0.87771210 0.79424481
0.18887386 1.02474760 0.28686850
0.42216206 0.81490570 0.69366547
0.97833009 0.74587516 0.74292092
0.87932614 0.58794816 0.91307567
0.56959284 0.15128420 0.08734205
0.30606845 -0.02922411 0.97214677
0.46674224 0.15340823 0.42200505
0.25330388 0.71357133 0.81424195
0.55204294 0.34698422 0.71504192
0.42212866 0.77951654 0.59100485
0.91244347 0.53285412 0.59012642
0.06468774 0.42639984 -0.00242923
0.93511829 0.69238684 0.71774293
0.87484172 0.06484172 0.83322895
0.96681053 0.18386816 0.99122068
0.79115564 0.17902213 0.63896597
0.78565114 0.08357478 0.11568790
0.28010166 0.16291777 0.94903289
0.33557522 0.46440043 0.14685911
0.64507242 0.53038290 0.55628348
0.97368523 0.99216481 0.13776803
0.68862753 0.09047326 0.17523744
0.61840928 0.28940922 0.17344081
0.41383594 0.37553947 0.33223321
0.58379811 0.37688370 0.58200505
0.72152839 0.59861189 0.19426187
0.26415382 0.51823271 0.51237152
0.08870415 0.79439203 0.77868596
0.67440107 0.18347486 0.54842124
0.97336369 0.82161744 0.57808471
0.56869821 0.41157757 0.66319757
0.25013718 0.55671530 0.85567676
0.15724923 0.84815270 0.62072977
0.97196237 0.40902305 0.66193822
0.18554498 0.58261239 0.13661075
0.91983440 0.77261453 0.80541288
0.54847999 0.93534149 -0.01214494
0.33500213 0.19598854 0.13847307
0.37552263 0.27702630 0.43175547
0.30392254 0.94852686 0.55139477
0.58248244 0.03131675 0.18789606
0.08780645 0.85659573 0.41897126
0.57621377 0.46630741 0.53414860
0.51116459 0.65598716 0.88847799
0.82822881 0.88606926 0.75888773
0.50030259 0.45052949 0.29098071
0.93797979 0.92514241 0.44489576
0.01854896 0.80262484 0.68467050
0.91593230 1.01899208 0.88257586
0.34262288 0.57484051 0.73916110
0.53902965 0.53376725 0.57436950
0.92563699 0.82799138 0.34669840
0.29407538 0.55436660 0.67467941
0.55346620 0.56533096 0.32086965
0.24927704 0.59583156 0.94704217
0.10544345 0.82080404 0.70518285
0.29538636 0.87001387 0.87046376
0.86504788 0.60135004 0.75702096
0.50457318 0.65746874 0.02669790
0.45910771 0.17344692 0.63108059
0.07288265 0.85831153 0.65609821
0.78629162 0.02910583 0.51703272
0.98914083 0.80708661 0.44872847
0.79975813 0.29306042 0.70944091
0.19847745 0.43183716 0.86855217
0.62078027 0.74609461 0.91888111
0.61311112 0.81571050 0.68054956
0.37451452 0.86460847 0.89460462
0.20038630 0.17866408 0.41466032
0.98063199 0.45964319 -0.04062934
0.28407886 0.28013322 0.78887702
0.34008294 0.64006342 0.51898496
0.86153371 0.38152488 0.50289841
0.30945245 0.38260939 0.20814952
0.32844529 0.18414926 0.76809487
0.43367232 0.40933661 0.44902515
0.58463379 0.98935963 0.43604873
0.48227182 0.36044357 0.48072048
0.06106556 0.62426069 0.56154902
0.43218735 0.86439420 0.61458264
0.43185620 0.64161867 0.03933707
0.22402342 0.31721185 0.95677800
0.26654359 0.41211524 0.02963457
0.86975935 0.10420479 0.23640036
0.30361501 0.84287868 0.01116243
0.48483271 0.69305655 0.27926371
0.76416917 0.09135215 0.55998010
0.13619757 0.48801627 0.14096437
0.41626282 0.90577734 0.67908149
0.66142568 0.72015047 0.77730581
0.51491583 0.59982875 0.67185776
0.42194950 0.74990205 0.73013292
0.86319755 0.35473585 0.09699882
0.08618046 0.63280286 0.46498557
0.94187025 0.42511756 0.30638437
0.45524033 0.61755234 0.62910069
0.77336306 0.75300615 0.19695503
0.06223052 0.52764094 0.98476930
0.96227650 0.65768847 0.48656390
0.31942544 0.75551575 0.65805688
0.32430445 0.33086389 0.58612655
0.79128541 0.03604650 0.23427652
0.86563912 0.63933828 0.21965030
0.40388741 -0.00984793 0.20389918
0.26699447 0.33836985 0.14599076
0.65695436 0.14551715 0.78174335
0.45965719 0.07224949 0.46654600
0.17920940 0.53852956 0.50633478
0.70032927 0.63863527 0.67878341
0.91760048 0.23480297 0.39575894
0.70930350 0.27270143 0.01548889
0.14600170 0.42814623 0.35333354
0.63356736 0.92445771 0.50132174
0.32274779 0.60990755 -0.05783959
0.90356856 0.53562001 0.83607876
0.14805041 0.12757665 0.15105888
0.93536536 0.50203795 0.24802949
0.08612273 0.87974127 0.92888656
0.08785331 0.14337940 0.33963910
0.42742204 0.06137863 0.67152720
0.16688606 0.13870740 0.84345439
0.54477369 0.03796841 0.80233999
0.93334574 0.32533932 0.46466312
0.07770785 0.40283510 0.36252288
0.46242145 0.96378696 0.43620828
0.62807212 0.55330621 0.68411910
0.33394244 0.63114836 0.80567951
0.89821039 0.86246285 0.17929069
0.77214714 0.26102196 -0.03265875
0.45952557 0.45099179 0.39267113
-0.01576013 0.71165823 -0.02117840
0.25593959 0.82180120 0.61664625
0.08089642 0.08090471 0.23134999
0.47862193 0.26926602 0.12396189
0.06995307 0.34202583 -0.00125929
0.47984289 1.02617184 0.40409507
0.92776686 0.73673126 0.27290833
0.39311698 0.98625241 0.64044719
0.37959596 0.47074909 0.74344133
1.02530113 0.58552214 0.38472586
0.92302204 0.45153842 0.06861254
0.08183137 0.71953996 0.62053821
0.89386882 0.33344040 0.34510742
0.20708489 0.72186520 0.67709731
0.80574453 0.11665459 0.64502916
0.35489154 0.81604934 0.69339245
0.64862572 0.01296569 0.86035163
0.51162040 0.47228587 0.19602795
0.59081079 0.58075480 -0.05522235
0.59594896 0.11758563 0.01405862
0.11068763 0.26725477 0.04220147
0.62740923 0.13501605 0.59604312
0.27495461 0.59327023 0.49359056
0.48386596 0.38047113 0.21767426
0.50588642 0.58768556 0.01647767
0.21362223 0.15662797 0.70446408
0.42729581 0.24106551 0.47054655
0.75130243 0.19773797 0.72383912
0.21882159 0.64222125 0.76570867
0.38026636 0.54994573 0.09420645
1.01141760 0.17813926 0.93138115
0.70388220 0.77665309 0.52637694
1.00298981 0.35107370 0.68615802
0.40831607 0.04638343 0.14354064
0.59237437 0.38014600 0.03493059
0.47841949 0.38041810 0.39131636
0.29700518 0.69922771 0.56689619
0.59500191 0.04532303 0.91155016
0.47443335 0.29651215 0.42418130
0.89024736 0.14832666 0.58936046
0.59842872 0.36493497 0.79251863
0.34934858 0.51159262 0.49124597
0.07548897 0.04098923 0.58402848
0.98089975 0.80068883 0.91432168
0.17845581 0.77532896 0.70486098
0.76232950 0.01707197 0.42170987
0.57324982 0.45028790 0.04999766
0.64539097 0.43447021 0.05909202
0.36904801 0.36836350 0.26707658
0.80130035 0.96129538 0.52214172
0.32463837 0.76188373 0.34630845
0.41587073 0.21767747 0.10909502
0.68350877 0.48409745 0.59918681
0.12623035 0.70791948 0.71621799
0.78036183 0.59611528 0.82717778
0.62353781 0.51524144 0.29610228
0.55851393 0.82629038 -0.00370187
0.62473610 0.60014036 0.63498062
0.17926007 0.65103153 0.18351920
0.08803192 0.38803778 0.45615497
0.88906005 0.04512305 0.64324868
0.08075631 0.99973842 0.23435034
0.07025384 1.00492281 0.03569843
0.32294425 0.21432836 0.34342451
0.59570372 0.31654142 0.85847317
0.87357067 0.34018428 0.78483310
0.72544651 0.37113256 0.51188465
0.58151288 0.73697130 0.64608979
0.69818260 0.13368044 0.27479063
0.22750240 0.61500307 0.22485406
0.80576374 0.47685743 0.61668915
0.32926083 0.01387578 0.03486128
0.82217967 0.35810652 0.87222015
0.49788962 0.82318696 0.89846690
0.89943889 0.91379726 0.89753104
0.37673305 0.39887990 0.00263173
0.79748901 0.17183579 0.78722845
0.48218635 0.91690597 0.73551458
0.75971120 0.93645098 0.60840565
0.20733447 0.32112852 0.19965012
0.57704585 0.59035034 0.57360656
0.71849551 0.72022833 0.23865271
0.51331700 0.18877510 0.01522759
0.20053802 0.43369581 0.40547733
0.17168732 0.19417738 0.78245123
0.15589599 0.14487063 0.96130018
0.19521626 0.11580181 0.55847793
0.75318669 0.49939505 0.50547931
0.70480168 0.94760686 0.53306048
0.30249427 0.07959608 0.27504057
0.13505546 0.33139840 0.07546112
0.73668501 0.84979538 0.74713685
0.07498913 0.37992040 0.71499107
0.98551109 0.90937447 0.31330658
0.20216949 0.24436483 0.89085476
0.25871337 0.77445921 0.29675624
0.34247225 0.82885934 0.32810495
0.50948480 0.94033741 0.06878130
0.54117798 0.40934458 0.43512360
0.32311315 0.28977431 0.20785073
0.97463057 0.23501767 0.07288107
0.61874325 0.58826612 0.76290870
0.80888177 0.86412905 0.51896490
0.51848159 0.84636717 0.62729422
0.24243402 0.23847608 0.19290035
0.63108338 0.37997761 -0.04284277
0.65117938 0.26783828 0.05753508
0.75878284 0.52428674 0.39342052
0.21205254 0.14938092 0.13347918
0.36486793 0.15625640 0.57714276
0.54958439 0.24759516 0.70219779
0.12766269 0.19779901 0.17211917
0.30357916 0.62734459 0.69129075
0.57063754 0.67790638 0.43599161
0.29871244 0.07735181 0.51935567
0.59281086 0.55693409 0.20346837
0.02141670 0.32716370 0.93287043
0.67990731 0.77730931 0.43352348
0.61547250 0.44428243 0.29551164
0.31299127 0.40881230 0.37894419
0.15683745 0.14043082 0.05955523
0.21785968 0.38997529 0.48616465
0.71233537 0.65957696 0.58606868
0.73402641 0.95123561 0.45719159
0.32403158 0.39932095 0.10837587
0.50703918 0.48357949 0.04317015
0.78093684 0.46208427 0.44337748
0.35856264 0.11521169 0.77351691
0.29782627 0.05379880 0.12276769
0.86864844 0.84155183 0.71363928
0.74733710 0.66624351 0.06868412
0.33148066 0.89613875 0.32412095
0.43064344 0.97123468 0.28259305
0.28008929 0.39518082 0.86812806
0.14569218 0.58329874 0.37659003
0.91298537 0.97598712 0.34779043
1.03242246 0.69047588 0.74750058
0.74660681 0.24651875 0.44850532
0.93959878 0.51312204 -0.00909205
0.73735079 -0.02215537 0.82252573
0.75609471 0.29546273 0.09069818
0.26073436 0.75251506 0.94453000
0.87662939 0.55354152 0.52282077
0.45146285 0.61480075 0.11924900
0.37694428 0.14637406 0.84411386
0.58224915 0.11359015 0.26653637
0.94499521 0.38009990 0.05746185
0.48318650 0.20213780 0.19349660
0.21612866 0.36384352 1.05893662
0.97651883 0.52113645 0.16303027
0.50106883 0.02435865 0.57986089
0.96872667 0.94633901 0.82101951
0.28287292 0.44804267 0.78523511
0.66596731 0.20150584 0.37066033
0.20933376 0.67154912 0.11536200
0.93654391 0.59652807 0.74107804
0.89795019 0.65437217 0.60215351
0.79028691 0.56810059 0.04687422
0.24123157 0.21132559 0.51489951
0.94657984 1.01861585 -0.02928330
0.76839989 0.93893781 0.08717825
0.58102593 0.99488849 0.71095073
0.06574525 0.11053113 0.12578473
0.81491498 0.33112824 0.03244678
0.91246632 0.59004635 0.62899034
0.71678259 0.16087832 0.87248272
0.91356348 0.32624380 0.88990194
0.16756970 0.88842029 0.07880090
0.00185310 0.67890408 0.34982353
0.08151774 0.84827461 0.12856057
0.65370201 0.15862260 0.91561672
0.14271364 0.36261890 0.31364555
0.27469823 0.65277610 0.16133919
0.28158098 0.03811965 0.34540545
0.70435767 0.44679203 0.31191427
0.30935238 0.27795196 0.45744236
0.21657231 0.81395915 0.45531017
0.10791995 0.19628556 0.72355110
0.94756344 0.38038865 0.57911558
0.55843894 0.77807359 0.09317729
0.12753181 0.94400445 1.01748747
0.39793609 0.24393450 0.55913105
0.94053182 -0.00289371 0.44097862
0.17386490 0.81784356 -0.09337293
0.21248467 0.93791138 0.84235926
0.22967592 0.76859529 0.57765549
0.10136970 0.64266377 0.18732331
0.47206816 0.79759040 0.54160587
0.87227081 0.40556981 0.77418959
0.35795402 0.92000759 0.13687047
0.43012029 0.80755069 0.44328609
0.38705186 0.53131153 0.90423293
0.05699478 0.69269081 0.94514703
0.25366804 0.36374690 0.36769664
0.54221276 0.29430890 0.15415313
0.37222721 0.45505738 0.47440614
0.54936203 0.50924696 0.81652401
1.06853351 0.29514948 0.43964030
0.29395543 0.31648325 0.66571746
0.16305588 0.56663870 0.22945019
0.18015588 0.72084192 0.93300956
0.68498519 0.94178696 0.26622452
0.52628336 0.11217910 0.16688957
0.72693248 0.64989690 0.93162992
0.02534068 0.69335536 0.48378662
0.80117440 0.49085875 0.88935188
0.49801932 0.77405079 0.18470800
0.73687479 -0.02125596 0.02825750
0.78260122 0.64589176 0.57232007
0.14126169 0.65686321 0.87414209
0.86610986 0.76634544 0.22266622
0.85176015 0.07620213 0.74629830
0.22444907 0.26045421 0.26911063
0.30289041 0.39223457 0.29837663
0.78236647 0.74785190 0.54276199
0.21257911 0.03047456 0.09238169
0.93198066 0.72115353 0.85727883
0.06622420 0.91305316 0.60182932
0.43022500 0.18057862 0.85913608
0.40238825 0.39292318 0.57105597
0.16036178 0.08316809 0.62712058
-0.00658680 0.97535428 0.57895303
0.95184363 0.95490354 0.63651471
0.57560238 0.29882705 0.05456333
0.72052037 0.74764538 0.82688842
0.46512924 0.26660357 0.59884843
0.69579237 0.52317564 0.32107250
0.60261177 0.66466272 0.18482580
0.85130074 0.39571120 0.03169546
0.42037593 0.07048557 0.38918603
0.35482209 0.11756682 0.03908381
1.01722167 0.05003770 0.07929067
0.70361045 0.70943262 0.66371995
0.52490113 0.25709402 0.95005433
0.95415640 0.98095762 0.73691966
0.87004352 0.62552115 0.84754831
0.12096413 0.56074121 0.47007725
0.32388585 0.95637912 0.68547380
0.26511074 0.89063283 0.58994819
0.84671533 0.90333946 0.12106962
0.78661227 0.35963392 0.55729582
0.56979341 0.54233064 0.02618410
0.46437600 0.03818150 0.32040449
0.05675647 0.23268812 0.22342524
0.35035381 0.32475715 0.34249933
0.23505413 0.10367660 0.75065637
0.21431246 0.88902067 0.42568565
0.48742476 0.61248944 0.21418757
0.84045152 0.22432007 0.20232413
0.95259663 0.22081984 0.26625831
0.28170861 0.23604910 0.88685159
0.75367413 0.08659070 0.23669282
0.34202611 0.12314703 0.22466477
0.46792974 0.62421628 0.29259929
0.56104449 0.19970201 0.41496475
0.92713597 0.65800806 0.37267382
0.94905713 0.30729625 0.08708037
0.82793340 0.87984813 0.43175217
0.90955878 0.46062909 0.61553884
0.42962681 0.56506158 0.28248244
0.41208276 0.52451611 0.67047664
0.15408592 0.73307368 0.00880218
0.72456382 0.70246826 0.50496126
0.39947385 0.99519557 0.47693054
0.02935733 0.86382611 0.23311600
0.53137803 0.11289416 0.45444329
0.30052513 0.78653242 0.73840800
0.27714722 0.03372954 0.58517735
0.47428208 0.00347924 0.70783044
0.81925101 0.30017871 0.27979365
0.01798654 0.69118859 0.56464045
0.18394854 0.54668473 0.65054544
0.92644823 0.03823030 0.17207392
0.99885736 0.53838007 0.02820476
0.52143767 0.37964597 0.77254558
0.10887722 0.65020675 0.94452257
0.01417723 0.37238126 0.23892164
0.35653095 0.06492098 0.48573109
0.35683715 0.81850872 0.97417264
0.44846111 0.29024929 0.76527100
0.39090401 0.26329258 0.65069976
0.88854003 0.33461618 0.96618854
0.62943732 0.25329069 0.75603031
0.50766349 0.87769695 0.83614386
0.29654546 0.12010203 0.15806875
0.85872499 0.89596031 0.23361710
0.27397076 0.92343423 0.92325017
0.48797250 0.28996400 0.04439363
0.88796241 0.93399929 1.04585237
0.86448868 0.65650846 0.33206330
0.11570789 0.39474193 0.57095410
0.54551470 0.90138804 0.36275007
0.01934382 0.28092787 0.55363494
0.49261065 0.71854078 0.95156591
1.00819519 0.50063244 0.86010151
0.06953519 0.30839991 0.33085630
0.30750198 0.18415483 0.47301327
0.53880111 0.00041333 0.88943514
0.01917952 0.26239318 0.29520911
0.17978436 0.32128302 0.65601840
0.81648478 0.21565360 0.41185076
0.43899632 0.13340015 0.96645729
0.72076054 0.35370878 0.74762220
0.80185913 0.48141878 0.76711900
0.42146402 0.32857273 0.50963610
0.83055115 0.60117713 0.10072371
0.05341764 0.92191792 0.10607879
0.08995398 0.57812673 0.15759262
0.87539082 0.28731562 0.08628718
0.39155122 0.02983199 0.84257233
0.11513949 0.02039103 0.13127224
0.10616225 0.19348542 1.02617897
0.78536993 0.49123571 -0.02763310
0.78633721 0.86625984 0.59733879
0.89328128 0.62684425 0.13493940
0.64289513 0.84626218 0.25030358
0.05175994 0.75400632 0.41889376
0.33723302 0.77298233 0.11723886
0.38844644 0.22205941 0.38251714
0.11634724 0.39718695 0.84452022
0.34930498 0.29203743 0.53118800
0.33256607 0.11806557 0.43000948
0.07539685 0.69108329 0.81723900
0.27277339 0.92311148 0.43094478
0.79055856 0.67044875 0.13313204
0.91693984 0.92783251 0.23371707
0.27176260 0.05273602 1.05076789
0.07103518 0.52639779 0.52320274
0.79599487 0.99548037 0.88898985
0.66208978 0.81854367 -0.02808075
0.62500915 0.47928189 0.98074565
0.90474717 0.19851934 0.02261383
0.73268242 0.90918291 0.97929117
0.89144074 0.71900699 0.39498476
0.01230015 0.05721937 0.64124786
0.83616522 0.56880396 0.98258836
0.02111661 0.61611573 0.12579297
0.72398678 0.72920404 0.73932459
0.27126177 0.68873784 0.88793938
0.21389312 0.55255365 0.04472043
0.10727947 0.73664946 0.31351339
0.20407554 0.60604476 0.82749036
0.95463808 0.52010255 0.43634099
0.71027762 0.38941651 0.97428057
0.35600317 0.69882976 0.60903004
0.46379192 0.12351021 0.10432954
0.64641986 0.19097726 0.08283553
0.41741817 0.77029700 0.88208729
0.24105620 0.95516452 0.19462486
0.71684141 0.18440928 0.46450732
0.81493701 0.39479056 0.20665009
0.86631231 0.82487053 0.07141653
0.81015276 0.39757698 0.30519750
0.39814586 0.05439606 0.58707778
0.54514129 0.70029313 0.21217417
0.60544115 0.25348541 0.86785279
0.45141852 -0.07030343 0.02084745
0.03818824 0.24982696 0.04975990
0.50069250 0.83663194 0.34764223
0.89638690 0.85263315 0.57915783
0.85681788 0.97627135 0.15577512
0.14503721 0.28638899 0.91228045
0.03168171 0.41781866 0.89131339
0.09843208 0.82450453 0.21760325
0.48366938 0.75108415 0.42884102
0.81206620 0.76885769 0.33467841
0.98208793 0.22575472 0.15562016
0.94839653 0.47299812 0.77162991
0.40751041 0.22927748 0.92572961
0.34077691 0.20286115 0.87536543
0.38917613 0.70722684 0.00790646
0.48988263 0.68054731 0.13916031
0.96192696 0.38212738 0.97746522
0.43703204 0.29013017 0.34308726
0.76974644 0.68028178 0.68743406
0.39549296 -0.01597883 0.11433921
0.95407057 0.51319235 0.07321178
0.90478108 0.76253595 0.09192732
0.69289386 0.80197261 0.05263442
0.26880494 0.07937490 0.97033756
0.13712440 0.68698698 0.12073249
0.68606561 0.89674925 0.86929105
0.90177791 0.73613414 0.01601634
0.66588290 0.72820588 -0.01745092
0.23399328 0.68463641 -0.00632138
0.26411753 0.29844480 0.52238935
0.25807206 0.47069884 0.14859762
1.00907532 0.08132819 0.29070969
0.50462339 0.97249321 0.78435757
0.57146771 0.69151761 0.92624106
0.17816477 0.14378363 0.27050247
0.42582551 0.87138580 0.50776949
0.68574597 0.48004802 0.38611084
0.81920920 0.69445011 0.62530008
0.69128595 0.07554873 0.78329621
0.15600371 0.86163460 0.48709299
0.45237051 0.52448886 0.89797604
0.51317618 0.36930407 0.92752490
0.85871348 0.67773469 0.10575438
0.19653866 0.75043525 0.39271499
0.75061184 0.57138605 0.74401524
0.47116277 0.34703414 0.28833494
0.86720129 0.02390802 0.31590878
0.95935700 0.61507866 0.26642724
0.04283995 0.77049024 0.84421518
0.99906770 0.57456387 0.62319236
0.73830050 0.14507209 0.00454852
0.80276046 0.15369157 0.25163830
0.61776111 0.85328700 0.76734986
0.80700564 0.60715841 0.21338018
0.95030957 0.95636980 0.91893442
0.16259104 -0.00158653 0.21863693
0.65513813 0.81957419 0.48606983
0.29269093 0.85986149 0.38544641
0.90808203 0.17093188 0.22817083
0.17848615 0.69172429 0.80321724
0.57074976 0.67142462 0.04858751
0.55504072 0.18496102 0.27885855
0.88299524 0.37315907 0.17678961
0.66819816 0.54607871 0.20851986
0.46583524 0.95303148 0.17644874
0.79813243 0.14835428 0.51805255
0.27979960 0.44233510 0.44030084
0.85546418 1.00783308 0.23968713
0.43828089 0.86315361 0.87136379
0.57692567 0.25372371 0.52219824
0.63362603 0.09135332 0.94295770
0.69703114 0.34386094 0.11618636
0.21353384 0.10198896 0.07043618
0.51562175 0.30888005 0.24675016
0.88534717 0.27655564 0.16037997
0.82196343 0.28095244 0.53613332
0.76478710 0.03169494 0.77118034
0.91006593 0.22986071 0.51328138
0.64608839 0.89454923 0.30768863
0.14107549 0.55133449 0.76494138
0.56040423 0.80125045 0.17858403
0.88754181 0.86069423 0.49013788
0.33336486 0.63097876 0.26877197
0.26130536 0.57963775 0.11501233
0.99397703 0.35252249 0.47875376
0.51503419 -0.00203115 0.19466834
0.74310034 0.64015858 0.39042210
0.38549450 0.33382440 0.74112840
0.23116062 0.62514205 0.42955766
0.64428041 0.50248270 0.90621669
0.24974814 0.28645787 0.39409005
0.64248121 0.72108614 0.59762764
0.55107241 0.77564308 0.34852736
0.60423797 0.51338106 0.46882736
0.53969403 0.17423661 0.51471393
0.86096975 0.94952666 0.96436415
0.86282501 0.57178498 0.42498996
0.69888809 0.82110973 0.81321376
0.07541260 0.27122529 0.95839350
0.69807279 0.52179106 0.14620326
0.07674885 0.60798943 0.00446037
0.04481450 0.56279819 0.25624591
0.61426988 0.04860458 0.60133643
0.82702770 0.10887194 0.38624942
-0.00122521 0.69935278 0.83659782
0.07163963 0.63378817 0.28008692
0.86517447 0.86075779 0.95488103
0.89690883 0.05888250 0.10507032
0.22122766 0.46335483 0.48001414
0.22905503 0.56389048 0.58115621
0.71112383 0.96901614 0.36993136
0.41362363 0.67363089 0.88499387
0.12866004 0.59089157 0.83020180
0.30130517 0.21956800 1.02761315
0.16517954 0.76299803 0.29372309
0.68753655 0.90211454 0.43810691
0.74343264 0.66017059 0.24693144
0.88088315 0.08802269 0.49294255
0.41869277 0.70972609 0.65023062
0.04892362 0.37617868 0.62215616
0.44902130 0.67439757 0.58171377
0.03698693 0.88083313 0.77716122
0.99159966 0.17089674 0.35757720
0.17131527 0.36066159 0.55403326
0.76165678 0.08238868 0.46626581
0.74082947 0.50803202 0.77867042
0.30193012 0.51925138 0.40783717
0.61259114 0.64691884 0.69078357
0.23951185 0.82494938 0.85950545
0.50304656 0.52555895 0.46013522
0.69579908 0.16503962 0.18589515
0.70900364 0.38478649 0.34323258
0.17700828 0.90561708 0.98069630
0.38026601 0.41083217 0.19533961
0.64834323 0.85724928 0.61916445
0.92967282 0.84108375 0.83652682
0.57424805 0.60594204 0.25400160
0.83042055 0.32901629 0.20014724
0.54997708 0.27536988 0.59145760
0.93467786 0.08982470 0.81152389
0.22821932 0.78637450 0.78446623
0.46553647 0.36665047 0.14121741
0.94426446 0.67386924 0.92497204
0.38144630 0.38206434 0.68508322
0.77505817 0.41667337 0.59506981
0.84474324 0.19137833 0.13173122
0.48049814 0.57317494 0.84724214
0.60062571 0.50010301 0.62777094
0.03846289 0.45057095 0.80371318
0.86929694 0.49812942 0.10738800
0.50236984 0.07207850 0.65002716
0.15558568 0.38935083 0.90725465
0.98404448 0.07044737 0.47168446
0.60867265 0.20606818 0.80609819
0.83688468 0.08952183 0.57438690
0.59415009 0.51878454 0.10389252
0.56649955 0.09515322 0.34330592
0.61785559 0.58092865 0.13774361
0.56080728 0.54469711 0.74813330
0.70419236 0.57229144 0.67655824
0.95176275 0.20803987 0.78751038
0.73285769 0.73743948 -0.00261291
0.77867169 0.52696680 0.56767736
0.52584835 0.50600591 0.36481954
0.93619022 0.71282700 0.58320538
0.39280322 0.50015265 1.02241241
0.70775495 0.22983534 0.08207877
0.25386041 0.00579309 0.76308664
0.80946438 0.42923378 0.71622344
1.00560947 1.00114971 0.27503661
0.95896220 0.58370050 0.10275394
0.67127572 0.90740403 0.77822858
0.54454426 0.62875618 0.96903701
0.01800456 0.21675991 0.39444413
0.76225999 0.09763953 0.73020388
0.37007898 0.43825856 0.38223596
0.01914949 0.96706451 0.87650268
0.59713596 0.18670912 0.70595809
0.21841941 0.24885555 0.76426120
0.94987009 0.57031208 0.95679804
0.19805307 0.90866481 0.63369754
0.29476505 0.48615195 0.85030700
0.33387865 0.87141756 0.19887462
0.18529827 0.94521418 0.27297369
0.08521853 0.55202012 0.38031853
0.05033849 0.83053894 0.47762861
0.62914221 0.17083483 0.17161789
0.02399459 0.11329170 0.04510172
0.03265847 0.86842864 0.85969165
0.34747531 0.24235043 0.25788471
0.19360181 0.00216383 0.73395816
0.39498909 0.79293724 0.07440200
0.13425516 0.41964069 0.09027362
0.79872354 0.76328789 0.76649105
0.03071441 0.68859522 0.16658561
0.87957838 0.12252102 0.11507900
0.58601608 1.07822182 0.41805170
0.53338774 0.97807228 0.66052051
0.23425049 0.69456368 0.44491426
0.37415098 0.52998383 0.79476363
0.18522364 0.87245633 0.84501433
0.26183250 0.88039968 0.27325804
0.55434034 0.91868510 0.75398855
0.49870937 0.01547397 0.49144815
0.49795610 0.94974679 0.31515510
0.60894201 0.98950479 0.79816233
0.85122441 0.20751613 0.93355775
0.19564148 0.37790487 0.24883100
0.27274956 0.36940738 0.62656151
0.50969949 0.45185936 0.73716413
0.68212466 0.41739382 0.58299990
0.60116745 0.30160203 0.71524339
0.26101808 0.02595413 0.24862725
0.95698952 0.30050682 0.57659728
0.56914490 0.75363613 0.27007104
0.13711082 0.60921428 0.57370065
0.27686765 0.79379609 0.50081557
0.40139091 0.89456951 0.31088455
0.01558800 0.08564252 0.76413243
0.97584787 0.64426427 0.71149137
0.09576890 0.69030467 0.50266838
0.81181549 0.93122682 0.18898317
0.30784975 0.71166409 0.13484751
0.14841519 0.47072315 0.28395344
0.82936384 0.59673610 0.61254427
0.34551159 0.61190273 0.19076405
0.74156064 0.19984892 0.14917076
0.07861459 0.07557816 0.79910384
0.49642201 0.41083593 -0.00270240
0.19179963 0.66047401 0.52351211
0.93107359 0.84346022 0.00295287
0.78778023 0.28249157 0.80216768
0.80849365 0.79786204 0.88297025
0.13017545 0.51813294 0.84060476
0.24020827 0.25475817 0.97759498
0.58246327 0.32459632 0.52524532
0.63967354 0.08425087 0.48343717
0.23339360 0.39905787 0.13233972
0.70361793 0.01438095 0.53819254
0.21243694 0.04652770 0.86047587
0.45224560 0.72086485 0.21711913
0.96772976 0.20961915 0.47407007
0.03878358 0.05421002 0.36551309
0.24219853 0.07931466 0.41363729
0.66334720 0.20864435 0.85638418
0.13988868 0.96218406 0.40064278
0.94507554 0.71897403 0.17869215
0.73124904 1.04640892 0.36299845
0.60528669 0.97183721 0.04906892
0.92768384 0.71946800 0.48278801
0.08936663 0.64204154 0.65700679
0.52613112 0.74133923 0.52867438
0.35947305 0.10352174 0.12473807
0.80156111 0.62583041 0.93220541
0.84767303 0.46381191 0.02769046
0.12433049 0.44358033 0.47764936
0.57671385 0.26235205 0.38887934
1.02081085 0.89099242 0.38599095
0.81709410 0.70329167 0.82607761
0.42786956 0.28006059 0.17424916
0.63557647 0.33125362 0.09141679
0.74515727 0.43814202 0.88542047
0.76648189 0.61503125 0.30719482
0.71300546 0.54800992 0.99505385
0.62565427 0.19572893 0.99102703
0.58193973 0.35664482 0.37741866
0.71062692 0.48760477 0.85715510
0.51218306 0.59260261 0.91576155
0.16624721 0.29977718 0.14112131
0.08602132 0.09509313 0.92149438
0.16249855 0.23244885 0.97987296
0.06135688 0.47261703 0.58970014
0.46696023 0.47032022 0.82681812
1.03882196 0.92514130 0.68206163
0.02312403 0.54856374 0.73381762
0.71975389 0.25145730 0.35555887
0.69743263 0.47307559 -0.03626066
0.95531919 0.78098351 0.51792160
0.65487964 0.99875819 0.41343890
0.53645787 0.77199722 0.60060081
0.82698874 0.81349062 0.40086708
0.21368400 0.39290624 0.78364494
0.81838724 0.76111807 -0.01320541
0.49034817 0.17045352 0.92338390
0.76904342 0.38451276 0.81353169
0.19975974 0.50096404 0.85225582
0.45794919 0.53972865 0.61103853
0.21977270 0.76873063 0.12357808
0.72193076 0.60419386 0.10054407
0.27513343 -0.02277737 0.86957011
0.73334740 0.31056002 0.22579987
0.90890190 0.61599758 0.50959819
0.33673170 0.30343101 0.84535029
0.09016764 0.39564838 0.26183207
0.64859462 0.42295586 0.38772992
0.06599587 0.97494110 0.42052702
0.26852549 0.36746995 0.53713056
0.58219813 0.82245563 0.59045713
0.37636749 0.72823551 0.29978814
0.68537637 -0.00554239 0.21022270
0.58627101 0.23132756 0.11333054
0.77977346 0.80794113 0.48848821
1.03925779 0.58408977 0.80349987
0.45491434 0.53084840 0.07991425
0.02138427 0.17559236 0.26390797
0.13238146 0.82436428 0.83469998
0.58980894 0.80527442 0.91584987
0.71243460 0.34330329 0.61587704
0.63068843 0.64118846 0.38851287
0.25033328 0.82393800 0.70247818
0.12977538 0.45583004 0.62632342
0.50116138 0.69164429 0.73867178
0.33875738 0.42571162 0.63131269
-0.02816901 0.42633576 0.21082287
0.80472735 0.80282203 0.25047289
0.19848823 0.83484150 0.03986904
0.59877416 0.90614127 0.60608371
1.01185422 0.29848435 0.85887668
0.14099716 0.57743963 -0.07258828
0.18951608 0.71333509 0.57585224
0.88492902 0.72101443 0.92425666
0.35904303 0.05860578 0.70776224
0.08736348 0.14759626 0.87008560
0.33580885 0.59126070 0.57567048
0.68464936 0.69654135 0.43230824
0.35142199 0.94270126 0.21767940
0.35308357 0.55696450 0.29280816
1.01299066 0.90109191 0.92510659
0.63407020 0.06870993 1.03162770
0.64770559 0.06054526 0.69151945
0.33131844 0.68426765 0.39232602
0.06797600 0.34987587 0.87436325
0.96470277 0.11971025 0.24413904
0.11771463 0.95516720 0.68418550
0.97258795 0.77864421 0.22745232
0.60477468 0.12715630 0.83271564
0.54788015 0.47526924 0.43365105
0.68047888 0.21759628 0.27774877
0.47005877 0.14036766 0.50750619
0.74116567 0.32239089 0.84685441
0.13680842 0.79546702 0.50288642
0.55744742 0.58020061 0.44625517
0.78163026 0.47610489 0.13411671
1.05257068 0.07852384 0.98413507
0.64353482 0.12245128 0.22806769
0.52001331 0.22221883 0.07984581
0.73569332 0.44161155 0.78176207
0.56488511 0.70363544 0.78338906
0.34360205 0.41841298 0.92947013
0.88870110 0.43764467 0.86988603
0.42591993 0.91490851 0.09546625
0.13605077 0.11470687 0.38854656
0.06681200 0.34514899 0.13747881
0.74884324 0.72640348 0.92304143
0.29162855 0.02965299 0.68183469
0.55366390 0.36911843 0.21604381
0.59429884 0.44439302 0.79340833
0.43550955 0.84218813 0.36374729
0.00254140 0.88325615 0.04361642
0.83710441 0.32178571 0.45607805
0.62479088 0.02830028 0.24873445
0.44924387 0.30205466 0.89639335
0.07090172 0.18725144 0.95937877
0.87614505 0.28806126 0.60388433
0.17476661 0.95920086 0.92627703
0.74875338 0.65823159 0.84121608
0.53649226 1.00026430 0.08197987
0.12085051 0.73934153 0.41933101
0.31876054 0.79040805 0.58977905
1.00578945 0.88338283 0.14841768
0.27017197 0.50849364 0.59943128
0.72061579 0.27563247 0.57395871
0.52070752 0.30981421 0.86214641
1.00077139 0.25363576 0.94841457
0.46576972 0.78178051 0.78793948
0.67300714 0.50844040 0.73659120
0.47759111 0.92862112 0.63582455
0.19478157 0.50519472 0.33175679
0.44017707 0.61065120 0.92916677
0.51293264 0.21698962 0.76189566
0.13941623 0.65737695 0.30937117
0.36919748 0.35890285 0.88278794
0.71925192 0.22881971 0.79629639
0.86558996 0.47703395 0.22573311
0.07099873 0.49125616 0.10211062
0.24816618 0.44647478 0.30162095
0.67291108 0.11416812 0.35889491
0.60763126 0.17056920 0.46263901
0.42692383 0.42301662 0.28151711
0.60906849 0.27174464 0.32127854
0.34002641 0.53363728 0.62032054
0.41374416 0.50553453 0.14617519
0.35645681 0.48507905 0.22064683
1.01461502 0.15964098 0.51629343
0.09292375 0.84462821 0.55363615
0.82015586 -0.01112642 0.73810860
0.55831470 1.02255732 0.31114672
0.97067869 0.23202774 0.57768718
0.46667634 0.04547076 0.20833116
0.63504306 0.99749875 0.50544371
0.29019656 0.52183787 0.25336772
0.42253307 0.07363184 0.91396381
0.45701793 0.00681266 0.92772198
0.94146460 0.07305524 0.54405214
0.15913485 0.16751743 0.64843114
0.22971191 0.29513527 0.60760894
0.06778297 0.44640118 0.67537891
0.33754267 0.69033479 0.69614827
0.56758198 0.17097011 0.59711246
0.17342006 0.61510211 0.46688833
0.86640186 0.70033549 0.26339301
0.11815871 0.23039394 0.81241376
0.54790057 0.12192131 0.66568499
0.61676294 0.92684851 0.17108536
0.10395800 0.93897323 0.84794357
0.35784521 0.90242505 0.39980871
0.43168954 0.44188858 -0.08636729
0.89003621 0.54502465 0.16397973
0.68274103 0.25470260 0.48295311
0.70294920 -0.01438594 0.74950357
0.44744706 0.44264522 0.63160125
0.38793089 0.07235655 0.24948363
0.35124715 0.49186944 0.95708103
0.90570497 0.18589694 0.73250886
0.95425991 0.11991634 0.04161437
0.79629081 0.62687091 0.74623588
0.28338757 0.14105459 0.53692241
0.17674824 0.29225427 0.01859528
0.87266304 0.41959717 0.28195420
0.14292946 0.19187451 0.90330804
0.83942265 0.54013593 0.79445531
0.38320291 0.15523871 0.49927877
0.21444836 0.46862688 0.67266490
0.64193239 0.72635256 0.36365798
0.70714743 0.20339086 0.98246671
0.98778238 0.78866869 0.32863917
0.70252506 0.10331241 0.93573762
0.87782857 0.91896301 0.37432992
0.30306676 0.82795055 0.12414890
0.93391718 0.30988327 0.70977456
0.61770152 0.74632198 0.18332385
0.69895582 0.28027502 0.16756537
0.39806433 0.72310964 0.81026927
0.11325660 0.75432296 0.11820764
0.86218046 0.75982957 0.59959974
0.78190247 0.80968843 0.66653158
0.74833019 0.06490781 0.64328789
0.10170858 0.65045224 0.75280400
0.39959243 0.59373470 0.68494080
0.96187662 0.27100752 0.77293825
0.23376091 0.60182694 0.65407347
0.60010920 0.88785121 0.69348868
0.13944707 0.03959093 0.37525172
0.16088826 0.47139280 0.54472198
0.87910587 1.03612657 0.95356540
0.25055860 0.79887192 0.20015831
0.90977089 0.57377623 0.25024451
0.77547413 0.49080819 0.05271004
0.45058656 0.42540096 0.74394948
0.87541697 -0.01182226 0.59875870
0.73638850 0.15269306 0.58777588
0.96826828 1.01992785 0.37290818
0.30167296 0.68915271 0.00104792
0.18369147 0.86180528 0.70579523
0.64201073 0.44384223 0.49768515
0.72457802 0.05889585 0.11145557
0.60399193 0.47590013 0.36850989
0.62774534 0.47902781 0.16208055
0.41507820 0.27392730 0.82077906
0.22185989 0.91102106 0.50553706
0.43633367 0.51174497 0.46493739
0.28540150 0.36687852 0.97850379
0.21187068 0.51287569 0.24254875
0.53696814 0.24244138 0.22319565
0.76120576 0.35579794 0.27414690
0.44076398 0.37562474 0.93660297
0.77867711 0.47683171 0.22258816
0.37060712 -0.01994658 0.38924288
0.03990547 0.70885526 0.29719837
0.04993798 0.11174910 0.57745312
0.69503544 0.45677878 0.17832985
0.41829222 0.27648734 0.04158016
0.20002274 0.11573920 0.46212125
0.20883589 0.57096736 0.72445850
0.13894407 0.65995287 1.04130782
0.39453443 0.09922378 0.32358161
0.06857925 0.55921618 0.65059165
0.64636804 0.35247403 0.51616654
0.12273310 0.76749293 0.65166929
0.28774878 0.55540308 0.19147458
1.00843922 0.98111641 0.99558745
0.65707680 0.61105446 0.91140698
1.04099454 0.96422863 0.16579860
0.08369813 0.75454548 -0.02573578
0.42369945 0.12226213 0.03950339
0.37328021 0.16349838 0.33370551
0.69311984 0.86620085 0.53657528
0.70072790 0.81425042 0.89658323
0.44275764 -0.06196128 0.81809176
0.68757748 1.02343325 -0.01906939
0.96279340 0.35958893 0.75747710
0.24571852 0.81619963 0.36279241
0.42832409 0.45930549 0.54241480
0.66206855 0.68321367 0.90367863
0.32192062 0.12265811 0.88779286
0.31454032 -0.02842708 0.09959498
0.73274407 0.42938751 0.23634037
0.97092719 0.09511475 0.68485312
0.65542864 0.94639196 0.70044047
0.81554813 0.43531633 0.84209032
0.90515901 0.11273678 0.72303119
0.00465727 0.51437605 0.49939694
0.52453323 0.52005149 0.11479204
0.35536425 0.74876014 0.95676575
0.15915847 0.43412643 0.21564614
0.64972156 0.65731883 0.01037097
0.39916073 -0.04226690 0.71983811
0.54537538 0.40206758 0.32630709
0.50537784 0.23905045 0.87503610
0.65065881 0.35193901 0.73924027
0.89156951 0.38841187 0.39376336
0.45664228 0.23697282 -0.00756522
0.11386986 0.91097710 0.44720980
0.18797533 0.63056833 0.99898721
0.48407298 0.76698705 0.01557763
0.39585605 0.04252808 0.04176612
0.24293854 0.72227164 0.07293951
0.89238754 0.34546202 0.65901843
0.66319724 0.64595337 0.75485624
0.18080005 0.89002628 0.34885482
-0.02675377 0.13493046 0.58472918
0.38319079 0.88626293 0.99462764
0.47038529 0.03193099 1.00992394
0.33746423 0.98642077 0.30905643
0.48411014 0.85047351 0.73702330
0.50496378 0.87208999 0.96664876
0.28377213 0.88014985 0.78145580
0.17814715 0.01267256 0.62684631
1.00292566 0.10126986 0.91758663
0.19668770 0.28778833 0.52249033
0.44546165 0.14799123 0.31415463
0.63110756 0.89329613 0.91464478
0.74962188 0.99720783 0.64307484
0.47258647 0.73156949 0.08696815
0.79311442 0.21874675 0.85497160
0.39159927 0.46199165 0.84599654
0.83839115 0.73787677 0.14535617
0.49783530 0.11449554 0.35379218
0.99446597 0.07438566 0.15486083
0.39627542 0.61597136 0.77215170
0.08344634 0.09582712 0.65250141
0.73157828 0.72672855 0.13484359
0.76881469 0.37674659 0.67928186
0.13196043 0.32255766 0.47059706
0.95856129 0.36107775 0.15390410
0.38855103 0.62212792 0.60495864
-0.00619282 0.52134763 0.28631109
0.57509424 0.71292494 0.11041353
0.88006254 0.20378076 0.66343348
0.35932759 0.60606882 0.42307743
0.34818431 0.77508417 0.82228803
0.97795097 0.63328752 0.80765880
0.22084743 0.18409875 0.98778680
0.08162698 0.46690737 0.92308397
0.65773054 0.93948543 0.11413057
0.62388703 0.84534981 0.42136215
0.30308335 0.44877135 0.23995024
0.74398796 0.53748543 0.26722795
0.67969008 0.80860050 0.73233921
0.16211255 0.24263878 0.46301050
0.26917608 0.17992639 0.81166696
0.05303847 0.15480168 0.67142395
0.15267149 0.06987902 0.22904651
0.84771235 0.22654302 0.80002989
0.56165736 0.82607082 0.83962876
0.40789222 0.14667613 0.16055727
0.91209467 0.11129050 0.90895915
0.75619005 0.81048924 1.01557820
0.65802498 0.23559198 0.61736223
0.32707408 0.02470892 0.95181932
0.31391756 0.52622979 0.12457504
0.31412683 0.77076848 0.43045651
0.04712743 0.26611869 0.13613044
0.51623063 0.80812471 0.47172995
