0.81587383 0.52785149 0.47453054
0.07041205 0.50656916 0.70649360
0.28917633 0.48916717 0.93156477
0.76795454 0.54699453 0.93920622
0.40041702 0.53742200 0.22227188
0.11419642 0.25582477 0.68833215
0.51973669 0.92222905 0.56271407
0.95739640 0.48542574 0.56660053
0.77504874 0.36328321 0.92913121
0.83321295 0.82710059 0.15800923
0.84499012 -0.00599040 0.06789715
0.57285094 1.00098199 0.97151686
0.56563616 0.16745539 0.95741560
0.11573864 -0.05178531 0.77160723
0.50858251 0.82861257 0.06103533
0.91786697 0.91982049 0.13299374
0.51260078 0.53080319 0.68060733
0.29321123 0.02548763 0.43178669
0.72249835 0.32465507 0.44359133
0.44044408 1.00664876 0.78589488
0.45535698 0.65790085 0.77600451
-0.00989704 0.15545007 0.66144317
0.86067626 0.70297546 0.54073387
0.84613189 0.11830429 0.94894231
0.58665936 0.33578592 0.27090709
0.13103323 0.59150718 0.08821965
0.05593670 1.01082183 0.94355275
0.49598460 0.09071596 0.77126118
0.26712575 0.64058706 0.30276270
0.45332310 0.44971255 0.16331211
0.25197721 0.52943594 -0.02495323
0.83005590 0.04987554 0.44971283
0.85229575 0.51367858 0.39623910
0.59659312 0.80477071 0.29378152
0.30021197 0.38040261 0.78303828
0.79776765 0.98753409 0.33367275
0.20659560 0.72009042 0.24451447
0.88841682 0.15621579 0.34683584
1.04776752 0.81472087 0.29396061
0.12979984 0.51575967 0.95464301
0.94561731 0.98986130 0.24067297
0.41773285 0.60593284 0.18574836
0.27279545 0.33897582 0.24716209
0.54526295 0.51616143 0.94959717
0.77844445 0.42236674 0.00339558
0.83318447 0.85981916 0.28621368
0.89198596 0.82701674 0.27725049
0.78686269 0.24767140 0.30451146
0.15476477 0.73223200 0.50048617
0.33210338 0.56211238 0.87056504
0.67807490 0.92334218 0.61207814
0.85767598 0.26803761 0.42052296
0.39445767 0.80947821 0.50811541
0.68874916 0.88900873 0.06943077
0.23386171 0.63786938 0.57884677
0.95779932 0.85391281 0.28144119
0.93300221 0.57671666 0.40277467
0.41638200 0.95814538 0.88917910
0.63814988 0.55335430 0.00053717
0.06345056 0.18050901 0.80154171
0.18136771 0.75821911 0.85578861
0.39272720 0.74669201 0.45754567
0.58971228 0.39727758 0.49569493
0.03404217 0.80158525 0.02528158
0.91872905 0.14634891 0.43144501
0.96313296 0.35755397 0.36864994
0.42478172 0.83627946 0.78457057
0.78627634 0.07197577 0.32352484
0.87485500 0.95116395 0.47917485
0.93577809 0.62583042 0.01024224
0.75188208 0.86944367 0.91700118
0.59149229 0.74145011 0.41620432
0.94752603 0.28522649 0.21370843
0.22900923 -0.00676369 0.01094415
0.51164660 0.48202632 0.63451039
0.82337538 0.34532491 0.38868380
0.40976094 0.65647608 0.43401386
0.64128221 0.22815503 0.20946588
0.53625869 0.30663473 0.46456917
0.44318487 0.10893198 0.83483606
0.92547516 0.91478812 0.76468051
0.51661931 0.36918114 0.55753665
0.58667516 0.60305349 0.84675916
0.56693078 0.42724774 -0.02692969
0.33898600 0.90700377 0.49353136
0.67539170 0.30186216 0.83405886
0.21033592 0.39959131 0.61159755
0.32064445 1.00122909 0.50069492
0.48938152 0.21575393 0.45421167
0.29569142 0.42903511 0.55312859
0.38909509 0.55558435 0.36281978
0.23124472 0.07772583 0.19001588
0.50080175 0.63030701 0.44486581
0.31425618 0.50743148 0.03941821
0.08905468 0.18911900 0.59759647
0.44294904 0.28395731 0.26405587
0.99184727 0.67657552 0.63694292
0.12890052 0.53045452 0.60050551
0.24085239 0.10076181 0.60998275
0.13523034 0.04105256 0.86537534
0.48098238 0.71014204 0.83557589
0.90258943 1.01518170 0.72258136
0.54965122 0.13640669 0.74892921
0.51474782 0.31504492 0.35179803
0.00726732 0.42699125 0.48730792
0.86849202 0.92939933 0.80936143
0.61091272 0.86731951 0.04752110
0.32916134 0.75054153 0.21088603
0.97256838 0.28794648 0.37146226
0.69195597 0.13953361 0.09909465
0.68594425 0.08538421 0.55971036
0.27388607 0.04691639 0.82912202
0.53714468 0.94038344 0.48403718
0.62674813 0.41647439 0.85589283
0.67031050 0.05287242 0.32076737
0.39916304 0.38641075 0.82000123
0.20382996 0.48762213 0.93531566
0.39543436 0.56335560 0.50079760
0.40240932 -0.04808761 0.97103097
0.14074277 0.32000427 0.76942596
0.58879310 0.53492642 0.87194549
0.02404421 0.18515951 0.05994348
0.18296550 0.07769947 0.72405695
0.42911107 0.77806503 0.27963274
0.35325558 0.44719589 0.05908076
0.55555260 0.63794901 0.78873344
0.39170939 0.58655942 -0.01489988
0.21946096 0.02732197 0.53222169
0.47011947 0.12982131 0.22253763
0.36553582 0.47283304 0.56595688
0.10261866 0.95387521 0.92321853
0.06554608 0.87933686 0.32793423
0.58903942 0.65872825 0.33757186
0.11945900 0.35649952 0.64203594
0.14855350 0.98020315 0.08668282
0.00304254 0.70178719 0.06221018
0.73859125 0.91541111 0.16112060
0.44451644 0.40243571 0.05391980
0.08080927 0.24215270 0.89322267
0.38331410 0.70814800 0.20449973
0.20054779 0.26195283 0.09021542
0.87042923 0.68354097 0.68783220
0.94936095 0.55745818 0.50371095
0.89302718 0.66576291 0.79118595
0.45452500 0.51282972 0.34941471
0.89435909 0.49157603 0.33069374
0.23518468 0.42678345 0.21326109
0.09103905 0.03723243 0.31017560
0.21298529 0.84783775 0.13874776
0.40084066 0.68145940 0.71770305
0.23714905 0.91838259 0.05500719
0.17235231 0.95153193 0.53654535
0.87696841 0.48474080 0.69822866
0.54329468 1.06386391 0.51247108
0.37172497 0.37820652 0.47398877
0.03996450 0.47564119 0.44123535
0.11175245 0.33091895 0.25566404
0.70704222 0.43481241 0.50934786
0.32468922 0.34103649 0.43279934
0.30009521 0.15194672 0.30901056
0.24537961 0.86548821 0.98277362
0.25317077 0.78346797 0.02701441
0.16302625 0.40980530 1.00052574
0.09358084 0.84425379 0.04373003
0.52838200 0.12019443 0.85178285
0.96909669 0.88434700 0.65516321
0.89028238 0.48807466 0.46455882
0.33453538 0.67702893 0.91390423
0.93263362 0.46641047 0.16734093
0.21278439 0.05487990 0.34465771
0.02438231 0.21260603 0.63109262
0.76896625 0.88511042 0.67597781
0.43131838 0.13368784 0.71947888
0.46685706 0.70469869 0.36405444
0.76228873 0.81981971 0.18276151
0.71748688 0.02410956 0.88311448
0.85802397 0.43141861 0.13778755
0.84487645 0.91205631 0.59148698
0.22743837 0.45886372 0.57737008
0.05457037 0.36776473 0.79325180
0.48459889 0.41926186 0.51671264
0.78490660 0.15520044 0.91203733
0.47024480 0.52387479 0.99749048
-0.00257174 0.48824839 0.37487364
0.83914429 0.40393122 0.93279468
0.26939826 0.62428596 0.84932090
0.35174146 0.26652364 0.12229338
0.72403116 0.62457016 0.00850068
0.63902851 0.66424746 0.49239503
0.66707888 0.58344297 0.27828317
0.12656461 0.09992169 0.30249572
0.51730554 0.13065861 0.05094268
0.84827826 0.44379495 0.38916004
0.15692608 0.38222031 0.44743226
1.04073408 0.56130257 0.45710241
0.76447238 0.41625675 0.39377700
0.85705642 0.90462638 0.68298837
0.95043541 0.86073521 0.08682508
0.04824165 0.03899230 0.48301995
0.18793079 0.65628939 0.68728522
0.47419436 0.03038891 0.85209896
0.80648546 0.92189430 0.89018105
0.65676831 0.78811287 0.59074902
0.28008615 0.96250405 0.25139759
0.91686906 0.85889562 0.41213000
0.60283333 0.09674004 0.14662291
0.36192983 0.84840852 0.56301173
0.31138535 0.12186810 0.65291773
0.19431950 0.19670034 0.06991078
0.08343851 0.12105799 0.74806956
0.07549778 0.31472281 0.51974056
0.35474835 0.04774637 0.37972329
0.35218112 0.67097079 0.06708617
0.32533203 0.84327364 0.45751505
0.77252217 0.16284019 0.40015537
0.03915158 0.41965920 0.55975422
0.37763536 0.18179900 0.23484740
0.85566149 0.83379704 0.80568072
0.06750839 0.61599081 0.87558326
0.21179514 0.47299166 0.02789696
0.99640820 0.33202577 1.03314910
0.11544454 0.51693424 0.04444115
0.41933048 0.34206669 0.21368274
0.08196493 0.22220739 0.36147063
1.03622637 0.12705555 0.19935016
0.91634994 0.28408818 0.00895979
0.47095196 -0.00111730 0.10913385
0.01880152 0.62355057 0.04045707
0.48844211 0.21737050 0.67766787
0.09395267 0.15581388 0.23167231
0.86268276 0.54660113 0.05145418
0.99137547 0.28262725 0.44969906
0.81878279 1.00344904 0.97302139
0.42843059 0.09494117 0.54204120
0.18636232 0.51551830 0.41421667
0.01649044 0.92810274 0.46978870
0.83263409 0.22059889 0.50533156
0.83142835 0.38106540 0.64346670
0.05378700 0.46069426 0.31219956
0.77852080 0.46117629 0.30578538
-0.01035681 0.90062823 0.55515868
0.70512610 0.55182669 0.90485305
0.03461497 0.29526176 0.77360786
0.39251470 0.83153789 0.17802894
0.54411893 0.18666127 0.82853601
0.68733757 0.58166664 0.52213401
0.64849241 0.66227917 0.09208110
0.21508226 1.00785971 0.44956815
0.24410342 0.96888401 0.67399393
0.99635677 0.74488443 0.63984283
0.32770627 0.33836422 0.08877763
0.32864359 0.93223346 0.81527681
0.76860506 0.85046110 0.82647615
0.34500876 0.61564518 0.10656005
0.63573805 0.78118389 0.84381322
0.81021716 0.52170205 0.33315642
0.13755818 0.03014404 0.55571596
0.06045435 0.74266791 0.54894787
0.73100662 0.14115838 0.78940851
0.62058280 0.05657347 0.81050068
0.86011805 0.15610390 0.47553556
0.80147434 0.68870853 0.37955966
0.44777944 0.54183552 0.77932289
0.14696679 0.42888306 0.77214370
0.73382418 0.18468183 0.33271912
0.83271395 0.19840186 0.32315388
0.13528717 0.59995707 0.71832285
0.51561832 0.29228161 0.78427285
0.76830908 0.97034676 0.26438274
0.74013466 0.75246366 0.42552005
0.27735418 0.20374908 0.25332214
0.93896620 0.44057592 0.49301076
0.80857726 0.91038093 0.36347275
0.35514642 0.88430075 0.76186960
0.63491003 0.67262465 0.82355670
0.17524002 1.02271091 0.98093226
0.90147535 1.02101498 0.53237276
0.83895482 0.59266573 0.32132120
0.22272703 0.18111771 0.87668821
0.87022103 0.49660075 0.94915135
0.66366978 0.39576667 0.26479347
0.41203096 0.72181537 0.12183013
0.88329388 0.18333786 0.86882294
0.67500866 0.76654585 0.24183917
0.87272897 0.26413038 0.32302538
0.97162447 0.38417998 0.83310616
0.64796795 0.63982009 0.57195029
0.74823799 -0.02503003 0.95014109
0.28463660 0.29415678 0.31464393
0.57263075 0.79545419 0.75412048
0.82029520 0.63191905 0.43671893
0.27600808 0.55925756 0.33967890
0.69853686 0.69228175 0.33919726
0.17024061 -0.01160692 0.82308982
0.81326948 0.01592505 0.64385198
0.46308430 0.59282945 0.72168985
0.25238507 0.30350111 0.08008952
0.94655033 0.71784003 0.34540076
0.53644758 0.31949383 -0.02823966
0.58252831 0.11938861 0.53328662
0.85601738 0.65093723 0.01420145
0.45035792 0.66890850 0.50419888
0.93663195 0.69460098 0.08686805
0.11222090 0.40198345 0.16522862
0.69351380 0.88151329 0.69388895
0.62764727 0.41582069 0.71687527
0.84002330 0.15404950 0.70591788
0.93028305 0.24902609 0.91416220
0.79827363 0.06643656 0.83489912
0.20484648 0.50896470 0.76191989
0.20847401 0.22689238 0.34930787
0.62428553 0.18529278 0.29848881
0.99160803 0.03367920 0.89749810
0.36322866 0.86965947 0.07366072
0.52531925 0.44444518 0.11966103
0.69702715 0.61590712 0.33224692
0.45208488 0.28945981 0.68238772
0.04967705 0.28712995 0.62805941
0.74657844 0.92234483 0.77672479
0.57180189 0.87118238 0.17820671
0.82598757 0.69117239 0.93270090
0.62073254 0.04011665 0.10739846
0.68518166 0.85812408 0.35493208
0.49388071 0.88276409 0.18498342
0.28543211 0.52419081 0.76348216
0.38902237 0.33863873 0.61707243
0.19095138 0.22671088 0.68628901
0.31725864 0.70962551 0.77976471
0.34507111 0.22350272 -0.03383240
0.36045230 0.30093680 0.93079389
0.11598180 0.04122011 0.69967747
0.72986026 0.75627758 0.32510071
0.13963275 0.16334661 0.46300934
0.53507549 0.86147821 0.26538298
0.18904812 0.78466387 0.98415471
0.22012581 0.13375702 0.33188008
0.98650222 0.14476122 0.77250840
0.82829376 0.43488957 0.48975017
1.00220060 0.56926932 0.90152538
0.43193989 0.83035958 1.00783698
0.25669701 0.93680355 0.74159427
0.44038329 0.01599317 0.54187683
0.06979184 0.95838752 0.30108188
0.10640659 0.25721195 0.29961168
0.65137005 -0.03227566 0.32944103
0.02568868 0.02486461 0.19642307
0.87149545 0.36734380 0.57797001
0.76455260 0.74474793 0.61665960
0.50288842 0.24634744 0.52631503
0.28676929 0.44330927 0.69536191
0.08779878 0.21671825 0.45250623
0.70724011 0.55957750 0.43978407
0.27609805 0.19371844 0.67565327
0.32310793 0.61454246 0.35126095
0.46860549 0.37457788 0.84260066
0.72251502 0.14265010 0.68759865
0.90136226 0.40896090 0.68173608
0.55160124 0.65354190 0.57067250
0.51904550 0.35422984 0.04773804
0.11905544 0.99294371 0.48672682
0.22895945 0.35222173 0.84496997
0.52551612 0.41576085 0.85618919
0.12516958 0.85370777 0.28517907
0.58818445 0.97367068 0.56214048
0.50550711 0.47568673 0.55305652
0.68768440 0.38380247 0.83843724
0.55306450 0.19250538 0.17031243
0.76970488 0.84298227 0.36948534
0.21163131 0.58416756 0.33362630
0.04023873 0.51787756 0.20454263
0.81186548 0.36677681 0.75369944
0.68206362 0.45046403 0.67051202
0.04271895 0.80507207 0.57852666
0.75270361 0.47470144 0.68620719
0.72188146 0.30359293 0.67965581
0.88560492 0.77239680 0.71055203
0.17266553 0.19017784 0.55200805
0.67128322 0.99483022 0.62233221
0.30049003 0.86716679 0.69247660
0.63569030 0.49771285 0.81482948
0.25038668 0.47827751 0.37590660
0.50886243 0.54392542 0.19660983
0.67189168 0.64375769 0.21822671
0.28392424 0.71654739 0.27954139
0.46560940 0.22340831 0.36935750
0.50101235 0.09447181 0.95325107
0.93343437 0.45621408 0.40579652
0.38018383 0.14121153 0.64749479
0.27309923 0.22917413 0.59217624
0.96842756 0.13965443 0.15454731
0.65376875 0.29070587 0.55360199
0.45611397 0.81020398 0.13808412
0.27830464 0.12726447 1.01952530
0.62081381 0.79508870 0.03483505
0.20843629 0.89797700 0.76297630
0.30102320 0.69259537 0.48368523
0.39576072 0.15025700 0.41730846
0.49443735 -0.05252101 0.89375030
0.82250810 0.85816375 0.02896633
0.04859089 0.73465704 0.69566146
0.58761277 0.23052808 0.63164588
0.17390975 0.28932522 0.35227776
0.54128853 0.06265200 1.00705491
0.41046085 0.34491328 0.09519684
0.72786201 0.22583971 0.88884832
0.27515071 0.23753132 0.11193331
0.98993464 0.76153434 0.09425337
0.75167203 0.21462078 0.58484656
0.71030278 0.78261149 0.66773109
0.98767463 0.60049238 0.54428895
0.72032114 0.86344639 0.23755738
0.39706854 0.60566017 0.85259520
0.30155598 0.78761233 0.88100796
0.97179604 0.77365645 -0.00133768
0.45611627 0.78673912 0.94491805
0.27366724 0.96889463 0.35586728
0.60475935 0.86602278 0.53555938
0.09692152 0.64140545 0.37919576
0.61702080 0.57800083 0.49738957
0.78804979 0.57802902 0.38120389
0.12279714 0.28943197 0.59591692
-0.03138947 0.25473338 0.68106400
0.95433972 1.00610619 0.05080877
0.63618862 0.70520822 0.29239030
0.81614437 0.74916814 0.67797133
0.16423052 0.88964716 0.56442190
0.56476067 0.88576294 0.92677329
0.97744075 0.47788665 0.68512554
0.60989108 0.40383408 0.21352473
0.09867644 0.48274012 0.39897030
0.16264780 0.05088858 0.46955299
0.23282198 0.97138358 0.59232029
0.04999242 0.31655230 0.21767591
0.04292171 0.41892312 0.15619905
0.73832032 0.37290102 0.18934893
0.62652652 0.74624045 0.71278550
0.30945456 0.49567055 0.32830106
0.79263021 0.13182580 0.17766555
0.99450793 0.22721026 0.86445739
0.20419971 0.49956315 0.12053180
0.26546992 0.62524714 0.03745792
0.35527639 0.24757130 0.78547727
0.12589720 0.48514799 0.74276362
0.66314174 0.73531811 0.11969717
0.16143751 0.79456110 0.20304649
0.72105988 0.44619259 0.09206377
0.74646708 0.06233066 0.98601038
0.12625538 0.91383732 0.14054495
1.07899844 0.08695512 0.43274412
0.22042784 0.96532998 0.12110530
0.88608531 0.79428846 0.89584727
0.72267393 0.98528597 0.12354737
0.20372750 0.67537049 0.35417076
0.31519704 0.31335821 0.99538376
0.92531790 0.33328348 0.25900102
0.56618786 0.93594733 0.23529879
0.72968979 0.08784000 0.85529446
0.90469549 0.92020441 0.55216773
0.93435437 0.85321100 0.74073050
0.38397658 0.74362085 0.53329962
0.63694867 0.32878724 0.43199749
0.38346668 0.65635709 0.32463465
0.36013524 0.79908495 0.25795122
0.02695768 0.36174388 0.33694329
0.40769494 0.33652269 0.39921173
0.00429511 0.63772496 0.90519411
0.66296227 0.20336254 0.71857123
0.87958011 0.28008187 0.23828222
0.88357833 0.77076832 0.34192755
0.41477859 0.34316240 -0.00590356
0.32566949 0.24931644 0.70514245
0.07565719 0.91478391 0.51711955
0.01481824 0.01501780 0.76754082
0.78042607 0.82483107 0.09343198
0.32309361 0.90427993 0.62965747
0.92421175 0.20357477 0.10992935
0.95406211 0.53827743 0.68020640
0.33068212 0.00431929 0.81268561
0.66294317 0.88038204 -0.00811113
0.61515177 0.89557827 0.83127320
0.68555221 0.50287420 0.47655212
0.74753480 0.86700492 0.47180191
0.84054055 0.10530093 0.03301635
0.15673431 0.79000897 0.58996362
0.50590951 0.59705004 0.37441197
0.50981014 0.23622952 0.31149348
0.68388661 0.31094957 0.37628690
0.92429070 0.08236420 0.32721758
0.83476285 0.75241854 0.06895756
0.35796710 0.12516720 0.95935631
0.25949049 0.67370401 0.64159285
0.63631903 0.33160129 0.64775925
0.79256496 0.28245767 0.15720540
0.09354064 0.70944847 0.23739784
0.07646511 0.97327519 0.57066606
0.47492890 0.82760981 0.23410164
0.66040262 -0.03414208 0.92818904
0.20984176 0.65318071 0.92536015
0.70919727 0.29198671 0.91541809
0.21730452 0.10935583 0.93065898
0.58255517 0.47669990 0.22143560
0.49587961 0.87448051 0.47085272
0.58362495 0.07166021 0.71557538
0.74572009 0.35169145 0.04150320
0.52022031 0.80243290 0.68940254
0.51983243 0.46311962 0.91247127
0.49745039 0.71726975 0.61309153
0.44327544 0.92125903 0.56207218
0.84574165 0.28093678 0.95450034
0.22169879 0.38371815 0.69676265
0.01651098 0.81616308 0.79039709
0.59284062 0.29062283 0.96027850
0.08318784 0.70262501 0.03371853
0.36860549 0.93728503 0.57860397
0.79780418 0.05006399 0.04423108
0.81091722 0.96216187 0.41317829
0.40433503 0.18729743 0.75555497
0.06928352 0.23123359 0.53027283
0.53253760 0.36969411 0.13009076
0.76743787 0.19147516 1.05715339
0.54179160 0.98981040 0.37380402
0.47806173 0.89706957 0.39036291
0.79515736 0.30605408 0.61834810
0.56345684 0.94198180 0.83607573
0.41783458 0.76707107 0.36657616
0.78118392 0.40338808 0.12755581
0.71506060 0.55086460 0.59813099
0.48392183 0.38606422 0.62361897
0.08219546 0.92103170 0.21921912
0.33934517 0.04208393 0.61575985
0.78870492 0.07773883 0.92169440
0.45621491 0.59892063 0.51011889
0.87879180 0.79419012 0.51490993
0.37374833 0.46883533 0.30983646
0.82314704 0.53185213 0.65831831
0.57820636 0.37733419 0.88914172
0.55707504 0.75267948 -0.01676407
0.94149350 0.15297768 0.83997874
0.33553915 0.58794293 0.02892997
0.19911734 0.82508653 0.29386363
0.08207120 0.18355517 0.11698744
0.74455350 0.94829305 0.70025862
0.84630862 0.13505141 0.82094088
0.36889835 0.18370279 0.04434246
0.58965582 0.75611785 0.50565260
0.11534445 0.09458436 0.51273257
0.24344048 0.27798758 0.69838789
0.61791672 0.56455757 0.35218491
0.83496834 0.26596045 0.02724080
0.11236321 0.87832492 0.79353755
0.18962007 1.02562897 0.28205258
0.42400252 0.81677867 0.69509548
0.98094021 0.74594978 0.74188927
0.87983601 0.59204979 0.91531797
0.57023365 0.15233996 0.08805377
0.30558198 -0.03100194 0.97184576
0.46727978 0.15708975 0.42114731
0.25272179 0.71212232 0.81378970
0.54962358 0.34761890 0.71300614
0.41925058 0.77874285 0.59205306
0.91325371 0.53382931 0.58641817
0.06549616 0.42676658 -0.00111981
0.93389934 0.69402321 0.71636207
0.87307009 0.06708900 0.83191259
0.96585061 0.18599668 0.99101494
0.79295818 0.18010603 0.64070856
0.78691593 0.08612273 0.11498954
0.28210708 0.16348971 0.94879997
0.33283700 0.46553570 0.14738857
0.64657537 0.53013631 0.55958768
0.97367604 0.98969651 0.13471610
0.68982456 0.09153124 0.17678215
0.62079250 0.29060428 0.17782675
0.41392697 0.37518653 0.33206689
0.58367812 0.37695772 0.58341904
0.72227961 0.59800122 0.19223778
0.26610696 0.51805136 0.51334081
0.08704513 0.79371744 0.77784547
0.67426294 0.18347896 0.54772965
0.97159506 0.82125071 0.57702737
0.57249783 0.40915640 0.66360923
0.24952693 0.55352970 0.85451679
0.15497587 0.84638427 0.62155813
0.97062375 0.41073507 0.66351361
0.18591958 0.57892081 0.13640068
0.91833003 0.77383261 0.80406928
0.54804000 0.93600866 -0.01254188
0.33400559 0.19750850 0.14237831
0.37568432 0.27650065 0.43021356
0.30427637 0.94806772 0.55031581
0.58146488 0.03345149 0.18496515
0.08638649 0.85790393 0.41581815
0.57587976 0.46721786 0.53629283
0.50966081 0.65447260 0.88118926
0.82890119 0.88479255 0.76140785
0.49951021 0.45022746 0.28824272
0.93813942 0.92405056 0.44619815
0.02144757 0.80260159 0.68501552
0.91600484 1.01957014 0.87993062
0.34282263 0.57398433 0.74004578
0.53813256 0.53341483 0.57407876
0.92534485 0.82921761 0.34774572
0.29483412 0.55289886 0.67439027
0.55687772 0.56620642 0.32019141
0.24953287 0.59730459 0.94660977
0.10456574 0.82217996 0.70616870
0.29543478 0.87074023 0.87118213
0.86663561 0.60071226 0.75762667
0.50394866 0.65870162 0.02721008
0.45800678 0.17390310 0.62924241
0.06941138 0.85723837 0.65627549
0.78638512 0.02753258 0.51371278
0.98659146 0.80719571 0.45018797
0.80330386 0.29220159 0.70877164
0.20012916 0.43257332 0.86903428
0.61985471 0.74492855 0.92131260
0.61292768 0.81592653 0.67757583
0.37456794 0.86362265 0.89643701
0.20467250 0.18082826 0.41430649
0.98236069 0.45869009 -0.03978000
0.28383211 0.27894292 0.78763214
0.34043303 0.64165701 0.51706224
0.86203566 0.38254243 0.50230350
0.30888683 0.38099915 0.20991222
0.33027305 0.18524621 0.76936968
0.43277930 0.41198837 0.44992595
0.58390535 0.99055620 0.43614560
0.48195832 0.35931769 0.47973029
0.06145698 0.62703932 0.56242990
0.43251122 0.86154719 0.61411438
0.43139002 0.64250784 0.03890178
0.22715730 0.31620276 0.95172180
0.26580132 0.41411857 0.03106485
0.86947559 0.10431658 0.23714298
0.30130491 0.84313166 0.01522710
0.48824828 0.69160714 0.27985318
0.76652449 0.09316320 0.55970399
0.13718500 0.48992862 0.14321279
0.41382399 0.90219408 0.68164035
0.66068143 0.72239362 0.77661145
0.51543158 0.59992728 0.67170337
0.42143994 0.75163145 0.73178721
0.86320000 0.35657042 0.09457004
0.08450444 0.63393759 0.46476633
0.94064769 0.42179447 0.30291942
0.45396759 0.61722761 0.63032914
0.77361711 0.75588104 0.19904711
0.06196662 0.52631110 0.98847541
0.96146532 0.65828102 0.48851424
0.31877551 0.75425255 0.65757312
0.32467262 0.33282247 0.58804868
0.78975019 0.03508589 0.23224142
0.86358253 0.63876774 0.21968248
0.40147746 -0.00903135 0.20032980
0.26737032 0.33874700 0.14715651
0.65850171 0.14568522 0.78121543
0.45874399 0.07301125 0.46835782
0.18030297 0.53743391 0.50581230
0.69666657 0.63891224 0.68101574
0.91686188 0.23511241 0.39517367
0.71053704 0.27273054 0.01488650
0.14480363 0.43183895 0.35728547
0.63294452 0.92240173 0.50438669
0.32394876 0.60987685 -0.05448352
0.90375219 0.53509564 0.83573137
0.14949317 0.12641925 0.15357640
0.93619674 0.50433091 0.24755312
0.08384923 0.87642345 0.92775834
0.08694347 0.14309878 0.34025338
0.42439387 0.06170322 0.67429418
0.16631014 0.14009604 0.84425774
0.54546302 0.03663016 0.80469265
0.93524919 0.32272072 0.46343706
0.07712882 0.40162431 0.36407694
0.46467100 0.96432819 0.43823586
0.62748918 0.55230518 0.68460873
0.33374383 0.62968536 0.80797941
0.89873283 0.86475834 0.17785762
0.77195562 0.26124700 -0.03265147
0.46047545 0.45182905 0.39234361
-0.01497697 0.71021031 -0.02271351
0.25829928 0.82114692 0.62033650
0.08062521 0.08073178 0.23018602
0.47781124 0.26715987 0.12397835
0.06820546 0.34631282 0.00063289
0.47734741 1.02830128 0.40583948
0.92898849 0.73800200 0.27054526
0.39277528 0.98468205 0.64079804
0.38008488 0.47203025 0.74106369
1.02408058 0.58755900 0.38781980
0.92183838 0.44891266 0.06514246
0.08276880 0.72067048 0.61838668
0.89367808 0.33217983 0.34728629
0.20945302 0.72274758 0.67606081
0.80725853 0.11660134 0.64503902
0.35571062 0.81475114 0.69693121
0.64778237 0.01316305 0.86156996
0.51344209 0.47276369 0.19352301
0.59033291 0.57810170 -0.05670716
0.59654083 0.11848335 0.01462630
0.11085425 0.26630699 0.04171135
0.62887746 0.13228749 0.59990456
0.27434492 0.59383992 0.49717189
0.48458002 0.38021919 0.21825704
0.50710205 0.58697012 0.01749101
0.21248601 0.15494593 0.70222482
0.43017580 0.24359259 0.46934017
0.75307725 0.19870915 0.72252231
0.22100156 0.64372933 0.76264041
0.37922630 0.55105754 0.09756835
1.01418011 0.17672151 0.93449895
0.70270653 0.77648289 0.52460549
1.00505954 0.35012632 0.68549443
0.40446158 0.04673016 0.14227139
0.59510543 0.37943381 0.03391997
0.47674159 0.37940983 0.39105650
0.29673553 0.69580765 0.56610183
0.59418645 0.04726399 0.91181456
0.47408980 0.29690622 0.42128316
0.88838404 0.15028005 0.58981123
0.60016970 0.36524174 0.79432513
0.34955291 0.51294962 0.49111190
0.07718244 0.04193783 0.58304297
0.97649078 0.80093338 0.91538828
0.17750534 0.77493515 0.70513473
0.76286649 0.01475862 0.42249607
0.57526813 0.45020922 0.05060197
0.64758614 0.43652263 0.05427157
0.37021094 0.36805109 0.26805232
0.80489594 0.96096003 0.52224942
0.32348703 0.76237160 0.34459986
0.41474114 0.21946288 0.10848300
0.68699408 0.48281822 0.60140067
0.12977190 0.70803653 0.72055353
0.78057456 0.59914921 0.82754622
0.62487775 0.51515085 0.29729144
0.55810218 0.82743738 -0.00560929
0.62671587 0.60172575 0.63602657
0.17652979 0.64756768 0.18282011
0.08799846 0.38803553 0.45680786
0.88753746 0.04400921 0.64395733
0.08125432 1.00172872 0.23321792
0.06914278 1.00376835 0.03351562
0.32299240 0.21393576 0.34554761
0.59691043 0.31556234 0.85962005
0.87460183 0.33948533 0.78575979
0.72382169 0.36989819 0.51536452
0.58359690 0.73546514 0.64741188
0.69680821 0.13274133 0.27316788
0.22725165 0.61331933 0.22444103
0.80926468 0.47570576 0.61414240
0.32718844 0.01313744 0.03521702
0.82128009 0.35470932 0.87272006
0.49722627 0.82323696 0.90036475
0.89997031 0.91263305 0.89426806
0.37722877 0.39961433 -0.00012455
0.79889954 0.17296998 0.78752722
0.48231448 0.91808526 0.73353889
0.75805493 0.93717713 0.60444302
0.20931808 0.31969584 0.19832853
0.57868106 0.59120031 0.57617992
0.71972137 0.71947171 0.24214727
0.51532179 0.19097420 0.01715682
0.19837306 0.43746953 0.40743677
0.17198344 0.19327425 0.78131595
0.15463910 0.14447907 0.96181777
0.19475580 0.11705770 0.55655629
0.75275933 0.50330342 0.50431650
0.70498197 0.94691685 0.53271364
0.30222272 0.07601471 0.27489014
0.13537948 0.33210048 0.07397967
0.73783159 0.85188821 0.74920836
0.07402895 0.37719124 0.71461957
0.98409146 0.90936034 0.31571523
0.20188265 0.24140777 0.89427389
0.25631963 0.77873304 0.29516833
0.34374735 0.83210309 0.32907542
0.51072200 0.94015967 0.06694338
0.54267030 0.40828872 0.43165020
0.32307940 0.29256217 0.20924006
0.97350646 0.23722939 0.07348609
0.61844040 0.58763538 0.76706044
0.80807312 0.86119886 0.52043280
0.51537292 0.84346657 0.62541151
0.24572985 0.24133212 0.19276143
0.62974638 0.38092955 -0.04151559
0.65030885 0.26366333 0.06181311
0.75738960 0.52144918 0.39183502
0.20910933 0.15048561 0.13554671
0.36324769 0.15500593 0.57341021
0.54601467 0.24412125 0.70199125
0.12741124 0.19743419 0.17013577
0.30291848 0.62729517 0.69373971
0.56921624 0.67705488 0.43903510
0.29783208 0.07598330 0.51706379
0.59259162 0.55383117 0.20483970
0.02129724 0.32519859 0.93308633
0.68011542 0.77653138 0.43543594
0.61558294 0.44292763 0.29072204
0.31008598 0.41164772 0.37800879
0.15573809 0.13972829 0.05927788
0.22084770 0.38933952 0.48472645
0.71280645 0.66143625 0.58638249
0.73590110 0.94985206 0.45912080
0.32855357 0.40200766 0.10772476
0.50779399 0.48387445 0.04366501
0.77924331 0.46139814 0.44510100
0.35882959 0.11704739 0.77296157
0.29833171 0.05484359 0.12517443
0.87004223 0.84392994 0.71319955
0.74958963 0.66623370 0.06613900
0.33225927 0.89697316 0.32652176
0.42868885 0.97108797 0.27844258
0.28148960 0.39611408 0.86602608
0.14560269 0.58290150 0.37358408
0.91416192 0.97588318 0.34709552
1.03224711 0.68793651 0.75044967
0.75073605 0.24476418 0.44497023
0.93755147 0.51188416 -0.01158839
0.73676913 -0.02177171 0.82203051
0.75617170 0.29607283 0.09122230
0.26541959 0.75716147 0.94572049
0.87592024 0.55327161 0.52194116
0.45032173 0.61726724 0.11720906
0.37659802 0.14649686 0.84374703
0.58314965 0.11371510 0.26584291
0.94506723 0.38003615 0.05681460
0.48217692 0.20330739 0.19434026
0.21400909 0.36380096 1.05966627
0.97627391 0.52073847 0.16118470
0.50046163 0.02522610 0.58100846
0.96626521 0.94367721 0.82068381
0.28458634 0.44554502 0.78620816
0.66854708 0.19915350 0.37174287
0.21078055 0.67177879 0.11379779
0.93695580 0.59444776 0.74026561
0.89793232 0.65656782 0.60111127
0.79223269 0.56740556 0.04787834
0.23906132 0.21218406 0.51286183
0.94412910 1.01684257 -0.02650897
0.76603358 0.93909512 0.08708872
0.57775869 0.99347155 0.70971049
0.06892724 0.11331171 0.12520109
0.81443353 0.33258168 0.03302154
0.91103709 0.59106082 0.62843454
0.71422704 0.16062429 0.87192106
0.91432122 0.32686959 0.89091126
0.16609033 0.88829894 0.07888900
0.00170126 0.67740842 0.35058772
0.07823663 0.84754276 0.12809456
0.65229210 0.15731022 0.91687406
0.14234622 0.36234525 0.31600696
0.27556400 0.65039896 0.16180887
0.28180408 0.03926709 0.34569652
0.70656853 0.44826198 0.30782324
0.31077021 0.27614440 0.46108976
0.21809563 0.81449641 0.45477728
0.11007563 0.19457638 0.72453584
0.94660725 0.37918992 0.57944683
0.55805809 0.77883665 0.09448638
0.12679120 0.94514100 1.01492382
0.39605730 0.24219482 0.55866681
0.93933598 -0.00360390 0.44342345
0.17298865 0.81790076 -0.09328437
0.21595580 0.93692683 0.84118937
0.23061326 0.76961544 0.57826682
0.09925361 0.64198846 0.18689131
0.47299950 0.79971037 0.54162410
0.87314480 0.40547468 0.77304124
0.35772293 0.92085534 0.13965076
0.43073225 0.80958595 0.44221216
0.38909710 0.52912978 0.90399327
0.05983626 0.69359970 0.94194508
0.25352912 0.36521761 0.36428052
0.54372245 0.29168361 0.15356597
0.37376101 0.45396479 0.47396057
0.54813664 0.50738586 0.81645518
1.06966220 0.29698466 0.43965416
0.29182653 0.31319078 0.66445622
0.16463151 0.56785279 0.23176038
0.17869370 0.72281854 0.93372065
0.68674536 0.94214544 0.26600224
0.52517629 0.11076919 0.16782928
0.72649359 0.64799436 0.93293276
0.02447803 0.69457365 0.48163924
0.80158445 0.49001104 0.88654236
0.49961811 0.77134068 0.18322244
0.73713073 -0.02025663 0.02727335
0.78295659 0.64854902 0.56975875
0.14116270 0.65543122 0.87108126
0.86530535 0.76297181 0.22262728
0.85345486 0.07627480 0.74682060
0.22621315 0.26101673 0.26866540
0.30542857 0.38985283 0.29835084
0.77972426 0.74558289 0.54081734
0.21322086 0.03178914 0.09137110
0.93385740 0.72144254 0.85479530
0.06544090 0.91380143 0.60319160
0.43153857 0.17967348 0.85991206
0.39925856 0.38988757 0.56697492
0.15929779 0.08202452 0.62672483
-0.00646465 0.97508887 0.57571304
0.95266866 0.95514582 0.63712464
0.57594542 0.29831479 0.05473285
0.72153356 0.74991287 0.82855011
0.46551527 0.26991156 0.59683356
0.69754527 0.52239072 0.32525287
0.60325858 0.66464489 0.18603266
0.84944342 0.39535538 0.02747162
0.42383027 0.07204981 0.38866297
0.35576198 0.11783131 0.03825323
1.02069372 0.05112771 0.07910354
0.70047759 0.71087809 0.66528158
0.52366802 0.25598685 0.94921639
0.95497829 0.98059005 0.73241838
0.87257575 0.62439965 0.84972762
0.12155447 0.55997341 0.47257519
0.32572995 0.95428310 0.68451431
0.26472136 0.89194268 0.59013922
0.84540595 0.90474645 0.12083635
0.78689158 0.36067504 0.55498964
0.57298351 0.54425323 0.02458147
0.46715109 0.04004391 0.31826819
0.05451483 0.23443322 0.22350924
0.35226831 0.32678884 0.34324496
0.23542098 0.10419408 0.74962220
0.21303956 0.88994269 0.42817896
0.48542382 0.61038903 0.21483745
0.83627718 0.22593797 0.20297460
0.95337148 0.22144039 0.26596451
0.27976255 0.23829667 0.88585801
0.75385814 0.08559911 0.23824377
0.34209247 0.12289648 0.22243985
0.46932572 0.62395501 0.29460144
0.56140956 0.20052412 0.41470805
0.92787923 0.65881104 0.37342663
0.94832604 0.30672550 0.08971104
0.82602708 0.87949942 0.43294839
0.90636411 0.45916657 0.61470349
0.42996198 0.56504389 0.28219797
0.41077152 0.52216185 0.66997830
0.15386652 0.73292697 0.00811917
0.72445257 0.70520466 0.50104274
0.40143463 0.99217150 0.47660576
0.02857915 0.86320040 0.23435545
0.53163721 0.11428133 0.45183513
0.29995104 0.78523217 0.73957223
0.27598422 0.03542659 0.58007653
0.47123436 0.00343854 0.71222349
0.81905456 0.30055868 0.28089319
0.01669639 0.69255583 0.56293983
0.18455519 0.54693032 0.65243835
0.92996445 0.03550910 0.16899953
0.99825622 0.53635981 0.02792448
0.52196453 0.37905834 0.77597628
0.10997696 0.64931299 0.94514266
0.01525043 0.37155375 0.23760258
0.35744828 0.06421375 0.48576525
0.35530569 0.81930984 0.97667811
0.44834602 0.29215324 0.76478976
0.39166306 0.26596714 0.64851435
0.88930527 0.34026673 0.96850916
0.62740999 0.25542990 0.75725356
0.50837864 0.87636659 0.83928619
0.29630743 0.11991885 0.15851316
0.85796075 0.89589446 0.23374686
0.27547953 0.92272143 0.92045635
0.48868152 0.29025863 0.04463595
0.88562313 0.93338710 1.04372451
0.86059382 0.65374173 0.33013940
0.11729645 0.39566276 0.57086378
0.54782219 0.90203731 0.36114709
0.01626469 0.28222444 0.55703197
0.49261222 0.71962801 0.94900034
1.00594747 0.50313857 0.86040913
0.06994985 0.30591478 0.32893462
0.30783307 0.18385251 0.47019336
0.53950887 0.00096581 0.89094023
0.01534060 0.26044256 0.29381630
0.18073201 0.32037100 0.65753502
0.81926815 0.21354094 0.41056543
0.44175634 0.13323327 0.96484691
0.72168115 0.35376819 0.74454613
0.80413433 0.48172763 0.76513903
0.42175126 0.32811651 0.51277822
0.82865238 0.60083146 0.10033870
0.05142467 0.92301989 0.10366405
0.09020495 0.57696250 0.15941834
0.87154781 0.28979707 0.08584275
0.38922283 0.03044803 0.84231690
0.11379891 0.02230511 0.13095501
0.10732359 0.19751819 1.03111248
0.78528642 0.48827953 -0.02661742
0.78427789 0.86458952 0.60018864
0.89573614 0.62691931 0.13664088
0.64274137 0.84509913 0.24886169
0.04920699 0.75649446 0.41436044
0.33472691 0.77449248 0.12016513
0.39025679 0.22279225 0.38078927
0.11727540 0.39882344 0.84412911
0.34978465 0.29209461 0.53466497
0.33600381 0.11743773 0.42842059
0.07633176 0.69153400 0.81563202
0.27193721 0.92238043 0.43060290
0.79219717 0.67298253 0.13244239
0.91576456 0.93021811 0.23522026
0.26972048 0.05336616 1.05080862
0.07170983 0.52447911 0.52729620
0.79507985 0.99545692 0.88820232
0.66060628 0.81692715 -0.02458873
0.62447792 0.47951378 0.98029819
0.90448110 0.20053919 0.02374507
0.73054623 0.90975023 0.97836738
0.89138501 0.71735199 0.39523526
0.01302099 0.05421078 0.64108740
0.83547648 0.56952601 0.98195849
0.01858709 0.61462812 0.12561650
0.72470160 0.73213503 0.74305627
0.27177873 0.68931020 0.89108994
0.21632605 0.55281703 0.04480140
0.10743050 0.73643077 0.31130800
0.20454727 0.60689212 0.82638242
0.95453100 0.52019629 0.43760097
0.71013852 0.38644241 0.97752890
0.35727082 0.69798668 0.60636494
0.46232803 0.12309198 0.10369364
0.64799202 0.18935306 0.08040455
0.41809909 0.76823448 0.88176726
0.23931899 0.95806456 0.19201329
0.71865237 0.18535153 0.46182659
0.81346799 0.39504396 0.20832300
0.86399854 0.82216008 0.07007877
0.80844545 0.39731631 0.30560589
0.39851818 0.05296534 0.59026798
0.54693465 0.69703907 0.21368846
0.60691019 0.25379935 0.86613212
0.45069901 -0.07090327 0.02143760
0.03920980 0.25382902 0.05284365
0.50051372 0.83436055 0.34956189
0.89528209 0.85210891 0.57740529
0.85550361 0.97580953 0.15753939
0.14472301 0.28618917 0.91208125
0.02966147 0.41623408 0.88978331
0.09969466 0.82457580 0.21597968
0.48218286 0.75061311 0.43111057
0.81029246 0.76617026 0.33686586
0.97894102 0.22454425 0.15780137
0.94579233 0.47123718 0.77467695
0.40527695 0.23053053 0.92257398
0.33917187 0.20607581 0.87756071
0.38850452 0.70625286 0.00784854
0.49160221 0.67707335 0.13937726
0.96204409 0.38192949 0.97657734
0.43985819 0.29355771 0.34337661
0.76982942 0.67927319 0.68701474
0.39816145 -0.01781642 0.10956486
0.95110311 0.51068760 0.07005005
0.90835643 0.76239789 0.09144746
0.69376399 0.80138333 0.05254560
0.26732117 0.07758831 0.96929604
0.13934290 0.68618279 0.12277425
0.68399770 0.89656618 0.87046862
0.90282459 0.73534628 0.01662176
0.66571029 0.72657475 -0.01495930
0.23645886 0.68490901 -0.00315868
0.26363605 0.29692784 0.52315183
0.25942238 0.47130339 0.14494301
1.00876866 0.07849776 0.29358183
0.50473474 0.97159575 0.78550068
0.56952465 0.69382024 0.92481453
0.17660733 0.14422359 0.27183698
0.42641997 0.87406156 0.50578339
0.68820781 0.48012583 0.38736033
0.82074890 0.69239332 0.62362867
0.69129758 0.07677720 0.78194127
0.15728388 0.85982176 0.48862633
0.45640679 0.52541862 0.90218403
0.51436724 0.37118583 0.92892769
0.85894545 0.67697535 0.10602422
0.19403834 0.74954173 0.39129926
0.75073161 0.57293075 0.74415829
0.47077518 0.34614150 0.29017835
0.86960470 0.02826490 0.31309821
0.95826141 0.61519125 0.26668697
0.04255890 0.76975395 0.84423547
0.99801162 0.57530676 0.62281516
0.74144711 0.14452424 0.00283787
0.80350586 0.15018513 0.25172485
0.61746742 0.85478546 0.76721955
0.80578178 0.60779199 0.20990257
0.95166159 0.95795114 0.91867166
0.16097092 -0.00167356 0.21564652
0.65528699 0.82051990 0.48481780
0.29098705 0.86109630 0.38343244
0.90818686 0.17165632 0.22662198
0.18088279 0.69132926 0.80381034
0.56984323 0.67098839 0.04852549
0.55428793 0.18628702 0.27975849
0.88446661 0.37137846 0.17786358
0.66679525 0.54398115 0.20557488
0.46377943 0.95273289 0.17631303
0.79961358 0.14680170 0.51860469
0.28458791 0.44389597 0.44046279
0.85404336 1.00808307 0.23811114
0.44261697 0.86313600 0.87170587
0.57541311 0.25193798 0.52500441
0.63355819 0.09061833 0.94357820
0.69956759 0.34589755 0.11504605
0.21335933 0.10126167 0.06970784
0.51726025 0.30861141 0.24581287
0.88317276 0.27701633 0.15980207
0.82299462 0.28160718 0.53847676
0.76310091 0.03419214 0.77058929
0.91022698 0.22953588 0.51305546
0.64365449 0.89471269 0.30518144
0.14002935 0.54591582 0.76432319
0.56219776 0.80004647 0.17963991
0.88759313 0.85976891 0.48867241
0.33380162 0.62949572 0.26847287
0.26037735 0.57870749 0.11538126
0.99456071 0.35208604 0.47824389
0.51379778 -0.00472988 0.19530784
0.74325056 0.64017877 0.38937852
0.38547064 0.33651720 0.74298581
0.23123754 0.62748742 0.43333143
0.64374047 0.49943942 0.90645850
0.24747496 0.28638893 0.39543306
0.63811725 0.72306680 0.59122877
0.54969972 0.77466185 0.34993121
0.60339859 0.51061695 0.46572183
0.54067503 0.17535180 0.51695762
0.86148503 0.94820528 0.96397594
0.85937812 0.57134120 0.42403932
0.69733555 0.82388350 0.81145126
0.07295076 0.27044974 0.95938615
0.69816360 0.52306527 0.14198770
0.07847617 0.60590061 0.00782370
0.04733299 0.56337061 0.26063399
0.61482757 0.04879340 0.59908770
0.82606747 0.10962901 0.38596131
0.00075360 0.70192482 0.83439235
0.07256987 0.63191073 0.28164953
0.86456793 0.86150096 0.95438752
0.89724783 0.06022831 0.10586296
0.22124933 0.46618758 0.47939986
0.22813983 0.56456469 0.57941694
0.71024528 0.96661584 0.36973450
0.41091255 0.67549060 0.88659764
0.12915655 0.59144446 0.82536641
0.30025423 0.21905191 1.02753198
0.16594809 0.76377068 0.29341473
0.68681919 0.90173524 0.43663036
0.74477061 0.65786878 0.24403503
0.88152756 0.08627971 0.49089006
0.41804838 0.71252146 0.64889284
0.04813696 0.37916993 0.62155535
0.44939419 0.67321157 0.58451811
0.03597200 0.88273134 0.77822093
0.98777956 0.17249173 0.35498502
0.17477116 0.35986590 0.55559165
0.76332539 0.08299824 0.46672539
0.74090565 0.50941399 0.77836916
0.30061423 0.52078343 0.40762565
0.61234099 0.64891477 0.68861902
0.24110525 0.82597005 0.86181290
0.50133964 0.52476358 0.45995403
0.69605687 0.16396037 0.18656305
0.70928907 0.38617369 0.34180456
0.17994963 0.90288097 0.97634182
0.37988706 0.41263204 0.19374518
0.64901212 0.85484136 0.61717330
0.93177648 0.84271495 0.83501189
0.57573506 0.60448702 0.25680671
0.83202955 0.32908226 0.20127716
0.54790518 0.27526535 0.59286286
0.93678905 0.09079854 0.81090401
0.22690032 0.78670992 0.78576982
0.46276669 0.36683674 0.13945007
0.94564656 0.67273469 0.92626320
0.38089216 0.38029211 0.68587910
0.77516223 0.41722801 0.59826911
0.84502749 0.19107531 0.13182759
0.48112039 0.57027814 0.84652991
0.60372373 0.50022379 0.62567097
0.03886925 0.45360960 0.80667997
0.87210231 0.49786913 0.10781184
0.50302605 0.07179061 0.65005840
0.15683099 0.39005127 0.90524594
0.98621215 0.06899412 0.47582604
0.60604158 0.20573456 0.80622315
0.83781803 0.08773280 0.56997850
0.59110238 0.51949209 0.10148934
0.56958309 0.09598579 0.34376424
0.61710958 0.57804019 0.13774393
0.55739885 0.54467832 0.74791960
0.70357227 0.57366272 0.67553808
0.95136014 0.20648958 0.78627455
0.73402236 0.73786067 -0.00273191
0.77838697 0.52842411 0.56600006
0.52403771 0.50444681 0.36300216
0.93626280 0.71263970 0.58105285
0.39445196 0.49873031 1.02585218
0.70868719 0.23190544 0.08211253
0.25545924 0.00307465 0.76459162
0.81025864 0.42952540 0.71845043
1.00455017 1.00076890 0.27314483
0.95918273 0.58143755 0.10138765
0.66784256 0.90943637 0.77500531
0.54414997 0.62771407 0.96849591
0.01866482 0.21544796 0.39348229
0.76422851 0.09835270 0.72496157
0.36812337 0.43860579 0.38227438
0.01788300 0.96758332 0.87494258
0.59586971 0.18471826 0.70411034
0.21898680 0.24784229 0.76471236
0.94992341 0.56920373 0.95572138
0.19919243 0.90850165 0.63343990
0.29558605 0.48595877 0.85081100
0.33528217 0.87354163 0.19978209
0.18465047 0.94228871 0.27147600
0.08585557 0.55169913 0.38231656
0.04950035 0.83202988 0.47647233
0.63037959 0.17317677 0.17344311
0.02723503 0.11403263 0.04583797
0.03386222 0.86712714 0.85793881
0.34769239 0.24341006 0.26052413
0.19712099 0.00126049 0.73110364
0.39696196 0.79290114 0.07266149
0.13813112 0.42052621 0.09158154
0.79910738 0.76362983 0.76717449
0.02854113 0.68801873 0.16805139
0.87660341 0.12221337 0.11383749
0.58736386 1.07789303 0.41819040
0.53420109 0.97975322 0.65840156
0.23391191 0.69690675 0.44855861
0.37423525 0.52963230 0.79767372
0.18613195 0.87411170 0.84337690
0.26089741 0.88353960 0.27694230
0.55551947 0.91609225 0.75252141
0.49775824 0.01419720 0.49013788
0.49813337 0.95162965 0.31758409
0.60695711 0.99015892 0.79676883
0.85500160 0.20465131 0.93302661
0.19676837 0.37735193 0.24636318
0.27341149 0.36726316 0.62789069
0.51138059 0.45145196 0.73626678
0.67929468 0.41786059 0.58269594
0.60159313 0.30076937 0.71278226
0.26215181 0.02510633 0.24892135
0.95572790 0.30274353 0.57417910
0.56995549 0.75150499 0.26569332
0.13314701 0.60682739 0.57791660
0.27708277 0.79180647 0.50411611
0.40191893 0.89376088 0.30776073
0.01211671 0.08353503 0.75848504
0.97532747 0.64178804 0.71166983
0.09610716 0.69296148 0.50446359
0.81021009 0.93145115 0.18949196
0.31181916 0.71396372 0.13671771
0.14823752 0.47007572 0.28455057
0.82936198 0.59787940 0.61133506
0.34584784 0.61186802 0.19048151
0.74126022 0.19693607 0.14588167
0.07590312 0.07073692 0.79895492
0.49915431 0.41255546 -0.00144948
0.19052884 0.65969225 0.52301040
0.92962831 0.84311874 0.00321427
0.78908913 0.28463481 0.79936586
0.80881512 0.79506336 0.88263075
0.13222315 0.52061269 0.84149983
0.24002379 0.25481522 0.97801096
0.58131978 0.32627480 0.52387687
0.64089238 0.08489344 0.48372219
0.23319667 0.39874736 0.13485809
0.70623642 0.01665092 0.53431402
0.21087987 0.04446525 0.86096013
0.45226976 0.72052771 0.22020344
0.96914276 0.21198603 0.47825123
0.03879355 0.05477030 0.36493474
0.24413875 0.08032956 0.41325215
0.66242030 0.20932895 0.85744108
0.14183272 0.96140834 0.40140058
0.94205665 0.71716567 0.17365208
0.73179138 1.04444351 0.36514927
0.60577311 0.97145425 0.04573408
0.92486091 0.72022394 0.47941566
0.08697935 0.64024462 0.65729305
0.52745157 0.73779891 0.53032528
0.36064042 0.10456222 0.12364179
0.80148057 0.62500547 0.93304762
0.84802519 0.46552885 0.03016263
0.12005407 0.44552314 0.47876148
0.57545317 0.26214597 0.38792255
1.01802924 0.89510843 0.38800899
0.81959542 0.70121365 0.82788848
0.42830056 0.27920754 0.17397862
0.63368563 0.33204260 0.09019972
0.74400900 0.43705366 0.88581620
0.76599404 0.61324296 0.30761031
0.71258253 0.54760300 0.99829022
0.62666660 0.19712618 0.98982983
0.58055901 0.35604047 0.37836305
0.70850390 0.48798865 0.85807292
0.51309081 0.59118544 0.91464784
0.16472172 0.30070044 0.14298842
0.08535458 0.09406406 0.92036598
0.16399239 0.23115871 0.98117131
0.06315657 0.47323741 0.59000446
0.46594845 0.46524857 0.82422538
1.03593101 0.92465776 0.68123038
0.02399526 0.54915619 0.73369299
0.71675982 0.25424820 0.35478034
0.69939921 0.47278913 -0.03425616
0.95899776 0.78084721 0.51557801
0.65214115 0.99904828 0.41518654
0.53722140 0.77105336 0.59534791
0.82815946 0.81168416 0.39905314
0.21798025 0.39448804 0.78492128
0.81821225 0.75785441 -0.01064453
0.49013522 0.17010993 0.92437203
0.76732693 0.38516164 0.81322803
0.20099750 0.50001117 0.85095039
0.45692254 0.54114074 0.61053070
0.21961496 0.76745582 0.12337884
0.72323976 0.60263630 0.09928256
0.27653066 -0.02097414 0.87010858
0.72941108 0.30813835 0.22723208
0.90930213 0.61666135 0.51190226
0.33458531 0.30552033 0.84530563
0.09048597 0.39663555 0.26138117
0.64820581 0.42259879 0.38647095
0.06435316 0.97488751 0.41848366
0.26956264 0.36616336 0.53688841
0.57886901 0.82113998 0.58850063
0.37719403 0.73121656 0.30536364
0.68577102 -0.00640293 0.21145816
0.58776101 0.23378748 0.11111730
0.78151661 0.80809762 0.48893212
1.04071516 0.58823946 0.80179319
0.45403507 0.52875221 0.08247864
0.01927405 0.17663132 0.26283173
0.13198888 0.82534625 0.83523912
0.58815504 0.80471521 0.91479731
0.71551934 0.34646572 0.61355027
0.63062034 0.64142503 0.38927596
0.25106432 0.82270262 0.70330532
0.13141227 0.45630441 0.62517489
0.49942450 0.69246460 0.73610155
0.33816084 0.42394482 0.62701154
-0.02617198 0.42656345 0.20991963
0.80555093 0.80389750 0.25109614
0.19626321 0.83513356 0.04370648
0.59903169 0.90544555 0.60502436
1.01002756 0.29798620 0.86146052
0.14188104 0.57736867 -0.07517277
0.18995739 0.71255908 0.57614388
0.88822653 0.72039074 0.92449143
0.35920666 0.06062075 0.70640919
0.08716085 0.14600439 0.86993220
0.33691350 0.58967970 0.57119270
0.68226823 0.69573136 0.43035916
0.35148889 0.94544114 0.21763826
0.35143089 0.55846020 0.28941670
1.01378229 0.90218557 0.92479500
0.63391346 0.06673181 1.03340070
0.65312078 0.06238459 0.69116984
0.32897776 0.68751117 0.39293674
0.06882360 0.34945934 0.87452300
0.96401510 0.11760583 0.24543858
0.11621187 0.95569887 0.68458833
0.97425368 0.77938306 0.22795159
0.60361093 0.12652449 0.83033900
0.54646323 0.47480100 0.43268383
0.68056979 0.21804399 0.27550359
0.46995515 0.14079986 0.50520124
0.74095136 0.32109877 0.84831709
0.13450572 0.79594763 0.50288924
0.55571853 0.57887036 0.44704933
0.77678273 0.47522241 0.13529907
1.05889563 0.07746464 0.98158599
0.64443919 0.11929642 0.22779617
0.51704707 0.22384672 0.08157342
0.73717165 0.44184313 0.77891849
0.56583781 0.70139829 0.78742483
0.34357119 0.41778631 0.92870365
0.88921629 0.43633833 0.86930971
0.42406113 0.91106023 0.09718398
0.13383738 0.11163138 0.38665409
0.06817337 0.34623098 0.13471528
0.74806123 0.72511865 0.92031514
0.29071585 0.02767594 0.68077592
0.55323082 0.36914173 0.21965993
0.59417631 0.44497051 0.79167437
0.43433497 0.84244121 0.36023546
0.00223971 0.88215253 0.04313877
0.83375172 0.31752299 0.45828744
0.62546005 0.02756039 0.24899036
0.44832505 0.30531457 0.89358192
0.07285269 0.19137865 0.96137576
0.87540260 0.28621010 0.60770164
0.17317855 0.95941665 0.92352531
0.74634382 0.65769129 0.84281193
0.53610009 1.00116854 0.07982086
0.12306702 0.73644582 0.41996470
0.31977053 0.79294699 0.59225860
1.00549913 0.88451383 0.14678992
0.26695549 0.50771645 0.59731783
0.72087052 0.27641669 0.57533566
0.52142846 0.30761661 0.86009344
1.00075202 0.25097679 0.95026924
0.46775927 0.78331583 0.79013043
0.67527702 0.50953358 0.73642839
0.47802540 0.92882373 0.63602922
0.19516529 0.50893085 0.33137267
0.43780847 0.61162363 0.92802151
0.51385186 0.21705944 0.76456923
0.13796546 0.66187411 0.31446182
0.36791600 0.36040292 0.88046466
0.71821433 0.22612556 0.79883228
0.86812435 0.47266245 0.22545750
0.07021871 0.49202180 0.10031840
0.24892413 0.44420650 0.30205589
0.67565637 0.11323976 0.35721928
0.60925132 0.17254437 0.46246493
0.42474732 0.42441034 0.28233788
0.60764712 0.26998337 0.32081453
0.33981054 0.53187970 0.62050974
0.41409988 0.50527268 0.15000638
0.35827402 0.48628720 0.21927621
1.01662103 0.15783621 0.51627668
0.09613651 0.84928107 0.55411948
0.82011023 -0.00953201 0.73645647
0.55737144 1.02141695 0.31065047
0.97248154 0.23193424 0.57613216
0.46632727 0.04583866 0.20683780
0.63979769 0.99516491 0.50477358
0.28885549 0.52181237 0.25482905
0.42346955 0.07350887 0.91312528
0.45534345 0.00650505 0.92766721
0.94314799 0.07581037 0.54321945
0.16180144 0.16704265 0.64902331
0.22618611 0.29346092 0.61076755
0.06638312 0.44567150 0.67563221
0.34048607 0.68805007 0.69250395
0.56585775 0.16980961 0.59881985
0.17186109 0.61532259 0.46733285
0.86643016 0.69769978 0.26427328
0.12064532 0.23113696 0.81481993
0.54970491 0.12022627 0.66473093
0.62033398 0.93058274 0.17282174
0.10088542 0.93864140 0.85038579
0.35651463 0.90393926 0.40047012
0.43365307 0.44420191 -0.08317926
0.89043484 0.54690521 0.16292597
0.68397457 0.25414913 0.48570084
0.70204541 -0.01430515 0.75054512
0.45005859 0.44382213 0.63117989
0.38809980 0.07193915 0.24856299
0.34930784 0.49468525 0.95772789
0.90765573 0.18484456 0.73343112
0.95835860 0.11792531 0.04267270
0.79499082 0.62721636 0.74655578
0.28378093 0.14016698 0.53114185
0.17415024 0.29020397 0.02039073
0.87428904 0.41948159 0.28460500
0.14360463 0.19141751 0.90405063
0.84067480 0.54365977 0.79166876
0.38604966 0.15795070 0.49851186
0.21593216 0.46562990 0.67577354
0.64219171 0.72453428 0.36364712
0.70716182 0.20340194 0.98318024
0.98762923 0.79020394 0.32794322
0.70136143 0.10140941 0.93420200
0.87505724 0.91765481 0.37709602
0.30355128 0.82958130 0.12591889
0.93528430 0.31203659 0.71042088
0.62043668 0.74678478 0.18153640
0.69737524 0.28179750 0.16465940
0.39599251 0.72499584 0.80634092
0.11664751 0.75258858 0.11549379
0.86656291 0.76126959 0.60058218
0.78165635 0.80864949 0.66555299
0.75043517 0.06238428 0.63968739
0.10591046 0.65042854 0.75249635
0.39957941 0.59187521 0.68484560
0.96586031 0.27005849 0.77448500
0.23879403 0.60243899 0.65252137
0.59916744 0.88844242 0.69524419
0.14279479 0.03876173 0.37099734
0.16237967 0.47093386 0.54623760
0.87616046 1.03518382 0.95029177
0.25112773 0.79679179 0.20115681
0.90786701 0.57220228 0.25068116
0.77485986 0.49146611 0.05348029
0.45009872 0.42597594 0.74332196
0.87376592 -0.01710239 0.60122993
0.73817421 0.15162827 0.59096154
0.96964551 1.02224195 0.37132316
0.30098662 0.68878814 0.00066151
0.18331519 0.86159844 0.70476144
0.63916622 0.44584070 0.49699622
0.72580491 0.06023207 0.11122738
0.60348884 0.47950049 0.36661044
0.62954515 0.48182282 0.16036265
0.41534321 0.27206367 0.82339155
0.22524073 0.91138245 0.50372909
0.43629881 0.50838393 0.46255496
0.28334509 0.37089640 0.98069250
0.21484334 0.51193152 0.24461739
0.53747267 0.24165646 0.22421356
0.76165161 0.35587370 0.27218812
0.44311244 0.37531218 0.93442471
0.78109316 0.47646000 0.22191067
0.37219271 -0.02163864 0.38953642
0.04113092 0.70761719 0.29555937
0.04969380 0.11247272 0.58080956
0.69390848 0.45655988 0.17688462
0.41731324 0.27907827 0.04204413
0.19509544 0.11452741 0.46403183
0.20870644 0.56971475 0.72649036
0.13899269 0.66080838 1.04301968
0.39662944 0.09790353 0.32186882
0.07084711 0.55976123 0.65244158
0.64452198 0.35389725 0.51497189
0.12020700 0.76834951 0.65210370
0.28770911 0.56016093 0.19078201
1.00708188 0.97900901 0.99642420
0.65847943 0.60633032 0.91097467
1.03897607 0.96337427 0.16543362
0.08291110 0.75433335 -0.02718150
0.42401682 0.12182483 0.03778045
0.37388159 0.16141176 0.33374530
0.69303283 0.86467653 0.53398761
0.70174420 0.81114671 0.90122936
0.44296704 -0.06114438 0.81745701
0.68759155 1.02590181 -0.01981748
0.96324880 0.35860730 0.76071540
0.24353987 0.81680526 0.36599659
0.42756902 0.45854593 0.54475511
0.66128330 0.68265624 0.90234495
0.32189852 0.12411429 0.88442199
0.31423058 -0.03122753 0.09697470
0.73192058 0.43043724 0.23524227
0.97349299 0.09681519 0.68452743
0.65383701 0.94602469 0.69831381
0.81757563 0.43601914 0.84509068
0.90357734 0.11285988 0.72151837
0.00352819 0.51352166 0.50187217
0.52060443 0.52119833 0.11653492
0.35715123 0.75231605 0.95499974
0.16146219 0.43388752 0.21497352
0.64848307 0.65532009 0.00748292
0.39930521 -0.04156352 0.72303918
0.54503887 0.40384724 0.32713270
0.50448410 0.24012583 0.87292702
0.65121847 0.35212826 0.73803764
0.89003736 0.38922416 0.39295243
0.45692202 0.23713804 -0.00778389
0.11358320 0.91274282 0.44704721
0.18959575 0.62909153 0.99840842
0.48297311 0.76610641 0.01384457
0.39540823 0.04024288 0.03987888
0.24531538 0.72268644 0.06932196
0.89082494 0.34393128 0.65969247
0.66095441 0.64753596 0.75251011
0.18160252 0.89350970 0.34907503
-0.02922422 0.13738212 0.58626709
0.38216025 0.88465671 0.99761722
0.47239092 0.03341805 1.01165371
0.33905290 0.98688322 0.30561299
0.48221512 0.85142227 0.73501841
0.50607347 0.87057848 0.96599330
0.28216270 0.87889787 0.78160961
0.17562864 0.01584942 0.62385108
1.00363274 0.09963913 0.91680707
0.19572056 0.28731462 0.52280596
0.44743245 0.14813358 0.31186830
0.62928985 0.89111501 0.91686365
0.74901878 0.99527755 0.64404730
0.47361948 0.73531233 0.08941605
0.79447370 0.21995183 0.85617534
0.39278244 0.46127704 0.84995522
0.83824955 0.73713857 0.14773781
0.49780435 0.11508918 0.35320557
0.99350445 0.07728746 0.15497799
0.39342246 0.61717715 0.77224022
0.08617931 0.09294648 0.65181176
0.73203090 0.72589002 0.14002501
0.76922771 0.37348441 0.67819671
0.13141176 0.32386273 0.47105805
0.95735813 0.35803137 0.15430533
0.38857400 0.61955773 0.60320638
-0.00368188 0.52286143 0.28559386
0.57556523 0.71139978 0.11052338
0.88319263 0.20228635 0.65691941
0.35985424 0.60821597 0.42139559
0.34820464 0.77667183 0.82482335
0.97435998 0.63414348 0.80850210
0.22068328 0.18312048 0.98943908
0.08205187 0.46696637 0.92276608
0.65837956 0.94103270 0.11299234
0.62218666 0.84946085 0.42415551
0.30312525 0.44744032 0.23976988
0.74501427 0.53724656 0.26716755
0.67749878 0.80940348 0.72965409
0.16180207 0.24201414 0.46601647
0.26929299 0.18148723 0.81014232
0.05549307 0.15284169 0.67129210
0.15136442 0.06975728 0.22851133
0.84745288 0.22908851 0.79925053
0.56127693 0.82676443 0.83928393
0.41133336 0.14803954 0.15957927
0.91359016 0.10921428 0.90743619
0.75617255 0.80985732 1.01315125
0.65987232 0.23340618 0.61694791
0.32569418 0.02410606 0.95148586
0.31591498 0.52903603 0.12457254
0.31457563 0.77020736 0.43142027
0.04449656 0.26374817 0.13532246
0.51697917 0.80738251 0.47367811
