1 30
1 418
1 423
1 427
1 429
2 3
2 4
2 8
2 11
2 19
2 21
2 23
2 25
3 16
3 17
3 18
3 21
3 22
3 25
3 79
4 6
4 9
4 19
4 23
4 27
5 79
5 85
5 91
5 336
5 401
6 9
6 24
6 58
7 12
7 20
7 21
7 29
7 110
7 131
8 15
8 17
8 19
8 25
8 1257
9 19
9 326
9 331
9 333
10 23
10 328
10 407
10 442
10 750
11 13
11 20
11 23
11 423
11 435
12 26
12 34
12 50
12 58
13 14
13 23
13 31
13 426
14 22
14 79
14 88
14 92
14 95
14 100
14 122
14 174
15 19
15 310
15 333
15 1237
15 1257
15 1550
16 18
16 22
16 100
16 107
16 1249
16 1259
17 25
17 72
17 1240
17 1243
17 1255
18 21
18 25
18 110
18 1258
18 1259
19 24
19 25
19 333
20 21
20 22
20 114
20 126
21 22
21 25
21 110
22 107
22 114
22 122
23 423
24 25
24 26
25 1237
26 29
26 45
26 46
26 1258
27 30
27 332
27 419
27 437
28 48
28 310
28 370
28 1260
29 46
29 110
29 166
29 1258
29 1328
30 50
30 418
30 427
31 122
31 426
31 435
31 498
31 537
32 35
32 41
32 49
32 55
32 57
32 58
33 35
33 39
33 49
33 342
33 348
33 360
34 38
34 50
34 60
34 168
34 450
35 39
35 48
35 49
35 55
36 365
36 376
36 473
36 489
36 756
36 821
37 43
37 49
37 57
37 59
37 339
37 360
37 362
37 365
38 41
38 50
38 53
38 55
38 60
39 370
39 1277
39 1583
40 44
40 51
40 52
40 1261
40 1287
41 50
41 57
41 58
41 446
41 474
42 44
42 46
42 55
42 56
42 165
42 168
43 49
43 51
43 52
43 59
43 93
43 349
43 362
44 47
44 51
44 53
44 54
44 80
44 158
45 46
45 48
45 1241
45 1263
45 1287
46 166
46 1263
46 1287
47 51
47 53
47 54
47 59
47 61
48 370
49 51
49 52
49 59
50 58
50 418
50 446
50 447
51 52
51 80
52 349
52 1271
53 54
53 63
53 165
54 61
54 63
54 68
54 158
54 170
56 137
56 139
56 1266
56 1280
56 1287
56 1372
57 64
57 339
57 342
58 446
60 144
60 450
60 465
60 578
61 66
61 68
61 86
61 451
62 349
62 1271
62 1275
62 1557
62 1574
62 1602
63 142
63 456
63 568
63 578
63 582
64 359
64 446
64 783
65 75
65 85
65 95
65 497
65 498
65 505
65 507
66 82
66 86
66 87
66 489
66 504
67 79
67 84
67 90
67 91
67 95
67 96
68 86
68 94
68 98
68 170
68 190
69 74
69 78
69 80
69 82
69 90
69 94
69 96
70 74
70 83
70 84
70 89
70 96
70 1296
70 1302
70 1306
70 1316
71 75
71 85
71 87
71 91
71 99
71 379
71 402
71 815
72 79
72 89
72 1255
72 1317
73 74
73 180
73 185
73 1313
73 1318
73 1408
73 1413
74 96
74 1303
74 1306
74 1313
75 504
75 505
75 507
76 82
76 86
76 88
76 90
76 94
76 95
77 92
77 96
77 97
77 100
77 185
78 80
78 81
78 82
78 1303
79 95
79 100
80 158
80 1303
80 1318
81 83
81 84
81 93
81 386
82 87
82 90
82 93
83 84
83 89
83 386
83 396
83 1296
83 1302
83 1320
83 1602
83 1605
84 89
84 90
84 91
84 403
85 91
85 99
85 505
85 750
86 98
86 504
87 93
87 376
87 402
87 509
88 92
88 95
88 174
89 96
89 396
89 403
89 404
89 1296
89 1618
90 91
91 379
91 403
92 97
92 100
92 174
92 188
93 362
93 376
94 185
94 190
96 1316
96 1317
97 185
97 188
97 1309
97 1408
97 1416
98 184
98 203
98 507
98 513
99 373
99 379
99 401
99 505
99 750
99 813
99 815
100 1317
101 105
101 108
101 115
101 117
101 124
101 127
101 172
102 106
102 107
102 109
102 118
102 123
102 125
102 128
103 116
103 122
103 126
103 519
103 529
103 537
103 541
103 548
104 105
104 131
104 156
104 167
104 172
104 518
104 520
104 548
104 551
105 109
105 114
105 126
105 127
105 131
105 548
106 108
106 109
106 112
106 125
106 128
106 233
107 114
107 118
107 119
107 125
108 109
108 124
108 127
108 129
108 130
109 114
109 121
109 127
110 119
110 127
110 130
110 1259
111 112
111 121
111 227
111 517
111 531
111 647
112 113
112 121
112 128
112 204
112 233
113 128
113 177
113 186
113 204
113 236
113 647
114 122
114 126
114 127
115 117
115 121
115 132
115 217
115 520
116 121
116 123
116 528
116 529
116 531
116 541
117 120
117 132
117 151
117 172
117 217
118 122
118 123
118 174
118 198
119 127
119 130
119 1259
120 133
120 134
120 143
120 217
120 229
121 541
121 548
122 126
122 174
123 128
123 177
123 186
123 198
124 127
124 130
124 164
124 173
125 128
125 187
126 429
126 435
126 519
126 548
127 130
128 186
128 204
129 134
129 1343
129 1346
130 1328
130 1346
131 167
132 151
132 217
132 227
132 517
132 520
132 645
133 229
133 231
133 233
133 1445
134 164
134 1343
135 145
135 157
135 160
135 162
135 169
135 573
136 163
136 248
136 260
136 264
137 153
137 158
137 165
137 1266
137 1372
138 142
138 146
138 149
138 150
138 159
138 160
138 161
138 162
138 170
139 153
139 165
139 166
139 168
139 173
139 1372
139 1378
140 160
140 163
140 248
140 250
140 252
140 253
140 274
141 147
141 150
141 152
141 153
141 264
141 1379
141 1384
141 1386
142 161
142 170
142 203
142 567
142 568
143 147
143 164
143 229
143 256
144 156
144 157
144 159
144 167
144 168
145 151
145 169
145 260
146 150
146 154
146 158
146 159
146 165
146 170
147 148
147 264
147 1386
148 150
148 153
148 155
148 157
148 159
149 150
149 154
149 160
149 161
149 163
149 179
149 201
150 153
150 154
151 169
151 262
152 163
152 201
152 303
152 1417
152 1488
153 165
153 1368
153 1372
153 1384
154 171
154 180
154 201
154 1418
155 157
155 164
155 172
155 173
156 157
156 172
156 556
156 577
157 159
157 162
157 172
158 170
158 171
158 190
159 165
159 168
160 161
160 162
161 181
161 567
161 570
161 609
162 567
163 179
163 201
163 253
164 173
165 168
166 173
166 1263
166 1378
167 172
167 173
168 173
169 515
169 573
169 577
169 680
170 190
171 180
171 1384
171 1413
171 1418
174 183
175 181
175 184
175 189
175 190
175 194
175 203
176 179
176 181
176 194
176 196
176 274
176 703
177 186
177 195
177 197
177 528
177 715
178 180
178 189
178 190
178 193
178 200
178 202
179 182
179 196
179 201
179 202
180 190
180 193
180 199
180 1413
180 1418
181 194
181 274
181 591
181 609
182 191
182 196
182 199
182 202
182 270
182 287
183 184
183 197
183 198
183 611
184 189
184 200
185 188
185 200
185 1408
186 195
186 198
186 298
187 188
187 192
187 1338
187 1411
188 200
188 1411
188 1416
189 194
189 196
189 197
189 198
189 200
189 202
191 196
191 202
191 298
192 204
192 266
192 1352
192 1414
193 199
193 200
193 1408
193 1411
194 196
194 197
194 591
194 601
195 196
195 287
195 298
195 304
196 202
196 287
197 198
197 601
199 201
199 202
199 1393
199 1417
199 1418
201 1418
203 568
203 606
203 609
204 212
204 232
204 233
204 236
204 283
205 207
205 210
205 214
205 216
205 219
205 223
205 228
206 210
206 213
206 224
206 226
206 228
206 318
206 325
206 335
207 210
207 211
207 213
207 218
207 220
207 222
207 228
208 213
208 215
208 222
208 243
208 330
209 210
209 212
209 224
209 234
209 1437
209 1441
210 211
210 212
210 216
210 224
210 226
211 213
211 215
211 220
211 222
211 224
212 216
212 220
212 233
213 215
213 228
213 306
213 322
214 227
214 624
214 629
214 647
214 650
215 265
215 322
215 1426
215 1432
216 226
216 288
216 301
217 220
217 227
217 230
217 233
218 220
218 222
218 227
218 629
218 630
219 223
219 228
219 297
219 623
219 633
219 648
219 650
219 749
220 222
220 227
220 230
220 233
221 235
221 256
221 1426
221 1486
222 230
222 235
223 281
223 288
223 292
223 295
223 297
223 636
223 650
223 694
224 225
224 234
224 1529
225 226
225 234
225 301
225 325
226 281
226 301
226 325
226 335
226 337
226 381
227 629
227 645
228 335
228 623
228 749
229 230
229 231
229 256
229 1449
229 1486
230 235
230 246
230 256
230 262
231 1441
231 1445
231 1449
232 1352
232 1437
232 1517
234 301
234 302
234 1452
234 1512
235 246
235 256
236 283
236 288
237 247
237 265
238 240
238 261
238 1469
238 1473
238 1475
239 240
239 242
239 305
239 1480
239 1484
240 271
240 1483
240 1488
241 245
241 247
241 249
241 250
241 664
241 679
242 338
242 351
242 1480
243 245
243 247
243 259
243 651
243 677
243 679
244 258
244 368
244 371
244 660
244 667
244 679
244 755
245 246
245 247
245 249
245 260
245 679
246 256
246 260
246 261
246 262
247 249
247 254
247 259
248 250
248 252
248 260
249 260
249 261
250 252
250 566
250 664
250 675
250 680
251 252
251 254
251 255
251 258
251 263
251 268
251 277
251 299
252 253
252 257
252 263
252 277
252 285
253 257
253 280
253 285
254 258
254 351
255 257
255 271
255 290
255 299
255 305
256 261
256 1486
257 280
258 263
258 268
258 299
258 371
259 330
259 352
259 366
259 368
259 782
260 261
263 268
263 277
263 655
263 659
263 664
265 352
265 1476
266 283
266 298
266 1414
266 1506
266 1516
266 1517
267 272
267 276
267 283
267 296
267 301
267 302
267 1506
268 273
268 277
268 289
268 299
268 387
268 397
268 685
269 273
269 278
269 284
269 285
269 687
269 690
269 703
270 279
270 280
270 287
270 296
270 303
271 279
271 280
271 305
271 1518
272 276
272 293
272 380
272 1512
272 1597
273 275
273 277
273 289
273 687
273 699
273 710
274 285
274 690
274 703
275 282
275 286
275 289
275 290
275 291
275 372
276 281
276 286
276 291
276 301
276 380
276 381
276 382
277 285
277 299
277 710
278 284
278 285
278 287
278 290
278 291
278 296
279 293
279 296
279 1518
280 303
281 282
281 288
281 297
281 381
282 284
282 291
282 292
283 298
283 302
283 1517
284 288
284 291
284 292
284 296
284 304
285 690
286 290
286 291
286 293
286 372
286 382
287 296
287 298
288 292
288 295
288 301
289 372
289 387
289 397
289 685
289 699
289 792
290 291
290 293
290 294
290 299
290 305
291 296
292 295
292 304
292 694
292 706
293 300
293 305
293 1508
294 299
294 305
294 351
294 388
294 397
294 405
295 304
295 646
295 647
295 715
296 298
297 334
297 377
297 688
297 694
299 305
299 397
300 305
300 388
300 405
300 1508
301 302
302 1512
302 1517
303 1488
303 1518
304 697
304 715
305 405
306 311
306 324
306 330
306 748
307 310
307 312
307 319
307 327
307 331
308 313
308 316
308 323
308 334
308 335
308 337
308 726
308 736
308 749
309 313
309 316
309 324
309 326
309 737
310 331
310 333
310 357
310 1544
310 1550
311 330
311 651
311 718
311 782
312 315
312 318
312 322
312 327
313 316
313 320
313 323
314 323
314 325
314 329
314 375
314 381
314 398
314 1555
315 317
315 320
315 321
316 320
316 328
316 391
316 736
316 737
317 319
317 321
317 329
317 398
317 1257
318 322
318 323
318 325
319 329
319 1532
319 1547
319 1550
320 321
320 323
320 384
320 391
320 401
321 336
321 389
321 398
321 401
321 404
322 327
323 325
323 335
323 337
324 326
324 353
324 369
324 743
325 335
325 337
325 381
326 331
326 332
326 437
326 743
327 330
327 341
327 344
327 369
328 332
328 336
328 407
328 750
329 398
329 1537
329 1555
330 352
330 366
330 369
331 333
331 361
332 407
334 335
334 337
334 377
334 736
334 749
334 789
335 337
335 749
336 401
337 377
337 381
337 384
337 391
338 340
338 367
338 1568
338 1579
339 346
339 365
339 449
339 761
340 343
340 344
340 348
341 344
341 367
341 1535
341 1540
341 1568
342 345
342 348
342 360
342 361
342 370
343 344
343 345
343 361
343 366
343 369
344 352
344 366
344 367
345 346
345 353
345 356
345 359
345 360
346 354
346 356
346 360
346 365
346 761
347 350
347 351
347 364
347 405
348 367
348 1560
349 362
349 364
349 1275
349 1557
350 364
350 393
350 400
350 1557
350 1579
350 1619
351 358
351 397
351 405
352 366
353 359
353 363
353 369
353 743
353 774
354 355
354 360
354 362
354 364
354 365
355 387
355 390
355 397
356 358
356 363
356 368
357 361
357 367
357 370
357 1535
357 1544
357 1583
358 368
358 371
359 361
359 369
360 364
360 365
361 369
361 370
362 364
362 365
362 376
362 385
362 400
363 366
363 368
363 369
363 782
364 400
365 756
366 369
368 371
368 755
368 782
370 1583
371 660
371 755
372 382
372 390
372 397
373 374
373 378
373 379
373 384
373 402
373 804
373 813
373 815
374 378
374 394
374 395
374 798
375 381
375 382
375 384
375 389
375 394
375 398
376 378
376 385
376 399
376 402
376 793
377 394
377 688
377 789
378 385
378 395
378 399
378 402
378 793
378 815
379 389
379 401
379 402
379 403
380 1555
380 1585
380 1597
381 382
382 394
383 386
383 392
383 396
384 389
384 391
384 394
384 401
385 395
385 399
385 400
386 400
386 1602
387 397
387 685
387 792
387 801
388 390
388 392
388 393
388 405
389 398
389 401
389 403
390 392
390 395
390 397
391 736
391 789
391 804
392 393
392 395
393 400
393 1602
393 1619
395 399
395 402
396 403
396 1592
396 1618
399 793
399 801
401 750
402 815
403 404
404 1255
404 1618
406 408
406 411
406 415
406 420
406 422
406 425
406 431
406 433
407 413
407 419
407 445
408 409
408 412
408 420
408 425
408 433
408 438
409 412
409 425
409 438
409 441
409 516
409 521
409 545
409 837
410 420
410 432
410 496
410 503
410 512
410 850
411 413
411 416
411 417
411 420
411 430
411 433
411 445
412 422
412 425
412 433
412 441
412 824
412 838
413 415
413 416
413 419
413 424
413 442
413 444
413 445
414 421
414 422
414 431
414 439
414 475
414 478
414 826
415 423
415 426
415 427
415 435
415 440
416 424
416 430
416 444
416 445
416 493
416 734
417 421
417 430
417 436
417 849
417 1130
418 427
418 447
418 450
418 476
418 518
419 423
419 427
419 428
419 431
420 424
420 430
420 432
420 433
421 439
421 724
421 725
421 826
421 849
422 425
422 431
422 434
422 469
423 426
423 427
423 435
424 430
424 444
424 483
424 486
424 493
425 434
425 522
426 435
426 442
426 483
426 498
427 431
428 431
428 437
428 439
428 445
428 479
429 435
429 440
429 518
429 519
429 522
430 433
430 436
430 493
430 822
431 434
431 439
432 438
432 440
432 443
432 483
432 496
433 822
433 838
434 463
434 469
434 476
434 480
435 440
436 493
436 819
436 901
436 1130
436 1156
437 446
437 479
437 783
438 521
438 526
438 540
438 545
438 850
439 784
440 522
440 526
441 469
441 480
441 516
441 853
441 926
442 444
442 483
442 505
442 750
443 498
443 526
443 537
443 600
444 493
444 723
444 734
444 807
445 734
446 453
446 479
446 783
447 450
447 453
447 462
447 465
447 476
448 452
448 454
448 458
448 460
448 463
448 467
448 470
449 473
449 474
449 771
450 462
450 518
450 572
451 456
451 464
451 492
451 501
451 568
452 456
452 464
452 465
452 470
452 474
453 463
453 466
453 476
453 479
454 458
454 467
454 471
454 855
454 861
454 867
455 472
455 856
455 859
455 1188
456 464
456 465
456 474
456 582
457 460
457 464
457 470
457 472
457 473
457 485
458 463
458 475
459 460
459 464
459 467
459 468
459 510
459 559
459 612
460 464
460 470
460 477
460 510
461 462
461 465
461 467
461 468
461 554
461 555
461 579
461 581
462 463
462 465
462 476
462 480
463 466
463 469
463 475
463 476
464 468
464 501
464 510
465 468
465 555
465 578
465 582
466 470
466 479
466 770
467 468
467 579
467 855
467 861
468 510
468 555
468 559
468 582
469 471
469 475
469 480
470 472
470 771
471 475
471 581
471 853
471 861
472 473
472 771
473 756
473 771
473 821
475 826
476 480
477 490
477 891
477 906
478 725
478 757
478 784
478 826
478 873
478 1181
479 770
479 783
480 546
480 583
481 484
481 486
481 488
481 506
481 508
481 511
481 906
482 495
482 513
482 514
482 588
482 592
482 594
483 494
483 496
483 497
484 486
484 493
484 500
484 506
484 512
484 889
484 901
485 488
485 489
485 490
485 491
485 501
486 493
486 494
486 496
486 500
486 512
487 488
487 502
487 510
487 511
487 514
488 491
488 508
489 491
489 501
489 504
489 509
490 506
490 508
490 805
491 492
491 499
491 501
491 504
491 507
492 501
492 504
492 510
492 513
492 604
493 500
494 497
494 499
494 500
494 505
494 508
495 496
495 497
495 588
496 497
496 503
496 512
497 498
497 505
497 507
498 507
499 505
499 508
499 509
499 818
500 508
500 799
500 800
500 807
501 504
501 510
502 511
502 514
502 882
502 902
502 1004
503 512
503 597
503 888
503 909
503 1017
504 507
506 508
506 799
506 805
506 889
506 904
506 906
507 513
508 799
508 818
509 793
509 815
509 818
509 821
510 604
511 882
511 888
512 822
512 888
512 901
513 594
513 604
513 606
513 615
514 594
514 602
514 604
514 612
514 1004
515 538
515 549
515 577
515 645
516 521
516 934
517 535
517 628
517 645
518 522
518 523
518 546
518 551
519 522
519 523
519 529
519 541
519 548
520 534
520 538
520 541
520 548
521 522
521 526
521 533
521 545
522 523
522 546
523 533
523 534
523 546
523 551
524 529
524 533
524 535
524 539
524 541
524 543
525 532
525 536
525 542
525 550
525 940
525 953
525 1025
526 530
526 540
527 532
527 549
527 552
527 584
527 585
527 937
528 529
528 531
528 539
529 537
529 541
530 540
530 545
530 595
530 605
530 620
530 919
531 535
531 539
531 647
531 715
532 533
532 536
532 542
533 534
534 535
534 538
534 541
534 544
535 536
535 541
535 544
535 547
535 628
536 542
536 543
536 544
536 547
536 621
536 628
537 611
538 549
538 551
538 556
538 577
539 543
540 545
540 597
540 850
540 915
540 919
540 952
541 548
542 543
542 919
542 921
542 953
543 547
543 614
544 549
544 628
545 915
545 919
545 933
546 583
547 621
547 622
547 628
547 639
549 552
549 661
550 649
550 661
550 937
550 1025
551 552
551 556
551 569
551 572
551 583
552 569
552 583
552 584
553 558
553 563
553 565
553 571
553 580
554 555
554 561
554 569
554 579
554 581
554 960
555 560
555 569
555 572
555 578
555 582
556 560
556 569
556 572
556 577
557 571
557 575
557 619
557 657
558 560
558 566
558 570
558 571
558 573
558 574
559 561
559 562
559 564
559 579
559 604
559 612
560 564
560 567
560 569
560 574
561 565
561 574
561 576
561 579
561 960
562 576
562 602
562 612
562 618
562 973
562 990
562 1004
563 565
563 571
563 584
563 678
563 955
563 959
563 975
564 567
564 574
564 582
565 571
565 574
565 576
565 975
565 982
566 573
566 671
566 675
567 570
567 609
568 582
568 606
569 572
569 583
570 603
570 609
570 613
570 671
571 574
571 575
572 578
572 583
573 577
573 580
573 675
574 575
574 576
575 576
575 599
575 608
575 619
575 671
576 599
576 618
576 982
577 580
578 582
579 581
579 861
579 960
579 983
580 672
580 675
581 585
581 861
581 960
581 961
584 585
584 937
584 955
584 961
584 967
584 975
585 934
585 961
586 589
586 593
586 594
586 596
586 601
586 603
586 608
586 613
587 598
587 614
587 617
587 620
587 716
587 986
587 1002
587 1112
588 592
588 594
588 596
588 600
588 615
589 590
589 592
589 596
589 602
589 617
589 995
589 1012
590 599
590 608
590 616
590 693
590 986
590 1009
591 593
591 601
591 613
591 703
592 596
592 597
592 602
592 995
592 1017
593 596
593 598
593 601
593 607
593 610
593 613
593 617
594 603
594 604
594 606
595 596
595 600
595 605
595 607
595 611
596 605
596 607
596 617
597 600
597 605
597 952
597 1017
598 610
598 617
598 692
598 693
598 697
598 716
599 608
599 618
599 619
599 1009
601 607
602 612
602 618
602 1004
602 1012
602 1013
603 606
603 608
603 609
603 613
603 618
604 606
604 612
605 617
605 620
606 609
607 611
607 615
608 613
608 616
608 618
609 613
610 697
610 715
610 716
611 615
612 618
612 1004
613 616
614 622
614 704
614 716
614 947
616 686
616 692
616 693
616 709
619 686
619 999
619 1009
619 1085
620 919
620 1002
620 1006
621 625
621 627
621 628
621 634
621 642
621 649
622 625
622 640
622 704
622 947
622 953
623 630
623 638
623 648
623 748
623 749
624 628
624 629
624 634
624 646
624 647
624 648
624 650
625 640
625 642
625 649
625 953
625 1025
626 631
626 642
626 1026
626 1030
626 1049
626 1051
626 1055
627 628
627 629
627 635
627 645
628 629
628 645
629 630
629 645
629 648
630 648
630 651
630 677
631 638
631 642
631 652
632 633
632 637
632 641
632 643
632 644
632 683
633 636
633 641
633 648
633 650
633 744
633 749
634 639
634 640
634 642
634 648
634 650
635 649
635 653
635 661
635 663
636 641
636 646
636 650
636 691
636 694
636 713
637 638
637 643
637 730
637 1051
638 648
638 727
638 744
639 640
639 646
639 713
640 643
640 704
640 713
640 1054
641 683
641 688
641 694
641 695
641 728
642 649
643 644
643 683
643 1023
643 1051
643 1054
644 683
644 696
644 719
644 1094
644 1124
644 1155
646 647
646 650
646 691
646 713
646 715
647 715
648 650
649 653
649 1049
651 677
651 718
651 782
652 653
652 654
653 663
653 676
654 669
654 673
654 674
654 753
654 766
655 659
655 690
655 710
655 714
656 660
656 681
656 684
656 685
656 778
656 790
657 665
657 668
657 670
657 686
657 702
657 1069
658 665
658 669
658 670
658 684
658 778
658 1089
659 660
659 664
659 667
659 670
659 714
660 667
660 669
660 685
660 755
660 763
661 955
662 666
662 672
662 674
662 676
662 678
662 1057
663 672
664 667
664 679
664 680
665 670
665 682
665 684
665 702
665 712
665 1069
665 1081
666 667
666 668
666 669
666 670
666 672
667 673
667 679
668 670
668 671
668 675
669 763
669 778
670 714
672 676
672 678
673 679
673 755
673 764
674 676
674 760
674 1057
675 680
676 678
677 679
678 959
678 1064
678 1065
681 685
681 699
681 707
681 790
681 792
681 797
681 810
682 684
682 705
682 1081
682 1099
682 1111
682 1122
682 1125
683 695
683 696
683 711
683 1054
684 707
684 778
684 790
684 1099
685 699
685 792
686 693
686 702
686 712
686 1009
687 690
687 700
687 703
687 706
687 709
687 710
688 689
688 694
688 789
688 810
688 814
689 694
689 695
689 699
689 700
689 706
689 708
689 810
690 703
690 709
690 710
691 697
691 701
691 706
691 711
691 713
691 716
692 693
692 697
692 698
692 701
692 709
693 701
693 986
693 1009
693 1118
694 695
694 706
695 696
695 708
695 711
696 708
696 719
696 788
696 812
696 1094
696 1125
697 701
697 716
698 700
698 701
698 709
698 712
699 700
699 710
699 792
699 810
700 706
700 707
700 708
700 710
701 705
701 711
702 712
702 1069
702 1081
702 1122
703 709
704 711
704 713
704 716
704 1054
704 1112
705 708
705 711
705 1096
705 1111
705 1118
705 1122
707 708
707 714
708 711
708 788
708 1125
709 710
710 714
711 713
711 1096
713 716
717 720
717 726
717 728
717 731
717 735
717 742
717 744
717 745
718 748
718 785
719 728
719 812
719 820
719 1094
719 1155
720 721
720 722
720 731
720 738
720 742
720 820
720 1139
720 1154
721 742
721 808
721 819
721 820
721 1139
721 1156
721 1211
722 724
722 731
722 733
722 740
722 745
722 1154
723 734
723 750
723 807
723 813
723 816
724 725
724 1138
724 1142
724 1154
725 733
725 757
725 776
725 784
725 1133
725 1181
726 736
726 737
726 741
726 744
726 748
726 749
727 730
727 731
727 739
727 741
728 735
728 744
729 740
729 741
729 743
729 746
729 769
729 774
729 785
730 731
730 738
730 739
730 1055
731 738
731 739
731 740
731 741
731 745
732 737
732 740
732 743
732 746
733 739
733 740
733 759
733 776
734 742
734 745
735 736
735 742
735 789
735 802
735 814
735 816
735 820
736 789
736 816
737 741
737 745
738 1132
738 1154
738 1155
739 747
739 759
740 741
740 746
741 745
741 748
742 745
742 808
742 816
742 820
743 746
743 774
744 749
746 769
746 770
746 774
746 784
747 759
747 760
747 1026
747 1055
747 1077
747 1164
750 813
751 752
751 772
751 779
751 780
751 791
751 796
751 809
752 756
752 765
752 768
752 772
752 779
752 796
753 760
753 763
753 764
753 766
753 775
753 781
754 761
754 769
754 773
754 774
754 775
755 763
755 764
755 773
755 782
756 761
756 768
756 796
757 762
757 769
757 776
757 777
757 784
757 1172
758 767
758 772
758 775
758 781
758 1160
758 1177
759 760
759 766
759 776
759 777
759 1164
760 766
760 781
760 1077
760 1164
761 768
761 773
762 771
763 765
763 773
763 775
763 778
764 773
764 774
764 782
764 785
765 768
765 773
765 779
765 801
766 785
767 778
767 1089
767 1099
767 1160
767 1196
768 773
768 801
769 774
769 777
770 783
770 784
772 775
772 779
773 775
776 777
776 1165
776 1172
776 1181
777 781
777 1172
777 1185
778 790
779 797
780 791
780 805
780 1183
780 1186
780 1188
781 1087
781 1185
786 787
786 795
786 800
786 802
786 803
786 806
786 807
787 793
787 795
787 798
787 806
787 809
787 818
788 810
788 812
788 814
788 817
789 802
789 804
790 794
790 797
791 805
791 809
791 811
791 1183
791 1195
791 1217
792 798
792 810
793 796
793 815
793 818
793 821
794 817
794 1099
794 1196
794 1226
795 802
795 804
795 807
795 813
795 815
795 816
796 801
796 809
796 821
797 801
797 806
798 802
798 804
798 806
798 810
799 800
799 805
799 1203
800 803
800 807
800 808
800 819
802 803
802 804
802 814
802 816
803 806
803 808
803 811
803 812
803 814
803 820
803 1194
804 813
804 816
805 809
806 811
807 808
807 813
807 816
808 816
808 819
808 820
809 818
810 814
811 817
812 814
812 817
812 1094
812 1205
813 816
817 1125
817 1205
817 1226
818 821
819 1156
819 1194
820 1211
822 825
822 846
822 886
822 901
823 825
823 839
823 840
823 1126
823 1135
824 826
824 832
824 838
824 844
824 851
825 839
825 843
825 1130
825 1135
826 873
827 840
827 848
827 876
827 1133
827 1136
827 1151
827 1169
828 830
828 833
828 840
828 845
828 852
828 1236
829 836
829 847
829 1232
829 1310
830 831
830 834
830 845
830 1236
830 1247
830 1252
831 835
831 836
831 950
831 1252
832 838
832 844
832 845
832 849
833 841
833 848
833 865
833 1234
833 1269
834 841
834 842
834 844
834 845
834 943
835 836
835 846
835 847
835 905
835 935
836 843
836 845
836 846
837 838
837 915
837 935
837 950
839 843
839 898
839 1130
839 1134
839 1198
840 848
840 1553
841 865
841 980
841 1247
841 1262
842 851
842 853
842 926
842 943
842 980
842 984
843 885
843 886
843 894
843 898
843 905
844 845
844 851
844 854
844 865
847 987
847 1232
847 1350
848 1151
848 1265
849 1133
849 1135
849 1142
850 909
850 915
851 853
851 854
851 864
851 879
852 1254
852 1553
853 926
853 984
854 860
854 864
854 865
854 873
854 876
854 879
855 856
855 861
855 867
856 859
856 862
856 867
856 870
856 874
857 866
857 872
857 878
857 958
858 872
858 875
858 877
858 887
858 897
858 900
858 1283
859 875
859 891
859 1162
859 1186
859 1188
859 1190
860 862
860 869
860 873
860 874
860 876
860 879
860 1178
861 867
861 868
861 983
862 873
863 869
863 872
863 878
863 881
863 1270
863 1278
863 1282
864 865
864 868
864 879
865 876
865 881
866 872
866 1005
866 1282
866 1290
867 868
867 874
867 879
868 879
868 958
868 983
869 874
869 876
869 877
869 881
869 1191
870 874
870 875
870 900
871 902
871 913
871 969
871 973
871 997
872 874
872 877
872 1278
873 1178
873 1181
875 877
875 900
875 1190
876 881
876 1178
877 880
877 1191
877 1278
878 968
878 1262
878 1282
880 884
880 1191
880 1215
880 1586
881 1265
881 1270
881 1291
882 899
882 902
882 903
882 906
883 888
883 899
883 907
883 908
883 909
883 1000
883 1001
883 1017
884 911
884 1215
884 1586
884 1588
885 886
885 894
885 898
885 1197
885 1198
885 1208
886 890
886 901
886 905
886 907
887 893
887 897
887 900
888 890
888 899
888 907
888 1017
889 890
889 904
889 906
889 1225
890 899
890 907
891 900
891 904
891 906
892 896
892 897
892 903
892 910
892 912
892 913
892 1000
892 1010
893 895
893 911
893 1299
894 898
894 905
894 1254
894 1298
894 1315
895 896
895 899
895 905
895 907
895 908
896 897
896 910
896 912
897 912
897 1283
898 1208
898 1212
898 1254
898 1315
898 1615
899 903
899 907
899 908
900 904
900 1190
901 1198
902 903
902 913
902 997
903 913
903 1000
904 906
905 907
905 908
907 908
907 909
908 910
908 1000
909 935
909 952
909 1017
910 1010
910 1395
910 1397
911 1197
911 1307
911 1588
912 1304
912 1308
912 1397
912 1421
913 969
913 991
913 997
914 917
914 918
914 923
914 925
914 930
914 944
914 949
915 919
915 920
915 933
915 935
915 952
916 921
916 927
916 928
916 933
916 936
916 939
916 940
917 923
917 925
917 930
917 945
917 949
917 977
917 1348
918 927
918 929
918 931
918 948
918 949
918 1028
918 1345
919 921
919 933
919 939
919 952
920 932
920 935
920 939
920 942
920 952
920 1001
921 928
921 939
921 947
921 953
921 1034
922 925
922 929
922 943
922 950
922 1252
922 1322
923 930
923 941
923 944
923 977
924 927
924 939
924 951
924 1003
924 1018
924 1019
924 1020
925 929
925 936
925 949
926 934
926 941
926 943
926 984
927 929
927 931
927 932
927 938
927 1345
928 940
928 948
928 953
928 1034
928 1045
928 1047
929 932
929 936
929 942
929 946
929 949
929 1322
930 944
930 977
930 1053
930 1323
930 1381
931 938
931 948
931 1028
931 1321
931 1345
931 1443
932 938
932 942
932 946
932 987
932 992
933 934
933 936
934 941
935 942
935 952
936 942
936 950
937 940
937 955
938 992
938 1019
938 1321
938 1345
939 952
940 1047
941 943
941 954
941 984
942 946
942 950
943 950
943 984
944 1047
944 1053
945 964
945 980
945 1229
945 1348
946 987
946 1322
946 1331
946 1350
947 1018
947 1034
948 951
948 1027
948 1028
948 1045
949 1322
949 1323
949 1336
949 1345
949 1348
951 1019
951 1020
951 1027
951 1034
951 1119
952 1001
953 1025
953 1034
953 1038
953 1045
954 958
954 961
954 963
954 971
954 984
955 959
955 967
955 1060
956 962
956 964
956 968
956 974
956 1387
957 959
957 966
957 967
957 971
957 1067
958 963
958 968
958 983
959 967
959 975
959 982
959 1065
959 1067
960 961
960 971
960 975
960 983
961 971
961 975
962 963
962 965
962 966
962 971
962 972
962 974
963 968
963 971
964 968
964 977
964 1353
965 966
965 969
965 991
965 1008
965 1356
966 970
966 972
966 976
966 979
966 1067
967 971
967 975
968 980
969 991
969 1005
970 974
970 981
970 985
970 1360
971 972
971 975
972 973
972 979
973 983
973 990
973 997
974 978
974 1356
974 1360
974 1374
975 982
976 979
976 981
976 996
976 999
976 1067
977 978
977 1353
977 1381
978 1056
978 1360
979 990
979 991
979 996
979 999
980 984
981 985
981 1021
981 1076
981 1113
981 1420
985 1355
985 1356
985 1367
986 989
986 1002
986 1009
986 1118
987 992
987 1395
987 1401
988 989
988 993
988 998
988 1003
988 1011
988 1019
988 1020
989 998
989 1016
989 1092
989 1095
990 991
990 997
990 1014
991 997
991 1008
991 1014
992 993
992 1003
992 1019
992 1401
993 998
993 1003
993 1007
993 1011
993 1015
993 1401
993 1405
994 995
994 1000
994 1001
994 1006
994 1007
994 1012
994 1013
994 1014
994 1015
994 1016
995 1001
995 1006
995 1012
995 1013
995 1017
996 998
996 999
996 1008
996 1016
996 1095
997 1004
997 1013
997 1014
998 1011
998 1021
998 1405
998 1420
999 1009
999 1085
999 1095
1000 1010
1000 1013
1000 1014
1001 1003
1001 1006
1001 1015
1002 1006
1002 1018
1003 1006
1003 1015
1003 1019
1004 1013
1005 1304
1005 1358
1005 1392
1005 1424
1006 1012
1007 1008
1007 1010
1007 1014
1007 1015
1007 1016
1008 1021
1008 1424
1009 1095
1009 1118
1010 1015
1010 1397
1011 1019
1011 1020
1011 1100
1011 1120
1011 1498
1012 1013
1012 1014
1012 1016
1013 1014
1014 1016
1018 1020
1019 1020
1019 1120
1020 1100
1020 1119
1021 1355
1021 1402
1021 1405
1021 1420
1021 1424
1022 1024
1022 1026
1022 1030
1022 1035
1022 1043
1022 1052
1023 1029
1023 1038
1023 1054
1024 1039
1024 1040
1024 1044
1025 1030
1025 1045
1025 1047
1025 1049
1026 1037
1026 1043
1026 1052
1026 1055
1026 1077
1027 1036
1027 1039
1027 1040
1027 1444
1028 1033
1028 1040
1029 1042
1029 1046
1029 1091
1029 1124
1030 1038
1030 1039
1030 1045
1030 1049
1031 1032
1031 1042
1031 1117
1031 1123
1031 1515
1032 1145
1032 1147
1032 1152
1032 1453
1032 1614
1033 1041
1033 1053
1033 1447
1034 1038
1034 1045
1035 1037
1035 1048
1035 1050
1035 1052
1035 1080
1036 1100
1036 1119
1036 1120
1036 1443
1036 1444
1037 1044
1037 1052
1037 1077
1037 1080
1037 1140
1037 1158
1038 1039
1038 1045
1039 1040
1039 1045
1040 1041
1041 1050
1041 1053
1041 1070
1042 1104
1042 1117
1042 1119
1043 1046
1043 1051
1043 1055
1043 1148
1044 1140
1044 1158
1045 1047
1046 1124
1046 1145
1046 1155
1047 1060
1048 1049
1048 1052
1048 1060
1048 1082
1049 1052
1050 1070
1050 1448
1050 1455
1050 1456
1050 1468
1051 1055
1051 1155
1052 1074
1052 1077
1052 1080
1053 1066
1053 1082
1054 1091
1054 1096
1054 1112
1055 1148
1056 1066
1056 1071
1056 1360
1056 1474
1056 1487
1057 1058
1057 1062
1057 1074
1057 1084
1057 1087
1057 1089
1058 1073
1058 1074
1058 1077
1058 1080
1058 1087
1058 1167
1059 1078
1059 1083
1059 1184
1059 1192
1059 1485
1059 1565
1060 1082
1061 1062
1061 1070
1061 1071
1061 1072
1061 1074
1061 1080
1061 1082
1062 1063
1062 1064
1062 1074
1063 1068
1063 1073
1063 1078
1063 1079
1063 1084
1063 1192
1064 1065
1064 1066
1064 1067
1065 1067
1065 1069
1065 1085
1066 1071
1066 1082
1067 1075
1067 1085
1068 1084
1068 1093
1068 1107
1068 1227
1069 1081
1069 1084
1069 1085
1070 1071
1070 1072
1070 1082
1071 1072
1071 1078
1071 1487
1072 1078
1072 1083
1072 1088
1072 1468
1072 1479
1073 1078
1073 1080
1073 1083
1073 1088
1073 1192
1074 1077
1074 1080
1075 1079
1075 1085
1075 1115
1076 1086
1076 1113
1076 1478
1076 1487
1077 1164
1077 1167
1078 1079
1078 1083
1078 1485
1079 1093
1080 1088
1081 1084
1081 1093
1083 1088
1083 1187
1083 1192
1083 1485
1084 1087
1084 1089
1085 1115
1086 1113
1086 1478
1086 1485
1086 1503
1087 1089
1087 1176
1088 1158
1088 1168
1088 1187
1088 1468
1090 1101
1090 1114
1090 1491
1090 1501
1090 1502
1091 1096
1091 1106
1091 1124
1092 1097
1092 1100
1092 1105
1092 1110
1093 1107
1093 1114
1093 1116
1094 1106
1094 1124
1094 1205
1095 1102
1095 1105
1095 1115
1096 1110
1096 1111
1096 1112
1096 1118
1096 1122
1097 1105
1097 1109
1097 1114
1097 1420
1097 1497
1097 1503
1098 1103
1098 1106
1098 1107
1098 1111
1098 1116
1098 1213
1098 1226
1099 1107
1099 1196
1100 1119
1100 1120
1101 1108
1101 1201
1101 1502
1101 1603
1102 1105
1102 1110
1102 1111
1102 1115
1102 1116
1102 1118
1102 1122
1103 1106
1103 1109
1103 1116
1103 1117
1104 1106
1104 1117
1104 1123
1105 1109
1105 1113
1105 1114
1105 1115
1105 1116
1106 1124
1106 1213
1107 1116
1107 1221
1107 1226
1108 1123
1108 1502
1109 1114
1109 1121
1109 1497
1109 1502
1110 1112
1110 1118
1111 1116
1111 1122
1111 1125
1112 1118
1113 1114
1113 1115
1113 1503
1114 1116
1117 1121
1117 1123
1118 1122
1120 1321
1120 1443
1120 1498
1121 1123
1121 1500
1121 1502
1121 1514
1121 1515
1123 1515
1123 1614
1123 1616
1124 1155
1125 1226
1126 1146
1126 1153
1126 1525
1126 1534
1126 1553
1126 1554
1127 1141
1127 1146
1127 1149
1127 1151
1127 1161
1127 1169
1127 1170
1127 1549
1128 1137
1128 1141
1128 1146
1128 1147
1128 1152
1128 1525
1128 1536
1129 1131
1129 1132
1129 1145
1129 1207
1129 1211
1130 1135
1130 1139
1130 1156
1131 1134
1131 1139
1131 1150
1131 1156
1131 1199
1131 1207
1132 1139
1132 1144
1132 1148
1132 1154
1133 1136
1133 1142
1133 1143
1133 1181
1134 1150
1134 1153
1134 1212
1135 1136
1135 1142
1136 1142
1136 1143
1136 1146
1137 1145
1137 1147
1137 1148
1137 1149
1137 1150
1137 1152
1138 1142
1138 1143
1138 1144
1138 1154
1139 1144
1139 1154
1139 1156
1140 1148
1140 1149
1140 1164
1140 1180
1141 1146
1141 1147
1141 1149
1141 1549
1142 1144
1142 1154
1143 1165
1143 1169
1143 1180
1143 1181
1144 1149
1144 1153
1144 1154
1145 1152
1146 1149
1146 1153
1146 1554
1147 1453
1147 1521
1148 1149
1150 1152
1150 1153
1150 1157
1151 1169
1151 1549
1151 1570
1152 1157
1152 1614
1156 1198
1156 1199
1157 1212
1157 1214
1157 1525
1157 1546
1157 1548
1158 1168
1158 1180
1158 1456
1159 1167
1159 1175
1159 1176
1159 1179
1159 1185
1159 1192
1160 1176
1160 1177
1160 1183
1160 1196
1161 1168
1161 1170
1161 1182
1161 1189
1161 1559
1162 1163
1162 1174
1162 1179
1162 1186
1162 1188
1163 1166
1163 1174
1163 1175
1163 1190
1163 1191
1163 1215
1163 1224
1164 1165
1164 1167
1164 1185
1165 1172
1165 1181
1165 1185
1166 1173
1166 1189
1166 1567
1166 1572
1166 1578
1167 1180
1167 1185
1168 1187
1169 1170
1169 1178
1170 1179
1170 1180
1170 1182
1171 1174
1171 1184
1171 1196
1171 1221
1171 1223
1171 1224
1171 1227
1172 1177
1172 1181
1172 1185
1173 1184
1173 1193
1173 1215
1173 1224
1173 1572
1173 1600
1174 1183
1174 1186
1174 1223
1174 1224
1175 1179
1175 1184
1175 1189
1176 1192
1177 1183
1177 1185
1177 1188
1178 1181
1179 1185
1182 1189
1182 1567
1182 1569
1182 1570
1183 1186
1183 1188
1183 1195
1184 1192
1184 1193
1184 1227
1186 1188
1186 1190
1186 1217
1187 1189
1187 1192
1187 1561
1189 1569
1189 1573
1190 1215
1190 1216
1191 1567
1193 1227
1193 1603
1194 1199
1194 1203
1194 1205
1194 1211
1195 1196
1195 1217
1195 1223
1196 1221
1197 1206
1197 1208
1197 1216
1197 1218
1198 1199
1198 1208
1198 1225
1199 1200
1199 1207
1199 1208
1199 1225
1200 1202
1200 1203
1200 1206
1200 1208
1200 1209
1200 1218
1200 1220
1201 1202
1201 1204
1201 1213
1201 1220
1201 1221
1202 1204
1202 1218
1202 1219
1202 1220
1202 1223
1202 1612
1203 1206
1203 1209
1203 1217
1203 1225
1204 1210
1204 1219
1204 1220
1204 1603
1204 1612
1205 1207
1205 1209
1205 1211
1205 1213
1205 1226
1206 1208
1206 1216
1206 1217
1206 1225
1207 1211
1207 1213
1208 1212
1208 1218
1208 1225
1209 1213
1209 1221
1209 1223
1210 1214
1210 1218
1210 1220
1210 1222
1210 1591
1210 1612
1212 1214
1212 1218
1212 1548
1212 1615
1213 1220
1213 1226
1214 1218
1214 1222
1215 1216
1215 1219
1215 1224
1215 1586
1215 1600
1216 1219
1217 1223
1218 1220
1218 1612
1219 1224
1219 1586
1219 1600
1219 1612
1220 1222
1221 1223
1221 1226
1221 1227
1222 1614
1223 1224
1228 1233
1228 1240
1228 1243
1228 1249
1228 1251
1228 1256
1228 1309
1228 1317
1229 1247
1229 1262
1229 1335
1229 1351
1229 1380
1230 1237
1230 1238
1230 1243
1230 1253
1230 1255
1230 1257
1231 1238
1231 1253
1231 1319
1231 1542
1232 1251
1232 1310
1232 1311
1232 1350
1232 1412
1233 1249
1233 1251
1233 1339
1233 1340
1233 1407
1233 1412
1234 1244
1234 1269
1235 1237
1235 1238
1235 1239
1235 1240
1235 1242
1235 1245
1235 1250
1235 1258
1236 1247
1236 1248
1236 1252
1237 1250
1237 1253
1238 1243
1238 1245
1238 1251
1238 1256
1239 1241
1239 1242
1239 1244
1239 1245
1239 1248
1239 1250
1240 1243
1240 1249
1240 1317
1241 1250
1241 1258
1241 1263
1241 1276
1241 1284
1241 1349
1242 1248
1242 1328
1242 1340
1242 1341
1242 1351
1243 1255
1243 1256
1243 1317
1244 1247
1244 1269
1245 1246
1245 1250
1246 1250
1246 1253
1246 1260
1246 1522
1246 1524
1246 1551
1246 1552
1247 1351
1248 1251
1248 1252
1248 1341
1248 1351
1249 1259
1249 1309
1249 1338
1250 1276
1252 1322
1252 1350
1253 1257
1253 1522
1253 1542
1254 1315
1255 1257
1256 1300
1256 1310
1256 1319
1258 1328
1259 1328
1259 1340
1260 1267
1260 1524
1260 1544
1260 1550
1260 1551
1261 1266
1261 1268
1261 1280
1261 1281
1262 1269
1262 1288
1262 1380
1263 1284
1263 1287
1263 1349
1264 1268
1264 1276
1264 1280
1264 1284
1264 1288
1265 1291
1265 1570
1266 1280
1266 1382
1267 1273
1267 1277
1267 1551
1268 1272
1268 1279
1268 1280
1268 1286
1268 1289
1269 1270
1269 1288
1270 1278
1270 1282
1270 1288
1270 1289
1271 1275
1271 1279
1271 1314
1272 1280
1272 1281
1272 1290
1272 1292
1272 1305
1273 1276
1273 1277
1273 1285
1273 1286
1273 1289
1273 1291
1273 1566
1274 1279
1274 1293
1274 1574
1274 1577
1274 1617
1275 1279
1275 1285
1275 1574
1276 1277
1277 1286
1277 1583
1278 1283
1278 1290
1278 1293
1279 1285
1279 1286
1279 1289
1279 1314
1280 1287
1280 1292
1280 1375
1280 1382
1281 1294
1281 1305
1281 1318
1282 1288
1282 1290
1283 1290
1283 1293
1283 1295
1284 1288
1284 1335
1284 1349
1284 1380
1285 1286
1285 1562
1285 1566
1285 1577
1286 1289
1288 1380
1289 1291
1290 1295
1291 1567
1291 1577
1292 1375
1292 1382
1292 1387
1293 1312
1294 1303
1294 1305
1294 1306
1294 1313
1294 1318
1294 1423
1295 1304
1295 1305
1295 1308
1296 1300
1296 1316
1296 1320
1296 1618
1297 1299
1297 1301
1297 1306
1297 1307
1297 1308
1298 1299
1298 1310
1298 1315
1299 1307
1299 1308
1300 1319
1300 1610
1301 1306
1301 1308
1301 1311
1302 1303
1302 1314
1302 1320
1302 1605
1303 1306
1303 1314
1303 1318
1304 1308
1304 1358
1304 1421
1305 1312
1305 1314
1306 1313
1306 1316
1307 1315
1307 1588
1307 1611
1308 1397
1308 1421
1309 1316
1309 1317
1309 1407
1310 1311
1310 1315
1311 1395
1311 1412
1312 1314
1312 1617
1313 1388
1313 1399
1313 1408
1313 1413
1313 1423
1315 1610
1315 1615
1316 1317
1318 1423
1319 1542
1319 1610
1320 1605
1320 1611
1320 1618
1321 1332
1321 1406
1321 1419
1321 1443
1322 1336
1322 1341
1322 1351
1323 1347
1323 1348
1323 1369
1323 1381
1324 1327
1324 1329
1324 1334
1324 1336
1324 1342
1324 1346
1325 1327
1325 1329
1325 1332
1325 1333
1325 1352
1325 1445
1325 1451
1326 1327
1326 1447
1326 1458
1327 1329
1327 1332
1327 1343
1327 1458
1328 1340
1328 1346
1328 1349
1329 1332
1329 1334
1329 1339
1329 1344
1329 1398
1330 1343
1330 1347
1330 1359
1330 1369
1330 1373
1331 1339
1331 1344
1331 1350
1331 1400
1331 1412
1332 1344
1332 1419
1332 1451
1332 1458
1333 1352
1333 1419
1333 1425
1333 1451
1333 1517
1334 1338
1334 1339
1334 1340
1334 1346
1335 1342
1335 1349
1335 1351
1335 1357
1335 1380
1336 1341
1336 1342
1336 1344
1336 1345
1337 1346
1337 1349
1337 1357
1337 1373
1337 1378
1338 1339
1338 1416
1339 1344
1339 1398
1339 1400
1339 1407
1339 1412
1340 1341
1341 1342
1341 1351
1342 1347
1342 1348
1342 1351
1343 1346
1344 1345
1344 1406
1347 1348
1347 1362
1347 1369
1350 1412
1353 1362
1353 1363
1353 1370
1353 1371
1353 1374
1354 1361
1354 1379
1354 1385
1354 1417
1354 1459
1354 1488
1355 1356
1355 1361
1355 1385
1355 1392
1355 1402
1356 1374
1357 1362
1357 1366
1357 1370
1357 1373
1357 1375
1357 1378
1358 1376
1358 1383
1358 1387
1358 1392
1359 1369
1359 1373
1359 1482
1360 1363
1360 1367
1360 1374
1360 1474
1361 1367
1361 1385
1361 1402
1361 1459
1361 1465
1361 1478
1361 1489
1361 1520
1362 1363
1362 1366
1362 1369
1362 1370
1362 1373
1363 1364
1363 1365
1363 1367
1363 1369
1363 1374
1363 1381
1363 1474
1363 1481
1363 1482
1364 1365
1364 1367
1364 1379
1364 1459
1364 1465
1364 1469
1364 1482
1364 1490
1365 1366
1365 1367
1365 1374
1366 1368
1366 1370
1366 1371
1366 1375
1366 1377
1367 1374
1367 1465
1367 1474
1367 1487
1368 1372
1368 1377
1368 1378
1368 1379
1368 1384
1368 1386
1369 1381
1369 1481
1370 1371
1370 1375
1370 1380
1371 1374
1371 1383
1371 1387
1372 1375
1372 1378
1373 1378
1373 1386
1375 1382
1376 1377
1376 1382
1376 1383
1376 1413
1376 1422
1376 1423
1377 1382
1377 1383
1377 1384
1377 1422
1379 1386
1379 1490
1381 1481
1383 1387
1383 1392
1385 1409
1385 1417
1385 1422
1386 1490
1388 1399
1388 1409
1388 1410
1388 1413
1388 1421
1389 1390
1389 1399
1389 1400
1389 1401
1389 1403
1389 1404
1389 1406
1390 1391
1390 1394
1390 1396
1390 1403
1390 1404
1390 1406
1390 1410
1391 1394
1391 1396
1391 1410
1391 1415
1391 1507
1391 1520
1392 1409
1392 1424
1393 1394
1393 1410
1393 1414
1393 1415
1394 1410
1394 1414
1394 1425
1394 1516
1395 1397
1395 1401
1396 1405
1396 1425
1396 1498
1396 1507
1397 1421
1398 1400
1398 1404
1398 1406
1398 1419
1399 1404
1399 1407
1399 1421
1400 1401
1400 1404
1400 1406
1400 1407
1400 1412
1401 1403
1402 1420
1402 1520
1403 1405
1403 1409
1403 1424
1404 1407
1404 1411
1404 1416
1406 1419
1407 1412
1407 1416
1408 1411
1408 1413
1408 1416
1409 1410
1409 1422
1410 1415
1411 1416
1413 1418
1413 1422
1413 1423
1414 1516
1415 1417
1415 1520
1417 1418
1417 1422
1418 1422
1419 1425
1419 1439
1420 1503
1425 1498
1425 1499
1425 1507
1425 1516
1426 1432
1426 1442
1426 1472
1426 1476
1427 1432
1427 1433
1427 1438
1427 1441
1427 1452
1427 1529
1428 1431
1428 1435
1428 1440
1428 1444
1428 1446
1428 1447
1428 1458
1429 1442
1429 1454
1429 1472
1429 1531
1430 1433
1430 1437
1430 1446
1430 1450
1430 1451
1430 1452
1430 1505
1431 1433
1431 1434
1431 1445
1431 1447
1431 1451
1431 1458
1432 1529
1432 1539
1432 1540
1433 1437
1433 1438
1433 1441
1433 1442
1434 1442
1434 1447
1434 1449
1434 1471
1435 1440
1435 1447
1435 1448
1435 1455
1436 1438
1436 1440
1436 1446
1436 1450
1436 1453
1437 1441
1437 1445
1437 1451
1438 1452
1438 1541
1439 1443
1439 1446
1439 1451
1439 1505
1439 1514
1440 1444
1440 1448
1440 1453
1442 1449
1442 1471
1442 1472
1443 1444
1443 1458
1444 1446
1445 1449
1446 1450
1446 1515
1447 1463
1448 1454
1448 1456
1448 1521
1449 1486
1450 1452
1450 1457
1450 1505
1450 1513
1451 1458
1452 1457
1452 1529
1453 1521
1453 1523
1453 1536
1454 1455
1454 1456
1454 1464
1454 1468
1454 1531
1454 1571
1455 1463
1455 1464
1455 1468
1456 1468
1457 1512
1457 1533
1457 1596
1459 1465
1459 1469
1459 1483
1459 1488
1459 1489
1460 1461
1460 1466
1460 1467
1460 1469
1460 1470
1460 1477
1460 1479
1461 1467
1461 1479
1461 1485
1462 1472
1462 1476
1462 1477
1462 1540
1462 1568
1462 1580
1462 1584
1463 1470
1463 1481
1464 1468
1464 1477
1464 1561
1464 1571
1465 1469
1465 1474
1465 1478
1465 1487
1466 1467
1466 1475
1466 1477
1466 1480
1466 1484
1467 1483
1467 1489
1467 1504
1469 1473
1469 1482
1469 1483
1470 1471
1470 1477
1470 1479
1470 1482
1471 1472
1471 1473
1471 1486
1472 1476
1472 1477
1473 1475
1473 1482
1473 1486
1473 1490
1474 1481
1474 1487
1475 1477
1475 1480
1476 1540
1477 1584
1478 1487
1478 1489
1478 1503
1479 1487
1480 1484
1480 1568
1482 1490
1483 1488
1483 1489
1483 1492
1483 1518
1484 1582
1485 1491
1488 1518
1489 1492
1489 1504
1489 1520
1491 1501
1491 1504
1491 1603
1491 1604
1492 1494
1492 1495
1492 1504
1492 1518
1493 1500
1493 1501
1493 1502
1493 1509
1493 1519
1493 1591
1493 1604
1493 1616
1494 1495
1494 1497
1494 1499
1494 1507
1494 1520
1495 1499
1495 1511
1496 1508
1496 1519
1496 1582
1496 1604
1496 1613
1497 1500
1497 1502
1497 1503
1497 1507
1498 1499
1498 1507
1498 1514
1499 1507
1499 1514
1499 1516
1500 1502
1500 1509
1500 1513
1501 1502
1501 1504
1501 1604
1505 1511
1505 1512
1505 1513
1505 1517
1506 1511
1506 1516
1506 1517
1508 1519
1508 1597
1509 1510
1509 1511
1509 1513
1509 1616
1510 1519
1510 1585
1510 1596
1510 1597
1511 1512
1511 1513
1513 1514
1513 1515
1514 1515
1519 1589
1519 1604
1521 1536
1521 1541
1521 1545
1522 1524
1522 1528
1522 1542
1522 1543
1522 1547
1523 1533
1523 1536
1523 1601
1523 1614
1523 1616
1524 1528
1524 1544
1524 1550
1524 1551
1525 1534
1525 1546
1525 1554
1526 1529
1526 1530
1526 1532
1526 1533
1526 1537
1526 1539
1526 1543
1526 1555
1527 1535
1527 1558
1527 1559
1527 1563
1527 1580
1528 1545
1528 1549
1528 1552
1528 1554
1529 1532
1529 1539
1530 1533
1530 1536
1530 1539
1530 1541
1530 1543
1531 1540
1531 1541
1531 1571
1532 1538
1532 1539
1533 1596
1533 1601
1534 1548
1534 1553
1535 1544
1535 1563
1536 1546
1537 1547
1537 1555
1537 1590
1537 1608
1538 1539
1538 1543
1539 1541
1540 1580
1541 1545
1542 1547
1543 1547
1544 1550
1544 1563
1544 1583
1545 1549
1546 1548
1546 1601
1548 1615
1549 1554
1549 1559
1551 1552
1551 1566
1551 1581
1552 1553
1552 1554
1553 1554
1555 1608
1556 1558
1556 1568
1556 1573
1556 1576
1556 1580
1556 1584
1557 1574
1557 1602
1557 1606
1557 1619
1558 1559
1558 1562
1558 1563
1558 1569
1558 1580
1558 1581
1559 1569
1559 1571
1559 1580
1559 1581
1560 1562
1560 1575
1561 1565
1561 1571
1561 1573
1561 1584
1562 1575
1563 1580
1563 1583
1564 1565
1564 1572
1564 1573
1564 1576
1564 1582
1564 1620
1566 1569
1566 1570
1566 1577
1566 1581
1567 1570
1567 1577
1569 1570
1569 1573
1569 1581
1570 1581
1571 1580
1572 1578
1572 1599
1572 1600
1572 1620
1574 1575
1575 1577
1576 1579
1576 1582
1576 1584
1577 1578
1578 1600
1582 1613
1582 1620
1585 1596
1585 1597
1585 1608
1585 1609
1586 1588
1586 1600
1586 1617
1587 1590
1587 1592
1587 1598
1587 1610
1588 1593
1588 1611
1588 1617
1589 1594
1589 1595
1589 1604
1589 1609
1590 1592
1590 1608
1590 1618
1591 1594
1591 1595
1591 1616
1592 1607
1592 1608
1593 1598
1593 1610
1593 1611
1593 1612
1593 1615
1594 1595
1594 1598
1594 1607
1594 1612
1595 1598
1595 1601
1596 1601
1597 1609
1598 1607
1598 1612
1599 1606
1599 1619
1599 1620
1601 1614
1601 1616
1602 1605
1602 1606
1603 1604
1604 1620
1605 1606
1605 1611
1606 1607
1606 1619
1607 1611
1610 1615
1611 1617
1613 1619
1613 1620
1614 1616
