0.24468000 0.17882000 0.23264000
0.13766000 0.11216000 0.14227000
0.10129000 0.16092000 0.09833000
0.17879000 0.08278000 0.20519000
0.14816000 0.05348000 0.00540000
0.15097000 0.06905000 0.29319000
0.13648000 0.22273000 0.24787000
0.06411000 0.06855000 0.11161000
0.15032000 0.00715000 0.25703000
0.24702000 0.05165000 0.06721000
0.20423000 0.15552000 0.12793000
0.14304000 0.16430000 0.32747000
0.20374000 0.14612000 0.04902000
0.15471000 0.20463000 0.00219000
0.02152000 0.01693000 0.18368000
0.05569000 0.20801000 0.07344000
0.03007000 0.11118000 0.07351000
0.04493000 0.18990000 0.16509000
0.09596000 0.06080000 0.18711000
0.17071000 0.22155000 0.17443000
0.11089000 0.17321000 0.18226000
0.13821000 0.22113000 0.09105000
0.19983000 0.08876000 0.12507000
0.08464000 0.10104000 0.25144000
0.04544000 0.12430000 0.16437000
0.05708000 0.15595000 0.29136000
0.24076000 0.06081000 0.23447000
0.02185000 0.03404000 0.30683000
0.05252000 0.22509000 0.27268000
0.24006000 0.13236000 0.29044000
0.24685000 0.21161000 0.04273000
0.14498000 0.07544000 0.46490000
0.06360000 0.00317000 0.50523000
0.19733000 0.21155000 0.37822000
0.06674000 0.07392000 0.46692000
0.24767000 0.01572000 0.65380000
0.15754000 0.00514000 0.56680000
0.19073000 0.18731000 0.45823000
0.01780000 0.01085000 0.44928000
0.02525000 0.14009000 0.53617000
0.21754000 0.09707000 0.46711000
0.07801000 0.20668000 0.47879000
0.11025000 0.04375000 0.62935000
0.08931000 0.19209000 0.58138000
0.00930000 0.14157000 0.35386000
0.05305000 0.20110000 0.37360000
0.15508000 0.15495000 0.59041000
0.06098000 0.07812000 0.36775000
0.10731000 0.06479000 0.54333000
0.22291000 0.15192000 0.37524000
0.09202000 0.12136000 0.59978000
0.05542000 0.07151000 0.60105000
0.16734000 0.22854000 0.54863000
0.16437000 0.21699000 0.63345000
0.11311000 0.15275000 0.47232000
0.01669000 0.24418000 0.47974000
0.18946000 0.02612000 0.46796000
0.17219000 0.09793000 0.37979000
0.18114000 0.06851000 0.59546000
0.23527000 0.24006000 0.45977000
0.21571000 0.16577000 0.65960000
0.00655000 0.00741000 0.66410000
0.23520000 0.24921000 0.57740000
0.20995000 0.00097000 0.38241000
0.24048000 0.12374000 0.92715000
0.21091000 0.11541000 0.71838000
0.11783000 0.10890000 0.91470000
0.17864000 0.22366000 0.70584000
0.07437000 0.15250000 0.77430000
0.00601000 0.08595000 0.82589000
0.20203000 0.04379000 0.85641000
0.03855000 0.09341000 0.98842000
0.01112000 0.24754000 0.74965000
0.00337000 0.16895000 0.79567000
0.24362000 0.10500000 0.84108000
0.17094000 0.16687000 0.81777000
0.06757000 0.19683000 0.87821000
0.05041000 0.10125000 0.72145000
0.10520000 0.12863000 0.99430000
0.06376000 0.16958000 0.67175000
0.06898000 0.03197000 0.75295000
0.13657000 0.10260000 0.74356000
0.00456000 0.01234000 0.80830000
0.08572000 0.04938000 0.84138000
0.20422000 0.06418000 0.95067000
0.21583000 0.17451000 0.75368000
0.19398000 0.04527000 0.77288000
0.17502000 0.22583000 0.89747000
0.02715000 0.04800000 0.89272000
0.12780000 0.11012000 0.82371000
0.13363000 0.04427000 0.89724000
0.10105000 0.23596000 0.94631000
0.13617000 0.03865000 0.70664000
0.11817000 0.22765000 0.77939000
0.17138000 0.15278000 0.91729000
0.04129000 0.13557000 0.88003000
0.01506000 0.24622000 0.89538000
0.23760000 0.24010000 0.78435000
0.24775000 0.01569000 0.92323000
0.06630000 0.19039000 0.99222000
0.14597000 0.37291000 0.26347000
0.12784000 0.36546000 0.06564000
0.24382000 0.31323000 0.10193000
0.24595000 0.33687000 0.28292000
0.17869000 0.31873000 0.22599000
0.10879000 0.42279000 0.12699000
0.08995000 0.29413000 0.05032000
0.09166000 0.38243000 0.19053000
0.15805000 0.35216000 0.14306000
0.07466000 0.25110000 0.19527000
0.23020000 0.49209000 0.14010000
0.17086000 0.47080000 0.10357000
0.16926000 0.48654000 0.00816000
0.15283000 0.28100000 0.13376000
0.18585000 0.41709000 0.22191000
0.23947000 0.38938000 0.05962000
0.15042000 0.44151000 0.29208000
0.14577000 0.31873000 0.01268000
0.04516000 0.30548000 0.13890000
0.08935000 0.46575000 0.26234000
0.21048000 0.41690000 0.14327000
0.18669000 0.27146000 0.06122000
0.17952000 0.38501000 0.01843000
0.08157000 0.35533000 0.26551000
0.06228000 0.38432000 0.06530000
0.22278000 0.27348000 0.16411000
0.10880000 0.31863000 0.18494000
0.12179000 0.43402000 0.02902000
0.00315000 0.40202000 0.17514000
0.04038000 0.32089000 0.21994000
0.19065000 0.26353000 0.27864000
0.21545000 0.48281000 0.25465000
0.04590000 0.49401000 0.19046000
0.01078000 0.43420000 0.27241000
0.20359000 0.44011000 0.48410000
0.12111000 0.49280000 0.54494000
0.02730000 0.26958000 0.55351000
0.17432000 0.34595000 0.57676000
0.05838000 0.29283000 0.42912000
0.20405000 0.49339000 0.61720000
0.03716000 0.42707000 0.54715000
0.22429000 0.31738000 0.62224000
0.05968000 0.46921000 0.36786000
0.20519000 0.30821000 0.42511000
0.16517000 0.46681000 0.43007000
0.11921000 0.30927000 0.58001000
0.07119000 0.43724000 0.46785000
0.11681000 0.38199000 0.47822000
0.15488000 0.40558000 0.63306000
0.09964000 0.38949000 0.57072000
0.18876000 0.47494000 0.34706000
0.03117000 0.45779000 0.63270000
0.05313000 0.34423000 0.49744000
0.08118000 0.36460000 0.65069000
0.12360000 0.37362000 0.39867000
0.24080000 0.37587000 0.38443000
0.18938000 0.37405000 0.44723000
0.08532000 0.25791000 0.64088000
0.15842000 0.32393000 0.49224000
0.19895000 0.41857000 0.57089000
0.22441000 0.38317000 0.63453000
0.24125000 0.38042000 0.50792000
0.12483000 0.46980000 0.62957000
0.06304000 0.38952000 0.34712000
0.11249000 0.26982000 0.50662000
0.04594000 0.27803000 0.35129000
0.18298000 0.30726000 0.34087000
0.12289000 0.25802000 0.42615000
0.23710000 0.48425000 0.41653000
0.15961000 0.29992000 0.64837000
0.02432000 0.31912000 0.65854000
0.17637000 0.38044000 0.34010000
0.10563000 0.30524000 0.33396000
0.18411000 0.26545000 0.95969000
0.19155000 0.34594000 0.74939000
0.18860000 0.47350000 0.74295000
0.21873000 0.45267000 0.95927000
0.09151000 0.33721000 0.77488000
0.12878000 0.45190000 0.71191000
0.03664000 0.32842000 0.73865000
0.22679000 0.41575000 0.71153000
0.07568000 0.46975000 0.79936000
0.21548000 0.31324000 0.90380000
0.17691000 0.29848000 0.81857000
0.06605000 0.25583000 0.83445000
0.13893000 0.45143000 0.95438000
0.03411000 0.37704000 0.97795000
0.05672000 0.29969000 0.93214000
0.16348000 0.37019000 0.82661000
0.11704000 0.29043000 0.72348000
0.07146000 0.42994000 0.86325000
0.03373000 0.46616000 0.97709000
0.02194000 0.33863000 0.81049000
0.21814000 0.41209000 0.79489000
0.17986000 0.49142000 0.88242000
0.15167000 0.45832000 0.81105000
0.22559000 0.38868000 0.89520000
0.15567000 0.37201000 0.92907000
0.02724000 0.40800000 0.75469000
0.10507000 0.31207000 0.85380000
0.07363000 0.42288000 0.68124000
0.11355000 0.39937000 0.79072000
0.24937000 0.30836000 0.73069000
0.08959000 0.50463000 0.05361000
0.19209000 0.64554000 0.09385000
0.13326000 0.74524000 0.12863000
0.17755000 0.65559000 0.18795000
0.14792000 0.70269000 0.28358000
0.04040000 0.62403000 0.11196000
0.12540000 0.66219000 0.11247000
0.08718000 0.66549000 0.20415000
0.10492000 0.58896000 0.09074000
0.15294000 0.72739000 0.20295000
0.21758000 0.58580000 0.09933000
0.07065000 0.71414000 0.25685000
0.13195000 0.63636000 0.03943000
0.14873000 0.50194000 0.22019000
0.20781000 0.61856000 0.23857000
0.24629000 0.68322000 0.08513000
0.12636000 0.58357000 0.19702000
0.03877000 0.61782000 0.32025000
0.14040000 0.63509000 0.26320000
0.24079000 0.65220000 0.00748000
0.06520000 0.70608000 0.10969000
0.06248000 0.71799000 0.02939000
0.14770000 0.71887000 0.03161000
0.19600000 0.55184000 0.18141000
0.20369000 0.71205000 0.15033000
0.04610000 0.52665000 0.27955000
0.12389000 0.55311000 0.28606000
0.02424000 0.56884000 0.20711000
0.01294000 0.53124000 0.06648000
0.10700000 0.51363000 0.14545000
0.01479000 0.66657000 0.05121000
0.10944000 0.61319000 0.33252000
0.14907000 0.54501000 0.00000000
0.05562000 0.67619000 0.42394000
0.00019000 0.59294000 0.51219000
0.03864000 0.68343000 0.57025000
0.01171000 0.61792000 0.60955000
0.20410000 0.62515000 0.50856000
0.04896000 0.74502000 0.52747000
0.19611000 0.66315000 0.36794000
0.24877000 0.71183000 0.51882000
0.17861000 0.61971000 0.41668000
0.13522000 0.57166000 0.38169000
0.14521000 0.67309000 0.46047000
0.18611000 0.52396000 0.53412000
0.11275000 0.61240000 0.49454000
0.24791000 0.55021000 0.55169000
0.17232000 0.65770000 0.61513000
0.19321000 0.57116000 0.61789000
0.14552000 0.53330000 0.65212000
0.14579000 0.69716000 0.54991000
0.11210000 0.64319000 0.64999000
0.07468000 0.55732000 0.35263000
0.10309000 0.57964000 0.61155000
0.21619000 0.70265000 0.59783000
0.16392000 0.73704000 0.40940000
0.14161000 0.54072000 0.45438000
0.06714000 0.57836000 0.43419000
0.19131000 0.55255000 0.33591000
0.24463000 0.64295000 0.62393000
0.05241000 0.51111000 0.52266000
0.06243000 0.72788000 0.33727000
0.01091000 0.52743000 0.91414000
0.05270000 0.62556000 0.91081000
0.21446000 0.71549000 0.68739000
0.20862000 0.58049000 0.79933000
0.02964000 0.52957000 0.79747000
0.02996000 0.60952000 0.69620000
0.01715000 0.68755000 0.87795000
0.22834000 0.65420000 0.76573000
0.24022000 0.50442000 0.68986000
0.17737000 0.69735000 0.80512000
0.09565000 0.70322000 0.91178000
0.20614000 0.63928000 0.69381000
0.13870000 0.59472000 0.76493000
0.01327000 0.60253000 0.77535000
0.07527000 0.54480000 0.69869000
0.18152000 0.69995000 0.94877000
0.21091000 0.67695000 0.87599000
0.07740000 0.55750000 0.98197000
0.17001000 0.59363000 0.87062000
0.18540000 0.57485000 0.70640000
0.10145000 0.73515000 0.82272000
0.12187000 0.52708000 0.80343000
0.15994000 0.61501000 0.97265000
0.21686000 0.73862000 0.75931000
0.10921000 0.66399000 0.74933000
0.12987000 0.64799000 0.83003000
0.22714000 0.61740000 0.92111000
0.03571000 0.68600000 0.77482000
0.10832000 0.73606000 0.69757000
0.24762000 0.58356000 0.98786000
0.09093000 0.58515000 0.83718000
0.24362000 0.71285000 0.97793000
0.10437000 0.51342000 0.90060000
0.15118000 0.69269000 0.67147000
0.00975000 0.73466000 0.72370000
0.08651000 0.66465000 0.98954000
0.02957000 0.61243000 0.99776000
0.02175000 0.50302000 0.70859000
0.24687000 0.55045000 0.91334000
0.05848000 0.68873000 0.66702000
0.19977000 0.78525000 0.23088000
0.05951000 0.89270000 0.24412000
0.22842000 0.80947000 0.07850000
0.23110000 0.88688000 0.18504000
0.04186000 0.95333000 0.26451000
0.23298000 0.78382000 0.32440000
0.09557000 0.84338000 0.19079000
0.18898000 0.86252000 0.11275000
0.08410000 0.83214000 0.00781000
0.10260000 0.91392000 0.12527000
0.23665000 0.89861000 0.07163000
0.04682000 0.93769000 0.07825000
0.09933000 0.80362000 0.12299000
0.00633000 0.90598000 0.15402000
0.15367000 0.89859000 0.04910000
0.09617000 0.95498000 0.02574000
0.07983000 0.77435000 0.22051000
0.14006000 0.83528000 0.07381000
0.20724000 0.87206000 0.27648000
0.12039000 0.77719000 0.03895000
0.20703000 0.95496000 0.25636000
0.08567000 0.84327000 0.29739000
0.23004000 0.96615000 0.10468000
0.02556000 0.87180000 0.05594000
0.15610000 0.78141000 0.32490000
0.12199000 0.92239000 0.24811000
0.23267000 0.99062000 0.18317000
0.10565000 0.99150000 0.20064000
0.24714000 0.76360000 0.02100000
0.18584000 0.76234000 0.08184000
0.15407000 0.99604000 0.06740000
0.17969000 0.80470000 0.00173000
0.02030000 0.81246000 0.50792000
0.23516000 0.98115000 0.51619000
0.09335000 0.83888000 0.49627000
0.01035000 0.81712000 0.36432000
0.11347000 0.97602000 0.43940000
0.11967000 0.86706000 0.42047000
0.07377000 0.82865000 0.40509000
0.16736000 0.90855000 0.45656000
0.21341000 0.91002000 0.52263000
0.08154000 0.82694000 0.61439000
0.04581000 0.91716000 0.48035000
0.06031000 0.98453000 0.62857000
0.02340000 0.87321000 0.63958000
0.11230000 0.75965000 0.59792000
0.09888000 0.76852000 0.38628000
0.23226000 0.88655000 0.38481000
0.16647000 0.88992000 0.60538000
0.18071000 0.83153000 0.66428000
0.20313000 0.84542000 0.49842000
0.03572000 0.91105000 0.36012000
0.18648000 0.79600000 0.55328000
0.19156000 0.93887000 0.37073000
0.13133000 0.94257000 0.52971000
0.12668000 0.92557000 0.34728000
0.13547000 0.97077000 0.65278000
0.22576000 0.82811000 0.42819000
0.08167000 0.91268000 0.60849000
0.20673000 0.95996000 0.59103000
0.15417000 0.80754000 0.40533000
0.01684000 0.86946000 0.43298000
0.22311000 0.76909000 0.48523000
0.16598000 0.86351000 0.34840000
0.07782000 0.99277000 0.36955000
0.24886000 0.77226000 0.57904000
0.15749000 0.76774000 0.80039000
0.21851000 0.93579000 0.88557000
0.21582000 0.85805000 0.82224000
0.09130000 0.84326000 0.92774000
0.19412000 0.99007000 0.71654000
0.23705000 0.78540000 0.91317000
0.21211000 0.93342000 0.78757000
0.16188000 0.98011000 0.90110000
0.03709000 0.76121000 0.93129000
0.13288000 0.77256000 0.96081000
0.13931000 0.77677000 0.87282000
0.05200000 0.89378000 0.83836000
0.17610000 0.88445000 0.94824000
0.15659000 0.92939000 0.71660000
0.06611000 0.95971000 0.76044000
0.23360000 0.79318000 0.70285000
0.06818000 0.80132000 0.74704000
0.11798000 0.92428000 0.92564000
0.14894000 0.83553000 0.73626000
0.23425000 0.87624000 0.99692000
0.09220000 0.85794000 0.79681000
0.03862000 0.86607000 0.72543000
0.17985000 0.84039000 0.88681000
0.15748000 0.89911000 0.79501000
0.01576000 0.95947000 0.86758000
0.16404000 0.76816000 0.69527000
0.05941000 0.90209000 0.97679000
0.22546000 0.90638000 0.71616000
0.08925000 0.90561000 0.69716000
0.18202000 0.97052000 0.98818000
0.17130000 0.97800000 0.82716000
0.07546000 0.98250000 0.90112000
0.03115000 0.99846000 0.98107000
0.05154000 0.76854000 0.66883000
0.40459000 0.13025000 0.17178000
0.27952000 0.01061000 0.12653000
0.44818000 0.18341000 0.14599000
0.47692000 0.24980000 0.18992000
0.45958000 0.16751000 0.01368000
0.43553000 0.06478000 0.12460000
0.49103000 0.17723000 0.22464000
0.35000000 0.07190000 0.09829000
0.43994000 0.06704000 0.30214000
0.33985000 0.15144000 0.13624000
0.39817000 0.02793000 0.06039000
0.47887000 0.00442000 0.13030000
0.28043000 0.18980000 0.31088000
0.29204000 0.07248000 0.18346000
0.43993000 0.13223000 0.08548000
0.49045000 0.02009000 0.23774000
0.43620000 0.12029000 0.25013000
0.26742000 0.12873000 0.15124000
0.39424000 0.08733000 0.02207000
0.40639000 0.18816000 0.21519000
0.28658000 0.15555000 0.04339000
0.30198000 0.14442000 0.22866000
0.34132000 0.03469000 0.24277000
0.28483000 0.23558000 0.18546000
0.47758000 0.06533000 0.06403000
0.36396000 0.09531000 0.24041000
0.39049000 0.19254000 0.04171000
0.49592000 0.11971000 0.14812000
0.39393000 0.15770000 0.28384000
0.26262000 0.19533000 0.12071000
0.49373000 0.00473000 0.02518000
0.27016000 0.01847000 0.28447000
0.43885000 0.24013000 0.09754000
0.40590000 0.01619000 0.25673000
0.33907000 0.21820000 0.12596000
0.48154000 0.22309000 0.28486000
0.29536000 0.07979000 0.00953000
0.33507000 0.24300000 0.00536000
0.35193000 0.01741000 0.00566000
0.36792000 0.00054000 0.14090000
0.25181000 0.06316000 0.37382000
0.28694000 0.15855000 0.40848000
0.40312000 0.13993000 0.50148000
0.28296000 0.02677000 0.53709000
0.27336000 0.23779000 0.37518000
0.28456000 0.18504000 0.65152000
0.33785000 0.13395000 0.51645000
0.31648000 0.09969000 0.40503000
0.47615000 0.15486000 0.48012000
0.48505000 0.02772000 0.56840000
0.26241000 0.18254000 0.55333000
0.37263000 0.06778000 0.60949000
0.46458000 0.08667000 0.44662000
0.42506000 0.20704000 0.61686000
0.41601000 0.12629000 0.59994000
0.39502000 0.24458000 0.46889000
0.35706000 0.20332000 0.41307000
0.39610000 0.12686000 0.38855000
0.34733000 0.15555000 0.59926000
0.31264000 0.20347000 0.49570000
0.36517000 0.04819000 0.43064000
0.43440000 0.19991000 0.51938000
0.36910000 0.22894000 0.57556000
0.45169000 0.16112000 0.34269000
0.38811000 0.07636000 0.53210000
0.48516000 0.18589000 0.40701000
0.41641000 0.01632000 0.58174000
0.32244000 0.01465000 0.60980000
0.27726000 0.10184000 0.52942000
0.47892000 0.10610000 0.37160000
0.34315000 0.14953000 0.34800000
0.47943000 0.10387000 0.66310000
0.48405000 0.01116000 0.36698000
0.32359000 0.04367000 0.34403000
0.40376000 0.22259000 0.33472000
0.45503000 0.10792000 0.83476000
0.37973000 0.23401000 0.81223000
0.35043000 0.13649000 0.98971000
0.48179000 0.05846000 0.90523000
0.36755000 0.08251000 0.70950000
0.42604000 0.10207000 0.91974000
0.43097000 0.16746000 0.73140000
0.40557000 0.12300000 0.77741000
0.28215000 0.08933000 0.70333000
0.42412000 0.03656000 0.71011000
0.33289000 0.12823000 0.78502000
0.31617000 0.20197000 0.73143000
0.43116000 0.03460000 0.99414000
0.35964000 0.07658000 0.90330000
0.37971000 0.19513000 0.87047000
0.40880000 0.16098000 0.93592000
0.32654000 0.13923000 0.91116000
0.26339000 0.19923000 0.94992000
0.33784000 0.06320000 0.82812000
0.41921000 0.01220000 0.90925000
0.32108000 0.13910000 0.70102000
0.49967000 0.19288000 0.71725000
0.47944000 0.19600000 0.94460000
0.26839000 0.14394000 0.77636000
0.29219000 0.07022000 0.92235000
0.47856000 0.04801000 0.79598000
0.27411000 0.17640000 0.84670000
0.40401000 0.04364000 0.82094000
0.28529000 0.02323000 0.78562000
0.38501000 0.18115000 0.67234000
0.48186000 0.18687000 0.82685000
0.49208000 0.12003000 0.96111000
0.30634000 0.24629000 0.79224000
0.42625000 0.24987000 0.74755000
0.29924000 0.48431000 0.32757000
0.46157000 0.29696000 0.24543000
0.28091000 0.48575000 0.19120000
0.28954000 0.26286000 0.27912000
0.30942000 0.31007000 0.16026000
0.26188000 0.40251000 0.25028000
0.41508000 0.30162000 0.15558000
0.35160000 0.25195000 0.20014000
0.33748000 0.31420000 0.24132000
0.38012000 0.38747000 0.11248000
0.49318000 0.46212000 0.20626000
0.38534000 0.28745000 0.07659000
0.45718000 0.39532000 0.31012000
0.29181000 0.40737000 0.00460000
0.30004000 0.35161000 0.06639000
0.43281000 0.34894000 0.02651000
0.27843000 0.45431000 0.06988000
0.44844000 0.39838000 0.21656000
0.39235000 0.35796000 0.19513000
0.33963000 0.39246000 0.22771000
0.33727000 0.44708000 0.15649000
0.41819000 0.47802000 0.16772000
0.28620000 0.28323000 0.04311000
0.31308000 0.41901000 0.31487000
0.36263000 0.42233000 0.04306000
0.47972000 0.27529000 0.04736000
0.29027000 0.37976000 0.14496000
0.48735000 0.42865000 0.12042000
0.43062000 0.43683000 0.08259000
0.38011000 0.47137000 0.24697000
0.47367000 0.32307000 0.11893000
0.35647000 0.25241000 0.28712000
0.39458000 0.49922000 0.10105000
0.25182000 0.34595000 0.18382000
0.39115000 0.45053000 0.33284000
0.47265000 0.49944000 0.27259000
0.32030000 0.33731000 0.33377000
0.40660000 0.37127000 0.34304000
0.39161000 0.43284000 0.45871000
0.42931000 0.30435000 0.46660000
0.34759000 0.28751000 0.49008000
0.31324000 0.36733000 0.40960000
0.44683000 0.48711000 0.58452000
0.34102000 0.42348000 0.53263000
0.40298000 0.28627000 0.60320000
0.34811000 0.35476000 0.51559000
0.44203000 0.31931000 0.54927000
0.48953000 0.30498000 0.64946000
0.46290000 0.45609000 0.44198000
0.34239000 0.32313000 0.59696000
0.45000000 0.40280000 0.52686000
0.28891000 0.48956000 0.55706000
0.27945000 0.35527000 0.59442000
0.26207000 0.26414000 0.65645000
0.38010000 0.33265000 0.41103000
0.31077000 0.42779000 0.64187000
0.40045000 0.46496000 0.52921000
0.31365000 0.29822000 0.41278000
0.29487000 0.45681000 0.47427000
0.39425000 0.38072000 0.57630000
0.41445000 0.44728000 0.64028000
0.46648000 0.38118000 0.62673000
0.28296000 0.43245000 0.39063000
0.27686000 0.27294000 0.50199000
0.46593000 0.26252000 0.52112000
0.34882000 0.49121000 0.42885000
0.48288000 0.26730000 0.43084000
0.30746000 0.26027000 0.57587000
0.38240000 0.29651000 0.35089000
0.49379000 0.38650000 0.38332000
0.49983000 0.31809000 0.35249000
0.36403000 0.37197000 0.77692000
0.46890000 0.46536000 0.91655000
0.38269000 0.26872000 0.87968000
0.45107000 0.36496000 0.82930000
0.46250000 0.43689000 0.78010000
0.29127000 0.44082000 0.79021000
0.44491000 0.29278000 0.85149000
0.34813000 0.42201000 0.83937000
0.36515000 0.30178000 0.77449000
0.36631000 0.33415000 0.97027000
0.39234000 0.34641000 0.87152000
0.46469000 0.27271000 0.96065000
0.39882000 0.45754000 0.86692000
0.47999000 0.41709000 0.70962000
0.38997000 0.26055000 0.95547000
0.28310000 0.37421000 0.83326000
0.46731000 0.31856000 0.75978000
0.36648000 0.36559000 0.69824000
0.36225000 0.25342000 0.69968000
0.45087000 0.35234000 0.94977000
0.31635000 0.29869000 0.71319000
0.33236000 0.36189000 0.90457000
0.40788000 0.41701000 0.71751000
0.29314000 0.37540000 0.69286000
0.31841000 0.45579000 0.90057000
0.28905000 0.32049000 0.95587000
0.42687000 0.27124000 0.67312000
0.34033000 0.43084000 0.72844000
0.44134000 0.49054000 0.99187000
0.30687000 0.27882000 0.88777000
0.38606000 0.48600000 0.74212000
0.42971000 0.39934000 0.89207000
0.44033000 0.35079000 0.69189000
0.48365000 0.47080000 0.67204000
0.49944000 0.39457000 0.98069000
0.40566000 0.55650000 0.17748000
0.47777000 0.53711000 0.08081000
0.27499000 0.71217000 0.18479000
0.28137000 0.57660000 0.10770000
0.47238000 0.56907000 0.15887000
0.49471000 0.66413000 0.20570000
0.32969000 0.56856000 0.23571000
0.33813000 0.52520000 0.17529000
0.27142000 0.59116000 0.18698000
0.26897000 0.64595000 0.26121000
0.41122000 0.69089000 0.24468000
0.41792000 0.68261000 0.06828000
0.32069000 0.69477000 0.07696000
0.37041000 0.60258000 0.11116000
0.36753000 0.56090000 0.31822000
0.33428000 0.63353000 0.00832000
0.43069000 0.71378000 0.13354000
0.35284000 0.71460000 0.18441000
0.36452000 0.53754000 0.04946000
0.43522000 0.58491000 0.05835000
0.37196000 0.70907000 0.00750000
0.42154000 0.63019000 0.19191000
0.47900000 0.65322000 0.07563000
0.48266000 0.71432000 0.02694000
0.26447000 0.52559000 0.25086000
0.31059000 0.56075000 0.01703000
0.25775000 0.51244000 0.04699000
0.31205000 0.65179000 0.15897000
0.44084000 0.57893000 0.25417000
0.29644000 0.63062000 0.07096000
0.25065000 0.70666000 0.32203000
0.36722000 0.68207000 0.33090000
0.41278000 0.61768000 0.33252000
0.39206000 0.70311000 0.41603000
0.29259000 0.58396000 0.65118000
0.36129000 0.72638000 0.65388000
0.44360000 0.55671000 0.60425000
0.43527000 0.68020000 0.59668000
0.31726000 0.64741000 0.59990000
0.31583000 0.72577000 0.57667000
0.44264000 0.50788000 0.34283000
0.45815000 0.62167000 0.47102000
0.36075000 0.58427000 0.39860000
0.26988000 0.61614000 0.53428000
0.45807000 0.63131000 0.66107000
0.38987000 0.62390000 0.51432000
0.31188000 0.67155000 0.51473000
0.36565000 0.55044000 0.58030000
0.40330000 0.71547000 0.52712000
0.38549000 0.62890000 0.59320000
0.34203000 0.50021000 0.61792000
0.41200000 0.55012000 0.46537000
0.32475000 0.71026000 0.43594000
0.45337000 0.68371000 0.43374000
0.31746000 0.52670000 0.49375000
0.46490000 0.60110000 0.39278000
0.27086000 0.63456000 0.35762000
0.47524000 0.53338000 0.45589000
0.25642000 0.67058000 0.44585000
0.26313000 0.56479000 0.45166000
0.35232000 0.74530000 0.76401000
0.49728000 0.66630000 0.75606000
0.44896000 0.65999000 0.98591000
0.43378000 0.69047000 0.68617000
0.28915000 0.73027000 0.68517000
0.45336000 0.52677000 0.70024000
0.27682000 0.60265000 0.81529000
0.31948000 0.74639000 0.94263000
0.32101000 0.70595000 0.86648000
0.25715000 0.55720000 0.72213000
0.34833000 0.57554000 0.91910000
0.37330000 0.51742000 0.80732000
0.44423000 0.50585000 0.80707000
0.30005000 0.67600000 0.94710000
0.39410000 0.68263000 0.93469000
0.46390000 0.71556000 0.93446000
0.32992000 0.52059000 0.88009000
0.37438000 0.58669000 0.79066000
0.29146000 0.70691000 0.78948000
0.34086000 0.65158000 0.80353000
0.40903000 0.56444000 0.85669000
0.49122000 0.57447000 0.67976000
0.26085000 0.51837000 0.79762000
0.44777000 0.56312000 0.98207000
0.46858000 0.61600000 0.83677000
0.30467000 0.63239000 0.87512000
0.38302000 0.67632000 0.75312000
0.41033000 0.68685000 0.84796000
0.32054000 0.54655000 0.75452000
0.29169000 0.62454000 0.74507000
0.42190000 0.61095000 0.91089000
0.41949000 0.57800000 0.73268000
0.38067000 0.57626000 0.99355000
0.35001000 0.63225000 0.67966000
0.27623000 0.50056000 0.97620000
0.38484000 0.50093000 0.93943000
0.37909000 0.83927000 0.09504000
0.30002000 0.75406000 0.29533000
0.46401000 0.76667000 0.00272000
0.46247000 0.88382000 0.09977000
0.48349000 0.89751000 0.01897000
0.42342000 0.91656000 0.19613000
0.31472000 0.95286000 0.03106000
0.48731000 0.93793000 0.22702000
0.47872000 0.95302000 0.30669000
0.29389000 0.81538000 0.13194000
0.39419000 0.78481000 0.21353000
0.38586000 0.77091000 0.03133000
0.33464000 0.86142000 0.31191000
0.44712000 0.77784000 0.16200000
0.39838000 0.84648000 0.17340000
0.30839000 0.93655000 0.22414000
0.43901000 0.87230000 0.29618000
0.38564000 0.95682000 0.07434000
0.36420000 0.83132000 0.01032000
0.29224000 0.84288000 0.02888000
0.29152000 0.88473000 0.13848000
0.48323000 0.82035000 0.12547000
0.44925000 0.81021000 0.25431000
0.38622000 0.89761000 0.25857000
0.33509000 0.84274000 0.21091000
0.40927000 0.89205000 0.03294000
0.27103000 0.91266000 0.29259000
0.33616000 0.75800000 0.10602000
0.35389000 0.89755000 0.12375000
0.34919000 0.93626000 0.31947000
0.49173000 0.75236000 0.29737000
0.27721000 0.79960000 0.21953000
0.25848000 0.75068000 0.09208000
0.25028000 0.99764000 0.00893000
0.41167000 0.93552000 0.64324000
0.34573000 0.91060000 0.60546000
0.39661000 0.78981000 0.45500000
0.33763000 0.90476000 0.46087000
0.29698000 0.77492000 0.50402000
0.27588000 0.94393000 0.61711000
0.44079000 0.94296000 0.40541000
0.46056000 0.83038000 0.55375000
0.45405000 0.82483000 0.35207000
0.46991000 0.76745000 0.38976000
0.28250000 0.91622000 0.51291000
0.43045000 0.98407000 0.47113000
0.36514000 0.77282000 0.54323000
0.32667000 0.79955000 0.42562000
0.33175000 0.82260000 0.60562000
0.41054000 0.77197000 0.36315000
0.49439000 0.76463000 0.62656000
0.27261000 0.86390000 0.60572000
0.38109000 0.89178000 0.39044000
0.34412000 0.98399000 0.37766000
0.36615000 0.99199000 0.53079000
0.41328000 0.90188000 0.57375000
0.30834000 0.84548000 0.52195000
0.30528000 0.88087000 0.38067000
0.38639000 0.84562000 0.50777000
0.48821000 0.90144000 0.35373000
0.45510000 0.87180000 0.42737000
0.41598000 0.75928000 0.61114000
0.39213000 0.85914000 0.64348000
0.47814000 0.96275000 0.65544000
0.47830000 0.79430000 0.47844000
0.25239000 0.77049000 0.40552000
0.27707000 0.99541000 0.39438000
0.41571000 0.97242000 0.34216000
0.34543000 0.78560000 0.33455000
0.37252000 0.90751000 0.85914000
0.32896000 0.91771000 0.80300000
0.41543000 0.76777000 0.86074000
0.29028000 0.81107000 0.95225000
0.40734000 0.77193000 0.71407000
0.46322000 0.91553000 0.72050000
0.27477000 0.78248000 0.77690000
0.27166000 0.95918000 0.76287000
0.49598000 0.77098000 0.74619000
0.31942000 0.93142000 0.89150000
0.32076000 0.92831000 0.68039000
0.36120000 0.83008000 0.72188000
0.29623000 0.83690000 0.83862000
0.46198000 0.97281000 0.82596000
0.42947000 0.94148000 0.88861000
0.28636000 0.85127000 0.69297000
0.34216000 0.85225000 0.91581000
0.42650000 0.87380000 0.90027000
0.27379000 0.87645000 0.92178000
0.46155000 0.97810000 0.75047000
0.38222000 0.85148000 0.80845000
0.36392000 0.96301000 0.94990000
0.42676000 0.92173000 0.96611000
0.40053000 0.93103000 0.73051000
0.34221000 0.76794000 0.83668000
0.44880000 0.86059000 0.80623000
0.46574000 0.78748000 0.90017000
0.28451000 0.95746000 0.95914000
0.38810000 0.80074000 0.91514000
0.25118000 0.98481000 0.84672000
0.34489000 0.90168000 0.98751000
0.48326000 0.79375000 0.82467000
0.35108000 0.99382000 0.78834000
0.49208000 0.94716000 0.95112000
0.44751000 0.84255000 0.99813000
0.32060000 0.99835000 0.69822000
0.54056000 0.10680000 0.04690000
0.66046000 0.01756000 0.13014000
0.54358000 0.11913000 0.26127000
0.58909000 0.05581000 0.09699000
0.52122000 0.05949000 0.32103000
0.65179000 0.00050000 0.30438000
0.73426000 0.10026000 0.20495000
0.74451000 0.15048000 0.03595000
0.72077000 0.17447000 0.19983000
0.68752000 0.20526000 0.12368000
0.58862000 0.08686000 0.20956000
0.73137000 0.11072000 0.30927000
0.66032000 0.18328000 0.23908000
0.64705000 0.18428000 0.03004000
0.66167000 0.12932000 0.08416000
0.56281000 0.23311000 0.15076000
0.56137000 0.16979000 0.20366000
0.63301000 0.01152000 0.03255000
0.70336000 0.02685000 0.22470000
0.70056000 0.18664000 0.32271000
0.60830000 0.21212000 0.29365000
0.65308000 0.07782000 0.01393000
0.63505000 0.10610000 0.28125000
0.65935000 0.12597000 0.18261000
0.59423000 0.15132000 0.07686000
0.72701000 0.21588000 0.01050000
0.72949000 0.02245000 0.30459000
0.55197000 0.02879000 0.20114000
0.51283000 0.20786000 0.05568000
0.57422000 0.15056000 0.33096000
0.74885000 0.06471000 0.13022000
0.54482000 0.21210000 0.32965000
0.62244000 0.08909000 0.37625000
0.51331000 0.16281000 0.57138000
0.53411000 0.08493000 0.55957000
0.65727000 0.22583000 0.53988000
0.69039000 0.10264000 0.65889000
0.55884000 0.00561000 0.61379000
0.61329000 0.06705000 0.45567000
0.51281000 0.22397000 0.48537000
0.54571000 0.03397000 0.47029000
0.72656000 0.13888000 0.49744000
0.61718000 0.17136000 0.40897000
0.68764000 0.11250000 0.37291000
0.72281000 0.21552000 0.59719000
0.54302000 0.13896000 0.50305000
0.57688000 0.19824000 0.46507000
0.68218000 0.06147000 0.48829000
0.58955000 0.12122000 0.63921000
0.60566000 0.23180000 0.64406000
0.68471000 0.14461000 0.56417000
0.56309000 0.02441000 0.38416000
0.61202000 0.10690000 0.53526000
0.62994000 0.04490000 0.63044000
0.67198000 0.02615000 0.41239000
0.70661000 0.06636000 0.57053000
0.70258000 0.20709000 0.45925000
0.57004000 0.13055000 0.41371000
0.73320000 0.01441000 0.64126000
0.74172000 0.07600000 0.44810000
0.54035000 0.15402000 0.76614000
0.57567000 0.23033000 0.89273000
0.73569000 0.01992000 0.72427000
0.64648000 0.04318000 0.91314000
0.60073000 0.10337000 0.96120000
0.65982000 0.10665000 0.76361000
0.52018000 0.15743000 0.90299000
0.53994000 0.04728000 0.85753000
0.57391000 0.10438000 0.86081000
0.53043000 0.04317000 0.67771000
0.67007000 0.22264000 0.76954000
0.69719000 0.08298000 0.82694000
0.71251000 0.08446000 0.94827000
0.66183000 0.15099000 0.86570000
0.70522000 0.18097000 0.81266000
0.69908000 0.15371000 0.71699000
0.68991000 0.01731000 0.97693000
0.59289000 0.16868000 0.84520000
0.61450000 0.06466000 0.70076000
0.54205000 0.05392000 0.97523000
0.57843000 0.19837000 0.70501000
0.60808000 0.20477000 0.78201000
0.55030000 0.03087000 0.75860000
0.66071000 0.14634000 0.94701000
0.51529000 0.08760000 0.75838000
0.58545000 0.16558000 0.92597000
0.65006000 0.22092000 0.90784000
0.56008000 0.22093000 0.97888000
0.71784000 0.23894000 0.86541000
0.73028000 0.02122000 0.81643000
0.74658000 0.22120000 0.75635000
0.64826000 0.24895000 0.69855000
0.66577000 0.42002000 0.23665000
0.54092000 0.29245000 0.08159000
0.60096000 0.39700000 0.14728000
0.70074000 0.35064000 0.28880000
0.72099000 0.43478000 0.17604000
0.52409000 0.35795000 0.06403000
0.62330000 0.32066000 0.03017000
0.54209000 0.44653000 0.07901000
0.70630000 0.27821000 0.19673000
0.62815000 0.38994000 0.32343000
0.62989000 0.42332000 0.02225000
0.67603000 0.33964000 0.22097000
0.55563000 0.25984000 0.26260000
0.69018000 0.40545000 0.10841000
0.59430000 0.45945000 0.15399000
0.70084000 0.34745000 0.14448000
0.70393000 0.42814000 0.31028000
0.73728000 0.47431000 0.10339000
0.68956000 0.34350000 0.03705000
0.52756000 0.33798000 0.17267000
0.53330000 0.31893000 0.26280000
0.60018000 0.25778000 0.05683000
0.61219000 0.32708000 0.17272000
0.52231000 0.42428000 0.30631000
0.74140000 0.42152000 0.04641000
0.58675000 0.37266000 0.04883000
0.56118000 0.42729000 0.23769000
0.59998000 0.31548000 0.30653000
0.65546000 0.29923000 0.08872000
0.63622000 0.25422000 0.25463000
0.63442000 0.46238000 0.30322000
0.72438000 0.29254000 0.32365000
0.73093000 0.30350000 0.07748000
0.51644000 0.49794000 0.02551000
0.67133000 0.49695000 0.13948000
0.73892000 0.37597000 0.21634000
0.63383000 0.25943000 0.16724000
0.64575000 0.49559000 0.03951000
0.54427000 0.30529000 0.00535000
0.52845000 0.49924000 0.15109000
0.58301000 0.30239000 0.41397000
0.51414000 0.46259000 0.39016000
0.72856000 0.30329000 0.50338000
0.60117000 0.44626000 0.50385000
0.61398000 0.27194000 0.47721000
0.52132000 0.46378000 0.49637000
0.51360000 0.31902000 0.51001000
0.52125000 0.32881000 0.43282000
0.66379000 0.34897000 0.54021000
0.63408000 0.34389000 0.44164000
0.73651000 0.32436000 0.39969000
0.69132000 0.38068000 0.63171000
0.63597000 0.42596000 0.56348000
0.56953000 0.42989000 0.42336000
0.67976000 0.27649000 0.44558000
0.67039000 0.29579000 0.64100000
0.69774000 0.45710000 0.55155000
0.57949000 0.36309000 0.48974000
0.60081000 0.35495000 0.57372000
0.56460000 0.28152000 0.61440000
0.72275000 0.38092000 0.51546000
0.50440000 0.38856000 0.46615000
0.63059000 0.47081000 0.63775000
0.71690000 0.39701000 0.37069000
0.68922000 0.42823000 0.43495000
0.59066000 0.40702000 0.66078000
0.66312000 0.25490000 0.36547000
0.70594000 0.48340000 0.65678000
0.51437000 0.41552000 0.56366000
0.55386000 0.25775000 0.53104000
0.59341000 0.26434000 0.35436000
0.74883000 0.45834000 0.60764000
0.51555000 0.46028000 0.82872000
0.71793000 0.28926000 0.97684000
0.65263000 0.44242000 0.89308000
0.61049000 0.46143000 0.83264000
0.56270000 0.34824000 0.68396000
0.63395000 0.33973000 0.68332000
0.72726000 0.37735000 0.96664000
0.70785000 0.39200000 0.86572000
0.59354000 0.34893000 0.84528000
0.51660000 0.32299000 0.87178000
0.62706000 0.44950000 0.71843000
0.58032000 0.27606000 0.71208000
0.69864000 0.45990000 0.79411000
0.55891000 0.47150000 0.67076000
0.60649000 0.26365000 0.83129000
0.59121000 0.31666000 0.93086000
0.52726000 0.44199000 0.90682000
0.64188000 0.38380000 0.94194000
0.51056000 0.26607000 0.72958000
0.74075000 0.28888000 0.66702000
0.56705000 0.38497000 0.90566000
0.65262000 0.37349000 0.80752000
0.68238000 0.38101000 0.72014000
0.52004000 0.49357000 0.74113000
0.68677000 0.28584000 0.81246000
0.71558000 0.47281000 0.89664000
0.52919000 0.36441000 0.80621000
0.53610000 0.28629000 0.79543000
0.60510000 0.33446000 0.76947000
0.65701000 0.32583000 0.89725000
0.59168000 0.40273000 0.77973000
0.50746000 0.25134000 0.90714000
0.56463000 0.47297000 0.96626000
0.69354000 0.45361000 0.98637000
0.63815000 0.49312000 0.95374000
0.73779000 0.42996000 0.72595000
0.60085000 0.66317000 0.22295000
0.53850000 0.61471000 0.07175000
0.67405000 0.66325000 0.20284000
0.52623000 0.53888000 0.21906000
0.54372000 0.71252000 0.26896000
0.68430000 0.56125000 0.10045000
0.73707000 0.50707000 0.18169000
0.59458000 0.65194000 0.03483000
0.56276000 0.60640000 0.19380000
0.72510000 0.67221000 0.01734000
0.70866000 0.74592000 0.07549000
0.74692000 0.51277000 0.26504000
0.57299000 0.50141000 0.08380000
0.62586000 0.65190000 0.30387000
0.72547000 0.56222000 0.02253000
0.59283000 0.74010000 0.30576000
0.57631000 0.56278000 0.09465000
0.62622000 0.60032000 0.13915000
0.69424000 0.59068000 0.19287000
0.70535000 0.57277000 0.28002000
0.66262000 0.63710000 0.00940000
0.58709000 0.73021000 0.17301000
0.66297000 0.73587000 0.26469000
0.60366000 0.53180000 0.17005000
0.59105000 0.72358000 0.06589000
0.58866000 0.50140000 0.25092000
0.59142000 0.59579000 0.31003000
0.52019000 0.60759000 0.25678000
0.72123000 0.65369000 0.30791000
0.51636000 0.70064000 0.14245000
0.55420000 0.65855000 0.32338000
0.68089000 0.50153000 0.33123000
0.50349000 0.60244000 0.00218000
0.51167000 0.74843000 0.20001000
0.72826000 0.51206000 0.45384000
0.51355000 0.66231000 0.50122000
0.56857000 0.72025000 0.43969000
0.71725000 0.72442000 0.57585000
0.56126000 0.52943000 0.34602000
0.63301000 0.62113000 0.41290000
0.58975000 0.62281000 0.49004000
0.62525000 0.67348000 0.54024000
0.55870000 0.56105000 0.46842000
0.51726000 0.53942000 0.52170000
0.63670000 0.51582000 0.42547000
0.58971000 0.50797000 0.55226000
0.60842000 0.72307000 0.63225000
0.51093000 0.59186000 0.59020000
0.70167000 0.59866000 0.36630000
0.68130000 0.56319000 0.46745000
0.72057000 0.64626000 0.44010000
0.64107000 0.70949000 0.47671000
0.56519000 0.65679000 0.40823000
0.60628000 0.56809000 0.59731000
0.71662000 0.55453000 0.60382000
0.53915000 0.74148000 0.36687000
0.69513000 0.64308000 0.52468000
0.64930000 0.62907000 0.59307000
0.63449000 0.68366000 0.38223000
0.53484000 0.63327000 0.66380000
0.62753000 0.55533000 0.36050000
0.72139000 0.70596000 0.49485000
0.55588000 0.67599000 0.58436000
0.54354000 0.51776000 0.60665000
0.74672000 0.60911000 0.63127000
0.53950000 0.73943000 0.50742000
0.69182000 0.72827000 0.41776000
0.50014000 0.70738000 0.56204000
0.74006000 0.67068000 0.72926000
0.56628000 0.63723000 0.96234000
0.64567000 0.54391000 0.85467000
0.62550000 0.66264000 0.67965000
0.53468000 0.74581000 0.94921000
0.59711000 0.51390000 0.73961000
0.51642000 0.61141000 0.89308000
0.71611000 0.56080000 0.80710000
0.59894000 0.70244000 0.82577000
0.51642000 0.72380000 0.69159000
0.68950000 0.54129000 0.92433000
0.70952000 0.72637000 0.76789000
0.56876000 0.56719000 0.78642000
0.63633000 0.64273000 0.86593000
0.65486000 0.71981000 0.95377000
0.64416000 0.57211000 0.77657000
0.59747000 0.69349000 0.91221000
0.59258000 0.71048000 0.74365000
0.70822000 0.72536000 0.85718000
0.71245000 0.62079000 0.82704000
0.57534000 0.56118000 0.86788000
0.53571000 0.64601000 0.81981000
0.51528000 0.54503000 0.91222000
0.69294000 0.56790000 0.68967000
0.68158000 0.62394000 0.74044000
0.59889000 0.55865000 0.67897000
0.60357000 0.62612000 0.76241000
0.68959000 0.65595000 0.94538000
0.50702000 0.53744000 0.82893000
0.64757000 0.56890000 0.98386000
0.74229000 0.50515000 0.97338000
0.74626000 0.61822000 0.91103000
0.50861000 0.59663000 0.78184000
0.74842000 0.70802000 0.94335000
0.54597000 0.69934000 0.99769000
0.50023000 0.71098000 0.83634000
0.71775000 0.95529000 0.14742000
0.69656000 0.87920000 0.29774000
0.73204000 0.83799000 0.15139000
0.57992000 0.82226000 0.01509000
0.55293000 0.98315000 0.07337000
0.61142000 0.89344000 0.00922000
0.56298000 0.84959000 0.10037000
0.57245000 0.97446000 0.28536000
0.65147000 0.94434000 0.04490000
0.59370000 0.99808000 0.15391000
0.63205000 0.95936000 0.23978000
0.64755000 0.80783000 0.13807000
0.54397000 0.88352000 0.25389000
0.54632000 0.91528000 0.07942000
0.59294000 0.80027000 0.27128000
0.72014000 0.82029000 0.23802000
0.55144000 0.94542000 0.20518000
0.58774000 0.90468000 0.31809000
0.59240000 0.89352000 0.15618000
0.64714000 0.78005000 0.05668000
0.68804000 0.88997000 0.21087000
0.72418000 0.75238000 0.16284000
0.56429000 0.80251000 0.19463000
0.64039000 0.84668000 0.21973000
0.66586000 0.87668000 0.06535000
0.73094000 0.95122000 0.32466000
0.71363000 0.82388000 0.06527000
0.66760000 0.92134000 0.12510000
0.50117000 0.88964000 0.16594000
0.53284000 0.75637000 0.08073000
0.55318000 0.93377000 0.00006000
0.74902000 0.88935000 0.02672000
0.67293000 0.77353000 0.33212000
0.62661000 0.80996000 0.48040000
0.51532000 0.81747000 0.58932000
0.73763000 0.86491000 0.38619000
0.59117000 0.94405000 0.55037000
0.66048000 0.94045000 0.58658000
0.53148000 0.81279000 0.35398000
0.54864000 0.89303000 0.38641000
0.74576000 0.90511000 0.56799000
0.58141000 0.78629000 0.40948000
0.72329000 0.79861000 0.40185000
0.66277000 0.93680000 0.35196000
0.67120000 0.88466000 0.40159000
0.60485000 0.82717000 0.64697000
0.51581000 0.92718000 0.44240000
0.70855000 0.86199000 0.63017000
0.59984000 0.89711000 0.62290000
0.66135000 0.86800000 0.52753000
0.58501000 0.77735000 0.53927000
0.52079000 0.87747000 0.53006000
0.61953000 0.97964000 0.42126000
0.61137000 0.88281000 0.47739000
0.62996000 0.82817000 0.35838000
0.54443000 0.96027000 0.35873000
0.74176000 0.91265000 0.44353000
0.50743000 0.89709000 0.63720000
0.68304000 0.80835000 0.58859000
0.53982000 0.84121000 0.44750000
0.56304000 0.94945000 0.65615000
0.72539000 0.77330000 0.46864000
0.50857000 0.96065000 0.57836000
0.74577000 0.85947000 0.49669000
0.63608000 0.98243000 0.66037000
0.70240000 0.99648000 0.54976000
0.65900000 0.75906000 0.54018000
0.72319000 0.79739000 0.65897000
0.51527000 0.88251000 0.89172000
0.52423000 0.86727000 0.71300000
0.54897000 0.79010000 0.67590000
0.68124000 0.97864000 0.84647000
0.58731000 0.99857000 0.95813000
0.59190000 0.90842000 0.93304000
0.61973000 0.89324000 0.84776000
0.66340000 0.78945000 0.78512000
0.67674000 0.86676000 0.79885000
0.53685000 0.92242000 0.82309000
0.72535000 0.82912000 0.77587000
0.53146000 0.81070000 0.88174000
0.60586000 0.94982000 0.81280000
0.60799000 0.83807000 0.94081000
0.63389000 0.95974000 0.91412000
0.58013000 0.84465000 0.80880000
0.74547000 0.84796000 0.88487000
0.51828000 0.84470000 0.98117000
0.70108000 0.94757000 0.96122000
0.60173000 0.76901000 0.86305000
0.70453000 0.87562000 0.95032000
0.69851000 0.94647000 0.67191000
0.64775000 0.96524000 0.75019000
0.55193000 0.93217000 0.75102000
0.70214000 0.91277000 0.86572000
0.70693000 0.91104000 0.74186000
0.67891000 0.82442000 0.85780000
0.60157000 0.79838000 0.73610000
0.70245000 0.80432000 0.95189000
0.60247000 0.87816000 0.72667000
0.65625000 0.87377000 0.66818000
0.56663000 0.97909000 0.87234000
0.54610000 0.75527000 0.80548000
0.65322000 0.77653000 0.66785000
0.91286000 0.17277000 0.01279000
0.79302000 0.24679000 0.32989000
0.95181000 0.05823000 0.10378000
0.85302000 0.03286000 0.08896000
0.80676000 0.19358000 0.03202000
0.90241000 0.23209000 0.04822000
0.81364000 0.09113000 0.29860000
0.93999000 0.14603000 0.18349000
0.78364000 0.15233000 0.16265000
0.97412000 0.07708000 0.19074000
0.88229000 0.10861000 0.10299000
0.87586000 0.16458000 0.23060000
0.97442000 0.15085000 0.07860000
0.93132000 0.17050000 0.31139000
0.90045000 0.23015000 0.20615000
0.94288000 0.09911000 0.03125000
0.83295000 0.15916000 0.29091000
0.86981000 0.09717000 0.19065000
0.87782000 0.01672000 0.22128000
0.75708000 0.19510000 0.25697000
0.83687000 0.20245000 0.16311000
0.97282000 0.23428000 0.03956000
0.90815000 0.09193000 0.26018000
0.87617000 0.17664000 0.09439000
0.75706000 0.22080000 0.14312000
0.92107000 0.01287000 0.15422000
0.75857000 0.04687000 0.03455000
0.98306000 0.04851000 0.01481000
0.85983000 0.10209000 0.00649000
0.99676000 0.00573000 0.10480000
0.99586000 0.17981000 0.23757000
0.99857000 0.24701000 0.13577000
0.94595000 0.00099000 0.28675000
0.97500000 0.16854000 0.57568000
0.75161000 0.21606000 0.38751000
0.97817000 0.22191000 0.36754000
0.89339000 0.16588000 0.44164000
0.77348000 0.03737000 0.39190000
0.97906000 0.23120000 0.55784000
0.90693000 0.02293000 0.35730000
0.91322000 0.13500000 0.51542000
0.80285000 0.13801000 0.38101000
0.80114000 0.13800000 0.47477000
0.97216000 0.06815000 0.62242000
0.86453000 0.17783000 0.57351000
0.86911000 0.06183000 0.43141000
0.85551000 0.01426000 0.61357000
0.97422000 0.00940000 0.58466000
0.90303000 0.11970000 0.36561000
0.95441000 0.05550000 0.40682000
0.76350000 0.10683000 0.57183000
0.90790000 0.07321000 0.56777000
0.93015000 0.20441000 0.49884000
0.91604000 0.17804000 0.62683000
0.75929000 0.20273000 0.51096000
0.75456000 0.13552000 0.65331000
0.89522000 0.21417000 0.38030000
0.90938000 0.01394000 0.51338000
0.94586000 0.07861000 0.48892000
0.99194000 0.15908000 0.43953000
0.81942000 0.19313000 0.43006000
0.85176000 0.09088000 0.50542000
0.78777000 0.18661000 0.59288000
0.79183000 0.04106000 0.47871000
0.86322000 0.24161000 0.52101000
0.80689000 0.07940000 0.63671000
0.91540000 0.19562000 0.72577000
0.81720000 0.17037000 0.70059000
0.95453000 0.06137000 0.88726000
0.87625000 0.12273000 0.81291000
0.75937000 0.13259000 0.90905000
0.78071000 0.10554000 0.80454000
0.88337000 0.07674000 0.93026000
0.85201000 0.16230000 0.86084000
0.96130000 0.05888000 0.75552000
0.98015000 0.14760000 0.72241000
0.80393000 0.23497000 0.69723000
0.87283000 0.14319000 0.67686000
0.93717000 0.14454000 0.81402000
0.81219000 0.05539000 0.84364000
0.80453000 0.17461000 0.78235000
0.93582000 0.20490000 0.94015000
0.81003000 0.13740000 0.96236000
0.80983000 0.22016000 0.92780000
0.86684000 0.06676000 0.71960000
0.94597000 0.23611000 0.79551000
0.92356000 0.09306000 0.67731000
0.77824000 0.04879000 0.94494000
0.96690000 0.14421000 0.89939000
0.99422000 0.15319000 0.97821000
0.98803000 0.21442000 0.68357000
0.88336000 0.01732000 0.99767000
0.92754000 0.00489000 0.83847000
0.79419000 0.46403000 0.02918000
0.77171000 0.30545000 0.17806000
0.79004000 0.41061000 0.28022000
0.89812000 0.36042000 0.16560000
0.93251000 0.48073000 0.10584000
0.84386000 0.46954000 0.21393000
0.88657000 0.43750000 0.15240000
0.97485000 0.25587000 0.22876000
0.91086000 0.40267000 0.08736000
0.90773000 0.42396000 0.29341000
0.79553000 0.32073000 0.05220000
0.84988000 0.45061000 0.07915000
0.92170000 0.49588000 0.01028000
0.94640000 0.33093000 0.11199000
0.86309000 0.28025000 0.31837000
0.82305000 0.35752000 0.17542000
0.95829000 0.33838000 0.31041000
0.98406000 0.32093000 0.02656000
0.89079000 0.32225000 0.03201000
0.92991000 0.27175000 0.14097000
0.85800000 0.27218000 0.14877000
0.85748000 0.32264000 0.24599000
0.95449000 0.42672000 0.22842000
0.83960000 0.37652000 0.07089000
0.78004000 0.40994000 0.14569000
0.96258000 0.34809000 0.20837000
0.85052000 0.37561000 0.30413000
0.76871000 0.34270000 0.28456000
0.93684000 0.26399000 0.30874000
0.77595000 0.25189000 0.07020000
0.81276000 0.25738000 0.24208000
0.99479000 0.46606000 0.06777000
0.79714000 0.37091000 0.42490000
0.93523000 0.48083000 0.62654000
0.79674000 0.42105000 0.64571000
0.75222000 0.38375000 0.60184000
0.90284000 0.32672000 0.39711000
0.81136000 0.29088000 0.62803000
0.92161000 0.47319000 0.36201000
0.75193000 0.45493000 0.47515000
0.85126000 0.48468000 0.63302000
0.86670000 0.39031000 0.40577000
0.83775000 0.44884000 0.44509000
0.88556000 0.48814000 0.51734000
0.85906000 0.42484000 0.51744000
0.89551000 0.35069000 0.47432000
0.80315000 0.46314000 0.54284000
0.96409000 0.37342000 0.49095000
0.85592000 0.45019000 0.34415000
0.84115000 0.31124000 0.42545000
0.83039000 0.33171000 0.49496000
0.99363000 0.30904000 0.47265000
0.95358000 0.39017000 0.36245000
0.79389000 0.39999000 0.50686000
0.90614000 0.27134000 0.47395000
0.90809000 0.29781000 0.63911000
0.93591000 0.34417000 0.57228000
0.97964000 0.32988000 0.39386000
0.95887000 0.45451000 0.54519000
0.80914000 0.25354000 0.40482000
0.78141000 0.44815000 0.35122000
0.92146000 0.27152000 0.55665000
0.84998000 0.33713000 0.58584000
0.99883000 0.37281000 0.58161000
0.89062000 0.41779000 0.64874000
0.98759000 0.42971000 0.45104000
0.80453000 0.28607000 0.54184000
0.90283000 0.32117000 0.79006000
0.83668000 0.34576000 0.88009000
0.87833000 0.40078000 0.85968000
0.87334000 0.45635000 0.80923000
0.81159000 0.34155000 0.69027000
0.97380000 0.44945000 0.81693000
0.91057000 0.45597000 0.87997000
0.76139000 0.28181000 0.89034000
0.80532000 0.44837000 0.85545000
0.77921000 0.25997000 0.81722000
0.89849000 0.40524000 0.98332000
0.87811000 0.27767000 0.85849000
0.84738000 0.33588000 0.96410000
0.77256000 0.34408000 0.91590000
0.81134000 0.45691000 0.70811000
0.80507000 0.35345000 0.80857000
0.91261000 0.33950000 0.91203000
0.76797000 0.41150000 0.81250000
0.83648000 0.40945000 0.96316000
0.90608000 0.27726000 0.94915000
0.99182000 0.28019000 0.82920000
0.86483000 0.37369000 0.73005000
0.92683000 0.39073000 0.80017000
0.99289000 0.35779000 0.89092000
0.83704000 0.27667000 0.99387000
0.95770000 0.30289000 0.73320000
0.98452000 0.46645000 0.90559000
0.92447000 0.46067000 0.75444000
0.97751000 0.29711000 0.93687000
0.95955000 0.42513000 0.67393000
0.99590000 0.37294000 0.70201000
0.86214000 0.46402000 0.99564000
0.76231000 0.49421000 0.74964000
0.83664000 0.25342000 0.76997000
0.91825000 0.36749000 0.67769000
0.92155000 0.25662000 0.69937000
0.75366000 0.34259000 0.71891000
0.86181000 0.49860000 0.92362000
0.99218000 0.66287000 0.27519000
0.94978000 0.69270000 0.16048000
0.82242000 0.58511000 0.16777000
0.88076000 0.67436000 0.29355000
0.91616000 0.61134000 0.07579000
0.88506000 0.56029000 0.17775000
0.98140000 0.72565000 0.22239000
0.91349000 0.62361000 0.17889000
0.89482000 0.56019000 0.26660000
0.80004000 0.62845000 0.22851000
0.83276000 0.68061000 0.11049000
0.96606000 0.57176000 0.10560000
0.88162000 0.69088000 0.15613000
0.84096000 0.55459000 0.01895000
0.77222000 0.65622000 0.15323000
0.98691000 0.63011000 0.16443000
0.93088000 0.61578000 0.28003000
0.78161000 0.52849000 0.06853000
0.76558000 0.58932000 0.10118000
0.95455000 0.51476000 0.17682000
0.83515000 0.61583000 0.07185000
0.81326000 0.53931000 0.24645000
0.77708000 0.69769000 0.23512000
0.96741000 0.54548000 0.25468000
0.88368000 0.68789000 0.03323000
0.89571000 0.53199000 0.08044000
0.94499000 0.69634000 0.08083000
0.76846000 0.72494000 0.10510000
0.81428000 0.71035000 0.29964000
0.79215000 0.63719000 0.32895000
0.75459000 0.73369000 0.30967000
0.94336000 0.73326000 0.00698000
0.83557000 0.50039000 0.12503000
0.90078000 0.52678000 0.58555000
0.86301000 0.62798000 0.51512000
0.81273000 0.68032000 0.53855000
0.92095000 0.73508000 0.40589000
0.81218000 0.57467000 0.34743000
0.82562000 0.68565000 0.40794000
0.82593000 0.52827000 0.54713000
0.92982000 0.67071000 0.54918000
0.86292000 0.64334000 0.59308000
0.75518000 0.69796000 0.37785000
0.91057000 0.57393000 0.53558000
0.85379000 0.59151000 0.42645000
0.92094000 0.59412000 0.35869000
0.94791000 0.66515000 0.36419000
0.95237000 0.57708000 0.43977000
0.79577000 0.51019000 0.46977000
0.96936000 0.65045000 0.49011000
0.98863000 0.72072000 0.34622000
0.90277000 0.66487000 0.46644000
0.78622000 0.55228000 0.62202000
0.80059000 0.60677000 0.48615000
0.97726000 0.71759000 0.52101000
0.81130000 0.50825000 0.36913000
0.90270000 0.51949000 0.44369000
0.92411000 0.58984000 0.62361000
0.96472000 0.71445000 0.60399000
0.75537000 0.66697000 0.58186000
0.97939000 0.55378000 0.34681000
0.75554000 0.54048000 0.52713000
0.98596000 0.53287000 0.62307000
0.85481000 0.56525000 0.64788000
0.96893000 0.50032000 0.46058000
0.79259000 0.71168000 0.66465000
0.89150000 0.61928000 0.72021000
0.80891000 0.72808000 0.83086000
0.86335000 0.55214000 0.77977000
0.89692000 0.62361000 0.81666000
0.88975000 0.71582000 0.70695000
0.79142000 0.59918000 0.80929000
0.79264000 0.51555000 0.92118000
0.86870000 0.56137000 0.88434000
0.81335000 0.65762000 0.86616000
0.80475000 0.68774000 0.75513000
0.75347000 0.67693000 0.82692000
0.75813000 0.56323000 0.72894000
0.83534000 0.63675000 0.67914000
0.90661000 0.61562000 0.98696000
0.97941000 0.58039000 0.88741000
0.82641000 0.52104000 0.85015000
0.94258000 0.71121000 0.76392000
0.85893000 0.70718000 0.89989000
0.91718000 0.73900000 0.87667000
0.92772000 0.64150000 0.91400000
0.97931000 0.67109000 0.97084000
0.85638000 0.65483000 0.94060000
0.80592000 0.57459000 0.94812000
0.79299000 0.66269000 0.98799000
0.93420000 0.53020000 0.86715000
0.97992000 0.56088000 0.98182000
0.96364000 0.57795000 0.72001000
0.88258000 0.74361000 0.78890000
0.85588000 0.50198000 0.71382000
0.79406000 0.75866000 0.18132000
0.87781000 0.94121000 0.15687000
0.81156000 0.76286000 0.03692000
0.90919000 0.94285000 0.25636000
0.77455000 0.89592000 0.12875000
0.94503000 0.82371000 0.09103000
0.89497000 0.86136000 0.31557000
0.84806000 0.91451000 0.22681000
0.98877000 0.75783000 0.12454000
0.89080000 0.79482000 0.12595000
0.86961000 0.76096000 0.28844000
0.99233000 0.82646000 0.16349000
0.89201000 0.78585000 0.04363000
0.77856000 0.96431000 0.09859000
0.98335000 0.86355000 0.32197000
0.80859000 0.80907000 0.10394000
0.95452000 0.88741000 0.03510000
0.93109000 0.84806000 0.20945000
0.94788000 0.78745000 0.18886000
0.94582000 0.76528000 0.30817000
0.86678000 0.76932000 0.21119000
0.90824000 0.97596000 0.06844000
0.89354000 0.86461000 0.14077000
0.97494000 0.93416000 0.30451000
0.82209000 0.83608000 0.22261000
0.81665000 0.87842000 0.03832000
0.94982000 0.91903000 0.11033000
0.77427000 0.95163000 0.01885000
0.77812000 0.87646000 0.28148000
0.97405000 0.95990000 0.22818000
0.87483000 0.97905000 0.32377000
0.81280000 0.97888000 0.25177000
0.76162000 0.99303000 0.18343000
0.75171000 0.92126000 0.20503000
0.99791000 0.81656000 0.01193000
0.89999000 0.81782000 0.46652000
0.98366000 0.93517000 0.66045000
0.88298000 0.87509000 0.42034000
0.83076000 0.85800000 0.35788000
0.98422000 0.91502000 0.54191000
0.81824000 0.75867000 0.46212000
0.92616000 0.92678000 0.49179000
0.93597000 0.90332000 0.37516000
0.84562000 0.82067000 0.56839000
0.78331000 0.77367000 0.56766000
0.85503000 0.97304000 0.43519000
0.75540000 0.97401000 0.50841000
0.98202000 0.78044000 0.44478000
0.81549000 0.90957000 0.44859000
0.76363000 0.96908000 0.39499000
0.82895000 0.76867000 0.37561000
0.80435000 0.86439000 0.62447000
0.81512000 0.84528000 0.49616000
0.92667000 0.96714000 0.62851000
0.89505000 0.91117000 0.56577000
0.91362000 0.79344000 0.53532000
0.83982000 0.98282000 0.53743000
0.80402000 0.93208000 0.60676000
0.98394000 0.80896000 0.57828000
0.89698000 0.81761000 0.38474000
0.82370000 0.93317000 0.37022000
0.89911000 0.75069000 0.61081000
0.98978000 0.96982000 0.39035000
0.88423000 0.75028000 0.48074000
0.97009000 0.80174000 0.89728000
0.76837000 0.95773000 0.71497000
0.88425000 0.91778000 0.93900000
0.79620000 0.99251000 0.79316000
0.87492000 0.81816000 0.77910000
0.95348000 0.93081000 0.96697000
0.79893000 0.79784000 0.85116000
0.93979000 0.91218000 0.86104000
0.80501000 0.95516000 0.87921000
0.81902000 0.86962000 0.78912000
0.86722000 0.82969000 0.87497000
0.91497000 0.78084000 0.95642000
0.98535000 0.75050000 0.83651000
0.83275000 0.89734000 0.86651000
0.87107000 0.88229000 0.69166000
0.76002000 0.88327000 0.69029000
0.83032000 0.82577000 0.97589000
0.99814000 0.94798000 0.74428000
0.75312000 0.76821000 0.73439000
0.82418000 0.76663000 0.73855000
0.94513000 0.99048000 0.75811000
0.92316000 0.90916000 0.72997000
0.87191000 0.91423000 0.80826000
0.97064000 0.86449000 0.92832000
0.96425000 0.82218000 0.79196000
0.83624000 0.99581000 0.93122000
0.86263000 0.98242000 0.80044000
0.76344000 0.90245000 0.82121000
0.92326000 0.79640000 0.67749000
0.75431000 0.78165000 0.99430000
0.75469000 0.98574000 0.94322000
0.79321000 0.76133000 0.93178000
0.83682000 0.99424000 0.69306000
0.96196000 0.99942000 0.91392000
0.96219000 0.86522000 0.66985000
0.84327000 0.81279000 0.66817000
