1 3
1 139
2 20
2 73
2 83
2 89
2 97
3 14
3 59
3 82
3 123
4 7
4 17
4 41
4 49
4 50
4 60
4 64
4 91
5 93
5 94
5 163
5 853
5 984
6 11
6 26
6 72
6 86
6 265
7 64
7 101
7 823
7 899
7 1105
8 25
8 31
8 48
8 72
8 74
9 59
9 68
9 93
9 139
9 196
9 205
9 290
10 14
10 25
10 29
10 42
10 85
10 96
10 186
11 26
11 39
11 72
11 86
11 807
11 826
11 845
12 28
12 69
12 94
12 614
12 679
12 752
12 852
13 30
13 37
13 47
13 56
13 66
14 25
14 29
14 44
14 47
14 63
14 82
15 89
15 90
15 125
15 191
15 621
15 705
15 794
16 46
16 62
16 65
16 83
16 95
16 99
16 287
17 20
17 24
17 43
17 60
17 64
17 297
18 33
18 49
18 53
18 64
18 606
18 619
19 66
19 75
19 90
19 632
20 60
20 62
20 73
20 83
20 99
20 134
21 39
21 55
21 65
21 72
21 74
21 92
21 292
22 50
22 68
22 80
22 93
22 94
23 48
23 695
23 890
23 895
23 900
23 1463
24 45
24 76
24 134
24 179
24 289
25 29
25 47
25 55
25 63
26 224
26 292
26 807
26 845
26 850
26 1111
27 31
27 51
27 55
27 74
27 646
28 38
28 69
28 94
28 679
28 827
28 876
28 1516
29 44
29 161
29 186
30 56
30 69
30 82
30 641
30 648
30 687
31 54
31 646
31 682
31 694
31 697
32 57
32 88
32 102
32 120
32 905
32 1008
33 53
33 64
33 97
33 104
33 606
33 633
33 724
34 40
34 70
34 88
34 642
34 654
34 668
34 905
35 48
35 58
35 77
35 86
35 98
35 109
35 826
35 875
35 895
35 902
36 39
36 54
36 70
36 879
36 890
37 41
37 47
37 56
37 59
37 68
38 56
38 91
38 619
38 827
38 1516
39 57
39 70
39 79
39 845
39 860
40 70
40 88
40 90
40 632
40 654
40 705
41 43
41 49
41 50
41 60
41 71
42 48
42 58
42 72
42 81
42 86
42 98
42 146
43 60
43 71
43 209
43 220
43 297
44 63
44 135
44 140
44 161
44 711
45 76
45 101
45 264
45 278
45 295
45 903
46 99
46 217
46 230
46 266
46 297
47 55
48 58
48 72
48 86
49 56
49 66
49 75
49 91
50 80
50 91
50 100
50 894
51 55
51 62
51 66
51 75
52 57
52 61
52 65
52 67
52 95
53 606
53 812
53 907
53 1451
54 70
54 642
54 697
54 1463
55 74
55 78
55 92
56 69
57 65
57 70
57 88
58 77
58 145
59 82
59 94
59 123
60 62
60 73
60 75
61 79
61 273
61 1009
62 75
62 83
63 646
63 694
64 73
64 97
65 74
65 90
66 75
66 671
67 83
67 88
67 90
67 115
67 117
67 122
67 125
67 129
68 80
68 84
68 221
69 94
69 641
69 680
70 74
71 100
71 209
71 220
71 221
71 258
72 86
72 92
73 75
73 97
76 179
76 180
76 198
76 899
76 903
77 109
77 142
77 145
77 895
77 926
78 84
78 87
78 92
78 209
79 95
79 224
79 273
79 292
79 845
80 93
80 100
80 205
80 805
80 894
81 86
81 98
81 203
81 245
82 176
82 614
82 648
83 90
83 99
83 125
84 209
84 221
84 249
85 92
85 96
85 288
86 98
86 826
86 887
87 92
87 209
87 287
87 288
87 293
88 90
88 705
89 191
89 683
89 690
89 724
91 827
91 907
92 288
93 163
93 205
93 805
95 232
95 273
95 287
95 402
96 154
96 186
96 203
96 245
97 166
97 180
98 109
98 146
98 197
98 902
99 134
99 178
100 258
100 894
100 1105
101 220
101 264
101 295
101 1105
102 120
102 1011
102 1517
102 1603
103 104
103 158
103 180
103 944
103 1004
104 160
104 633
104 724
104 799
105 128
105 147
105 149
105 152
105 159
105 182
106 118
106 119
106 155
106 172
106 174
106 175
106 182
107 108
107 119
107 172
107 917
107 936
107 977
107 993
107 996
108 119
108 165
108 181
108 197
108 936
109 142
109 181
109 902
109 926
110 117
110 133
110 136
110 149
110 175
110 182
111 132
111 139
111 141
111 164
111 169
111 315
111 386
112 138
112 144
112 184
112 752
112 771
112 1005
113 126
113 134
113 143
113 149
113 166
113 192
113 193
114 115
114 120
114 137
114 917
114 943
114 967
114 1009
115 129
115 133
115 137
116 130
116 143
116 158
116 170
116 171
116 187
117 122
117 125
117 129
117 136
117 192
118 128
118 149
118 174
118 177
118 333
119 155
119 162
119 181
119 919
119 977
120 122
120 175
120 202
121 172
121 201
121 333
121 358
121 367
121 374
122 705
122 738
122 784
123 138
123 139
123 151
123 176
124 140
124 147
124 148
124 153
124 168
124 716
124 718
124 762
125 191
125 192
126 131
126 152
126 159
126 160
126 166
127 148
127 184
127 187
127 731
128 149
128 159
128 177
128 188
128 194
129 133
129 192
130 171
130 183
130 185
130 937
130 991
131 152
131 160
131 195
131 730
131 769
132 156
132 188
132 194
132 315
132 321
132 382
133 137
133 172
133 367
134 178
134 179
134 199
134 289
135 140
135 145
135 605
135 623
135 765
136 152
136 182
136 195
136 715
136 738
136 798
137 172
137 349
137 367
137 396
137 967
137 1009
138 150
138 184
139 169
139 196
139 290
140 161
140 168
140 711
140 716
141 156
141 169
141 185
141 196
141 308
141 315
142 145
142 162
142 181
142 190
142 200
142 796
142 920
142 1608
143 159
143 188
143 193
143 199
144 183
144 184
144 723
144 1005
145 146
145 162
145 168
145 200
146 165
146 173
146 186
146 189
146 203
147 153
147 168
147 173
147 177
147 182
148 153
148 176
149 152
149 159
149 192
149 193
150 156
150 169
150 184
150 185
151 153
151 161
151 164
151 176
152 195
153 161
153 173
154 167
154 310
154 330
154 386
155 162
155 175
155 919
156 157
156 164
156 169
156 185
156 187
157 185
157 347
157 387
158 171
158 179
158 180
158 198
158 944
158 973
159 187
159 188
160 166
160 170
160 730
160 769
161 176
162 165
162 168
162 181
162 190
162 200
163 196
163 935
163 939
164 169
165 173
165 174
165 181
165 189
167 173
167 177
167 186
167 189
167 194
167 310
168 200
169 196
170 187
170 731
170 763
171 944
171 956
171 963
171 973
171 991
172 917
173 177
173 186
174 177
174 189
174 201
175 202
175 917
176 614
176 709
176 711
177 194
178 193
178 199
178 217
178 311
179 180
179 198
180 198
180 1004
181 190
181 919
181 920
183 944
183 951
183 956
183 972
183 1587
184 771
185 387
185 937
185 939
185 991
188 193
188 361
188 382
189 201
189 203
189 310
189 391
190 200
190 773
190 919
190 920
190 1596
190 1608
191 195
191 794
192 193
193 199
193 361
194 310
194 344
194 346
195 715
195 794
196 290
196 400
197 391
197 1133
197 1183
198 949
198 973
199 302
199 376
199 382
200 756
200 773
200 796
201 304
201 358
202 737
202 917
202 919
202 961
202 974
203 245
203 254
203 391
204 213
204 236
204 276
204 284
204 286
205 268
205 1030
206 210
206 215
206 241
206 251
206 262
206 328
207 216
207 225
207 226
207 235
207 269
207 284
208 240
208 1086
208 1109
209 221
209 279
210 241
210 250
210 274
210 343
210 378
210 390
211 236
211 271
211 388
211 437
211 442
211 446
212 242
212 248
212 252
212 253
212 291
212 298
212 1028
213 330
213 352
213 388
213 398
214 227
214 250
214 267
214 404
214 462
215 222
215 241
215 251
215 282
216 226
216 235
216 277
216 281
216 285
217 266
217 289
217 297
217 302
217 359
217 378
218 235
218 236
218 244
218 256
218 263
218 271
218 444
218 446
219 237
219 247
219 255
219 281
219 285
219 294
219 409
219 1034
220 264
220 272
220 279
220 297
221 249
221 258
222 223
222 256
222 274
222 280
223 230
223 234
223 274
223 279
223 280
224 243
224 273
224 291
224 292
224 834
224 845
224 1015
225 226
225 269
225 271
225 281
225 296
226 255
226 258
226 269
226 281
226 285
227 234
227 250
227 280
227 440
228 230
228 231
228 232
228 241
228 251
228 266
228 283
228 317
229 239
229 252
229 259
229 1096
229 1111
230 231
230 266
230 279
230 297
231 233
231 244
232 243
232 273
232 283
232 317
232 396
232 403
233 244
233 252
233 253
233 263
233 284
234 274
234 279
235 244
235 256
235 284
236 257
236 263
236 446
236 481
237 255
237 294
237 299
237 1012
238 244
238 263
238 282
238 298
238 406
238 414
238 420
239 254
239 286
239 316
239 337
240 260
240 1017
241 251
241 266
241 274
241 317
241 343
241 378
242 253
242 270
242 275
242 291
242 298
242 1087
243 273
243 275
243 283
243 291
243 1097
244 256
244 263
244 284
245 254
245 286
246 257
246 259
246 286
246 316
246 355
246 1103
247 255
247 373
247 451
247 1034
247 1107
248 259
248 263
248 298
248 481
248 1094
249 261
249 269
249 276
249 290
250 274
250 426
251 253
251 275
251 283
252 265
252 291
252 1111
253 283
253 291
253 298
254 286
254 330
255 268
255 299
255 335
256 277
256 280
256 444
256 457
257 286
257 337
257 388
257 476
258 272
259 1028
259 1094
259 1096
259 1103
260 264
260 278
260 295
260 1017
261 269
261 276
261 290
261 380
262 275
262 282
262 328
262 413
262 602
262 1098
263 481
264 289
264 297
265 288
265 292
266 317
266 402
267 404
267 411
267 462
267 593
267 1246
268 269
268 290
268 335
268 380
268 400
269 290
269 380
270 282
270 298
270 406
270 477
270 1260
271 281
271 446
271 460
271 487
272 279
272 285
273 834
274 300
274 378
275 362
275 1097
276 284
277 280
277 457
277 487
277 497
278 295
278 360
278 1020
278 1208
279 297
280 457
281 460
281 497
282 406
282 474
283 287
283 291
283 292
284 293
285 294
287 292
288 293
289 297
289 302
289 376
290 380
291 1106
291 1111
294 1012
294 1034
294 1086
294 1100
295 903
295 1020
295 1105
296 335
296 352
296 369
296 442
296 517
298 414
298 1019
299 1012
299 1030
299 1033
299 1056
300 302
300 322
300 360
300 378
300 394
300 404
301 317
301 327
301 328
301 343
301 357
301 362
301 368
301 377
302 325
302 359
302 376
302 378
302 394
303 304
303 313
303 344
303 353
303 358
303 384
304 310
304 320
304 344
304 346
304 358
304 392
305 364
305 366
305 400
305 1137
305 1142
306 307
306 316
306 320
306 1165
306 1189
307 320
307 323
307 324
307 342
307 354
307 384
307 1189
308 338
308 366
308 387
308 1142
308 1176
309 319
309 345
309 363
309 371
309 570
309 580
309 601
310 330
310 346
310 386
311 357
311 359
311 367
311 402
312 327
312 340
312 342
312 368
312 384
312 1135
313 321
313 339
313 344
313 348
313 361
313 385
314 315
314 321
314 326
314 329
314 334
314 339
314 346
314 356
314 379
314 385
315 321
315 326
315 364
316 337
316 355
316 1103
316 1150
317 402
318 331
318 366
318 375
318 393
318 1134
318 1142
318 1161
319 322
319 345
319 348
319 363
319 390
319 548
319 566
320 354
320 358
320 391
320 392
321 339
321 361
321 382
322 370
322 394
322 404
322 548
322 566
322 593
323 342
323 401
323 1150
323 1370
324 342
324 358
324 374
324 1118
324 1127
324 1168
325 339
325 348
325 365
325 376
325 382
325 383
325 394
326 364
326 366
326 379
326 397
327 340
327 362
327 1194
328 340
328 343
328 362
328 377
329 334
329 346
329 350
329 353
329 381
329 385
329 398
330 356
330 386
330 398
331 336
331 383
331 393
331 395
331 1134
331 1166
332 334
332 369
332 397
332 508
332 588
333 344
333 357
333 361
333 367
334 352
334 356
334 371
334 379
334 398
334 399
335 364
335 369
335 379
335 380
336 351
336 365
336 370
336 383
336 395
336 1166
336 1193
337 354
337 355
337 388
337 389
337 392
338 351
338 366
338 372
338 387
338 1161
339 348
339 383
339 385
340 368
340 377
340 507
340 537
341 360
341 370
341 404
341 1167
341 1193
341 1208
342 384
342 1135
342 1149
343 359
343 377
343 378
343 390
344 346
344 361
345 348
345 368
345 377
345 385
345 390
345 519
346 356
346 386
347 365
347 376
348 359
348 385
349 367
349 374
349 396
349 403
349 967
350 353
350 354
350 381
350 389
350 398
350 399
350 599
351 365
351 372
351 387
351 1158
351 1161
351 1204
352 356
352 379
352 398
353 354
353 381
353 384
354 384
354 389
354 392
354 401
355 389
355 450
355 1103
355 1243
355 1329
356 379
356 386
356 398
357 367
359 378
360 376
360 394
360 404
361 382
362 403
363 383
363 395
363 548
363 601
364 366
364 379
364 380
365 372
365 376
365 383
365 394
365 1204
366 1142
368 377
369 373
369 379
369 397
369 517
370 394
370 395
370 404
370 548
370 593
371 381
371 385
371 399
371 588
372 383
372 387
373 375
373 451
373 517
373 573
373 1107
374 967
374 1127
374 1194
375 573
375 1137
375 1142
375 1372
376 394
377 390
377 519
377 584
379 397
381 385
381 399
381 512
387 963
387 991
387 1147
388 389
388 398
388 476
388 599
389 401
389 529
389 599
390 519
390 543
390 566
390 570
392 398
393 397
393 547
393 573
394 404
395 502
395 548
395 601
395 1166
396 402
396 403
396 1009
399 508
399 561
399 575
399 588
399 599
400 935
401 529
401 558
401 1370
405 412
405 426
405 432
405 468
405 474
405 543
405 586
406 414
406 420
406 429
406 435
406 443
406 445
406 477
406 485
407 430
407 629
407 669
407 1462
408 412
408 430
408 438
408 469
408 483
408 597
409 451
409 492
409 497
409 1086
409 1091
410 419
410 425
410 465
410 479
410 491
410 628
411 438
411 462
411 483
411 500
411 577
411 593
412 452
412 461
412 586
412 597
413 416
413 449
413 477
413 506
413 602
413 1098
414 420
414 435
414 447
414 481
415 451
415 463
415 465
415 492
416 449
416 477
416 486
416 506
416 1290
416 1314
417 421
417 440
417 469
417 482
417 492
418 453
418 456
418 475
418 511
418 533
419 424
419 458
419 470
419 471
420 435
420 444
420 445
420 458
420 481
421 463
421 465
421 466
421 472
422 434
422 459
422 628
422 634
422 655
422 674
422 702
423 465
423 470
423 487
423 491
424 453
424 534
425 466
425 472
425 479
425 628
425 636
425 673
426 438
426 543
427 495
427 498
427 518
427 667
427 672
428 463
428 464
428 473
428 1219
428 1234
428 1289
429 434
429 435
429 439
429 443
429 454
429 485
430 483
430 556
430 557
430 581
431 439
431 452
431 485
431 490
431 624
431 644
431 674
432 445
432 449
432 452
432 474
432 485
432 499
433 459
433 466
433 675
433 689
434 435
434 480
434 491
434 634
435 445
435 458
435 488
436 441
436 488
436 496
436 498
436 1263
436 1297
437 446
437 458
437 470
437 476
437 489
438 440
438 462
438 483
438 597
439 454
439 485
439 494
439 624
439 662
439 674
440 462
440 469
440 482
441 447
441 450
441 488
442 456
442 489
442 508
442 517
443 477
443 485
443 1228
443 1238
443 1260
444 446
444 457
444 487
445 468
445 474
445 485
446 470
446 487
447 450
447 481
447 1243
448 458
448 471
448 484
448 495
448 518
448 538
449 485
449 486
449 499
449 506
449 521
450 476
450 496
450 571
450 1243
451 456
451 460
451 517
451 1107
451 1265
452 459
452 461
453 464
453 478
453 607
453 670
453 699
454 455
454 480
454 488
454 662
454 1238
455 480
455 488
455 691
455 1263
456 460
456 489
456 517
456 542
458 470
458 484
458 491
459 479
459 689
459 702
460 487
460 489
460 497
461 644
461 689
461 748
462 482
463 492
463 1279
463 1306
464 465
464 472
464 478
464 670
465 472
466 469
466 669
467 474
467 499
467 543
467 584
468 479
468 491
469 482
469 493
470 487
470 489
470 491
471 484
471 495
471 538
471 701
472 473
472 656
472 670
472 673
473 610
473 669
473 1289
475 478
475 523
475 1219
475 1278
475 1323
476 481
477 485
477 486
477 1260
478 523
478 533
478 637
478 670
478 699
478 1219
479 491
479 628
480 484
480 634
480 664
480 691
482 493
483 568
483 597
484 495
485 486
486 490
486 494
486 1293
487 497
488 1228
488 1263
489 524
490 494
490 525
490 624
490 758
490 1293
492 497
492 1086
492 1255
492 1279
494 624
494 662
494 1238
494 1261
494 1293
494 1521
495 518
495 596
495 603
495 667
496 498
496 544
496 571
496 1243
496 1297
496 1329
498 544
498 1256
498 1263
499 583
499 586
500 568
500 577
500 593
500 1273
500 1357
500 1367
501 505
501 506
501 521
501 1337
501 1377
501 1378
502 528
502 547
502 1166
502 1357
503 529
503 546
503 549
503 560
503 572
503 1370
504 513
504 518
504 529
504 576
504 598
505 521
505 591
505 595
505 1360
506 602
506 1377
506 1378
507 512
507 516
507 531
507 537
507 546
507 558
507 591
508 575
508 599
509 530
509 532
509 536
509 549
509 803
509 1322
509 1343
510 513
510 781
510 788
510 793
511 542
511 553
511 559
511 564
511 582
512 516
512 519
512 558
512 561
512 580
513 565
513 576
514 515
514 520
514 535
514 570
514 579
514 580
514 592
514 594
515 526
515 563
515 565
515 567
515 580
515 592
516 519
516 546
516 562
516 580
516 591
517 559
518 544
518 596
518 598
519 570
519 580
520 535
520 567
520 578
520 582
520 592
520 594
521 525
521 574
521 591
521 595
522 557
522 568
522 578
522 581
522 594
523 533
523 600
523 1219
523 1323
524 559
524 564
524 576
525 595
525 758
525 772
526 541
526 565
526 567
526 587
526 589
526 594
526 764
526 781
527 541
527 585
527 748
527 764
527 766
528 547
528 552
528 569
528 1331
528 1357
528 1388
528 1403
529 558
529 561
529 571
529 572
529 575
529 599
530 532
530 544
530 549
530 550
530 598
530 713
530 803
531 536
531 537
531 558
531 1325
531 1342
532 550
532 803
532 1340
532 1366
532 1545
533 540
533 600
533 699
534 538
534 564
534 701
535 548
535 570
535 590
535 592
535 601
536 546
536 1325
536 1349
537 1325
537 1378
537 1398
538 576
538 596
538 598
538 701
539 556
539 568
539 569
539 577
539 1374
540 564
540 768
540 788
541 562
541 565
541 574
541 585
541 587
541 594
541 764
542 553
542 573
542 1265
543 583
543 586
544 550
544 560
544 571
545 551
545 555
545 578
545 714
545 751
545 804
546 549
546 558
546 572
546 591
547 552
547 601
547 1134
547 1388
548 566
548 590
548 593
548 601
549 562
549 572
550 598
550 713
550 720
550 1340
551 555
551 578
551 589
551 594
551 714
552 582
552 1331
552 1385
552 1388
553 554
553 600
553 1385
554 582
554 600
554 1331
554 1385
554 1394
555 569
555 578
555 751
555 1331
556 557
556 776
556 1281
556 1513
557 581
557 776
558 561
558 572
559 563
560 1320
560 1370
561 572
561 575
561 580
561 588
562 565
562 574
562 587
563 567
563 575
563 588
563 592
564 567
565 587
566 570
566 590
566 593
567 582
567 589
568 569
568 578
568 590
569 578
570 579
570 580
570 590
573 1372
574 585
574 595
574 739
575 576
575 599
577 1273
577 1281
577 1397
578 594
579 583
579 586
579 590
579 594
579 597
580 588
581 728
583 585
583 586
584 591
586 597
587 764
587 775
587 780
587 781
587 783
587 802
588 592
589 774
589 781
589 788
590 593
590 597
592 601
595 729
595 739
596 598
596 603
596 793
598 713
600 1323
602 1098
603 626
603 701
603 704
604 612
604 631
604 643
604 658
604 659
604 661
604 686
605 623
605 651
605 661
605 694
605 698
605 704
605 765
606 627
606 633
606 1451
607 613
607 640
607 656
607 670
607 677
607 686
607 699
608 615
608 616
608 627
608 629
608 650
608 675
608 688
609 610
609 611
609 618
609 650
609 681
609 1456
610 618
610 670
610 681
610 685
610 1456
611 629
611 650
611 669
611 673
611 675
611 678
611 688
612 631
612 634
612 643
612 657
612 664
613 637
613 640
613 677
613 699
613 706
614 641
614 648
614 709
614 752
615 671
615 683
615 684
615 690
616 636
616 663
616 675
616 684
616 690
616 702
617 623
617 651
617 692
617 790
617 1519
618 685
618 1435
618 1469
618 1483
618 1516
619 639
619 653
619 680
620 625
620 630
620 635
620 654
620 655
620 665
620 696
621 625
621 632
621 635
621 705
621 794
622 636
622 639
622 656
622 658
622 659
622 673
622 684
622 688
623 692
623 694
623 695
623 765
623 796
624 662
624 674
624 696
624 758
624 1521
625 630
625 632
625 655
625 663
625 684
625 690
626 640
626 661
626 686
626 698
626 704
627 629
627 633
627 678
627 759
628 631
628 634
628 659
629 645
629 660
629 675
629 678
629 759
630 632
630 649
630 654
630 693
630 697
631 634
631 686
632 693
633 724
633 745
633 799
633 1494
634 664
635 663
635 717
635 753
635 778
635 782
635 787
636 659
636 673
636 675
636 688
636 702
637 670
637 685
637 750
637 1430
638 662
638 664
638 676
638 703
638 1460
638 1477
639 650
639 680
639 688
640 686
640 701
640 706
640 708
641 648
641 666
641 677
641 680
641 687
642 647
642 668
642 865
642 1463
642 1493
643 649
643 657
643 661
643 682
643 693
643 697
644 655
644 696
644 717
644 772
645 675
645 728
645 759
645 776
645 785
646 671
646 693
647 703
647 1455
647 1460
647 1463
647 1493
648 687
648 698
648 709
648 711
649 676
649 693
649 697
650 653
650 678
650 688
651 657
651 682
652 665
652 696
652 734
652 753
652 1441
652 1487
652 1517
653 1451
653 1469
654 665
654 668
654 705
655 663
655 702
656 658
656 673
656 677
656 681
656 686
657 664
657 691
658 677
658 686
658 687
659 684
659 702
660 678
660 759
660 776
660 1473
660 1513
660 1539
661 698
662 664
662 674
662 1521
663 690
663 700
663 702
663 778
664 674
664 691
665 668
665 676
665 696
665 753
665 1487
666 677
666 679
666 680
666 685
666 746
666 1440
667 672
667 691
667 1519
668 889
668 1476
668 1487
668 1493
668 1517
669 673
670 681
670 685
671 684
672 1427
672 1519
672 1520
672 1555
673 681
673 688
675 688
676 1460
676 1487
676 1521
677 681
677 685
678 1472
678 1473
679 876
679 1440
679 1516
681 685
681 688
682 694
682 695
683 690
683 700
683 724
684 690
685 1483
686 701
689 702
689 728
689 778
690 700
691 1520
692 695
692 796
692 1501
693 697
694 695
695 1501
696 734
696 753
696 758
698 704
698 711
698 755
700 735
700 741
700 785
703 1455
703 1460
703 1470
703 1520
704 708
704 755
705 784
706 709
706 746
706 755
707 721
707 754
707 757
707 768
707 777
707 791
707 792
708 755
708 786
708 793
709 711
709 754
709 755
710 742
710 770
710 783
710 793
710 802
711 716
711 755
711 761
712 714
712 744
712 791
712 792
712 1535
713 733
713 742
713 793
713 802
713 803
714 721
714 726
714 774
714 792
715 722
715 760
715 779
715 782
715 787
715 794
715 797
716 755
716 756
716 761
716 765
717 748
717 766
717 772
717 778
718 756
718 760
718 762
718 797
718 798
719 720
719 725
719 733
719 742
719 1530
720 733
720 790
720 1545
720 1555
720 1604
721 740
721 757
721 767
721 769
721 774
721 792
721 795
722 727
722 766
722 779
722 780
722 782
722 787
722 797
722 800
723 731
723 763
723 791
723 972
723 1524
723 1554
724 735
725 732
725 773
725 1530
725 1542
725 1591
726 740
726 764
726 767
726 779
727 732
727 736
727 743
727 787
727 789
727 797
727 800
728 748
728 778
728 785
729 739
729 743
729 775
729 800
729 1322
729 1582
729 1606
730 740
730 741
730 769
730 779
731 763
731 769
732 736
732 737
732 749
732 773
732 789
732 1542
733 742
733 790
734 743
734 753
734 758
734 772
735 740
735 741
735 785
735 799
736 742
736 749
736 783
736 797
736 800
737 738
737 773
737 798
737 961
738 784
738 789
738 798
739 766
739 772
739 775
739 800
740 741
740 767
740 769
740 779
741 779
741 782
742 749
742 783
742 803
743 747
743 789
743 800
743 1592
744 751
744 791
744 792
744 1535
744 1558
744 1568
744 1617
745 799
745 1494
745 1576
745 1583
745 1618
746 750
746 752
746 777
746 801
747 789
747 1517
747 1542
747 1592
747 1593
747 1603
748 766
748 778
749 775
749 783
749 800
749 803
749 1582
750 801
750 1430
750 1550
751 792
751 804
751 1568
751 1570
752 771
752 852
752 1615
753 784
754 757
754 761
754 771
754 777
755 761
756 773
757 768
757 774
757 786
757 788
758 1293
758 1337
758 1495
759 776
759 785
760 762
760 767
760 770
760 779
760 795
760 797
761 762
762 770
762 795
763 769
763 791
763 1524
763 1587
764 766
764 774
764 780
764 781
765 796
766 772
766 780
767 770
767 779
767 795
768 786
768 792
768 801
769 795
770 780
770 783
770 797
771 777
774 781
774 788
774 792
775 783
775 800
775 803
777 801
778 782
779 782
780 783
780 800
781 788
781 802
782 787
782 794
783 800
783 802
784 787
784 789
786 788
786 801
787 794
789 1542
790 1519
790 1555
790 1600
790 1604
791 792
791 1524
791 1617
793 802
796 1608
797 798
799 1618
803 1545
804 1535
805 832
805 839
805 841
805 880
805 894
805 1030
806 814
806 820
806 831
806 867
806 942
806 954
806 1444
806 1447
807 826
807 845
807 850
807 864
807 879
808 817
808 818
808 829
808 835
808 846
808 857
808 885
809 813
809 837
809 843
809 847
809 863
809 873
809 874
809 884
810 815
810 823
810 843
810 847
810 871
810 901
810 903
811 834
811 860
811 879
811 891
811 892
812 815
812 859
812 866
812 899
812 901
812 907
813 847
813 871
813 874
813 1002
814 817
814 821
814 914
814 921
814 948
814 954
814 955
815 843
815 855
815 866
815 878
815 882
816 863
816 868
816 884
816 995
816 1446
816 1467
817 821
817 829
817 846
817 856
817 869
817 872
817 955
818 828
818 830
818 835
818 848
818 869
818 904
819 822
819 825
819 877
819 882
819 885
819 1428
819 1459
820 831
820 858
820 867
820 877
820 1447
820 1457
820 1499
821 828
821 829
821 831
821 869
821 883
821 955
822 824
822 868
822 906
822 1420
822 1467
822 1510
823 855
823 899
823 903
823 1105
824 861
824 865
824 868
824 879
824 888
824 1510
825 829
825 877
825 906
825 1439
825 1491
826 838
826 875
826 887
826 890
827 858
827 862
827 870
827 876
828 830
828 842
828 869
828 896
828 904
829 831
830 831
830 835
830 849
831 849
831 858
831 877
832 839
832 841
832 880
832 896
832 904
832 1030
832 1056
833 835
833 837
833 851
833 854
833 873
833 881
833 1082
834 845
834 898
834 1015
834 1080
835 854
835 878
835 885
836 839
836 854
836 855
836 894
836 1042
836 1045
836 1062
836 1105
837 847
837 854
837 1045
837 1064
837 1089
838 846
838 857
838 875
838 897
839 870
839 880
839 894
839 896
839 904
840 846
840 848
840 851
840 864
840 1060
840 1110
841 880
841 896
841 935
841 984
842 869
842 932
842 955
842 986
842 1090
843 878
843 884
844 846
844 872
844 875
844 897
844 909
845 860
845 1015
846 857
846 869
846 897
847 1045
847 1057
848 851
848 1044
849 853
849 858
849 870
849 876
849 880
849 883
850 887
850 1063
850 1110
850 1111
851 881
851 1036
851 1059
851 1079
851 1110
852 853
852 942
852 998
852 1615
853 876
853 880
853 883
854 1042
854 1045
854 1082
855 870
855 878
856 857
856 897
856 1439
856 1454
857 906
858 862
858 876
858 877
859 862
859 882
859 1421
859 1451
859 1468
860 879
860 886
860 892
860 905
861 865
861 868
861 886
861 889
861 893
861 1510
862 907
863 868
863 884
863 910
863 1002
864 1079
864 1110
865 888
865 889
865 905
865 1493
865 1510
866 882
866 884
866 908
866 1450
866 1522
867 876
867 942
867 1482
868 873
869 955
870 880
870 894
871 884
871 908
871 969
871 1002
872 897
872 921
872 940
872 955
872 970
873 881
874 891
874 910
874 1039
874 1057
874 1089
875 887
875 897
875 902
876 1516
877 1507
880 883
880 896
881 1027
881 1079
881 1089
882 1428
882 1450
883 896
883 932
883 942
884 908
884 995
884 1002
886 889
886 892
886 905
886 1008
886 1011
887 1063
887 1088
888 890
888 900
888 906
888 1463
888 1510
889 905
889 1011
889 1476
889 1573
890 900
890 1463
891 892
891 898
891 910
891 1210
892 898
892 989
892 1008
893 981
893 1438
893 1443
893 1467
893 1573
895 897
895 900
895 926
896 904
896 932
898 950
898 989
898 1009
898 1080
898 1210
899 901
899 903
900 1454
900 1463
900 1501
900 1503
901 908
901 969
901 1004
902 926
902 960
904 1025
904 1090
906 1420
906 1439
908 992
908 1003
908 1522
909 1088
909 1156
909 1183
910 989
910 1001
910 1210
911 912
911 923
911 928
911 930
911 964
911 978
911 1541
912 930
912 953
912 971
912 1010
912 1541
912 1580
912 1598
913 922
913 924
913 940
913 986
913 1125
914 922
914 932
914 934
914 953
914 954
914 962
914 966
914 971
915 916
915 989
915 1008
915 1011
916 981
916 988
916 1573
916 1589
917 996
918 925
918 927
918 968
918 1001
919 920
919 961
919 974
919 977
920 926
920 1596
920 1608
921 930
921 948
921 955
921 962
921 964
921 1529
922 931
922 953
922 962
922 966
922 994
922 997
923 927
923 928
923 941
923 959
923 978
923 985
923 997
923 999
924 940
924 986
924 1000
924 1138
924 1172
924 1201
925 927
925 976
925 982
925 983
925 987
925 990
925 1001
926 970
926 1007
927 959
927 968
927 978
927 990
928 941
928 974
928 978
928 988
929 946
929 956
929 963
929 991
929 1147
929 1148
930 948
930 953
930 962
930 964
930 971
930 1580
931 932
931 939
931 966
931 994
931 1006
931 1125
931 1202
932 955
932 1006
933 945
933 946
933 947
933 951
933 956
933 958
933 976
933 992
934 953
934 954
934 957
934 966
934 971
934 998
934 1010
934 1561
934 1585
935 939
936 941
936 960
936 977
936 993
936 1160
937 939
937 957
937 1005
938 975
938 981
938 995
938 1438
938 1589
939 984
940 955
940 962
940 986
940 999
940 1000
941 964
941 977
941 999
942 954
942 998
942 1585
943 950
943 967
943 968
943 989
943 1009
944 956
944 973
945 958
945 975
945 976
945 980
945 985
945 992
945 1597
946 952
946 976
946 979
946 982
946 983
947 951
947 992
947 1547
947 1583
947 1587
948 954
948 971
948 1419
948 1529
948 1580
948 1620
949 969
949 973
950 968
950 989
950 1129
950 1139
950 1210
951 956
951 957
951 958
951 972
952 969
952 979
952 982
952 1179
952 1180
952 1188
953 962
953 971
953 997
953 1010
954 971
954 1585
954 1620
955 962
956 973
957 972
957 998
957 1005
957 1554
958 985
958 1010
959 990
959 993
959 999
959 1172
960 970
960 1000
961 974
961 1531
962 997
962 999
963 991
963 1147
964 970
964 999
965 980
965 992
965 995
965 1003
965 1522
965 1602
965 1613
966 984
966 994
966 998
967 1009
967 1129
967 1136
968 989
968 990
968 996
968 1129
969 973
970 1007
971 1010
971 1598
971 1620
972 1524
972 1544
972 1554
972 1587
974 977
975 980
975 1597
976 980
976 982
976 983
976 985
977 993
977 996
978 985
978 988
978 1614
979 982
979 987
979 1130
979 1148
979 1157
979 1164
979 1179
979 1180
980 992
980 995
980 1002
982 1001
982 1002
983 985
983 997
984 998
984 1005
985 997
986 1071
986 1138
986 1173
987 990
987 1152
987 1157
987 1195
987 1198
989 1008
990 1128
990 1198
991 1147
992 1003
993 996
993 1118
993 1129
993 1160
995 1002
995 1446
996 1129
997 999
998 1005
998 1585
998 1615
999 1000
1000 1138
1001 1198
1003 1004
1003 1494
1003 1522
1003 1583
1003 1602
1006 1090
1006 1125
1006 1171
1007 1508
1007 1529
1007 1553
1008 1011
1010 1561
1010 1572
1010 1597
1010 1598
1011 1573
1012 1026
1012 1031
1012 1034
1012 1050
1012 1100
1013 1023
1013 1027
1013 1032
1013 1036
1013 1046
1013 1055
1013 1059
1014 1016
1014 1026
1014 1037
1014 1104
1014 1115
1015 1069
1015 1079
1015 1106
1015 1111
1016 1031
1016 1041
1016 1104
1016 1117
1017 1018
1017 1047
1018 1042
1018 1047
1018 1062
1018 1100
1018 1101
1019 1028
1019 1087
1019 1094
1019 1108
1019 1296
1020 1022
1020 1095
1021 1052
1021 1057
1021 1064
1021 1089
1021 1093
1022 1052
1022 1057
1022 1064
1022 1095
1022 1188
1022 1215
1023 1032
1023 1046
1023 1055
1023 1092
1024 1032
1024 1077
1024 1087
1024 1248
1024 1310
1024 1314
1025 1070
1025 1081
1025 1082
1026 1033
1026 1050
1026 1056
1027 1053
1027 1079
1027 1089
1028 1069
1028 1087
1028 1094
1028 1111
1029 1038
1029 1065
1029 1067
1029 1068
1029 1108
1030 1050
1030 1056
1031 1049
1031 1066
1031 1081
1031 1100
1032 1046
1032 1073
1032 1083
1032 1092
1033 1056
1033 1137
1033 1171
1034 1091
1034 1107
1034 1315
1035 1051
1035 1059
1035 1070
1035 1081
1035 1082
1035 1102
1036 1044
1036 1059
1036 1068
1036 1069
1036 1079
1036 1110
1037 1043
1037 1070
1037 1090
1037 1104
1037 1115
1037 1173
1038 1063
1038 1065
1038 1068
1038 1072
1038 1084
1038 1096
1038 1156
1039 1053
1039 1057
1039 1093
1039 1113
1039 1210
1040 1061
1040 1103
1040 1150
1040 1243
1040 1329
1040 1416
1041 1066
1041 1104
1041 1196
1041 1232
1041 1252
1041 1275
1041 1316
1042 1045
1042 1064
1042 1082
1042 1101
1043 1065
1043 1066
1043 1084
1043 1104
1043 1191
1043 1232
1044 1059
1044 1060
1044 1065
1044 1070
1044 1071
1044 1072
1045 1064
1046 1069
1046 1083
1046 1087
1046 1106
1047 1049
1047 1086
1047 1100
1047 1109
1048 1095
1048 1099
1048 1167
1049 1051
1049 1100
1049 1220
1049 1283
1050 1062
1051 1054
1051 1075
1051 1101
1051 1102
1052 1064
1052 1076
1052 1095
1052 1099
1052 1101
1052 1215
1053 1073
1053 1083
1053 1209
1053 1210
1054 1058
1054 1075
1054 1085
1054 1226
1054 1233
1055 1065
1055 1067
1055 1075
1056 1171
1057 1064
1057 1089
1057 1093
1057 1215
1058 1074
1058 1078
1058 1085
1058 1092
1058 1226
1058 1236
1058 1312
1059 1070
1059 1082
1060 1063
1060 1071
1060 1072
1060 1088
1060 1110
1061 1108
1061 1218
1061 1416
1062 1105
1063 1068
1063 1088
1063 1096
1063 1110
1064 1089
1064 1101
1065 1070
1065 1072
1065 1084
1066 1102
1066 1104
1066 1316
1067 1108
1067 1257
1068 1069
1068 1096
1068 1111
1069 1106
1069 1111
1070 1104
1071 1072
1072 1084
1072 1156
1072 1200
1073 1074
1073 1077
1073 1078
1073 1083
1073 1209
1073 1214
1074 1076
1074 1078
1074 1085
1074 1207
1074 1214
1075 1092
1075 1102
1075 1226
1075 1268
1076 1085
1076 1099
1076 1123
1076 1140
1076 1207
1077 1078
1077 1159
1077 1203
1077 1209
1078 1203
1078 1207
1078 1310
1078 1363
1079 1110
1080 1083
1080 1097
1080 1159
1081 1100
1081 1102
1083 1097
1083 1106
1084 1191
1084 1200
1084 1416
1085 1099
1085 1140
1085 1207
1085 1233
1085 1270
1085 1312
1086 1091
1086 1109
1086 1220
1086 1255
1087 1106
1088 1096
1088 1156
1088 1183
1091 1220
1091 1315
1092 1226
1092 1248
1093 1113
1093 1122
1093 1214
1093 1215
1094 1108
1095 1099
1095 1101
1096 1103
1096 1156
1097 1106
1097 1159
1098 1310
1098 1314
1099 1123
1099 1213
1099 1233
1102 1268
1103 1165
1107 1117
1107 1265
1107 1315
1107 1372
1108 1218
1109 1246
1109 1255
1109 1264
1112 1153
1112 1199
1112 1338
1112 1342
1113 1122
1113 1179
1113 1197
1113 1198
1114 1123
1114 1143
1114 1155
1114 1182
1114 1211
1114 1373
1115 1173
1115 1175
1116 1174
1116 1186
1116 1196
1116 1318
1116 1345
1117 1137
1117 1372
1118 1127
1118 1129
1118 1133
1118 1160
1118 1168
1119 1120
1119 1124
1119 1126
1119 1153
1119 1187
1119 1190
1119 1203
1119 1363
1119 1396
1120 1124
1120 1139
1120 1184
1120 1190
1120 1197
1120 1203
1120 1209
1121 1148
1121 1155
1121 1164
1121 1176
1121 1202
1122 1130
1122 1179
1122 1197
1122 1214
1122 1215
1123 1140
1123 1213
1123 1215
1124 1126
1124 1207
1124 1214
1125 1132
1125 1202
1126 1163
1126 1211
1126 1353
1126 1396
1126 1411
1127 1129
1127 1149
1127 1168
1127 1184
1127 1194
1128 1129
1128 1139
1128 1151
1128 1184
1128 1195
1128 1198
1129 1139
1130 1155
1130 1157
1130 1164
1130 1179
1130 1180
1131 1134
1131 1154
1131 1155
1131 1158
1131 1166
1131 1181
1131 1193
1132 1173
1132 1175
1132 1201
1133 1160
1133 1168
1133 1183
1134 1154
1134 1166
1134 1388
1135 1149
1135 1187
1135 1194
1136 1139
1136 1159
1136 1177
1136 1194
1137 1142
1138 1173
1138 1178
1138 1200
1138 1201
1139 1184
1139 1198
1140 1207
1140 1213
1140 1353
1141 1154
1141 1161
1141 1174
1142 1161
1142 1176
1143 1154
1143 1155
1143 1185
1143 1186
1143 1211
1143 1212
1144 1180
1144 1181
1144 1188
1144 1204
1144 1208
1145 1146
1145 1162
1145 1170
1145 1199
1145 1201
1145 1206
1146 1150
1146 1165
1146 1189
1146 1192
1146 1336
1147 1148
1147 1158
1147 1202
1148 1164
1148 1180
1149 1184
1149 1206
1150 1165
1150 1189
1150 1329
1150 1336
1151 1160
1151 1162
1151 1168
1151 1172
1151 1178
1151 1195
1151 1206
1152 1157
1152 1172
1152 1195
1153 1163
1153 1187
1153 1190
1153 1338
1154 1174
1154 1186
1154 1403
1155 1158
1155 1164
1155 1169
1156 1165
1156 1178
1156 1183
1156 1200
1157 1164
1157 1169
1157 1195
1157 1198
1158 1164
1158 1181
1158 1204
1159 1177
1159 1209
1160 1168
1160 1178
1160 1183
1161 1176
1162 1169
1162 1190
1162 1195
1162 1201
1162 1206
1163 1169
1163 1190
1163 1211
1163 1212
1164 1180
1165 1189
1165 1192
1166 1193
1166 1403
1167 1182
1167 1208
1167 1213
1167 1367
1168 1178
1168 1189
1168 1206
1169 1195
1170 1185
1170 1199
1171 1176
1172 1195
1172 1201
1173 1200
1174 1186
1174 1345
1174 1372
1175 1185
1176 1202
1177 1194
1177 1205
1178 1183
1178 1206
1179 1180
1179 1188
1180 1188
1181 1193
1181 1204
1181 1208
1182 1193
1182 1213
1182 1367
1182 1373
1184 1190
1185 1186
1186 1382
1187 1203
1187 1205
1187 1338
1187 1398
1188 1215
1190 1195
1190 1197
1191 1192
1191 1200
1191 1416
1192 1199
1192 1336
1192 1416
1195 1197
1195 1198
1196 1232
1196 1401
1197 1198
1199 1212
1199 1401
1203 1205
1203 1209
1203 1363
1205 1398
1207 1312
1207 1353
1207 1363
1209 1214
1211 1212
1211 1359
1211 1373
1211 1411
1212 1411
1213 1229
1213 1381
1216 1229
1216 1239
1216 1270
1216 1276
1216 1294
1216 1313
1216 1414
1217 1225
1217 1253
1217 1271
1217 1277
1217 1306
1218 1223
1218 1288
1218 1297
1218 1301
1219 1234
1219 1471
1219 1481
1220 1255
1220 1283
1221 1223
1221 1254
1221 1256
1221 1286
1221 1288
1221 1302
1222 1227
1222 1266
1222 1285
1222 1287
1222 1299
1222 1304
1223 1256
1223 1288
1223 1297
1223 1301
1223 1305
1224 1262
1224 1264
1224 1271
1224 1283
1224 1284
1224 1303
1224 1307
1225 1255
1225 1264
1225 1306
1226 1240
1226 1244
1226 1304
1227 1231
1227 1276
1227 1404
1227 1423
1227 1449
1227 1509
1228 1238
1228 1296
1228 1298
1228 1301
1228 1305
1229 1233
1229 1273
1229 1414
1230 1240
1230 1242
1230 1245
1230 1247
1230 1288
1230 1308
1231 1241
1231 1258
1231 1311
1231 1423
1231 1515
1232 1252
1232 1257
1232 1339
1233 1270
1234 1251
1234 1272
1234 1278
1234 1279
1234 1289
1234 1307
1234 1481
1235 1241
1235 1253
1235 1284
1235 1311
1235 1426
1235 1458
1235 1465
1236 1244
1236 1299
1236 1310
1236 1312
1237 1261
1237 1266
1237 1280
1237 1285
1237 1287
1237 1293
1237 1368
1238 1261
1238 1298
1238 1300
1238 1305
1239 1259
1239 1273
1239 1281
1239 1397
1239 1414
1240 1245
1240 1268
1240 1304
1240 1308
1241 1247
1241 1284
1241 1311
1241 1317
1241 1465
1242 1244
1242 1274
1242 1298
1242 1304
1242 1305
1243 1297
1244 1248
1244 1290
1244 1304
1245 1269
1245 1286
1245 1288
1245 1303
1245 1308
1245 1309
1246 1273
1247 1274
1247 1317
1247 1437
1247 1506
1248 1296
1248 1314
1249 1254
1249 1288
1249 1339
1249 1361
1249 1416
1250 1267
1250 1286
1250 1309
1250 1386
1250 1518
1251 1272
1251 1278
1251 1282
1251 1295
1251 1307
1251 1309
1252 1269
1252 1275
1252 1295
1252 1316
1252 1327
1253 1271
1253 1284
1253 1289
1253 1311
1253 1452
1254 1286
1254 1288
1254 1339
1254 1386
1255 1264
1255 1279
1256 1297
1256 1302
1256 1348
1256 1361
1256 1413
1257 1269
1257 1288
1258 1262
1258 1271
1258 1294
1258 1299
1258 1304
1258 1308
1259 1281
1259 1393
1259 1395
1259 1397
1259 1511
1259 1513
1259 1571
1260 1290
1260 1296
1260 1314
1261 1266
1261 1290
1261 1292
1261 1300
1262 1268
1262 1283
1262 1294
1262 1303
1262 1308
1263 1305
1263 1427
1264 1283
1265 1278
1265 1315
1265 1372
1266 1280
1266 1285
1266 1292
1267 1272
1267 1461
1267 1474
1267 1523
1268 1269
1268 1283
1268 1303
1268 1316
1269 1303
1269 1309
1269 1316
1270 1294
1270 1299
1270 1312
1270 1313
1271 1277
1271 1294
1271 1311
1272 1278
1272 1282
1272 1323
1273 1367
1273 1397
1274 1292
1274 1300
1274 1305
1274 1437
1275 1282
1275 1295
1275 1327
1276 1277
1276 1291
1276 1395
1277 1511
1277 1515
1278 1279
1278 1282
1278 1323
1278 1341
1279 1306
1279 1307
1280 1285
1280 1293
1280 1368
1280 1490
1280 1495
1281 1393
1281 1397
1281 1513
1282 1323
1282 1327
1282 1341
1282 1354
1283 1303
1284 1303
1284 1307
1284 1309
1285 1287
1285 1368
1285 1449
1285 1610
1286 1309
1286 1317
1287 1291
1287 1346
1287 1368
1287 1387
1289 1306
1289 1481
1290 1310
1290 1314
1291 1299
1291 1313
1291 1387
1291 1399
1291 1404
1292 1300
1292 1425
1292 1448
1293 1337
1293 1495
1294 1299
1295 1315
1295 1316
1296 1298
1296 1301
1297 1301
1297 1361
1298 1301
1298 1305
1299 1304
1299 1312
1299 1313
1300 1305
1300 1492
1301 1305
1302 1348
1302 1380
1302 1413
1302 1442
1302 1518
1302 1534
1303 1308
1303 1309
1303 1316
1304 1308
1310 1314
1311 1452
1311 1458
1311 1515
1312 1313
1313 1369
1313 1399
1313 1414
1317 1442
1317 1461
1317 1465
1318 1327
1318 1345
1318 1354
1318 1409
1319 1321
1319 1330
1319 1335
1319 1345
1319 1382
1319 1385
1319 1388
1320 1343
1320 1349
1320 1361
1320 1365
1320 1375
1321 1331
1321 1335
1321 1359
1321 1362
1321 1371
1321 1389
1321 1394
1322 1343
1322 1360
1322 1582
1323 1341
1323 1410
1324 1352
1324 1392
1324 1415
1324 1543
1324 1552
1324 1562
1324 1569
1325 1342
1325 1378
1325 1383
1325 1398
1326 1355
1326 1376
1326 1379
1326 1384
1326 1412
1326 1532
1326 1605
1327 1354
1328 1333
1328 1334
1328 1344
1328 1347
1328 1350
1328 1371
1328 1407
1328 1412
1329 1336
1329 1370
1330 1341
1330 1354
1330 1385
1330 1394
1330 1410
1331 1362
1331 1385
1331 1394
1332 1339
1332 1348
1332 1361
1332 1376
1332 1408
1333 1356
1333 1369
1333 1389
1333 1395
1333 1619
1334 1347
1334 1364
1334 1365
1334 1405
1334 1412
1335 1359
1335 1364
1335 1371
1335 1382
1336 1349
1336 1370
1337 1495
1337 1606
1338 1342
1338 1396
1338 1400
1338 1406
1339 1386
1340 1366
1340 1375
1340 1413
1340 1526
1341 1354
1341 1410
1342 1349
1342 1400
1343 1352
1343 1360
1343 1366
1344 1347
1344 1387
1344 1392
1344 1402
1344 1407
1344 1412
1344 1415
1345 1372
1345 1388
1346 1358
1346 1368
1346 1377
1346 1383
1346 1392
1346 1402
1347 1353
1347 1358
1347 1387
1347 1399
1347 1406
1347 1411
1348 1361
1348 1375
1348 1380
1348 1413
1349 1370
1349 1400
1350 1356
1350 1371
1350 1537
1350 1619
1351 1359
1351 1369
1351 1389
1351 1411
1352 1355
1352 1365
1352 1402
1352 1412
1353 1358
1353 1396
1353 1399
1353 1411
1354 1384
1354 1410
1355 1366
1355 1375
1355 1376
1355 1543
1355 1605
1356 1393
1356 1395
1356 1525
1356 1579
1356 1619
1357 1374
1357 1381
1357 1389
1357 1403
1358 1391
1358 1396
1358 1399
1358 1406
1359 1373
1359 1382
1359 1389
1359 1403
1360 1383
1360 1402
1361 1375
1362 1371
1362 1374
1362 1389
1362 1394
1362 1570
1363 1391
1363 1396
1364 1382
1364 1405
1364 1408
1364 1409
1365 1376
1365 1400
1365 1405
1366 1375
1366 1543
1366 1545
1366 1552
1368 1610
1369 1381
1369 1389
1369 1399
1369 1414
1371 1390
1371 1537
1373 1381
1373 1403
1374 1389
1374 1393
1375 1413
1375 1526
1376 1384
1376 1408
1377 1378
1377 1383
1377 1391
1377 1398
1378 1383
1378 1398
1379 1380
1379 1384
1379 1518
1379 1601
1379 1605
1380 1386
1380 1413
1380 1518
1380 1605
1381 1389
1381 1397
1381 1414
1382 1409
1383 1391
1383 1400
1383 1402
1383 1406
1384 1386
1384 1408
1385 1388
1387 1399
1387 1404
1387 1407
1387 1610
1388 1403
1390 1394
1390 1537
1390 1609
1391 1396
1391 1398
1392 1402
1392 1415
1392 1562
1392 1606
1392 1610
1393 1397
1394 1570
1395 1404
1395 1525
1395 1619
1396 1406
1396 1411
1397 1414
1400 1406
1401 1408
1401 1409
1402 1406
1404 1407
1404 1449
1404 1586
1404 1619
1405 1406
1405 1411
1407 1415
1407 1565
1407 1586
1407 1619
1408 1409
1412 1415
1412 1532
1412 1569
1413 1526
1415 1562
1415 1569
1417 1418
1417 1421
1417 1428
1417 1450
1417 1453
1417 1459
1417 1468
1417 1475
1417 1507
1418 1434
1418 1453
1418 1458
1418 1459
1418 1466
1418 1479
1418 1491
1418 1498
1418 1507
1419 1432
1419 1444
1419 1447
1419 1464
1419 1480
1419 1496
1420 1434
1420 1459
1420 1491
1420 1500
1421 1457
1421 1468
1421 1469
1421 1507
1422 1449
1422 1509
1422 1512
1422 1514
1422 1557
1422 1586
1423 1425
1423 1466
1423 1479
1423 1506
1423 1515
1424 1434
1424 1466
1424 1480
1424 1491
1424 1505
1424 1506
1425 1445
1425 1448
1425 1490
1426 1458
1426 1465
1426 1474
1426 1498
1427 1437
1427 1484
1427 1492
1427 1520
1428 1446
1428 1450
1428 1459
1428 1467
1428 1475
1429 1441
1429 1460
1429 1476
1429 1477
1429 1487
1429 1490
1429 1493
1430 1440
1430 1471
1430 1483
1430 1486
1431 1453
1431 1475
1431 1489
1431 1497
1431 1504
1431 1509
1431 1514
1432 1436
1432 1464
1432 1480
1432 1496
1433 1449
1433 1488
1433 1490
1433 1512
1433 1586
1433 1610
1433 1616
1434 1448
1434 1466
1434 1479
1434 1491
1434 1500
1434 1506
1435 1457
1435 1469
1435 1483
1435 1486
1435 1498
1436 1454
1436 1464
1436 1503
1436 1505
1436 1508
1437 1442
1437 1484
1437 1492
1437 1505
1438 1443
1438 1446
1438 1467
1439 1454
1439 1464
1439 1491
1440 1482
1440 1483
1440 1574
1441 1477
1441 1487
1441 1490
1441 1495
1441 1521
1442 1484
1442 1518
1442 1534
1443 1445
1443 1467
1443 1476
1443 1510
1444 1447
1444 1482
1444 1499
1444 1559
1444 1620
1445 1490
1445 1512
1446 1450
1446 1467
1446 1514
1447 1464
1447 1499
1448 1477
1448 1500
1448 1506
1449 1586
1450 1468
1450 1522
1451 1468
1451 1472
1451 1494
1452 1456
1452 1458
1452 1462
1452 1489
1452 1511
1453 1458
1453 1479
1453 1489
1453 1515
1454 1464
1454 1503
1454 1508
1455 1460
1455 1470
1455 1493
1455 1500
1455 1503
1456 1472
1457 1498
1457 1499
1457 1507
1458 1498
1458 1515
1459 1475
1459 1491
1459 1507
1460 1477
1460 1487
1460 1493
1461 1465
1461 1474
1461 1496
1461 1518
1461 1523
1462 1489
1462 1511
1464 1480
1465 1466
1466 1479
1466 1506
1467 1475
1468 1472
1469 1516
1470 1485
1470 1492
1470 1505
1470 1520
1471 1474
1471 1481
1471 1486
1472 1473
1472 1489
1473 1489
1473 1497
1473 1504
1473 1539
1473 1571
1474 1486
1474 1523
1475 1479
1475 1514
1476 1487
1476 1488
1476 1493
1476 1510
1476 1517
1476 1573
1477 1521
1478 1484
1478 1485
1478 1502
1478 1534
1478 1604
1479 1515
1480 1491
1480 1496
1480 1499
1482 1499
1482 1559
1482 1574
1483 1486
1484 1485
1484 1534
1484 1555
1485 1501
1485 1502
1485 1519
1485 1520
1486 1559
1487 1493
1488 1517
1488 1592
1488 1593
1488 1616
1489 1504
1489 1511
1491 1498
1491 1507
1492 1520
1493 1510
1494 1497
1494 1522
1494 1583
1494 1602
1495 1521
1495 1616
1496 1523
1497 1504
1497 1551
1497 1571
1497 1602
1497 1613
1498 1499
1498 1507
1501 1502
1501 1503
1502 1508
1502 1600
1504 1509
1504 1511
1504 1525
1504 1571
1508 1529
1508 1553
1509 1515
1511 1513
1512 1514
1513 1539
1513 1571
1514 1557
1514 1578
1514 1613
1518 1523
1519 1520
1519 1555
1522 1602
1522 1613
1523 1584
1524 1535
1524 1544
1524 1560
1524 1587
1524 1618
1525 1540
1525 1557
1525 1571
1525 1619
1526 1527
1526 1534
1526 1555
1526 1604
1526 1605
1527 1543
1527 1604
1527 1605
1527 1612
1528 1560
1528 1561
1528 1567
1528 1574
1528 1575
1528 1577
1528 1584
1528 1609
1529 1553
1529 1580
1530 1596
1530 1600
1530 1608
1531 1542
1531 1603
1532 1537
1532 1569
1532 1588
1532 1595
1533 1540
1533 1547
1533 1549
1533 1551
1533 1557
1533 1578
1534 1601
1534 1605
1535 1558
1535 1576
1535 1594
1535 1618
1536 1541
1536 1548
1536 1549
1536 1597
1536 1598
1536 1614
1537 1567
1537 1577
1537 1599
1538 1539
1538 1540
1538 1551
1538 1558
1538 1571
1538 1576
1538 1579
1538 1594
1539 1571
1539 1576
1540 1551
1540 1557
1540 1565
1540 1619
1541 1548
1541 1564
1541 1580
1541 1598
1541 1614
1542 1591
1542 1611
1543 1552
1543 1569
1543 1605
1544 1547
1544 1560
1544 1561
1544 1572
1545 1552
1546 1549
1546 1556
1546 1566
1546 1578
1546 1581
1546 1589
1547 1572
1547 1594
1548 1564
1548 1590
1548 1607
1548 1612
1549 1566
1549 1578
1549 1597
1549 1614
1550 1560
1550 1574
1550 1617
1551 1557
1551 1594
1551 1602
1551 1613
1552 1562
1552 1582
1552 1591
1552 1611
1553 1564
1553 1600
1553 1612
1554 1560
1554 1561
1554 1585
1554 1615
1555 1604
1556 1562
1556 1566
1556 1581
1556 1593
1557 1565
1557 1578
1558 1570
1558 1577
1558 1579
1558 1594
1559 1574
1559 1584
1560 1561
1560 1574
1560 1617
1561 1572
1561 1585
1562 1590
1562 1611
1563 1584
1563 1609
1564 1596
1564 1607
1564 1612
1565 1586
1565 1595
1565 1619
1566 1581
1566 1590
1566 1595
1567 1575
1567 1577
1567 1584
1567 1599
1567 1609
1568 1570
1568 1609
1568 1617
1569 1588
1569 1590
1569 1595
1570 1579
1572 1597
1572 1599
1573 1589
1573 1593
1574 1585
1574 1615
1575 1584
1575 1598
1575 1620
1576 1594
1576 1618
1577 1599
1577 1609
1578 1613
1580 1598
1581 1590
1581 1607
1581 1614
1582 1606
1582 1611
1583 1587
1583 1602
1583 1618
1584 1609
1585 1615
1585 1620
1586 1610
1586 1619
1587 1618
1588 1595
1589 1593
1590 1595
1591 1611
1592 1593
1592 1611
1592 1616
1594 1618
1596 1608
1597 1614
1598 1620
1600 1604
1600 1608
1602 1613
1606 1610
1607 1614
1609 1617
1610 1616
