0.28199000 0.18254000 0.04196000
0.29537000 0.08652000 0.47374000
0.29565000 0.12309000 0.05574000
0.40147000 0.13463000 0.32580000
0.47909000 0.12474000 0.00172000
0.07450000 0.23518000 0.17470000
0.45380000 0.18140000 0.35915000
0.09386000 0.09563000 0.19432000
0.38360000 0.19013000 0.05379000
0.17799000 0.14469000 0.08299000
0.03616000 0.17380000 0.21359000
0.45203000 0.02554000 0.04087000
0.30140000 0.04454000 0.18832000
0.24041000 0.10282000 0.09692000
0.22538000 0.00737000 0.46817000
0.19560000 0.20832000 0.39156000
0.36416000 0.18194000 0.40776000
0.41635000 0.02321000 0.36317000
0.24671000 0.03333000 0.35671000
0.30349000 0.14831000 0.43167000
0.12345000 0.17118000 0.26819000
0.43941000 0.13634000 0.14649000
0.01521000 0.02743000 0.14958000
0.38764000 0.20685000 0.48094000
0.15912000 0.09343000 0.13475000
0.02285000 0.24240000 0.23865000
0.18274000 0.05047000 0.25179000
0.46371000 0.02746000 0.13830000
0.17779000 0.09762000 0.03111000
0.33142000 0.02713000 0.11595000
0.12473000 0.01294000 0.20803000
0.03959000 0.09503000 0.48029000
0.42975000 0.02692000 0.45608000
0.04897000 0.01123000 0.37661000
0.00002000 0.11204000 0.06881000
0.02130000 0.09096000 0.27416000
0.33912000 0.11913000 0.17086000
0.45665000 0.02952000 0.22724000
0.04078000 0.15417000 0.30314000
0.13332000 0.02105000 0.37258000
0.36748000 0.15719000 0.26342000
0.10369000 0.16046000 0.06995000
0.33882000 0.21084000 0.33467000
0.20412000 0.02957000 0.04091000
0.45270000 0.24034000 0.46279000
0.25067000 0.24848000 0.41350000
0.25061000 0.09595000 0.17573000
0.05678000 0.09980000 0.11906000
0.37481000 0.07049000 0.28683000
0.43212000 0.15816000 0.24099000
0.23057000 0.11120000 0.29007000
0.11881000 0.16436000 0.44366000
0.49669000 0.03199000 0.39742000
0.07293000 0.01967000 0.25951000
0.19480000 0.12639000 0.23179000
0.37141000 0.06399000 0.19759000
0.08123000 0.10970000 0.39106000
0.07534000 0.07644000 0.05069000
0.36335000 0.11390000 0.06645000
0.32772000 0.14795000 0.35084000
0.03822000 0.19362000 0.45262000
0.25477000 0.15431000 0.37497000
0.20260000 0.01825000 0.11944000
0.41194000 0.10473000 0.39910000
0.14890000 0.14865000 0.34992000
0.28605000 0.04743000 0.27167000
0.13978000 0.10427000 0.49416000
0.36190000 0.19011000 0.13703000
0.39206000 0.02358000 0.12699000
0.08540000 0.07504000 0.31025000
0.37469000 0.23748000 0.26130000
0.10732000 0.17094000 0.16222000
0.34078000 0.08937000 0.41593000
0.12944000 0.10463000 0.26603000
0.28915000 0.10169000 0.32560000
0.45535000 0.17506000 0.47491000
0.00940000 0.05925000 0.00517000
0.26409000 0.19079000 0.23517000
0.05776000 0.21110000 0.35009000
0.44648000 0.20030000 0.14644000
0.07404000 0.23291000 0.05740000
0.30062000 0.04775000 0.05200000
0.21973000 0.12971000 0.44313000
0.30462000 0.21622000 0.17175000
0.20736000 0.20052000 0.12940000
0.03832000 0.17108000 0.11622000
0.22941000 0.24268000 0.28318000
0.11208000 0.05909000 0.43412000
0.29471000 0.00573000 0.47502000
0.18531000 0.07471000 0.40229000
0.44367000 0.08880000 0.27573000
0.18364000 0.19059000 0.22207000
0.45624000 0.18818000 0.06294000
0.43415000 0.08169000 0.08441000
0.11667000 0.24719000 0.41178000
0.17694000 0.22516000 0.04916000
0.39082000 0.09983000 0.48032000
0.03480000 0.16745000 0.00726000
0.25013000 0.19604000 0.48099000
0.45486000 0.23844000 0.24870000
0.43253000 0.24526000 0.37156000
0.02868000 0.02714000 0.49985000
0.46309000 0.06320000 0.58894000
0.42084000 0.00005000 0.56349000
0.23250000 0.08091000 0.74755000
0.09680000 0.13692000 0.74924000
0.00143000 0.17449000 0.76162000
0.03197000 0.17278000 0.86604000
0.00470000 0.11145000 0.96338000
0.14897000 0.09673000 0.65931000
0.32590000 0.24856000 0.88659000
0.43964000 0.04835000 0.89721000
0.30370000 0.14015000 0.60286000
0.02459000 0.16173000 0.58373000
0.10139000 0.16023000 0.56518000
0.40577000 0.13308000 0.67599000
0.17170000 0.07510000 0.59163000
0.16654000 0.17618000 0.73788000
0.02336000 0.12556000 0.80314000
0.04722000 0.08097000 0.57818000
0.08640000 0.24760000 0.71953000
0.11767000 0.04249000 0.56852000
0.32438000 0.11692000 0.97501000
0.19776000 0.00557000 0.83705000
0.20556000 0.06454000 0.52170000
0.31649000 0.07713000 0.64289000
0.33218000 0.05914000 0.80111000
0.23994000 0.16241000 0.75313000
0.16551000 0.16325000 0.55575000
0.46836000 0.13984000 0.74111000
0.30194000 0.02349000 0.69177000
0.30956000 0.24945000 0.78843000
0.12806000 0.17473000 0.63080000
0.31668000 0.18386000 0.51564000
0.13747000 0.01491000 0.99870000
0.16312000 0.02120000 0.67578000
0.06498000 0.20701000 0.58310000
0.39732000 0.09001000 0.94574000
0.33203000 0.19184000 0.97495000
0.18804000 0.01697000 0.94247000
0.40695000 0.24857000 0.86352000
0.01913000 0.02928000 0.91742000
0.33268000 0.17856000 0.66313000
0.43818000 0.05295000 0.82118000
0.09661000 0.06325000 0.95767000
0.11108000 0.15559000 0.96947000
0.17237000 0.09368000 0.83267000
0.27711000 0.01725000 0.86002000
0.22418000 0.13453000 0.66389000
0.42277000 0.14792000 0.86272000
0.27097000 0.11288000 0.92521000
0.24976000 0.06242000 0.67754000
0.23214000 0.07248000 0.86294000
0.22949000 0.24598000 0.97921000
0.06756000 0.07693000 0.77906000
0.37435000 0.18695000 0.79458000
0.40693000 0.21660000 0.73418000
0.45894000 0.13545000 0.61673000
0.30119000 0.13796000 0.71831000
0.36891000 0.00956000 0.63492000
0.23516000 0.06852000 0.95995000
0.07477000 0.08204000 0.85923000
0.46438000 0.19363000 0.95481000
0.30798000 0.16425000 0.84616000
0.08940000 0.14539000 0.88527000
0.35676000 0.08766000 0.57577000
0.19450000 0.20544000 0.90667000
0.13799000 0.04074000 0.88117000
0.36441000 0.18510000 0.90721000
0.39850000 0.04280000 0.69969000
0.48844000 0.17145000 0.67510000
0.07015000 0.18937000 0.68603000
0.17378000 0.13230000 0.90575000
0.12425000 0.17584000 0.80725000
0.07700000 0.08836000 0.66937000
0.29257000 0.03023000 0.96538000
0.19550000 0.16153000 0.82781000
0.25345000 0.23361000 0.55299000
0.39933000 0.18647000 0.55857000
0.44941000 0.11342000 0.53102000
0.00544000 0.10053000 0.88240000
0.16679000 0.07581000 0.75174000
0.49160000 0.05998000 0.73304000
0.37229000 0.07593000 0.87166000
0.46067000 0.18711000 0.81551000
0.18830000 0.15074000 0.99011000
0.36975000 0.10146000 0.75051000
0.29073000 0.19989000 0.71429000
0.11818000 0.21427000 0.90027000
0.01021000 0.01385000 0.84069000
0.27542000 0.02006000 0.56014000
0.23577000 0.13177000 0.56986000
0.25138000 0.20707000 0.62989000
0.22044000 0.23407000 0.82125000
0.23527000 0.00982000 0.63593000
0.40523000 0.22973000 0.96916000
0.01681000 0.23282000 0.94483000
0.47953000 0.17866000 0.55522000
0.31519000 0.23761000 0.59308000
0.08091000 0.00382000 0.88553000
0.10917000 0.23930000 0.82316000
0.00531000 0.06210000 0.67529000
0.12293000 0.23293000 0.99669000
0.20503000 0.38198000 0.10228000
0.42705000 0.25648000 0.09172000
0.16584000 0.43938000 0.45019000
0.29957000 0.36156000 0.16591000
0.45588000 0.48372000 0.31357000
0.30480000 0.25386000 0.27156000
0.23606000 0.43763000 0.49193000
0.24262000 0.47937000 0.06380000
0.05136000 0.40057000 0.24209000
0.21260000 0.39349000 0.01159000
0.38477000 0.46482000 0.44461000
0.17981000 0.44397000 0.37383000
0.35057000 0.41462000 0.23726000
0.28362000 0.29050000 0.48570000
0.23540000 0.45508000 0.18204000
0.45579000 0.43881000 0.13500000
0.37920000 0.28268000 0.33989000
0.35712000 0.25571000 0.18556000
0.24573000 0.43540000 0.34676000
0.28858000 0.38519000 0.34791000
0.01772000 0.27265000 0.33853000
0.32407000 0.40973000 0.10743000
0.37436000 0.37464000 0.16418000
0.34677000 0.46455000 0.36512000
0.17696000 0.34254000 0.39261000
0.02502000 0.33240000 0.12498000
0.25332000 0.32053000 0.36917000
0.19679000 0.35896000 0.29571000
0.10197000 0.31681000 0.43632000
0.14298000 0.37565000 0.21017000
0.35272000 0.38396000 0.38146000
0.27520000 0.39925000 0.21757000
0.18365000 0.46427000 0.12133000
0.46690000 0.34580000 0.13407000
0.14191000 0.49072000 0.26102000
0.06349000 0.34105000 0.02457000
0.44184000 0.42125000 0.35702000
0.20011000 0.37732000 0.45193000
0.03715000 0.43046000 0.33019000
0.05313000 0.32670000 0.38357000
0.19763000 0.41652000 0.23118000
0.12678000 0.27946000 0.07843000
0.05038000 0.43568000 0.06406000
0.44310000 0.45331000 0.05859000
0.07348000 0.43981000 0.18116000
0.30688000 0.27053000 0.09664000
0.30901000 0.46478000 0.44723000
0.13316000 0.39857000 0.38488000
0.06254000 0.33076000 0.19960000
0.09620000 0.40069000 0.29856000
0.14206000 0.32327000 0.01991000
0.43224000 0.37818000 0.07617000
0.23693000 0.46355000 0.26330000
0.12621000 0.43824000 0.06203000
0.40299000 0.30564000 0.21525000
0.01223000 0.39531000 0.11142000
0.45834000 0.35153000 0.39978000
0.28691000 0.33200000 0.04421000
0.09373000 0.47842000 0.43267000
0.14431000 0.44859000 0.18777000
0.38492000 0.30064000 0.42356000
0.11487000 0.28191000 0.21731000
0.21037000 0.30480000 0.45142000
0.44924000 0.48426000 0.47053000
0.40529000 0.31844000 0.04214000
0.34220000 0.32737000 0.09240000
0.04765000 0.49906000 0.32974000
0.29871000 0.48196000 0.13399000
0.38832000 0.33361000 0.28217000
0.04068000 0.25174000 0.41109000
0.27955000 0.39664000 0.43646000
0.05904000 0.40099000 0.41590000
0.23280000 0.30644000 0.08643000
0.31777000 0.49613000 0.25096000
0.47663000 0.31555000 0.48283000
0.31429000 0.31151000 0.32613000
0.29560000 0.46702000 0.31301000
0.37439000 0.45210000 0.15360000
0.13565000 0.49179000 0.34125000
0.10028000 0.32494000 0.32943000
0.22044000 0.36126000 0.17080000
0.43384000 0.40709000 0.23346000
0.11347000 0.36764000 0.09424000
0.16089000 0.26000000 0.33221000
0.17973000 0.25197000 0.18491000
0.34731000 0.27008000 0.48998000
0.34116000 0.26218000 0.00980000
0.04411000 0.34462000 0.28986000
0.09651000 0.25209000 0.29386000
0.23133000 0.29444000 0.20718000
0.49797000 0.39365000 0.18149000
0.49137000 0.28433000 0.40687000
0.33757000 0.44362000 0.02147000
0.32109000 0.26461000 0.39110000
0.06124000 0.46645000 0.25794000
0.49963000 0.34685000 0.05906000
0.35055000 0.37990000 0.49921000
0.14748000 0.38793000 0.56888000
0.31441000 0.32032000 0.57327000
0.13521000 0.34593000 0.74416000
0.14403000 0.31080000 0.84683000
0.45221000 0.35668000 0.93671000
0.01072000 0.35554000 0.92355000
0.02800000 0.39819000 0.83315000
0.47973000 0.28345000 0.84741000
0.29538000 0.47507000 0.70023000
0.18298000 0.27775000 0.91049000
0.19999000 0.28218000 0.57543000
0.07134000 0.41492000 0.67860000
0.22609000 0.34432000 0.70834000
0.28265000 0.36485000 0.83731000
0.33910000 0.29912000 0.83130000
0.03098000 0.40824000 0.96907000
0.15339000 0.34077000 0.50253000
0.48378000 0.42991000 0.82826000
0.30440000 0.45260000 0.61020000
0.06955000 0.34342000 0.86141000
0.29753000 0.31069000 0.76767000
0.36485000 0.45338000 0.55765000
0.00928000 0.46724000 0.82637000
0.00904000 0.33268000 0.76700000
0.34026000 0.34940000 0.65216000
0.35731000 0.37681000 0.83691000
0.07658000 0.38254000 0.59590000
0.13490000 0.44694000 0.52137000
0.20957000 0.37977000 0.82385000
0.21055000 0.31201000 0.97338000
0.44736000 0.43535000 0.74812000
0.32443000 0.48519000 0.87496000
0.16062000 0.25455000 0.70017000
0.26799000 0.42555000 0.86929000
0.36837000 0.38671000 0.99320000
0.46600000 0.40042000 0.66424000
0.10198000 0.40976000 0.96653000
0.45339000 0.33166000 0.78749000
0.31476000 0.36659000 0.73318000
0.09313000 0.46006000 0.62434000
0.47986000 0.40585000 0.54731000
0.01591000 0.40539000 0.75899000
0.21789000 0.40219000 0.55072000
0.18855000 0.29188000 0.76117000
0.23543000 0.45087000 0.65631000
0.22725000 0.29874000 0.85097000
0.42021000 0.25332000 0.63679000
0.26336000 0.38392000 0.65038000
0.06067000 0.27223000 0.60390000
0.16269000 0.45231000 0.85244000
0.48039000 0.33607000 0.71196000
0.27090000 0.42053000 0.94638000
0.15003000 0.40391000 0.78161000
0.10438000 0.41567000 0.86399000
0.04308000 0.48003000 0.98386000
0.26502000 0.34463000 0.92022000
0.15402000 0.31677000 0.63415000
0.07926000 0.31156000 0.78036000
0.24923000 0.32712000 0.57359000
0.42468000 0.33598000 0.53624000
0.24686000 0.26472000 0.68748000
0.07023000 0.39800000 0.50303000
0.35834000 0.44230000 0.67279000
0.38037000 0.33360000 0.91952000
0.43517000 0.32663000 0.65082000
0.43031000 0.35593000 0.85201000
0.13352000 0.25088000 0.63266000
0.16759000 0.42849000 0.66215000
0.37555000 0.45080000 0.94196000
0.43089000 0.45661000 0.59134000
0.27188000 0.45317000 0.77323000
0.40187000 0.31441000 0.73856000
0.43744000 0.47776000 0.97100000
0.01435000 0.29646000 0.67721000
0.49835000 0.44941000 0.90354000
0.38453000 0.30142000 0.58737000
0.16881000 0.47160000 0.59384000
0.27184000 0.36333000 0.51658000
0.33020000 0.39271000 0.90679000
0.34916000 0.32980000 0.99119000
0.19972000 0.44701000 0.77788000
0.30787000 0.27370000 0.68378000
0.39111000 0.39081000 0.71270000
0.08678000 0.42285000 0.75455000
0.24424000 0.40006000 0.74610000
0.27074000 0.27830000 0.91500000
0.46315000 0.26270000 0.75486000
0.17881000 0.45132000 0.99451000
0.12506000 0.47520000 0.92236000
0.24605000 0.48839000 0.57627000
0.07671000 0.27049000 0.92863000
0.12456000 0.35907000 0.90852000
0.41699000 0.49456000 0.82596000
0.38473000 0.38060000 0.58749000
0.42329000 0.47299000 0.66764000
0.08557000 0.25954000 0.52520000
0.37428000 0.44601000 0.84596000
0.20488000 0.39686000 0.92386000
0.22453000 0.49272000 0.85674000
0.45856000 0.29387000 0.97523000
0.07198000 0.49620000 0.85784000
0.16681000 0.26396000 0.50201000
0.05494000 0.31867000 0.50585000
0.41537000 0.41497000 0.50115000
0.23740000 0.58690000 0.42270000
0.10193000 0.56361000 0.30531000
0.44877000 0.72906000 0.39052000
0.34917000 0.63051000 0.42785000
0.46034000 0.50644000 0.17127000
0.26849000 0.69434000 0.18392000
0.43061000 0.56672000 0.49118000
0.26646000 0.65295000 0.43847000
0.06936000 0.54242000 0.43366000
0.07949000 0.54299000 0.22861000
0.41966000 0.59472000 0.14058000
0.00608000 0.58402000 0.44822000
0.39349000 0.57233000 0.28183000
0.39958000 0.65662000 0.01214000
0.25224000 0.65276000 0.09012000
0.14531000 0.55990000 0.20819000
0.39835000 0.65660000 0.24673000
0.19038000 0.74710000 0.31266000
0.30127000 0.60507000 0.19603000
0.30818000 0.68399000 0.05195000
0.32462000 0.72204000 0.25013000
0.28346000 0.52797000 0.43337000
0.06045000 0.71893000 0.04765000
0.48404000 0.68858000 0.15956000
0.08252000 0.64720000 0.29260000
0.40020000 0.69237000 0.47054000
0.11965000 0.71950000 0.41378000
0.15044000 0.61677000 0.40877000
0.33753000 0.72121000 0.38023000
0.16504000 0.69127000 0.27098000
0.11819000 0.62062000 0.21930000
0.00677000 0.62279000 0.08608000
0.21592000 0.55728000 0.05962000
0.34820000 0.57244000 0.46317000
0.07316000 0.71469000 0.32681000
0.35924000 0.54630000 0.35578000
0.08134000 0.58996000 0.10536000
0.31402000 0.51428000 0.00890000
0.02561000 0.60959000 0.30298000
0.22235000 0.53690000 0.21731000
0.16808000 0.59931000 0.30638000
0.23841000 0.51665000 0.14039000
0.06023000 0.53437000 0.14189000
0.15631000 0.64601000 0.03814000
0.09518000 0.61376000 0.47504000
0.07049000 0.53147000 0.04017000
0.43872000 0.52951000 0.06291000
0.20287000 0.67378000 0.39914000
0.36874000 0.72222000 0.08212000
0.05730000 0.69769000 0.24640000
0.03678000 0.70570000 0.16813000
0.38460000 0.56950000 0.03189000
0.25358000 0.52462000 0.29067000
0.18546000 0.61404000 0.14038000
0.26827000 0.71316000 0.34870000
0.35750000 0.51579000 0.11484000
0.21340000 0.72502000 0.45665000
0.40650000 0.53104000 0.42691000
0.45828000 0.62953000 0.20129000
0.41649000 0.69419000 0.13253000
0.34964000 0.64883000 0.16551000
0.37791000 0.69196000 0.31552000
0.16796000 0.53857000 0.48682000
0.25237000 0.61752000 0.31616000
0.38581000 0.61265000 0.35851000
0.26190000 0.59342000 0.12480000
0.20813000 0.70719000 0.09418000
0.38189000 0.73129000 0.19766000
0.47177000 0.74464000 0.22394000
0.17911000 0.55020000 0.38660000
0.49196000 0.66090000 0.04176000
0.13971000 0.52245000 0.04243000
0.04929000 0.57890000 0.37579000
0.44981000 0.74216000 0.05759000
0.27883000 0.67756000 0.27784000
0.11432000 0.73380000 0.20458000
0.12610000 0.50589000 0.14828000
0.44013000 0.57542000 0.34132000
0.38827000 0.62342000 0.49547000
0.14624000 0.68196000 0.12487000
0.09623000 0.64115000 0.36527000
0.03411000 0.64501000 0.43913000
0.30645000 0.53490000 0.17582000
0.04766000 0.63826000 0.16820000
0.30391000 0.57526000 0.05935000
0.06163000 0.70215000 0.45593000
0.22898000 0.63672000 0.21795000
0.47042000 0.55782000 0.22560000
0.47267000 0.63128000 0.38894000
0.00697000 0.69407000 0.37169000
0.13900000 0.73312000 0.05516000
0.01938000 0.58017000 0.01119000
0.39284000 0.50533000 0.19797000
0.00268000 0.66264000 0.01940000
0.15816000 0.61402000 0.48736000
0.46578000 0.55883000 0.56380000
0.01129000 0.62920000 0.57693000
0.46261000 0.52813000 0.68167000
0.06888000 0.59677000 0.85092000
0.15601000 0.63260000 0.92027000
0.03637000 0.65275000 0.65007000
0.02749000 0.57542000 0.52202000
0.10932000 0.51526000 0.69279000
0.27103000 0.51635000 0.94249000
0.03997000 0.67671000 0.76580000
0.24501000 0.72143000 0.87207000
0.40348000 0.62574000 0.90972000
0.17336000 0.51459000 0.73564000
0.19954000 0.66402000 0.85547000
0.29511000 0.59991000 0.70412000
0.26089000 0.61559000 0.77401000
0.17315000 0.58709000 0.69629000
0.37976000 0.51905000 0.97717000
0.09966000 0.67242000 0.99256000
0.21070000 0.52893000 0.64369000
0.35485000 0.62525000 0.74127000
0.10313000 0.64724000 0.58075000
0.35673000 0.67543000 0.59600000
0.48714000 0.72352000 0.99406000
0.29178000 0.61134000 0.97689000
0.10014000 0.71618000 0.52921000
0.27195000 0.69503000 0.74047000
0.24979000 0.73727000 0.62591000
0.49064000 0.58263000 0.72163000
0.14116000 0.55844000 0.88356000
0.07868000 0.69726000 0.86756000
0.03670000 0.50820000 0.71744000
0.01261000 0.72099000 0.84135000
0.41802000 0.72039000 0.97843000
0.27652000 0.72559000 0.98234000
0.35536000 0.55823000 0.67847000
0.01710000 0.59208000 0.74452000
0.02728000 0.51081000 0.63239000
0.21506000 0.70217000 0.98672000
0.46988000 0.66495000 0.59672000
0.37889000 0.73412000 0.90119000
0.22957000 0.68970000 0.67932000
0.45996000 0.58021000 0.95943000
0.23580000 0.54317000 0.50367000
0.03464000 0.65049000 0.94458000
0.40978000 0.74166000 0.67212000
0.08647000 0.58837000 0.74703000
0.44595000 0.53009000 0.75718000
0.37271000 0.50036000 0.61415000
0.09546000 0.64434000 0.81246000
0.05160000 0.74235000 0.92662000
0.37124000 0.71912000 0.72795000
0.44686000 0.59893000 0.80629000
0.46429000 0.63886000 0.91968000
0.48101000 0.69002000 0.84116000
0.44809000 0.69648000 0.72754000
0.45839000 0.71445000 0.52324000
0.38218000 0.72603000 0.56051000
0.11250000 0.51472000 0.78753000
0.35440000 0.57648000 0.90274000
0.00411000 0.61130000 0.87936000
0.19731000 0.54793000 0.81282000
0.14829000 0.67343000 0.73042000
0.29331000 0.59314000 0.85258000
0.33488000 0.67965000 0.91861000
0.21486000 0.66813000 0.76641000
0.31938000 0.50588000 0.55936000
0.32591000 0.67365000 0.81479000
0.39602000 0.61951000 0.58782000
0.43604000 0.62786000 0.66100000
0.27827000 0.54820000 0.63087000
0.07656000 0.56800000 0.96547000
0.13795000 0.58377000 0.80395000
0.45946000 0.51678000 0.89314000
0.15509000 0.69728000 0.64412000
0.21235000 0.55768000 0.89421000
0.23120000 0.63565000 0.95435000
0.48767000 0.61340000 0.50724000
0.38612000 0.67382000 0.68103000
0.27397000 0.61649000 0.59998000
0.25424000 0.54566000 0.73636000
0.33027000 0.70341000 0.50655000
0.39612000 0.64544000 0.82463000
0.20190000 0.60840000 0.57714000
0.12912000 0.54402000 0.57192000
0.19664000 0.68571000 0.58732000
0.25057000 0.61295000 0.50203000
0.19135000 0.74280000 0.73991000
0.28605000 0.52016000 0.80395000
0.31430000 0.73344000 0.78819000
0.34296000 0.56489000 0.58383000
0.09166000 0.59631000 0.64837000
0.33974000 0.56580000 0.78902000
0.39653000 0.52007000 0.54773000
0.30961000 0.66317000 0.67751000
0.08688000 0.70583000 0.61664000
0.15621000 0.74756000 0.98154000
0.31716000 0.60693000 0.51441000
0.13227000 0.70185000 0.92843000
0.19464000 0.50371000 0.94126000
0.49820000 0.69933000 0.92392000
0.35957000 0.50034000 0.72112000
0.04026000 0.50495000 0.50071000
0.19305000 0.80420000 0.04491000
0.22927000 0.85332000 0.19436000
0.15726000 0.93098000 0.04340000
0.44928000 0.96237000 0.40789000
0.35291000 0.78932000 0.10033000
0.37493000 0.88031000 0.37621000
0.48182000 0.84697000 0.24854000
0.48424000 0.80987000 0.18515000
0.44312000 0.81372000 0.31465000
0.16234000 0.83506000 0.22774000
0.36497000 0.83710000 0.04357000
0.37044000 0.99241000 0.01246000
0.33750000 0.93841000 0.36526000
0.30651000 0.84559000 0.38470000
0.05982000 0.89392000 0.03523000
0.49230000 0.89964000 0.17812000
0.42174000 0.98135000 0.26699000
0.14188000 0.87412000 0.40278000
0.18811000 0.95669000 0.46235000
0.31887000 0.86462000 0.25615000
0.08245000 0.98196000 0.02784000
0.06017000 0.75923000 0.39613000
0.22183000 0.90765000 0.38018000
0.24121000 0.87079000 0.06519000
0.42716000 0.89839000 0.43313000
0.25068000 0.75375000 0.22446000
0.43286000 0.81287000 0.41043000
0.13173000 0.92712000 0.35489000
0.21337000 0.78850000 0.16609000
0.18883000 0.96604000 0.35198000
0.44364000 0.96282000 0.49513000
0.17201000 0.76040000 0.23369000
0.18006000 0.87522000 0.49878000
0.32897000 0.79795000 0.30999000
0.45500000 0.81175000 0.05051000
0.01638000 0.82459000 0.25813000
0.37580000 0.92197000 0.26104000
0.29239000 0.82550000 0.02262000
0.36943000 0.95404000 0.08990000
0.01540000 0.98860000 0.31247000
0.14466000 0.89921000 0.21255000
0.15432000 0.77161000 0.44649000
0.37348000 0.78811000 0.47358000
0.21113000 0.97584000 0.21706000
0.01000000 0.92301000 0.25432000
0.30453000 0.97515000 0.06204000
0.10394000 0.89096000 0.29440000
0.45052000 0.88869000 0.30832000
0.10265000 0.88496000 0.09144000
0.02628000 0.86015000 0.48492000
0.48992000 0.95424000 0.29610000
0.09110000 0.94904000 0.40575000
0.18815000 0.82343000 0.37062000
0.34303000 0.80976000 0.18461000
0.11203000 0.83943000 0.17438000
0.31646000 0.88397000 0.16534000
0.25729000 0.82510000 0.27160000
0.49227000 0.80892000 0.46971000
0.19463000 0.90914000 0.12896000
0.03480000 0.75571000 0.29527000
0.24836000 0.86333000 0.43046000
0.09213000 0.79862000 0.22884000
0.06007000 0.87069000 0.41779000
0.43280000 0.92155000 0.07847000
0.07731000 0.78339000 0.03723000
0.01100000 0.94807000 0.40413000
0.43443000 0.75077000 0.29325000
0.42754000 0.78559000 0.13076000
0.28788000 0.96625000 0.28515000
0.00725000 0.77034000 0.03144000
0.38298000 0.79355000 0.26011000
0.09907000 0.76846000 0.32187000
0.36756000 0.80392000 0.38329000
0.04207000 0.84866000 0.34502000
0.37112000 0.86796000 0.11043000
0.47955000 0.85009000 0.36779000
0.47050000 0.97130000 0.07933000
0.39832000 0.96078000 0.17253000
0.40855000 0.84124000 0.21053000
0.08368000 0.93982000 0.16006000
0.34119000 0.97707000 0.42816000
0.27445000 0.89368000 0.31477000
0.44417000 0.85893000 0.12660000
0.27731000 0.82375000 0.13180000
0.30042000 0.94943000 0.15046000
0.38688000 0.85636000 0.29546000
0.27341000 0.76030000 0.43491000
0.28064000 0.92567000 0.41967000
0.07655000 0.77632000 0.14242000
0.02102000 0.95039000 0.04002000
0.18718000 0.93184000 0.26856000
0.11964000 0.98666000 0.10999000
0.04835000 0.98929000 0.10437000
0.08253000 0.81442000 0.45117000
0.11686000 0.95342000 0.26795000
0.23063000 0.93437000 0.04268000
0.37210000 0.76701000 0.01329000
0.32286000 0.90288000 0.48767000
0.24871000 0.76222000 0.05837000
0.25085000 0.79414000 0.36052000
0.00438000 0.86508000 0.20437000
0.19470000 0.86964000 0.00349000
0.13300000 0.99931000 0.47189000
0.32752000 0.88929000 0.00622000
0.39531000 0.88874000 0.81576000
0.24382000 0.82571000 0.94963000
0.31186000 0.95326000 0.97257000
0.17727000 0.84601000 0.81988000
0.24876000 0.97361000 0.97032000
0.42823000 0.84587000 0.67541000
0.10774000 0.78207000 0.87561000
0.37049000 0.80682000 0.69240000
0.20771000 0.94143000 0.65384000
0.17723000 0.95420000 0.91299000
0.18363000 0.81406000 0.52520000
0.17729000 0.95814000 0.77171000
0.03408000 0.87187000 0.85277000
0.00805000 0.81766000 0.89311000
0.34199000 0.88132000 0.73851000
0.18674000 0.86294000 0.63601000
0.46609000 0.97148000 0.80853000
0.37170000 0.99472000 0.50754000
0.00075000 0.90926000 0.78587000
0.28966000 0.83024000 0.63855000
0.11107000 0.88234000 0.65428000
0.30925000 0.78294000 0.51461000
0.03465000 0.77146000 0.63578000
0.32054000 0.95739000 0.64002000
0.38125000 0.98558000 0.77225000
0.04081000 0.90888000 0.72098000
0.09536000 0.83835000 0.91773000
0.07402000 0.82510000 0.53262000
0.37936000 0.91060000 0.55897000
0.10176000 0.87999000 0.72979000
0.04815000 0.99812000 0.71121000
0.10186000 0.98452000 0.62336000
0.11984000 0.76193000 0.63269000
0.32946000 0.88816000 0.64786000
0.30200000 0.92128000 0.56173000
0.08877000 0.83598000 0.81055000
0.04489000 0.84023000 0.60766000
0.47254000 0.83152000 0.74940000
0.49458000 0.92798000 0.54271000
0.42032000 0.90322000 0.98634000
0.00562000 0.90913000 0.59241000
0.24034000 0.76861000 0.55028000
0.05771000 0.83126000 0.73255000
0.47553000 0.84531000 0.96226000
0.47088000 0.76465000 0.74364000
0.44510000 0.98794000 0.96037000
0.08364000 0.89081000 0.50920000
0.32294000 0.91838000 0.88397000
0.24252000 0.90750000 0.95757000
0.11055000 0.93309000 0.84766000
0.32842000 0.85357000 0.82611000
0.03965000 0.75379000 0.50383000
0.44043000 0.84806000 0.50708000
0.24157000 0.95269000 0.72842000
0.23825000 0.92118000 0.88237000
0.22812000 0.93563000 0.80791000
0.43225000 0.96303000 0.72577000
0.25667000 0.77616000 0.69406000
0.12600000 0.94263000 0.97161000
0.19928000 0.78158000 0.61708000
0.27387000 0.88271000 0.71910000
0.40711000 0.81524000 0.85239000
0.35461000 0.95496000 0.70405000
0.22738000 0.86438000 0.76695000
0.38005000 0.99398000 0.89547000
0.14123000 0.76814000 0.53950000
0.05481000 0.96937000 0.80362000
0.32662000 0.80176000 0.76615000
0.10197000 0.76314000 0.71589000
0.42268000 0.77880000 0.53678000
0.39519000 0.90506000 0.91110000
0.25353000 0.82817000 0.51109000
0.25922000 0.89114000 0.64501000
0.19412000 0.80990000 0.69091000
0.25297000 0.75747000 0.79562000
0.22869000 0.88785000 0.57829000
0.14678000 0.81934000 0.74822000
0.10669000 0.96117000 0.54376000
0.36060000 0.84943000 0.51121000
0.33165000 0.81872000 0.91333000
0.16356000 0.90351000 0.58267000
0.31130000 0.77213000 0.84458000
0.06275000 0.92047000 0.63269000
0.02807000 0.84853000 0.96575000
0.44622000 0.89998000 0.76672000
0.40241000 0.81795000 0.76243000
0.19999000 0.78088000 0.89786000
0.21319000 0.96739000 0.56812000
0.29210000 0.94178000 0.77381000
0.04876000 0.96758000 0.96097000
0.16776000 0.90803000 0.69849000
0.13092000 0.97697000 0.71438000
0.43282000 0.93025000 0.60180000
0.10983000 0.82369000 0.64865000
0.40929000 0.84055000 0.93613000
0.16475000 0.76216000 0.81383000
0.06357000 0.76200000 0.79967000
0.48466000 0.77312000 0.63937000
0.52658000 0.19554000 0.09020000
0.65960000 0.01900000 0.04489000
0.96387000 0.18429000 0.23681000
0.76875000 0.12890000 0.18511000
0.74698000 0.17431000 0.41317000
0.61501000 0.16630000 0.40306000
0.90026000 0.18360000 0.36510000
0.55821000 0.07380000 0.38812000
0.69725000 0.19952000 0.48192000
0.71752000 0.07235000 0.00266000
0.61196000 0.11033000 0.36626000
0.75079000 0.05338000 0.41791000
0.77454000 0.09573000 0.08182000
0.72399000 0.18225000 0.16079000
0.72938000 0.02677000 0.29527000
0.65698000 0.00055000 0.12767000
0.70190000 0.10456000 0.06288000
0.81353000 0.02657000 0.31589000
0.52978000 0.19304000 0.36498000
0.88083000 0.06876000 0.32268000
0.75254000 0.01610000 0.19295000
0.97210000 0.14063000 0.15638000
0.50965000 0.07850000 0.19920000
0.68292000 0.17330000 0.10364000
0.73652000 0.06985000 0.13570000
0.65740000 0.13123000 0.16166000
0.66323000 0.06838000 0.12751000
0.58363000 0.23670000 0.08994000
0.74870000 0.21916000 0.27094000
0.95688000 0.24487000 0.38888000
0.69380000 0.17193000 0.23371000
0.57322000 0.23192000 0.26090000
0.69724000 0.22995000 0.34034000
0.89378000 0.11201000 0.16131000
0.58706000 0.20311000 0.16740000
0.82477000 0.21675000 0.16959000
0.56257000 0.19310000 0.01891000
0.71824000 0.21576000 0.03012000
0.68290000 0.13292000 0.35967000
0.84777000 0.17588000 0.03253000
0.99469000 0.21097000 0.30751000
0.82293000 0.14380000 0.12117000
0.66698000 0.22295000 0.41053000
0.76026000 0.24168000 0.13555000
0.60160000 0.09526000 0.12475000
0.96453000 0.24498000 0.18096000
0.80238000 0.24995000 0.22596000
0.51096000 0.03127000 0.00078000
0.53157000 0.09541000 0.05993000
0.66789000 0.22837000 0.26385000
0.57210000 0.15486000 0.28521000
0.83552000 0.04781000 0.09366000
0.83420000 0.09822000 0.19002000
0.59304000 0.04763000 0.18378000
0.57805000 0.01127000 0.32027000
0.96763000 0.13385000 0.35930000
0.88490000 0.04740000 0.40056000
0.54918000 0.05909000 0.26082000
0.78440000 0.13304000 0.45794000
0.88137000 0.18674000 0.23316000
0.95164000 0.02608000 0.33089000
0.64328000 0.05353000 0.42242000
0.58589000 0.00505000 0.07159000
0.80575000 0.08781000 0.36984000
0.74483000 0.15813000 0.07732000
0.55958000 0.14189000 0.17994000
0.66135000 0.14327000 0.49692000
0.83011000 0.10900000 0.00557000
0.78923000 0.17245000 0.33105000
0.76736000 0.23195000 0.43715000
0.92425000 0.16552000 0.10233000
0.53442000 0.03066000 0.11994000
0.66819000 0.03605000 0.21371000
0.63959000 0.12580000 0.27820000
0.93242000 0.11754000 0.29403000
0.57311000 0.14583000 0.08371000
0.81580000 0.23504000 0.31074000
0.65143000 0.03254000 0.33341000
0.61404000 0.10711000 0.03103000
0.70384000 0.10904000 0.44445000
0.74330000 0.09682000 0.27046000
0.92347000 0.08796000 0.44042000
0.97088000 0.21307000 0.10209000
0.91023000 0.01714000 0.23334000
0.95602000 0.01330000 0.41953000
0.97463000 0.06291000 0.20833000
0.86060000 0.20280000 0.43516000
0.93173000 0.16380000 0.45848000
0.84798000 0.00806000 0.45563000
0.50523000 0.20908000 0.20033000
0.96144000 0.05327000 0.07618000
0.62378000 0.19075000 0.06478000
0.88972000 0.09866000 0.07764000
0.92765000 0.23693000 0.47737000
0.51480000 0.14328000 0.43134000
0.93444000 0.00449000 0.13924000
0.56224000 0.12094000 0.48132000
0.96032000 0.14721000 0.00250000
0.53782000 0.21254000 0.44259000
0.65365000 0.22918000 0.13836000
0.98880000 0.07577000 0.39837000
0.83442000 0.01387000 0.24109000
0.50019000 0.08234000 0.33659000
0.62438000 0.08394000 0.48925000
0.90473000 0.24209000 0.00509000
0.82456000 0.17591000 0.49582000
0.79895000 0.03008000 0.79355000
0.73936000 0.00586000 0.83031000
0.73346000 0.20593000 0.89594000
0.67446000 0.10762000 0.91915000
0.92335000 0.08545000 0.57822000
0.89064000 0.01659000 0.58743000
0.99886000 0.14443000 0.67857000
0.82221000 0.13342000 0.61726000
0.99262000 0.06220000 0.78938000
0.95177000 0.03932000 0.88302000
0.77589000 0.06818000 0.95177000
0.68367000 0.15746000 0.85922000
0.80367000 0.09929000 0.78073000
0.78852000 0.24258000 0.86844000
0.76752000 0.17188000 0.66712000
0.94072000 0.07003000 0.97247000
0.82543000 0.13857000 0.70786000
0.87146000 0.04207000 0.75715000
0.59165000 0.20953000 0.69197000
0.75571000 0.03751000 0.88994000
0.61175000 0.19841000 0.88688000
0.65999000 0.17199000 0.98005000
0.62552000 0.09317000 0.66538000
0.63481000 0.05435000 0.86858000
0.51594000 0.24679000 0.95802000
0.94551000 0.18174000 0.84880000
0.52105000 0.11763000 0.82943000
0.78403000 0.01183000 0.56455000
0.52593000 0.19127000 0.89709000
0.79417000 0.17175000 0.93567000
0.88045000 0.11529000 0.82539000
0.60841000 0.04337000 0.99632000
0.95490000 0.19679000 0.57893000
0.50616000 0.08590000 0.64459000
0.67660000 0.05013000 0.66293000
0.64925000 0.17476000 0.65968000
0.58201000 0.02133000 0.64640000
0.74298000 0.00042000 0.95982000
0.53904000 0.21686000 0.55867000
0.89071000 0.22700000 0.58202000
0.57322000 0.06228000 0.74711000
0.63998000 0.22383000 0.58747000
0.69888000 0.08061000 0.83615000
0.67030000 0.03993000 0.96481000
0.75109000 0.13754000 0.98553000
0.55794000 0.12111000 0.69275000
0.54929000 0.04968000 0.84218000
0.64483000 0.05339000 0.73674000
0.82665000 0.18750000 0.76999000
0.90313000 0.16943000 0.91683000
0.97625000 0.00312000 0.72704000
0.74084000 0.10643000 0.89615000
0.52487000 0.22465000 0.68406000
0.83440000 0.06359000 0.88231000
0.65652000 0.00344000 0.55605000
0.60496000 0.11784000 0.89867000
0.99877000 0.23858000 0.61381000
0.88803000 0.18438000 0.64317000
0.59600000 0.17055000 0.54784000
0.87999000 0.09109000 0.94117000
0.69231000 0.01872000 0.89016000
0.53221000 0.00698000 0.76470000
0.54449000 0.15088000 0.60631000
0.94891000 0.06997000 0.73356000
0.72740000 0.01330000 0.63963000
0.70355000 0.12489000 0.65109000
0.94523000 0.13550000 0.79249000
0.79199000 0.05247000 0.71805000
0.67986000 0.24943000 0.64921000
0.70298000 0.07554000 0.58678000
0.83540000 0.05446000 0.53822000
0.71685000 0.17835000 0.60040000
0.69722000 0.16437000 0.73155000
0.54259000 0.12921000 0.94201000
0.73163000 0.08308000 0.72650000
0.76046000 0.24210000 0.96512000
0.75492000 0.23412000 0.68221000
0.86565000 0.03034000 0.67880000
0.90234000 0.16193000 0.53884000
0.82831000 0.21738000 0.68425000
0.52513000 0.20337000 0.75902000
0.61315000 0.07548000 0.58439000
0.91736000 0.21471000 0.77863000
0.61265000 0.14036000 0.79726000
0.73028000 0.04412000 0.51881000
0.92685000 0.17302000 0.70514000
0.75001000 0.13546000 0.81588000
0.56098000 0.05720000 0.93710000
0.81493000 0.13344000 0.86251000
0.85118000 0.20615000 0.89509000
0.79548000 0.18966000 0.57875000
0.73031000 0.11760000 0.52357000
0.57209000 0.02007000 0.51564000
0.51115000 0.08466000 0.52307000
0.50244000 0.07892000 0.89809000
0.63541000 0.24381000 0.96759000
0.89516000 0.01372000 0.97837000
0.96130000 0.11863000 0.50271000
0.99766000 0.22215000 0.51736000
0.67490000 0.00278000 0.79951000
0.95130000 0.05216000 0.50698000
0.55079000 0.37725000 0.12489000
0.82251000 0.36224000 0.28910000
0.65940000 0.38127000 0.01654000
0.94498000 0.28614000 0.29598000
0.61333000 0.43971000 0.06198000
0.50639000 0.37508000 0.33036000
0.57422000 0.36143000 0.28141000
0.96847000 0.46949000 0.24992000
0.55507000 0.32241000 0.41640000
0.74236000 0.34762000 0.40186000
0.63289000 0.32104000 0.43182000
0.86977000 0.42811000 0.26196000
0.91977000 0.45077000 0.38431000
0.68396000 0.30480000 0.16025000
0.61204000 0.34247000 0.08660000
0.82730000 0.29121000 0.34400000
0.98728000 0.39999000 0.21320000
0.89202000 0.40107000 0.15345000
0.51710000 0.26803000 0.09444000
0.62030000 0.43082000 0.15306000
0.86769000 0.41460000 0.34563000
0.55531000 0.35313000 0.00734000
0.52249000 0.44353000 0.10782000
0.71591000 0.37496000 0.23425000
0.86580000 0.32108000 0.21795000
0.72317000 0.34146000 0.03498000
0.89891000 0.36503000 0.08255000
0.77685000 0.28407000 0.48829000
0.93547000 0.49489000 0.00872000
0.67842000 0.48842000 0.06746000
0.63447000 0.30380000 0.27397000
0.76387000 0.41984000 0.05812000
0.81484000 0.31928000 0.13101000
0.61765000 0.25684000 0.34037000
0.91200000 0.38215000 0.29440000
0.54311000 0.42541000 0.28461000
0.55220000 0.43312000 0.42026000
0.61770000 0.45951000 0.25964000
0.56572000 0.30979000 0.16816000
0.68620000 0.43687000 0.30077000
0.67675000 0.38330000 0.41130000
0.83578000 0.31619000 0.41693000
0.72933000 0.48637000 0.34869000
0.81170000 0.40954000 0.22042000
0.57046000 0.28637000 0.04791000
0.71234000 0.29061000 0.44270000
0.81208000 0.49104000 0.39607000
0.77915000 0.31473000 0.22243000
0.86641000 0.26659000 0.10730000
0.90212000 0.49245000 0.08529000
0.52493000 0.31030000 0.24062000
0.93375000 0.28291000 0.12078000
0.66696000 0.30619000 0.34835000
0.81224000 0.38538000 0.10949000
0.71128000 0.44863000 0.13556000
0.83008000 0.46984000 0.16536000
0.92332000 0.34058000 0.15523000
0.94562000 0.34121000 0.24123000
0.74155000 0.34124000 0.13446000
0.81102000 0.27036000 0.03923000
0.84302000 0.33049000 0.04133000
0.84128000 0.38993000 0.43684000
0.77984000 0.44386000 0.44249000
0.75966000 0.46894000 0.27059000
0.70640000 0.44031000 0.48394000
0.90398000 0.41816000 0.46977000
0.84351000 0.47331000 0.47807000
0.87485000 0.26409000 0.27457000
0.95430000 0.30165000 0.43279000
0.65212000 0.38799000 0.19463000
0.71608000 0.30319000 0.24163000
0.90361000 0.35676000 0.37400000
0.85223000 0.42321000 0.02460000
0.72718000 0.48535000 0.43208000
0.51136000 0.47510000 0.23709000
0.97142000 0.43478000 0.31736000
0.94276000 0.28307000 0.04316000
0.74305000 0.27641000 0.36892000
0.68859000 0.27087000 0.04357000
0.53688000 0.49362000 0.14979000
0.82943000 0.47506000 0.30998000
0.73477000 0.33959000 0.49528000
0.98997000 0.46567000 0.16443000
0.59943000 0.37774000 0.41753000
0.96718000 0.35105000 0.06067000
0.98888000 0.37355000 0.41951000
0.99787000 0.48808000 0.43957000
0.64181000 0.44921000 0.44172000
0.57482000 0.40002000 0.21275000
0.62888000 0.38117000 0.32355000
0.71569000 0.44435000 0.21731000
0.97181000 0.42897000 0.02664000
0.69527000 0.40495000 0.07825000
0.51040000 0.25443000 0.32749000
0.96494000 0.35515000 0.32986000
0.51017000 0.48185000 0.02219000
0.90188000 0.49239000 0.18016000
0.52863000 0.49697000 0.32087000
0.88386000 0.25443000 0.19442000
0.99547000 0.30953000 0.20750000
0.87946000 0.47856000 0.77504000
0.74312000 0.27866000 0.56388000
0.63506000 0.44775000 0.63817000
0.71446000 0.37671000 0.94417000
0.64493000 0.48537000 0.89761000
0.58547000 0.45655000 0.98674000
0.96600000 0.26769000 0.77471000
0.84212000 0.46350000 0.60972000
0.84966000 0.38044000 0.60042000
0.63708000 0.31497000 0.78182000
0.71748000 0.35540000 0.56827000
0.64756000 0.43710000 0.53490000
0.78016000 0.43333000 0.57693000
0.68212000 0.26062000 0.88865000
0.75926000 0.48228000 0.63878000
0.95430000 0.31964000 0.71080000
0.86043000 0.29237000 0.68621000
0.92204000 0.25374000 0.67433000
0.66838000 0.33942000 0.62341000
0.56271000 0.41845000 0.71123000
0.71763000 0.31314000 0.85519000
0.99167000 0.27405000 0.85524000
0.50696000 0.46779000 0.76787000
0.99421000 0.42685000 0.67900000
0.96215000 0.30611000 0.56029000
0.53970000 0.39954000 0.93832000
0.82368000 0.29383000 0.90324000
0.88952000 0.29632000 0.60011000
0.70125000 0.49812000 0.54125000
0.58541000 0.40172000 0.83223000
0.50656000 0.36101000 0.88117000
0.66212000 0.43756000 0.74777000
0.57520000 0.30964000 0.55816000
0.83082000 0.39567000 0.83906000
0.91465000 0.42698000 0.86340000
0.56042000 0.26166000 0.74374000
0.64440000 0.25741000 0.72233000
0.93929000 0.40041000 0.73451000
0.96660000 0.45853000 0.91315000
0.87127000 0.30038000 0.78688000
0.74386000 0.26615000 0.74778000
0.84909000 0.46092000 0.70796000
0.58626000 0.47639000 0.76347000
0.64148000 0.37834000 0.70997000
0.90598000 0.33372000 0.98446000
0.72660000 0.30009000 0.67961000
0.55716000 0.34205000 0.69473000
0.93814000 0.36241000 0.50595000
0.91355000 0.26299000 0.83408000
0.52681000 0.36453000 0.80572000
0.82178000 0.37039000 0.75799000
0.75640000 0.43149000 0.70850000
0.63750000 0.31795000 0.69450000
0.92371000 0.39811000 0.93456000
0.50504000 0.47694000 0.68455000
0.54767000 0.45282000 0.51496000
0.94561000 0.32501000 0.81474000
0.73055000 0.35988000 0.72038000
0.74793000 0.42579000 0.85039000
0.59326000 0.30654000 0.95871000
0.81084000 0.26255000 0.78487000
0.74471000 0.31175000 0.96026000
0.58722000 0.46676000 0.85457000
0.67187000 0.36647000 0.88133000
0.57331000 0.30877000 0.86518000
0.96818000 0.39194000 0.57540000
0.89271000 0.31673000 0.87352000
0.67933000 0.27556000 0.57259000
0.61770000 0.28605000 0.62526000
0.55913000 0.36629000 0.62166000
0.56888000 0.48135000 0.58893000
0.95268000 0.26418000 0.93583000
0.88698000 0.35445000 0.66507000
0.68668000 0.40020000 0.81480000
0.65487000 0.48440000 0.80623000
0.91018000 0.46232000 0.64035000
0.63027000 0.28017000 0.51285000
0.96956000 0.37595000 0.86376000
0.82119000 0.39166000 0.67965000
0.80737000 0.43941000 0.96309000
0.86421000 0.46884000 0.91511000
0.52827000 0.43203000 0.64017000
0.99561000 0.35350000 0.63234000
0.79359000 0.31237000 0.71809000
0.70754000 0.47097000 0.97122000
0.79763000 0.33504000 0.60772000
0.81061000 0.26550000 0.64342000
0.79865000 0.47757000 0.83701000
0.82374000 0.35971000 0.95163000
0.78846000 0.33023000 0.83946000
0.60750000 0.25020000 0.83067000
0.87867000 0.44345000 0.54425000
0.51173000 0.30926000 0.62863000
0.95360000 0.46437000 0.55609000
0.88311000 0.36848000 0.78057000
0.77040000 0.48336000 0.51170000
0.54470000 0.36682000 0.51898000
0.85699000 0.35869000 0.51376000
0.85476000 0.25473000 0.50116000
0.69219000 0.49634000 0.69346000
0.74411000 0.48875000 0.75238000
0.62230000 0.49919000 0.53303000
0.78482000 0.38291000 0.50407000
0.66536000 0.35156000 0.50140000
0.64533000 0.61808000 0.44076000
0.58956000 0.66725000 0.33437000
0.90430000 0.54924000 0.13373000
0.51891000 0.74108000 0.08707000
0.58219000 0.52171000 0.21349000
0.82750000 0.67341000 0.09229000
0.81216000 0.66433000 0.41762000
0.88567000 0.63945000 0.12340000
0.63091000 0.60911000 0.25586000
0.54607000 0.60358000 0.31404000
0.78775000 0.54111000 0.32695000
0.76067000 0.73627000 0.42917000
0.99709000 0.61844000 0.22962000
0.60560000 0.55444000 0.45596000
0.81376000 0.64709000 0.20448000
0.76146000 0.71676000 0.32433000
0.76131000 0.50198000 0.03512000
0.64819000 0.50519000 0.39627000
0.56696000 0.67616000 0.12407000
0.65880000 0.74970000 0.20149000
0.83227000 0.57229000 0.43945000
0.91479000 0.67231000 0.44741000
0.98178000 0.66432000 0.28049000
0.58010000 0.64992000 0.45409000
0.79497000 0.56861000 0.24576000
0.72801000 0.71008000 0.22532000
0.86091000 0.64572000 0.26707000
0.99651000 0.52051000 0.06970000
0.86333000 0.57796000 0.33625000
0.76368000 0.61078000 0.17054000
0.50933000 0.52593000 0.42639000
0.80162000 0.72069000 0.19554000
0.89734000 0.51663000 0.32350000
0.84707000 0.57199000 0.02571000
0.71331000 0.67938000 0.03331000
0.62335000 0.61968000 0.08732000
0.70202000 0.54942000 0.05646000
0.61337000 0.71873000 0.25357000
0.79336000 0.61484000 0.04649000
0.53035000 0.55111000 0.25843000
0.90634000 0.65523000 0.03832000
0.79656000 0.52168000 0.11136000
0.72833000 0.65359000 0.34455000
0.58344000 0.71510000 0.48897000
0.99795000 0.55324000 0.32821000
0.93281000 0.66950000 0.34703000
0.69043000 0.57952000 0.28799000
0.98169000 0.69266000 0.11441000
0.58235000 0.55250000 0.32694000
0.51262000 0.55252000 0.00751000
0.87012000 0.68631000 0.39086000
0.66458000 0.71855000 0.08025000
0.72987000 0.52190000 0.21233000
0.73339000 0.55453000 0.13110000
0.69846000 0.56357000 0.40594000
0.65570000 0.67972000 0.32003000
0.60663000 0.67979000 0.05149000
0.53795000 0.57031000 0.49116000
0.87960000 0.70903000 0.24600000
0.64098000 0.53326000 0.02593000
0.69152000 0.68645000 0.44631000
0.64816000 0.71868000 0.39064000
0.54375000 0.62829000 0.06390000
0.53425000 0.59959000 0.17203000
0.92052000 0.74422000 0.44288000
0.51699000 0.69484000 0.47420000
0.62500000 0.62254000 0.00975000
0.65360000 0.52578000 0.27711000
0.67281000 0.66467000 0.19309000
0.85984000 0.72053000 0.45902000
0.76005000 0.67717000 0.10499000
0.83506000 0.66223000 0.49766000
0.84164000 0.58937000 0.13725000
0.54304000 0.72742000 0.21555000
0.93719000 0.59630000 0.37901000
0.74085000 0.64432000 0.49693000
0.86930000 0.73016000 0.33596000
0.99088000 0.70420000 0.46323000
0.66780000 0.61262000 0.36583000
0.61705000 0.55390000 0.11303000
0.95976000 0.54835000 0.25389000
0.94162000 0.58793000 0.05775000
0.92039000 0.61598000 0.24222000
0.75460000 0.61414000 0.40437000
0.93930000 0.73165000 0.26544000
0.94748000 0.58588000 0.17226000
0.84504000 0.71793000 0.03450000
0.69199000 0.58349000 0.19935000
0.80647000 0.61054000 0.32399000
0.92245000 0.66845000 0.19156000
0.51428000 0.64764000 0.26752000
0.59696000 0.63457000 0.19555000
0.74870000 0.62575000 0.27289000
0.68781000 0.63126000 0.12464000
0.91380000 0.52366000 0.44449000
0.67766000 0.74725000 0.28573000
0.76431000 0.54927000 0.44660000
0.70423000 0.58549000 0.48457000
0.95506000 0.53334000 0.38587000
0.54057000 0.52543000 0.06765000
0.67656000 0.52441000 0.15436000
0.76446000 0.74892000 0.13515000
0.64779000 0.55106000 0.90132000
0.59389000 0.60136000 0.81765000
0.92183000 0.62022000 0.85471000
0.59105000 0.64235000 0.75706000
0.99301000 0.72117000 0.71528000
0.55480000 0.68102000 0.99518000
0.88856000 0.74313000 0.72764000
0.98510000 0.55273000 0.67457000
0.77643000 0.70057000 0.84191000
0.68022000 0.56369000 0.97412000
0.72408000 0.68820000 0.67676000
0.98532000 0.52648000 0.94193000
0.57718000 0.64651000 0.88026000
0.50633000 0.64631000 0.76745000
0.83641000 0.58527000 0.90795000
0.67808000 0.67140000 0.60876000
0.76361000 0.63641000 0.74644000
0.65452000 0.62325000 0.78179000
0.92537000 0.51311000 0.88997000
0.99720000 0.71790000 0.54850000
0.87973000 0.52402000 0.69866000
0.78289000 0.57244000 0.98427000
0.95804000 0.71598000 0.91571000
0.57694000 0.61443000 0.96277000
0.94789000 0.51770000 0.72583000
0.94810000 0.66843000 0.77353000
0.80200000 0.68995000 0.65109000
0.57538000 0.53297000 0.86788000
0.89546000 0.65188000 0.57612000
0.77810000 0.62227000 0.63619000
0.86793000 0.65328000 0.97095000
0.94942000 0.56137000 0.80311000
0.66353000 0.74075000 0.69321000
0.68768000 0.59291000 0.67402000
0.86353000 0.67914000 0.77140000
0.75740000 0.54399000 0.59407000
0.65276000 0.62469000 0.92748000
0.86142000 0.71025000 0.84768000
0.63367000 0.72969000 0.62151000
0.53119000 0.58178000 0.64067000
0.83636000 0.59592000 0.59402000
0.62758000 0.56292000 0.71191000
0.96812000 0.65996000 0.68268000
0.91591000 0.60493000 0.96255000
0.57200000 0.68927000 0.70664000
0.84738000 0.50415000 0.54679000
0.71942000 0.58794000 0.78291000
0.83538000 0.62009000 0.80087000
0.94725000 0.72096000 0.83310000
0.51967000 0.51580000 0.55882000
0.90110000 0.70043000 0.52372000
0.67519000 0.60410000 0.57963000
0.99639000 0.54495000 0.86514000
0.65925000 0.68584000 0.74137000
0.53432000 0.51027000 0.92989000
0.62745000 0.51235000 0.64756000
0.53224000 0.66187000 0.64516000
0.90434000 0.67618000 0.90865000
0.80321000 0.64476000 0.86774000
0.93774000 0.58001000 0.54764000
0.99768000 0.56604000 0.59395000
0.76840000 0.74197000 0.91640000
0.81393000 0.70814000 0.96653000
0.59371000 0.57627000 0.58907000
0.64633000 0.55104000 0.78542000
0.92605000 0.61199000 0.64656000
0.71933000 0.66158000 0.90217000
0.50876000 0.60517000 0.85809000
0.76748000 0.65428000 0.97486000
0.79533000 0.69558000 0.56726000
0.52684000 0.54961000 0.80024000
0.61254000 0.61863000 0.65104000
0.63231000 0.73842000 0.81888000
0.88798000 0.54647000 0.58139000
0.88357000 0.72212000 0.63958000
0.56340000 0.70122000 0.57023000
0.55553000 0.70312000 0.81725000
0.67516000 0.71091000 0.52991000
0.83819000 0.53504000 0.63087000
0.55772000 0.63672000 0.53234000
0.95930000 0.51521000 0.60657000
0.74988000 0.61188000 0.56771000
0.89661000 0.58669000 0.73940000
0.75525000 0.51416000 0.89896000
0.87252000 0.66071000 0.66775000
0.55944000 0.53638000 0.71283000
0.74805000 0.73075000 0.52628000
0.79723000 0.57673000 0.74190000
0.85448000 0.58646000 0.68145000
0.76388000 0.74732000 0.62502000
0.76383000 0.58479000 0.86863000
0.70353000 0.55902000 0.85021000
0.60983000 0.69312000 0.93216000
0.76576000 0.54540000 0.67387000
0.79393000 0.70523000 0.74324000
0.90908000 0.70801000 0.98447000
0.62308000 0.61260000 0.52463000
0.81282000 0.74874000 0.67883000
0.86559000 0.50425000 0.99155000
0.66708000 0.93090000 0.30994000
0.70786000 0.88716000 0.26079000
0.75033000 0.92342000 0.01582000
0.79478000 0.94163000 0.27406000
0.60163000 0.95658000 0.27116000
0.74911000 0.82964000 0.49930000
0.76697000 0.79423000 0.34119000
0.78769000 0.86425000 0.19931000
0.83257000 0.78410000 0.36316000
0.64627000 0.81029000 0.17535000
0.94728000 0.75414000 0.10680000
0.70497000 0.97282000 0.35980000
0.92947000 0.86812000 0.36648000
0.52251000 0.84332000 0.02632000
0.65259000 0.86996000 0.41098000
0.78880000 0.86489000 0.06486000
0.85954000 0.81791000 0.49519000
0.80121000 0.86726000 0.27839000
0.57030000 0.88677000 0.16271000
0.84687000 0.89624000 0.11362000
0.87505000 0.75642000 0.15203000
0.79470000 0.96472000 0.46914000
0.80596000 0.98674000 0.16025000
0.51068000 0.92166000 0.03279000
0.96374000 0.82884000 0.41271000
0.82367000 0.77523000 0.06917000
0.85909000 0.93967000 0.39543000
0.66370000 0.93274000 0.01438000
0.83079000 0.87237000 0.38846000
0.71822000 0.99311000 0.44451000
0.70285000 0.97726000 0.07496000
0.86998000 0.80931000 0.28763000
0.80711000 0.76467000 0.47411000
0.64564000 0.98509000 0.39817000
0.52187000 0.94873000 0.37052000
0.58892000 0.77680000 0.30003000
0.66164000 0.85322000 0.33212000
0.86382000 0.98394000 0.11170000
0.94106000 0.90745000 0.23718000
0.54756000 0.83961000 0.26345000
0.62264000 0.94569000 0.16626000
0.65072000 0.81539000 0.25820000
0.72740000 0.95867000 0.28454000
0.99016000 0.87535000 0.30089000
0.71403000 0.78540000 0.07191000
0.52417000 0.76326000 0.36253000
0.99921000 0.98432000 0.22158000
0.78365000 0.94821000 0.08693000
0.71857000 0.78860000 0.17230000
0.74965000 0.81916000 0.25257000
0.78487000 0.97766000 0.38825000
0.59741000 0.93760000 0.36166000
0.53883000 0.94448000 0.23561000
0.93143000 0.83892000 0.18042000
0.57550000 0.78204000 0.04452000
0.54397000 0.87878000 0.35126000
0.54340000 0.85307000 0.44540000
0.64033000 0.78982000 0.08394000
0.72989000 0.91413000 0.37265000
0.92940000 0.93615000 0.42286000
0.95155000 0.82277000 0.30892000
0.88654000 0.85436000 0.01362000
0.73879000 0.85464000 0.31769000
0.74582000 0.88466000 0.11852000
0.56215000 0.75628000 0.14699000
0.58521000 0.93852000 0.04257000
0.52116000 0.87130000 0.10431000
0.90178000 0.79759000 0.05912000
0.94781000 0.85704000 0.09536000
0.58540000 0.84348000 0.06834000
0.99207000 0.88080000 0.39205000
0.91520000 0.88656000 0.49315000
0.58588000 0.82794000 0.37703000
0.88676000 0.81337000 0.40803000
0.74953000 0.92428000 0.20926000
0.95388000 0.76688000 0.19017000
0.96172000 0.93660000 0.33730000
0.53321000 0.95880000 0.48288000
0.97314000 0.77539000 0.48285000
0.71974000 0.85502000 0.04537000
0.59857000 0.89217000 0.48093000
0.66640000 0.88515000 0.18762000
0.66003000 0.92737000 0.09726000
0.86970000 0.89664000 0.26831000
0.98352000 0.93115000 0.10243000
0.93207000 0.90943000 0.03617000
0.91643000 0.94352000 0.15702000
0.62640000 0.82560000 0.45981000
0.86189000 0.83673000 0.15554000
0.81216000 0.79329000 0.24035000
0.66422000 0.95782000 0.23831000
0.86795000 0.95402000 0.02745000
0.68805000 0.79865000 0.43510000
0.89338000 0.98498000 0.33436000
0.58756000 0.75953000 0.39482000
0.80134000 0.86542000 0.46400000
0.53002000 0.75875000 0.48458000
0.71349000 0.89975000 0.45733000
0.69266000 0.77934000 0.35085000
0.51517000 0.97395000 0.16604000
0.99209000 0.94039000 0.48539000
0.76061000 0.75311000 0.01109000
0.99951000 0.83489000 0.04071000
0.98842000 0.80378000 0.13182000
0.99254000 0.77730000 0.37373000
0.62443000 0.99126000 0.48466000
0.67283000 0.77866000 0.00567000
0.51056000 0.93528000 0.74063000
0.64841000 0.77735000 0.54279000
0.89945000 0.76284000 0.93974000
0.87732000 0.82585000 0.87757000
0.62016000 0.88393000 0.86241000
0.82598000 0.99772000 0.97985000
0.97720000 0.91438000 0.86861000
0.94812000 0.95948000 0.66476000
0.73014000 0.76339000 0.77659000
0.67299000 0.90918000 0.63048000
0.85020000 0.79620000 0.98784000
0.50004000 0.85878000 0.67659000
0.75383000 0.91947000 0.75638000
0.65697000 0.77838000 0.75464000
0.58056000 0.84432000 0.61152000
0.53009000 0.81326000 0.54622000
0.66268000 0.84260000 0.61499000
0.78030000 0.95732000 0.81487000
0.97878000 0.90088000 0.67586000
0.88411000 0.77809000 0.81667000
0.57637000 0.94334000 0.76099000
0.99142000 0.77795000 0.82086000
0.79933000 0.90798000 0.59533000
0.61221000 0.95638000 0.68227000
0.82403000 0.90406000 0.79923000
0.73283000 0.91620000 0.67262000
0.50320000 0.87810000 0.89257000
0.62803000 0.89127000 0.56777000
0.93888000 0.78903000 0.76773000
0.87620000 0.93281000 0.92904000
0.53294000 0.98182000 0.85906000
0.96644000 0.80009000 0.98594000
0.85670000 0.86078000 0.61444000
0.69462000 0.85287000 0.54664000
0.55084000 0.83823000 0.71340000
0.62393000 0.86767000 0.99632000
0.55446000 0.91123000 0.83479000
0.61002000 0.97002000 0.83958000
0.88644000 0.80566000 0.68651000
0.56186000 0.78769000 0.92999000
0.86705000 0.96074000 0.82914000
0.72304000 0.81357000 0.64463000
0.80243000 0.86358000 0.68019000
0.67072000 0.83504000 0.81573000
0.50939000 0.79457000 0.81173000
0.82038000 0.78383000 0.77124000
0.54688000 0.75071000 0.72816000
0.58734000 0.80538000 0.50778000
0.64874000 0.94415000 0.75658000
0.90513000 0.98435000 0.50618000
0.56093000 0.90395000 0.93982000
0.68578000 0.88019000 0.89656000
0.51098000 0.86493000 0.58813000
0.60535000 0.84329000 0.77728000
0.72262000 0.91884000 0.56267000
0.58403000 0.79169000 0.65699000
0.77932000 0.96107000 0.90927000
0.85959000 0.89940000 0.68535000
0.99203000 0.78869000 0.69856000
0.52855000 0.98536000 0.56365000
0.65013000 0.82397000 0.90989000
0.60118000 0.98716000 0.93071000
0.79040000 0.79108000 0.56529000
0.51202000 0.98451000 0.67228000
0.77613000 0.81642000 0.82905000
0.85149000 0.96514000 0.57260000
0.84946000 0.84783000 0.74302000
0.94930000 0.85967000 0.77221000
0.95585000 0.85168000 0.58097000
0.91751000 0.91342000 0.56556000
0.57483000 0.89936000 0.65568000
0.75960000 0.81699000 0.73923000
0.94312000 0.97773000 0.85051000
0.72350000 0.98024000 0.70768000
0.72244000 0.93425000 0.85423000
0.65805000 0.85409000 0.73338000
0.95193000 0.90663000 0.95262000
0.77994000 0.83202000 0.94649000
0.59657000 0.95529000 0.55938000
0.99741000 0.99045000 0.59899000
0.94075000 0.83477000 0.92535000
0.83868000 0.75444000 0.89283000
0.95730000 0.75889000 0.61522000
0.87633000 0.94283000 0.75204000
0.98075000 0.97081000 0.91303000
0.58030000 0.80620000 0.83800000
0.87005000 0.75405000 0.56424000
0.95161000 0.83850000 0.69309000
0.87501000 0.89147000 0.86351000
0.66096000 0.93813000 0.51058000
0.79246000 0.96067000 0.70844000
0.51621000 0.98374000 0.93792000
0.92860000 0.81108000 0.52402000
0.50552000 0.85893000 0.81653000
0.50162000 0.92468000 0.63274000
0.70145000 0.76028000 0.59134000
0.67630000 0.96211000 0.94245000
