999
caco3_a_xray_new_gr.dat
0.02	-8.711434
0.04	-8.638115
0.06	-8.492009
0.08	-8.244908
0.1	-7.870741
0.12	-7.355000
0.14	-6.702184
0.16	-5.939377
0.18	-5.114795
0.2	-4.291453
0.22	-3.537008
0.24	-2.911890
0.26	-2.458152
0.28	-2.191437
0.3	-2.097802
0.32	-2.136151
0.34	-2.245843
0.36	-2.357998
0.38	-2.408234
0.4	-2.348327
0.42	-2.154526
0.44	-1.830992
0.46	-1.407844
0.48	-0.934415
0.5	-0.469241
0.52	-0.068893
0.54	0.222088
0.56	0.378295
0.58	0.396405
0.6	0.293744
0.62	0.103134
0.64	-0.134610
0.66	-0.378790
0.68	-0.595846
0.7	-0.763990
0.72	-0.874802
0.74	-0.931886
0.76	-0.947301
0.78	-0.936917
0.8	-0.915942
0.82	-0.895659
0.84	-0.881985
0.86	-0.875905
0.88	-0.875336
0.9	-0.877616
0.92	-0.881721
0.94	-0.889437
0.96	-0.905111
0.98	-0.934007
1	-0.979793
1.02	-1.041918
1.04	-1.113771
1.06	-1.182315
1.08	-1.229540
1.1	-1.235622
1.12	-1.183172
1.14	-1.061681
1.16	-0.871084
1.18	-0.623545
1.2	-0.342880
1.22	-0.061560
1.24	0.184240
1.26	0.360639
1.28	0.441936
1.3	0.415204
1.32	0.282677
1.34	0.061456
1.36	-0.219412
1.38	-0.523892
1.4	-0.814983
1.42	-1.060651
1.44	-1.238567
1.46	-1.338847
1.48	-1.364408
1.5	-1.329052
1.52	-1.253807
1.54	-1.162385
1.56	-1.076679
1.58	-1.013160
1.6	-0.980758
1.62	-0.980458
1.64	-1.006459
1.66	-1.048486
1.68	-1.094600
1.7	-1.133897
1.72	-1.158546
1.74	-1.164871
1.76	-1.153395
1.78	-1.128036
1.8	-1.094763
1.82	-1.060109
1.84	-1.029879
1.86	-1.008288
1.88	-0.997598
1.9	-0.998199
1.92	-1.008956
1.94	-1.027632
1.96	-1.051209
1.98	-1.076035
2	-1.097797
2.02	-1.111422
2.04	-1.111055
2.06	-1.090240
2.08	-1.042398
2.1	-0.961577
2.12	-0.843375
2.14	-0.685859
2.16	-0.490270
2.18	-0.261334
2.2	-0.007076
2.22	0.261864
2.24	0.533304
2.26	0.794795
2.28	1.034859
2.3	1.243974
2.32	1.415174
2.34	1.544176
2.36	1.629134
2.38	1.670116
2.4	1.668516
2.42	1.626566
2.44	1.547076
2.46	1.433450
2.48	1.289914
2.5	1.121837
2.52	0.935984
2.54	0.740528
2.56	0.544740
2.58	0.358331
2.6	0.190523
2.62	0.049017
2.64	-0.060943
2.66	-0.137215
2.68	-0.180960
2.7	-0.196358
2.72	-0.189858
2.74	-0.169129
2.76	-0.141889
2.78	-0.114848
2.8	-0.092934
2.82	-0.078931
2.84	-0.073552
2.86	-0.075869
2.88	-0.083972
2.9	-0.095682
2.92	-0.109146
2.94	-0.123204
2.96	-0.137465
2.98	-0.152133
3	-0.167653
3.02	-0.184322
3.04	-0.201961
3.06	-0.219775
3.08	-0.236410
3.1	-0.250209
3.12	-0.259581
3.14	-0.263387
3.16	-0.261234
3.18	-0.253601
3.2	-0.241756
3.22	-0.227497
3.24	-0.212766
3.26	-0.199244
3.28	-0.188011
3.3	-0.179370
3.32	-0.172837
3.34	-0.167330
3.36	-0.161471
3.38	-0.153938
3.4	-0.143777
3.42	-0.130602
3.44	-0.114644
3.46	-0.096643
3.48	-0.077633
3.5	-0.058673
3.52	-0.040594
3.54	-0.023835
3.56	-0.008397
3.58	0.006086
3.6	0.020169
3.62	0.034388
3.64	0.049054
3.66	0.064125
3.68	0.079170
3.7	0.093448
3.72	0.106065
3.74	0.116177
3.76	0.123190
3.78	0.126903
3.8	0.127573
3.82	0.125882
3.84	0.122829
3.86	0.119560
3.88	0.117194
3.9	0.116655
3.92	0.118562
3.94	0.123169
3.96	0.130363
3.98	0.139708
4	0.150516
4.02	0.161923
4.04	0.172966
4.06	0.182654
4.08	0.190041
4.1	0.194297
4.12	0.194781
4.14	0.191124
4.16	0.183296
4.18	0.171649
4.2	0.156919
4.22	0.140166
4.24	0.122663
4.26	0.105731
4.28	0.090552
4.3	0.077993
4.32	0.068469
4.34	0.061891
4.36	0.057694
4.38	0.054960
4.4	0.052605
4.42	0.049584
4.44	0.045097
4.46	0.038716
4.48	0.030444
4.5	0.020672
4.52	0.010049
4.54	-0.000685
4.56	-0.010882
4.58	-0.020132
4.6	-0.028336
4.62	-0.035699
4.64	-0.042647
4.66	-0.049682
4.68	-0.057230
4.7	-0.065511
4.72	-0.074466
4.74	-0.083761
4.76	-0.092862
4.78	-0.101161
4.8	-0.108128
4.82	-0.113429
4.84	-0.117008
4.86	-0.119090
4.88	-0.120112
4.9	-0.120609
4.92	-0.121076
4.94	-0.121844
4.96	-0.122998
4.98	-0.124374
5	-0.125601
5.02	-0.126216
5.04	-0.125789
5.06	-0.124043
5.08	-0.120933
5.1	-0.116669
5.12	-0.111667
5.14	-0.106461
5.16	-0.101582
5.18	-0.097442
5.2	-0.094251
5.22	-0.091992
5.24	-0.090441
5.26	-0.089246
5.28	-0.088027
5.3	-0.086473
5.32	-0.084417
5.34	-0.081864
5.36	-0.078974
5.38	-0.075998
5.4	-0.073200
5.42	-0.070771
5.44	-0.068778
5.46	-0.067137
5.48	-0.065642
5.5	-0.064017
5.52	-0.061988
5.54	-0.059358
5.56	-0.056047
5.58	-0.052107
5.6	-0.047695
5.62	-0.043014
5.64	-0.038257
5.66	-0.033537
5.68	-0.028862
5.7	-0.024132
5.72	-0.019174
5.74	-0.013800
5.76	-0.007871
5.78	-0.001352
5.8	0.005665
5.82	0.012971
5.84	0.020288
5.86	0.027329
5.88	0.033875
5.9	0.039822
5.92	0.045210
5.94	0.050197
5.96	0.055020
5.98	0.059912
6	0.065031
6.02	0.070406
6.04	0.075909
6.06	0.081281
6.08	0.086182
6.1	0.090272
6.12	0.093294
6.14	0.095133
6.16	0.095843
6.18	0.095633
6.2	0.094807
6.22	0.093684
6.24	0.092520
6.26	0.091438
6.28	0.090403
6.3	0.089237
6.32	0.087676
6.34	0.085451
6.36	0.082372
6.38	0.078394
6.4	0.073641
6.42	0.068393
6.44	0.063017
6.46	0.057883
6.48	0.053275
6.5	0.049312
6.52	0.045925
6.54	0.042872
6.56	0.039801
6.58	0.036348
6.6	0.032237
6.62	0.027366
6.64	0.021844
6.66	0.015983
6.68	0.010233
6.7	0.005085
6.72	0.000959
6.74	-0.001892
6.76	-0.003443
6.78	-0.003897
6.8	-0.003640
6.82	-0.003144
6.84	-0.002861
6.86	-0.003114
6.88	-0.004035
6.9	-0.005538
6.92	-0.007356
6.94	-0.009121
6.96	-0.010463
6.98	-0.011114
7	-0.010975
7.02	-0.010142
7.04	-0.008884
7.06	-0.007566
7.08	-0.006559
7.1	-0.006141
7.12	-0.006428
7.14	-0.007342
7.16	-0.008642
7.18	-0.009982
7.2	-0.011011
7.22	-0.011468
7.24	-0.011256
7.26	-0.010473
7.28	-0.009395
7.3	-0.008409
7.32	-0.007919
7.34	-0.008244
7.36	-0.009540
7.38	-0.011749
7.4	-0.014618
7.42	-0.017750
7.44	-0.020699
7.46	-0.023073
7.48	-0.024622
7.5	-0.025298
7.52	-0.025251
7.54	-0.024793
7.56	-0.024310
7.58	-0.024162
7.6	-0.024593
7.62	-0.025663
7.64	-0.027239
7.66	-0.029020
7.68	-0.030612
7.7	-0.031626
7.72	-0.031770
7.74	-0.030919
7.76	-0.029147
7.78	-0.026708
7.8	-0.023978
7.82	-0.021365
7.84	-0.019221
7.86	-0.017760
7.88	-0.017020
7.9	-0.016860
7.92	-0.017003
7.94	-0.017108
7.96	-0.016850
7.98	-0.015998
8	-0.014466
8.02	-0.012322
8.04	-0.009767
8.06	-0.007083
8.08	-0.004560
8.1	-0.002434
8.12	-0.000833
8.14	0.000238
8.16	0.000887
8.18	0.001303
8.2	0.001695
8.22	0.002243
8.24	0.003055
8.26	0.004146
8.28	0.005443
8.3	0.006815
8.32	0.008108
8.34	0.009192
8.36	0.009989
8.38	0.010494
8.4	0.010763
8.42	0.010896
8.44	0.011000
8.46	0.011156
8.48	0.011399
8.5	0.011700
8.52	0.011983
8.54	0.012145
8.56	0.012084
8.58	0.011737
8.6	0.011097
8.62	0.010223
8.64	0.009226
8.66	0.008250
8.68	0.007436
8.7	0.006890
8.72	0.006663
8.74	0.006736
8.76	0.007031
8.78	0.007428
8.8	0.007794
8.82	0.008016
8.84	0.008024
8.86	0.007803
8.88	0.007395
8.9	0.006883
8.92	0.006371
8.94	0.005956
8.96	0.005710
8.98	0.005668
9	0.005818
9.02	0.006116
9.04	0.006498
9.06	0.006897
9.08	0.007257
9.1	0.007542
9.12	0.007744
9.14	0.007867
9.16	0.007931
9.18	0.007950
9.2	0.007932
9.22	0.007874
9.24	0.007764
9.26	0.007586
9.28	0.007332
9.3	0.007005
9.32	0.006626
9.34	0.006227
9.36	0.005848
9.38	0.005525
9.4	0.005280
9.42	0.005113
9.44	0.005002
9.46	0.004904
9.48	0.004765
9.5	0.004534
9.52	0.004175
9.54	0.003676
9.56	0.003049
9.58	0.002332
9.6	0.001579
9.62	0.000844
9.64	0.000174
9.66	-0.000402
9.68	-0.000879
9.7	-0.001269
9.72	-0.001598
9.74	-0.001892
9.76	-0.002170
9.78	-0.002437
9.8	-0.002679
9.82	-0.002874
9.84	-0.002992
9.86	-0.003015
9.88	-0.002936
9.9	-0.002771
9.92	-0.002557
9.94	-0.002342
9.96	-0.002178
9.98	-0.002104
10	-0.002140
10.02	-0.002278
10.04	-0.002483
10.06	-0.002702
10.08	-0.002874
10.1	-0.002947
10.12	-0.002888
10.14	-0.002692
10.16	-0.002385
10.18	-0.002013
10.2	-0.001633
10.22	-0.001299
10.24	-0.001049
10.26	-0.000897
10.28	-0.000828
10.3	-0.000812
10.32	-0.000804
10.34	-0.000767
10.36	-0.000682
10.38	-0.000551
10.4	-0.000405
10.42	-0.000291
10.44	-0.000263
10.46	-0.000365
10.48	-0.000617
10.5	-0.001005
10.52	-0.001482
10.54	-0.001974
10.56	-0.002395
10.58	-0.002664
10.6	-0.002726
10.62	-0.002565
10.64	-0.002209
10.66	-0.001726
10.68	-0.001212
10.7	-0.000772
10.72	-0.000497
10.74	-0.000444
10.76	-0.000627
10.78	-0.001015
10.8	-0.001535
10.82	-0.002093
10.84	-0.002590
10.86	-0.002949
10.88	-0.003124
10.9	-0.003116
10.92	-0.002965
10.94	-0.002744
10.96	-0.002538
10.98	-0.002426
11	-0.002461
11.02	-0.002658
11.04	-0.002990
11.06	-0.003391
11.08	-0.003774
11.1	-0.004049
11.12	-0.004140
11.14	-0.004007
11.16	-0.003651
11.18	-0.003118
11.2	-0.002489
11.22	-0.001865
11.24	-0.001345
11.26	-0.001005
11.28	-0.000886
11.3	-0.000982
11.32	-0.001244
11.34	-0.001590
11.36	-0.001923
11.38	-0.002152
11.4	-0.002212
11.42	-0.002078
11.44	-0.001769
11.46	-0.001347
11.48	-0.000899
11.5	-0.000521
11.52	-0.000294
11.54	-0.000264
11.56	-0.000436
11.58	-0.000764
11.6	-0.001167
11.62	-0.001541
11.64	-0.001787
11.66	-0.001830
11.68	-0.001640
11.7	-0.001237
11.72	-0.000690
11.74	-0.000103
11.76	0.000411
11.78	0.000751
11.8	0.000857
11.82	0.000722
11.84	0.000394
11.86	-0.000031
11.88	-0.000432
11.9	-0.000690
11.92	-0.000720
11.94	-0.000487
11.96	-0.000021
11.98	0.000588
12	0.001212
12.02	0.001712
12.04	0.001972
12.06	0.001928
12.08	0.001586
12.1	0.001023
12.12	0.000376
12.14	-0.000190
12.16	-0.000518
12.18	-0.000498
12.2	-0.000092
12.22	0.000653
12.24	0.001610
12.26	0.002598
12.28	0.003421
12.3	0.003912
12.32	0.003966
12.34	0.003572
12.36	0.002809
12.38	0.001836
12.4	0.000856
12.42	0.000071
12.44	-0.000360
12.46	-0.000360
12.48	0.000056
12.5	0.000777
12.52	0.001630
12.54	0.002411
12.56	0.002938
12.58	0.003085
12.6	0.002814
12.62	0.002178
12.64	0.001309
12.66	0.000387
12.68	-0.000407
12.7	-0.000924
12.72	-0.001086
12.74	-0.000900
12.76	-0.000451
12.78	0.000119
12.8	0.000643
12.82	0.000977
12.84	0.001023
12.86	0.000758
12.88	0.000233
12.9	-0.000441
12.92	-0.001121
12.94	-0.001665
12.96	-0.001969
12.98	-0.001986
13	-0.001735
13.02	-0.001296
13.04	-0.000785
13.06	-0.000327
13.08	-0.000028
13.1	0.000052
13.12	-0.000095
13.14	-0.000423
13.16	-0.000848
13.18	-0.001275
13.2	-0.001615
13.22	-0.001810
13.24	-0.001843
13.26	-0.001738
13.28	-0.001549
13.3	-0.001343
13.32	-0.001182
13.34	-0.001105
13.36	-0.001125
13.38	-0.001224
13.4	-0.001364
13.42	-0.001503
13.44	-0.001603
13.46	-0.001646
13.48	-0.001638
13.5	-0.001600
13.52	-0.001564
13.54	-0.001557
13.56	-0.001591
13.58	-0.001657
13.6	-0.001723
13.62	-0.001749
13.64	-0.001692
13.66	-0.001528
13.68	-0.001259
13.7	-0.000923
13.72	-0.000582
13.74	-0.000313
13.76	-0.000190
13.78	-0.000260
13.8	-0.000531
13.82	-0.000962
13.84	-0.001471
13.86	-0.001948
13.88	-0.002283
13.9	-0.002387
13.92	-0.002219
13.94	-0.001794
13.96	-0.001185
13.98	-0.000508
14	0.000106
14.02	0.000536
14.04	0.000705
14.06	0.000593
14.08	0.000243
14.1	-0.000246
14.12	-0.000745
14.14	-0.001122
14.16	-0.001278
14.18	-0.001164
14.2	-0.000797
14.22	-0.000251
14.24	0.000356
14.26	0.000895
14.28	0.001256
14.3	0.001372
14.32	0.001236
14.34	0.000903
14.36	0.000472
14.38	0.000068
14.4	-0.000193
14.42	-0.000232
14.44	-0.000019
14.46	0.000414
14.48	0.000983
14.5	0.001577
14.52	0.002080
14.54	0.002398
14.56	0.002481
14.58	0.002331
14.6	0.002001
14.62	0.001576
14.64	0.001155
14.66	0.000823
14.68	0.000636
14.7	0.000609
14.72	0.000715
14.74	0.000896
14.76	0.001082
14.78	0.001208
14.8	0.001234
14.82	0.001150
14.84	0.000980
14.86	0.000769
14.88	0.000573
14.9	0.000440
14.92	0.000397
14.94	0.000443
14.96	0.000551
14.98	0.000676
15	0.000770
15.02	0.000794
15.04	0.000733
15.06	0.000598
15.08	0.000425
15.1	0.000263
15.12	0.000163
15.14	0.000162
15.16	0.000270
15.18	0.000467
15.2	0.000708
15.22	0.000933
15.24	0.001084
15.26	0.001117
15.28	0.001017
15.3	0.000805
15.32	0.000528
15.34	0.000252
15.36	0.000044
15.38	-0.000044
15.4	0.000009
15.42	0.000192
15.44	0.000455
15.46	0.000731
15.48	0.000945
15.5	0.001035
15.52	0.000967
15.54	0.000744
15.56	0.000404
15.58	0.000013
15.6	-0.000350
15.62	-0.000615
15.64	-0.000734
15.66	-0.000693
15.68	-0.000513
15.7	-0.000246
15.72	0.000039
15.74	0.000275
15.76	0.000407
15.78	0.000413
15.8	0.000300
15.82	0.000102
15.84	-0.000125
15.86	-0.000324
15.88	-0.000447
15.9	-0.000470
15.92	-0.000394
15.94	-0.000244
15.96	-0.000064
15.98	0.000100
16	0.000206
16.02	0.000234
16.04	0.000183
16.06	0.000073
16.08	-0.000062
16.1	-0.000184
16.12	-0.000263
16.14	-0.000283
16.16	-0.000246
16.18	-0.000172
16.2	-0.000088
16.22	-0.000024
16.24	-0.000001
16.26	-0.000024
16.28	-0.000081
16.3	-0.000147
16.32	-0.000190
16.34	-0.000181
16.36	-0.000103
16.38	0.000044
16.4	0.000239
16.42	0.000447
16.44	0.000626
16.46	0.000737
16.48	0.000755
16.5	0.000677
16.52	0.000520
16.54	0.000318
16.56	0.000115
16.58	-0.000046
16.6	-0.000134
16.62	-0.000141
16.64	-0.000078
16.66	0.000025
16.68	0.000128
16.7	0.000193
16.72	0.000193
16.74	0.000120
16.76	-0.000009
16.78	-0.000162
16.8	-0.000295
16.82	-0.000365
16.84	-0.000345
16.86	-0.000228
16.88	-0.000032
16.9	0.000203
16.92	0.000424
16.94	0.000581
16.96	0.000635
16.98	0.000570
17	0.000400
17.02	0.000164
17.04	-0.000081
17.06	-0.000274
17.08	-0.000364
17.1	-0.000323
17.12	-0.000152
17.14	0.000115
17.16	0.000422
17.18	0.000704
17.2	0.000895
17.22	0.000953
17.24	0.000861
17.26	0.000636
17.28	0.000324
17.3	-0.000010
17.32	-0.000297
17.34	-0.000481
17.36	-0.000526
17.38	-0.000431
17.4	-0.000222
17.42	0.000049
17.44	0.000317
17.46	0.000521
17.48	0.000614
17.5	0.000574
17.52	0.000410
17.54	0.000155
17.56	-0.000140
17.58	-0.000415
17.6	-0.000619
17.62	-0.000718
17.64	-0.000697
17.66	-0.000569
17.68	-0.000364
17.7	-0.000126
17.72	0.000101
17.74	0.000280
17.76	0.000388
17.78	0.000419
17.8	0.000385
17.82	0.000309
17.84	0.000218
17.86	0.000141
17.88	0.000098
17.9	0.000095
17.92	0.000131
17.94	0.000192
17.96	0.000258
17.98	0.000309
18	0.000325
18.02	0.000296
18.04	0.000219
18.06	0.000099
18.08	-0.000052
18.1	-0.000216
18.12	-0.000372
18.14	-0.000500
18.16	-0.000585
18.18	-0.000614
18.2	-0.000583
18.22	-0.000493
18.24	-0.000355
18.26	-0.000187
18.28	-0.000011
18.3	0.000148
18.32	0.000264
18.34	0.000318
18.36	0.000302
18.38	0.000216
18.4	0.000076
18.42	-0.000090
18.44	-0.000248
18.46	-0.000361
18.48	-0.000401
18.5	-0.000351
18.52	-0.000212
18.54	-0.000007
18.56	0.000226
18.58	0.000437
18.6	0.000576
18.62	0.000604
18.64	0.000501
18.66	0.000272
18.68	-0.000049
18.7	-0.000407
18.72	-0.000735
18.74	-0.000966
18.76	-0.001049
18.78	-0.000959
18.8	-0.000706
18.82	-0.000331
18.84	0.000098
18.86	0.000499
18.88	0.000797
18.9	0.000934
18.92	0.000884
18.94	0.000659
18.96	0.000308
18.98	-0.000096
19	-0.000466
19.02	-0.000726
19.04	-0.000821
19.06	-0.000732
19.08	-0.000480
19.1	-0.000119
19.12	0.000270
19.14	0.000603
19.16	0.000806
19.18	0.000833
19.2	0.000677
19.22	0.000366
19.24	-0.000035
19.26	-0.000446
19.28	-0.000782
19.3	-0.000978
19.32	-0.000997
19.34	-0.000839
19.36	-0.000542
19.38	-0.000172
19.4	0.000193
19.42	0.000476
19.44	0.000621
19.46	0.000604
19.48	0.000432
19.5	0.000148
19.52	-0.000184
19.54	-0.000491
19.56	-0.000708
19.58	-0.000792
19.6	-0.000726
19.62	-0.000529
19.64	-0.000244
19.66	0.000066
19.68	0.000337
19.7	0.000515
19.72	0.000565
19.74	0.000481
19.76	0.000284
19.78	0.000020
19.8	-0.000256
19.82	-0.000484
19.84	-0.000619
19.86	-0.000634
19.88	-0.000527
19.9	-0.000319
19.92	-0.000054
19.94	0.000216
19.96	0.000439
19.98	0.000572



