1 15
1 25
1 75
1 91
1 822
1 831
2 43
2 59
2 61
2 105
2 114
2 153
2 159
3 45
3 51
3 74
3 77
3 104
3 193
4 104
4 832
4 839
4 900
5 13
5 18
5 37
5 42
5 49
5 52
5 97
6 12
6 31
6 39
6 41
6 45
6 841
6 895
7 19
7 29
7 39
7 49
7 59
7 264
8 9
8 56
8 84
8 89
8 99
8 100
8 623
8 883
8 910
9 38
9 73
9 84
9 89
9 883
10 23
10 32
10 47
10 67
10 69
10 78
10 84
11 33
11 38
11 54
11 56
11 69
11 82
11 655
12 53
12 74
12 216
12 263
12 832
12 894
13 14
13 18
13 40
13 43
13 79
13 86
13 97
13 629
14 18
14 26
14 40
14 55
14 629
15 22
15 33
15 87
15 91
15 898
15 906
15 1511
16 68
16 71
16 80
16 123
16 157
16 171
17 28
17 37
17 39
17 48
17 52
17 53
17 242
18 97
18 629
18 660
19 20
19 29
19 31
19 39
19 49
19 102
19 841
20 29
20 268
20 841
20 894
20 912
21 28
21 37
21 41
21 72
21 96
22 33
22 56
22 638
22 906
22 1516
22 1517
23 70
23 84
23 92
23 143
23 176
23 182
23 195
23 201
24 27
24 32
24 34
24 38
24 62
24 83
25 80
25 91
25 106
25 122
25 150
26 30
26 55
26 62
26 71
26 82
27 32
27 34
27 48
27 62
27 83
27 95
27 303
28 37
28 48
28 66
29 39
29 264
29 268
29 292
30 34
30 36
30 62
30 71
30 80
31 35
31 41
31 49
31 63
31 93
31 841
31 842
32 38
32 66
32 67
32 69
33 56
33 638
33 906
34 36
34 62
34 98
35 63
35 93
35 97
35 620
35 674
35 693
36 80
36 98
36 223
36 243
36 270
36 293
36 822
38 56
38 69
38 82
38 84
39 49
40 64
40 71
40 79
40 86
40 168
41 85
41 93
41 96
41 693
42 52
42 68
42 79
42 88
42 95
43 79
43 86
43 105
43 153
43 159
44 65
44 302
44 885
44 914
45 51
45 53
45 72
45 85
46 50
46 72
46 77
46 145
46 643
46 661
46 744
47 69
47 84
47 92
47 103
47 182
47 646
48 66
48 95
48 210
48 242
48 303
49 59
49 97
50 60
50 78
50 661
51 53
51 72
51 74
51 76
51 77
52 88
52 95
52 298
53 74
53 76
53 242
53 263
54 60
54 82
54 655
55 94
55 638
56 89
56 100
56 623
57 72
57 85
57 180
57 678
57 679
58 61
58 114
58 820
58 1438
58 1615
59 61
59 97
60 661
60 670
61 63
61 102
61 850
62 82
63 97
63 817
63 842
63 1438
64 86
64 94
64 198
64 656
64 702
65 70
65 232
65 255
65 902
65 914
65 1072
65 1165
66 76
66 78
66 303
67 70
67 83
67 231
68 88
68 157
68 297
68 298
69 84
69 103
70 139
70 176
70 255
71 91
71 94
71 122
72 85
72 96
73 92
73 883
73 919
73 963
74 76
74 104
74 216
75 89
75 98
75 881
75 885
75 906
76 236
77 78
77 154
77 193
78 154
79 88
79 157
80 101
80 243
81 90
81 109
81 132
81 318
83 232
83 241
83 291
83 302
84 92
84 99
85 93
85 96
85 657
85 679
85 824
86 168
86 203
86 702
87 91
87 94
87 613
87 635
87 638
87 656
87 704
88 157
88 183
88 298
89 815
89 883
89 885
89 906
90 102
90 299
90 1070
91 94
91 106
91 122
92 99
92 182
92 201
92 919
93 657
93 693
94 122
94 656
95 209
95 210
96 650
96 663
96 670
96 693
98 293
98 302
98 822
98 909
99 623
99 697
99 732
99 919
99 1548
100 623
100 627
100 697
100 910
100 1516
101 270
101 313
101 408
101 882
101 1134
102 850
102 853
103 623
103 671
104 136
104 146
104 179
104 839
105 114
105 200
105 674
106 108
106 122
106 150
106 825
106 877
107 119
107 125
107 128
107 143
107 164
107 182
107 199
107 201
108 133
108 150
108 156
108 170
108 184
108 979
108 989
109 111
109 132
109 169
109 183
109 318
109 352
109 392
110 121
110 151
110 181
110 715
110 724
110 746
110 970
111 127
111 132
111 152
111 318
111 393
111 961
112 207
112 323
112 335
112 351
112 402
113 116
113 120
113 131
113 142
113 155
113 175
113 204
113 206
114 153
114 674
114 746
114 809
115 140
115 162
115 171
115 184
115 185
115 192
116 129
116 142
116 144
116 167
116 204
116 207
117 164
117 186
117 189
117 805
117 982
117 1002
118 125
118 139
118 141
118 177
118 189
118 190
118 199
118 382
118 996
119 124
119 125
119 128
119 155
120 130
120 143
120 148
120 175
120 202
120 205
120 207
121 138
121 151
121 191
121 946
121 970
122 150
122 171
122 184
122 198
123 194
123 243
123 297
123 308
123 347
123 356
124 125
124 140
124 164
124 165
124 186
124 187
124 189
124 804
125 148
125 166
125 189
125 199
126 138
126 161
126 188
126 208
126 917
126 998
127 132
127 151
127 152
127 850
127 920
127 961
128 154
128 164
128 182
128 783
129 131
129 134
129 138
129 144
129 174
129 188
129 204
130 149
130 195
130 205
130 207
130 340
131 155
131 174
131 178
131 185
131 204
132 152
132 318
132 850
133 140
133 150
133 156
133 162
133 165
133 170
133 184
133 353
134 151
134 152
134 153
134 178
134 188
134 196
135 138
135 158
135 191
135 197
135 706
135 741
136 146
136 161
136 179
136 399
137 147
137 160
137 162
137 185
137 194
137 356
137 394
138 144
138 158
138 174
138 191
139 190
139 201
139 382
139 922
139 963
139 996
139 1165
140 162
140 165
140 184
140 187
141 148
141 166
141 199
141 314
141 321
141 377
141 382
141 407
142 144
142 174
142 175
142 193
143 154
143 182
143 195
143 199
144 161
144 167
144 179
145 193
145 197
145 678
145 744
146 306
146 376
146 839
146 1076
147 157
147 163
147 168
147 171
147 178
147 185
147 194
147 196
148 160
148 166
148 199
148 202
148 314
148 400
149 195
149 205
149 275
149 323
150 184
151 152
151 153
152 153
152 159
152 196
153 159
153 178
153 200
154 175
154 182
155 206
155 807
156 353
156 408
156 950
156 1134
156 1144
157 168
157 171
157 183
157 194
158 179
158 941
158 948
159 196
160 162
160 166
160 185
160 202
160 400
161 167
161 208
162 166
162 353
163 168
163 178
163 185
163 192
163 203
163 779
164 186
164 189
164 805
165 170
165 189
165 983
166 377
166 400
167 188
167 208
167 365
167 402
168 171
168 192
168 203
169 183
169 196
169 383
169 392
169 394
170 184
170 935
170 950
171 194
172 173
172 184
172 635
172 720
172 1616
173 186
173 725
173 737
173 804
173 949
174 197
174 206
174 734
174 749
175 193
175 206
176 195
176 199
176 255
176 382
176 398
177 407
177 950
177 983
177 996
177 1000
177 1135
178 181
178 196
178 200
179 941
180 741
180 1009
181 200
181 715
181 734
181 743
181 749
182 201
183 194
183 316
183 392
186 787
186 804
186 805
187 192
187 725
187 804
189 190
189 983
190 201
190 963
190 996
191 706
191 734
191 786
192 198
192 203
192 725
194 356
195 199
196 204
197 706
197 731
197 734
197 799
198 203
198 656
198 733
199 382
200 712
200 715
202 207
202 314
202 340
202 400
203 712
203 770
205 207
205 323
206 745
206 807
207 335
207 340
207 402
208 365
208 399
208 1007
208 1204
209 210
209 233
209 237
209 274
209 297
210 233
210 242
210 266
210 274
210 278
210 301
211 215
211 217
211 251
211 264
211 268
211 294
211 299
212 257
212 288
212 337
212 339
212 1047
212 1072
213 241
213 247
213 295
213 1022
213 1071
214 215
214 224
214 261
214 283
214 296
215 259
215 264
215 284
215 294
215 301
216 256
216 263
216 276
216 306
217 240
217 246
217 268
217 292
217 1052
218 222
218 228
218 249
218 266
218 269
218 283
218 290
218 296
218 311
219 228
219 244
219 272
219 289
220 250
220 254
220 267
220 330
220 450
220 452
221 226
221 258
221 272
221 288
221 295
221 350
221 437
222 224
222 304
222 311
222 419
223 243
223 247
223 271
223 282
223 285
223 293
224 296
224 419
224 440
225 244
225 269
225 309
225 457
225 496
226 257
226 287
226 295
226 310
226 348
227 239
227 290
227 304
227 312
227 439
228 244
228 290
228 304
228 311
229 245
229 252
229 275
229 279
229 303
230 239
230 265
230 418
230 1068
230 1071
231 234
231 255
231 275
231 291
231 303
232 255
232 291
233 241
233 274
233 279
233 289
233 303
234 255
234 258
234 279
234 288
234 291
235 240
235 260
235 491
235 1092
236 245
236 252
236 263
236 275
236 276
236 323
237 238
237 274
237 278
237 297
237 298
237 308
238 273
238 308
238 316
238 333
239 247
239 265
239 271
239 285
239 1106
240 250
240 260
240 281
240 1052
241 247
241 289
241 291
241 293
241 302
242 252
242 263
242 292
243 282
243 297
243 308
244 269
244 272
244 311
244 443
245 258
245 262
245 275
245 309
245 366
246 268
246 894
246 1107
246 1112
247 289
247 293
248 273
248 283
248 300
248 304
248 307
248 432
249 253
249 269
249 296
249 311
249 419
249 450
250 253
250 256
250 267
250 281
251 261
251 299
251 1052
251 1054
252 253
252 263
252 266
252 292
253 262
253 266
253 269
254 267
254 281
254 286
254 330
254 378
254 452
254 461
254 1026
255 288
255 337
256 262
256 263
256 267
256 276
256 286
257 295
257 1047
257 1059
258 309
258 366
258 372
259 284
259 298
259 316
260 491
260 1092
260 1105
260 1111
260 1252
261 1018
262 267
262 276
262 309
262 359
263 292
264 301
265 1043
265 1068
265 1106
266 269
266 294
267 286
267 309
267 330
267 359
268 299
268 912
268 1112
269 279
269 311
270 271
270 313
270 1061
270 1069
270 1099
271 277
271 282
271 285
271 293
271 313
271 1099
271 1106
272 279
272 289
272 295
272 310
273 283
273 290
273 304
273 403
274 278
274 283
274 289
274 290
276 286
276 323
276 351
277 280
277 313
277 388
277 391
277 1033
277 1168
278 283
278 298
278 301
279 289
279 291
280 285
280 312
280 319
280 391
280 451
280 547
281 286
281 1026
281 1085
281 1107
281 1111
282 285
282 308
282 313
282 391
283 290
284 299
284 305
284 370
285 391
286 306
286 376
286 1026
286 1208
287 310
287 1067
287 1247
288 337
288 372
290 304
291 303
292 294
292 301
293 1022
293 1099
293 1106
294 296
294 301
295 310
297 308
298 301
299 305
299 1054
299 1082
300 307
300 412
300 440
300 598
300 608
302 909
302 1022
304 432
305 370
305 1070
305 1082
305 1114
305 1189
306 376
306 846
306 1076
307 333
307 375
307 608
308 347
308 405
309 330
309 359
309 381
309 602
310 433
310 443
310 463
311 492
312 319
312 432
312 439
312 474
312 540
313 391
313 408
313 1168
314 321
314 325
314 340
314 377
314 400
315 324
315 355
315 396
315 409
315 513
315 550
316 343
316 392
317 352
317 370
317 374
317 375
317 383
317 389
317 392
318 1070
318 1189
319 391
319 406
319 540
319 547
320 342
320 360
320 366
320 372
320 381
321 361
321 377
321 382
321 404
321 407
322 324
322 325
322 362
322 377
322 384
322 396
322 400
323 335
323 366
324 344
324 396
324 550
325 331
325 340
325 360
325 363
325 400
326 327
326 331
326 343
326 362
326 389
326 405
327 333
327 354
327 355
327 380
327 389
327 403
327 406
327 514
328 334
328 370
328 375
328 390
328 1114
328 1196
329 335
329 336
329 351
329 359
329 381
329 402
330 359
330 560
330 577
330 593
330 602
331 346
331 354
331 355
331 360
331 363
332 341
332 373
332 378
332 526
332 546
332 1159
332 1194
333 380
333 389
333 403
334 390
334 603
334 1114
334 1131
334 1152
335 336
335 340
335 351
335 366
335 402
336 349
336 363
336 381
337 339
337 361
337 382
337 1072
337 1165
338 354
338 355
338 358
338 367
338 379
338 523
338 564
339 348
339 361
339 371
339 395
339 1211
341 359
341 378
341 386
341 546
341 560
342 350
342 372
342 379
342 381
342 401
342 575
342 602
343 356
343 362
343 389
343 392
343 394
343 405
344 369
344 388
344 396
344 525
345 384
345 408
345 1130
345 1144
345 1168
345 1201
346 354
346 363
346 367
346 368
346 374
346 383
346 389
347 353
347 356
347 362
347 405
348 350
348 395
348 397
348 518
348 1211
349 358
349 368
349 373
350 372
350 401
350 437
351 376
351 402
352 370
352 374
352 383
352 392
352 393
353 384
353 408
354 355
354 367
354 380
354 389
355 513
355 514
355 564
356 362
357 371
357 395
357 396
357 397
357 409
357 554
357 1214
358 367
358 373
358 530
359 381
359 386
360 401
361 371
361 382
361 404
361 407
361 1150
362 400
362 405
363 387
364 365
364 368
364 373
364 374
364 1159
365 368
365 393
365 399
367 374
367 380
368 374
368 383
368 387
369 396
369 525
369 1202
369 1362
371 395
371 404
371 1115
371 1211
371 1214
373 385
373 526
374 383
375 380
376 1208
377 384
377 400
377 407
378 546
378 1140
379 401
379 551
379 564
379 575
380 586
380 608
381 386
382 1165
383 387
383 389
383 392
383 394
384 404
384 407
384 1130
384 1135
385 390
385 559
385 603
385 1343
386 593
387 394
388 1168
388 1203
388 1209
390 559
390 603
390 1142
390 1152
390 1196
390 1343
391 405
393 961
393 1181
395 397
395 1211
396 409
397 518
397 554
397 604
397 1211
397 1214
399 1160
401 575
403 406
403 608
404 407
404 1150
406 514
406 540
406 550
406 570
407 1135
408 1134
408 1144
408 1168
408 1183
409 513
409 516
409 554
410 420
410 453
410 467
410 518
410 1247
410 1310
410 1318
411 453
411 469
411 493
411 1232
411 1311
412 440
412 498
412 598
413 445
413 455
413 498
413 576
413 579
413 598
414 426
414 438
414 487
414 535
414 601
414 606
414 1274
414 1317
414 1322
415 417
415 422
415 1238
415 1269
415 1309
415 1353
416 428
416 443
416 457
416 464
416 496
416 501
417 422
417 445
417 465
417 468
417 504
418 433
418 435
418 439
418 480
418 484
418 1223
419 450
419 458
419 488
420 453
420 467
420 494
420 566
420 609
420 1310
421 474
421 527
421 537
421 579
421 600
422 445
422 498
422 509
422 534
423 435
423 447
423 480
423 489
423 492
424 427
424 441
424 442
424 464
424 478
424 489
424 497
424 500
424 501
425 438
425 476
425 499
425 703
426 438
426 460
426 476
426 1219
426 1274
427 441
427 469
427 489
427 612
427 647
427 701
428 441
428 443
428 462
428 463
428 467
428 501
429 445
429 470
429 477
429 538
429 600
429 619
429 628
430 446
430 464
430 488
430 492
431 436
431 473
431 479
431 520
431 695
431 794
432 474
432 537
432 570
433 471
433 1223
434 441
434 447
434 469
434 475
434 489
435 439
435 475
435 480
435 484
435 503
436 447
436 479
436 497
436 624
437 443
437 457
437 462
437 463
438 456
438 460
438 466
438 487
438 499
438 589
439 451
439 484
439 503
440 446
440 465
440 498
441 464
441 489
441 501
442 500
442 501
442 502
442 539
442 610
443 463
443 480
444 460
444 466
444 468
444 483
444 495
444 500
445 498
445 538
446 455
446 458
446 465
447 475
447 479
447 489
447 617
448 459
448 485
448 503
448 1312
449 456
449 466
449 487
449 496
449 577
450 488
450 491
450 496
451 547
451 1203
451 1258
452 456
452 461
452 1111
453 1232
453 1302
453 1310
454 467
454 494
454 584
454 609
456 460
456 466
456 487
457 462
457 496
457 599
457 602
458 465
458 483
458 488
458 491
459 472
459 473
459 585
459 1258
459 1299
460 466
460 476
460 483
461 1317
462 463
462 502
462 571
462 599
463 467
464 489
464 492
464 501
465 468
465 483
465 486
465 1281
466 488
466 500
467 494
468 483
468 626
468 1290
469 482
469 617
469 647
469 687
470 481
470 490
470 497
470 624
470 675
471 475
471 493
472 473
472 520
472 1272
472 1299
472 1535
473 474
473 479
473 503
473 520
473 585
474 503
474 537
475 493
476 495
477 538
477 578
477 600
477 628
477 699
477 800
478 481
478 497
478 632
479 485
479 503
480 492
481 490
481 497
481 654
482 485
482 493
482 617
482 636
482 1311
483 491
483 1281
483 1290
484 503
484 1223
484 1312
485 617
485 636
485 695
486 1269
486 1281
487 535
487 577
487 589
488 496
489 497
490 504
490 619
490 654
490 675
491 1281
493 1244
493 1249
493 1287
493 1311
494 609
494 652
494 701
495 626
495 632
495 637
495 654
495 676
497 624
498 509
498 598
499 500
499 589
499 601
499 645
500 501
500 502
501 502
502 599
504 626
504 639
504 1279
505 548
505 565
505 601
505 606
505 763
505 785
505 803
505 1397
506 508
506 555
506 573
506 574
506 587
506 597
506 739
507 512
507 535
507 548
507 580
507 605
507 1322
507 1327
507 1375
508 545
508 553
509 534
509 576
509 590
509 598
510 522
510 594
510 736
510 754
510 764
510 784
510 1569
511 545
511 553
511 569
511 791
511 1401
511 1406
511 1544
512 515
512 519
512 536
512 548
512 557
512 561
513 514
513 516
513 550
513 564
514 524
514 550
514 556
514 570
515 519
515 536
515 544
515 565
515 782
516 533
516 554
516 572
516 581
516 587
517 528
517 539
517 562
517 574
517 806
518 529
518 604
518 1039
518 1211
518 1318
519 548
519 561
519 565
519 589
519 601
520 582
520 616
520 794
520 801
521 534
521 580
521 590
521 594
521 603
521 1343
521 1354
521 1365
521 1410
522 536
522 583
522 594
522 730
522 754
523 524
523 563
523 564
523 586
523 596
524 556
524 573
524 588
524 596
525 532
525 550
525 592
526 530
526 546
526 580
526 605
526 1116
527 537
527 556
527 578
527 600
528 551
528 561
528 562
528 575
528 599
529 541
529 566
529 568
529 571
529 604
530 542
530 546
530 567
531 541
531 562
531 572
531 574
531 581
531 584
531 587
532 547
532 592
532 1128
532 1368
532 1405
533 541
533 554
533 569
533 604
533 1362
534 590
534 603
534 1353
534 1410
535 542
535 560
535 589
535 601
535 605
535 1322
536 548
536 754
536 785
536 1370
537 540
537 556
537 570
537 579
538 595
538 600
538 619
538 800
539 806
540 547
540 550
540 585
540 592
541 568
541 572
541 604
542 546
542 560
542 561
542 567
542 577
542 593
543 552
543 566
543 568
543 584
543 609
543 716
543 790
543 808
543 1320
543 1348
544 555
544 739
544 782
544 806
545 553
545 569
545 582
546 560
546 605
547 585
547 592
547 1203
547 1368
548 565
548 601
548 785
548 1375
549 557
549 563
549 576
549 583
549 586
549 590
550 556
550 592
551 564
551 567
551 575
551 593
551 602
552 553
552 568
552 572
552 765
552 790
552 1348
553 572
553 597
553 757
553 791
554 604
554 1214
554 1362
555 561
555 562
555 596
556 592
557 561
557 567
557 583
558 573
558 578
558 591
558 708
558 739
558 750
558 800
559 563
559 586
559 603
560 577
560 593
561 567
562 574
562 581
562 587
563 586
564 567
565 601
565 752
565 763
565 798
566 568
566 1310
566 1320
567 593
568 584
568 1348
569 572
569 1401
570 579
570 608
572 587
573 588
573 591
573 596
574 584
574 597
574 607
575 581
575 599
575 602
576 586
576 588
576 590
576 595
577 589
577 593
577 602
578 600
578 729
578 750
578 800
578 801
579 588
579 600
580 1327
580 1365
581 587
582 722
582 801
583 591
583 595
584 607
584 609
585 592
585 1368
585 1405
586 598
586 608
588 600
589 601
590 594
591 595
591 736
593 602
594 1354
594 1393
594 1402
595 736
597 739
597 757
597 792
598 608
599 602
601 606
601 763
603 1152
603 1343
603 1410
604 1211
604 1214
604 1362
604 1395
605 1194
605 1322
605 1327
605 1341
606 803
606 1233
606 1274
606 1397
606 1439
607 792
607 806
609 652
609 808
610 645
610 665
611 631
611 671
611 689
611 694
611 767
612 614
612 647
612 658
612 665
612 680
612 701
613 634
613 638
613 648
613 656
613 688
613 704
614 647
614 658
614 671
614 684
614 689
614 694
615 639
615 723
615 764
615 768
615 802
615 1509
616 644
616 695
616 700
616 789
616 794
616 1272
616 1456
616 1535
617 636
617 647
617 683
617 695
618 760
618 769
618 778
619 628
619 675
619 764
619 802
620 641
620 674
620 696
620 1438
620 1506
621 649
621 650
621 659
621 669
621 672
621 676
621 679
621 691
622 677
622 702
622 770
622 796
623 697
623 698
624 651
624 680
624 683
624 699
625 664
625 675
625 681
625 696
625 796
625 802
626 654
626 676
626 692
626 1267
627 642
627 697
627 698
627 1516
628 675
628 699
628 800
628 802
629 660
629 662
629 702
630 631
630 667
630 687
630 689
630 1434
630 1485
631 633
631 689
631 697
631 732
631 1485
631 1515
632 637
632 676
632 691
633 652
633 716
633 808
633 1232
633 1485
633 1515
633 1580
634 638
634 642
634 667
634 673
634 684
634 688
635 656
635 704
635 720
635 810
635 877
636 644
636 667
636 695
636 700
636 1507
637 654
637 669
637 676
637 685
637 690
638 655
638 698
639 641
639 664
639 692
639 1444
640 653
640 660
640 677
640 681
640 685
640 696
641 1432
641 1438
641 1444
641 1458
642 667
642 1459
643 661
643 663
643 672
643 678
643 686
643 744
643 773
644 666
644 668
644 683
644 688
644 695
644 700
644 794
645 691
645 738
645 752
645 760
645 763
646 661
646 761
646 795
647 680
647 683
647 684
648 651
648 662
648 668
648 673
648 677
648 702
648 727
649 659
649 672
649 703
649 751
649 811
649 1514
650 663
650 669
650 679
650 690
650 693
650 696
651 668
651 673
651 677
651 683
651 699
652 687
652 808
652 1232
653 658
653 660
653 662
653 673
653 682
653 685
655 662
656 704
656 727
657 659
657 679
657 824
657 1441
657 1465
658 673
658 680
658 682
658 684
659 679
659 1441
659 1448
659 1465
659 1486
659 1514
660 662
660 670
661 773
662 673
663 669
663 670
663 672
663 679
663 682
663 686
664 675
664 690
664 696
665 682
665 686
665 694
666 668
666 688
666 729
666 759
666 794
667 684
667 698
667 1434
668 673
668 683
668 699
668 729
669 682
669 685
669 686
670 682
671 694
672 678
672 679
672 686
672 691
672 760
672 811
673 684
674 681
674 809
674 1438
676 690
676 692
678 679
678 811
681 696
682 686
682 694
683 684
685 696
686 691
687 689
687 701
688 700
688 704
690 692
690 696
690 1473
691 703
692 1267
692 1473
695 700
695 1272
697 732
697 1515
699 729
700 1435
700 1456
700 1507
702 727
703 1439
704 810
704 1511
705 707
705 710
705 750
705 757
705 771
705 801
706 734
706 741
706 775
706 786
706 799
706 1590
707 710
707 722
707 759
707 789
707 801
708 717
708 721
708 726
708 736
708 739
708 750
709 717
709 725
709 733
709 748
709 770
709 774
709 779
709 780
710 737
710 740
710 762
710 771
711 732
711 761
711 805
711 919
711 1522
711 1548
712 715
712 743
712 748
712 770
712 796
713 728
713 745
713 749
713 766
713 777
713 799
713 807
714 715
714 723
714 746
714 768
714 793
714 796
714 797
714 809
715 724
715 743
715 746
715 793
716 767
716 772
716 790
716 808
716 1515
716 1539
717 721
717 748
717 771
717 774
717 780
718 721
718 739
718 742
718 747
718 766
718 782
718 806
719 726
719 748
719 784
719 793
719 796
719 802
720 733
720 810
720 1616
721 726
721 758
721 777
721 781
721 782
722 789
722 791
722 801
722 1535
722 1544
723 768
723 809
723 1432
723 1509
724 734
724 735
724 743
724 758
724 786
724 793
724 797
725 733
725 737
725 804
726 730
726 735
726 736
726 758
726 784
726 793
727 733
727 759
727 770
727 774
728 731
728 742
728 744
728 745
728 760
728 773
728 777
728 778
729 750
729 759
729 794
730 735
730 736
730 754
730 758
730 776
730 781
731 775
731 777
731 799
732 761
732 767
732 1515
732 1548
733 759
734 749
734 799
735 758
735 768
735 776
735 793
735 797
735 1529
736 784
737 762
737 804
738 751
738 752
738 760
738 763
738 798
740 755
740 757
740 771
741 1553
741 1590
742 752
742 766
742 777
742 778
742 782
743 748
743 749
743 758
743 779
743 793
744 745
744 773
745 783
745 807
746 809
746 970
746 1008
746 1615
747 766
747 772
747 788
747 792
748 770
748 774
749 779
749 807
750 774
750 800
751 753
751 763
751 798
751 803
751 811
752 760
752 782
752 798
752 806
753 775
753 776
753 798
753 1582
753 1590
754 776
754 785
754 1370
754 1393
755 762
755 765
755 791
755 1560
755 1619
756 772
756 787
756 788
756 1539
757 771
757 791
758 775
758 776
758 781
758 786
758 793
759 774
760 773
761 805
762 1551
762 1560
762 1572
762 1613
762 1616
763 798
764 768
764 784
764 802
765 790
765 791
765 1348
765 1406
765 1619
766 777
766 778
766 780
766 788
767 769
767 772
767 795
767 808
768 784
768 793
768 796
768 802
769 772
769 795
769 808
770 774
771 774
771 780
772 788
772 790
772 792
772 795
772 808
773 778
775 776
775 777
775 781
775 786
775 798
775 799
776 781
776 786
776 1592
777 781
777 782
777 798
777 799
778 783
778 788
778 795
781 782
781 798
782 798
782 806
783 788
783 795
783 807
784 793
784 802
785 1370
785 1611
786 797
786 1590
786 1592
787 805
787 1536
787 1613
788 795
789 810
789 1456
789 1535
789 1551
790 792
790 1348
791 1544
794 801
796 802
796 809
797 1529
797 1592
803 1439
803 1611
809 1615
810 1456
810 1487
810 1607
810 1616
812 835
812 869
812 878
812 891
812 915
812 939
812 951
812 981
813 816
813 820
813 834
813 840
813 1012
814 838
814 855
814 856
814 866
814 884
814 886
814 901
815 827
815 847
815 881
815 897
815 906
815 910
815 1516
816 820
816 834
816 853
816 940
816 1012
817 820
817 834
817 842
817 853
817 876
817 903
818 819
818 830
818 845
818 860
818 861
818 911
818 1428
819 830
819 833
819 837
819 845
819 860
819 880
820 834
820 903
820 1012
820 1438
821 823
821 857
821 862
821 897
821 910
821 1436
822 831
822 882
822 1061
822 1099
823 857
823 883
823 888
823 910
823 918
824 826
824 870
824 1427
824 1441
824 1519
825 831
825 836
825 877
825 896
825 898
825 972
825 979
826 833
826 870
826 895
826 1496
827 844
827 847
827 852
827 865
827 881
827 1504
828 835
828 837
828 876
828 893
828 904
828 1074
829 858
829 878
829 891
829 896
829 905
829 911
829 930
830 845
830 860
830 861
830 880
830 1454
830 1455
830 1475
831 873
831 882
831 898
832 846
832 894
832 895
833 842
833 880
833 886
834 837
834 853
834 940
835 837
835 891
835 893
835 915
835 933
835 940
836 854
836 877
836 896
836 898
836 972
836 1502
836 1607
837 845
837 876
837 891
837 904
838 864
838 871
838 880
838 892
838 901
839 887
839 890
839 900
840 911
840 930
840 939
840 944
840 957
840 1605
841 842
841 895
842 903
843 876
843 879
843 889
843 894
843 904
843 912
843 1017
843 1051
844 847
844 852
844 857
844 861
845 861
845 875
845 880
845 904
845 911
846 887
846 894
846 1048
846 1076
847 852
847 857
847 897
847 907
848 851
848 856
848 868
848 872
848 884
848 1084
849 863
849 868
849 907
849 1037
849 1084
849 1093
850 853
850 908
850 920
851 855
851 856
851 872
851 995
851 999
851 1010
851 1056
851 1073
852 863
852 875
852 881
852 899
852 905
853 876
853 908
854 865
854 881
854 898
854 1423
854 1517
855 856
855 866
855 892
855 901
855 999
856 866
856 868
856 884
856 913
856 1023
856 1073
857 888
857 897
858 865
858 911
858 957
858 1423
858 1425
858 1492
859 863
859 873
859 899
859 1061
859 1102
859 1110
860 903
860 1454
860 1512
861 865
861 1428
861 1490
862 892
862 973
862 1618
863 899
863 1037
863 1102
864 870
864 871
864 874
864 880
864 886
864 901
864 1518
865 905
865 911
865 1423
866 886
866 887
866 889
866 890
866 900
866 901
867 869
867 873
867 878
867 981
867 989
867 1136
868 884
868 1073
868 1084
869 878
869 981
869 1094
869 1110
869 1136
870 900
870 1519
871 874
871 892
871 1453
871 1466
872 937
872 995
872 1056
872 1084
872 1146
873 899
873 905
874 892
874 901
874 962
874 967
874 984
874 1542
875 905
876 893
876 904
876 912
877 972
877 1607
878 891
878 905
878 915
878 981
878 1110
879 889
879 913
879 1017
879 1023
879 1051
880 886
881 898
881 906
882 989
882 1061
883 910
884 888
884 907
885 907
885 909
886 889
886 904
887 890
887 900
887 932
887 1076
887 1113
888 916
889 894
889 895
889 900
890 900
890 901
890 932
890 943
890 962
890 984
891 911
891 939
892 901
892 967
892 984
893 908
893 912
893 1074
893 1082
893 1101
894 895
896 921
896 972
896 979
897 910
897 1495
897 1504
897 1516
899 909
899 1102
901 984
902 914
902 937
902 1032
902 1072
902 1165
903 1438
903 1454
903 1458
903 1506
907 914
907 1093
908 933
908 1070
909 1102
910 1436
913 1017
913 1023
913 1028
913 1073
914 1093
915 1015
915 1094
915 1110
916 918
916 953
916 955
916 973
916 995
917 923
917 941
917 952
917 975
917 990
917 1005
917 1007
918 919
918 931
918 953
918 973
918 1002
918 1436
918 1620
919 1548
920 956
920 959
920 960
920 961
920 998
921 930
921 957
921 958
921 972
921 979
921 993
921 1591
922 934
922 937
922 965
922 996
922 1000
922 1165
922 1167
923 924
923 952
923 971
923 975
923 1006
924 948
924 971
924 1003
924 1600
925 958
925 968
925 976
925 991
925 1001
926 938
926 954
926 971
926 985
926 1011
926 1526
926 1550
926 1566
927 936
927 964
927 975
927 980
927 988
927 992
928 968
928 989
928 991
928 1134
928 1136
928 1144
929 951
929 960
929 977
929 978
929 1177
929 1197
929 1199
930 939
930 957
930 1004
931 973
931 980
931 987
931 992
931 1002
931 1579
931 1620
932 943
932 974
932 999
932 1010
932 1113
932 1143
933 940
933 951
933 960
933 1164
934 947
934 965
934 986
934 1000
934 1001
934 1167
935 949
935 972
935 979
935 982
936 971
936 992
936 997
936 1003
936 1566
936 1595
937 953
937 963
937 995
937 1167
938 944
938 954
938 964
938 977
938 985
938 1004
938 1006
939 940
939 944
939 1004
940 959
941 948
941 952
941 974
942 954
942 987
942 993
942 994
942 997
943 952
943 974
943 975
943 984
943 988
944 969
944 985
944 1526
944 1534
944 1605
945 951
945 981
945 991
945 1004
945 1187
946 970
946 971
946 1011
947 966
947 986
947 994
947 1001
947 1120
947 1178
948 1553
949 982
949 1613
950 968
950 983
950 1000
950 1135
952 962
952 974
953 963
953 965
953 1002
954 997
955 973
955 980
955 984
955 988
955 992
955 995
955 999
956 959
956 969
956 985
956 998
956 1008
957 1425
957 1556
958 968
958 979
958 993
958 1004
959 960
959 977
960 961
960 977
960 1164
960 1181
961 998
961 1181
962 984
962 1009
964 975
964 977
964 1006
965 983
965 996
965 1002
966 986
966 988
966 1010
966 1129
966 1151
966 1178
967 1484
967 1542
967 1558
967 1579
968 979
968 989
968 991
969 970
969 985
969 1008
969 1011
969 1012
969 1526
969 1534
969 1594
970 1008
970 1011
970 1575
970 1594
971 985
971 1006
971 1011
971 1566
972 979
972 1591
973 992
973 1579
973 1620
974 990
974 1190
975 990
975 1005
975 1006
976 994
976 1001
977 978
977 1005
977 1006
978 1178
978 1197
978 1199
979 989
980 986
980 992
980 994
981 1187
983 996
983 1000
984 988
984 999
985 1006
985 1011
986 995
986 1010
986 1129
986 1167
987 992
987 994
987 997
987 1583
988 999
988 1010
989 1134
990 1005
990 1007
991 1001
991 1120
991 1187
992 997
992 1579
993 1004
994 1001
995 999
995 1010
996 1000
997 1583
997 1595
998 1005
999 1010
1000 1001
1000 1135
1000 1169
1002 1522
1002 1620
1003 1600
1005 1006
1005 1007
1007 1197
1007 1204
1009 1427
1009 1519
1009 1553
1009 1606
1010 1143
1010 1146
1011 1526
1011 1534
1011 1550
1011 1575
1012 1471
1012 1534
1012 1615
1013 1014
1013 1019
1013 1038
1013 1046
1014 1044
1014 1066
1014 1083
1014 1088
1014 1104
1015 1016
1015 1037
1015 1077
1015 1110
1016 1053
1016 1062
1016 1074
1016 1077
1016 1089
1017 1028
1017 1051
1017 1060
1017 1074
1018 1271
1019 1031
1019 1033
1019 1035
1019 1038
1019 1043
1019 1046
1019 1057
1020 1021
1020 1053
1020 1087
1020 1090
1020 1131
1020 1221
1020 1271
1021 1034
1021 1036
1021 1053
1021 1054
1021 1062
1022 1071
1022 1099
1022 1106
1023 1025
1023 1049
1023 1073
1023 1113
1024 1032
1024 1045
1024 1056
1024 1103
1024 1127
1024 1137
1024 1155
1025 1056
1025 1079
1025 1095
1025 1113
1025 1137
1025 1143
1025 1198
1026 1085
1026 1140
1026 1208
1027 1029
1027 1031
1027 1037
1027 1081
1028 1074
1029 1030
1029 1081
1029 1083
1029 1096
1030 1045
1030 1059
1030 1081
1030 1096
1030 1103
1030 1108
1031 1035
1031 1038
1031 1057
1031 1077
1031 1102
1032 1047
1032 1127
1032 1216
1033 1035
1033 1043
1033 1069
1033 1168
1033 1183
1033 1209
1033 1215
1034 1036
1034 1042
1034 1052
1034 1060
1034 1062
1035 1057
1035 1069
1035 1099
1035 1102
1035 1106
1036 1066
1036 1100
1036 1217
1037 1077
1037 1083
1037 1102
1038 1063
1038 1068
1038 1254
1039 1211
1039 1212
1039 1318
1040 1098
1040 1241
1040 1284
1040 1326
1041 1046
1041 1086
1041 1094
1041 1098
1041 1124
1042 1048
1042 1051
1042 1080
1042 1085
1042 1105
1042 1107
1043 1284
1044 1053
1044 1066
1044 1078
1044 1104
1045 1058
1045 1065
1045 1096
1045 1103
1046 1057
1046 1077
1046 1098
1047 1055
1047 1072
1047 1081
1047 1216
1048 1051
1048 1076
1048 1085
1048 1107
1049 1051
1049 1079
1049 1080
1049 1091
1049 1095
1050 1085
1050 1109
1050 1111
1050 1161
1050 1301
1051 1112
1052 1092
1052 1105
1052 1112
1053 1062
1053 1066
1053 1086
1053 1089
1054 1060
1054 1082
1054 1097
1055 1081
1055 1093
1056 1073
1056 1084
1056 1095
1056 1137
1056 1143
1056 1146
1057 1077
1057 1110
1058 1065
1058 1103
1058 1121
1058 1147
1058 1212
1058 1403
1058 1417
1059 1067
1059 1081
1059 1103
1059 1245
1060 1062
1060 1074
1060 1112
1061 1069
1061 1099
1062 1074
1062 1089
1062 1101
1063 1064
1063 1228
1063 1231
1064 1075
1064 1088
1064 1108
1064 1228
1064 1231
1064 1239
1065 1075
1065 1118
1065 1147
1065 1242
1066 1088
1066 1089
1066 1104
1067 1068
1067 1246
1068 1071
1068 1223
1068 1246
1068 1254
1069 1099
1069 1136
1069 1215
1070 1082
1070 1189
1071 1106
1072 1165
1073 1084
1073 1095
1074 1101
1075 1088
1075 1108
1075 1237
1076 1113
1076 1208
1077 1083
1078 1104
1078 1255
1078 1280
1079 1080
1079 1085
1079 1095
1079 1109
1080 1091
1080 1100
1080 1109
1082 1097
1082 1101
1083 1089
1083 1091
1084 1093
1085 1109
1085 1198
1086 1090
1086 1097
1086 1195
1087 1123
1087 1141
1087 1221
1087 1308
1088 1104
1088 1239
1088 1285
1089 1091
1090 1097
1090 1114
1090 1131
1090 1172
1091 1095
1091 1096
1092 1100
1092 1105
1092 1273
1094 1110
1094 1124
1094 1187
1094 1188
1095 1096
1097 1101
1097 1164
1098 1124
1098 1157
1098 1215
1099 1106
1100 1105
1100 1273
1100 1285
1100 1292
1103 1108
1103 1155
1103 1216
1103 1245
1104 1217
1104 1280
1105 1111
1108 1231
1108 1245
1109 1161
1109 1242
1111 1252
1113 1143
1114 1131
1114 1196
1115 1119
1115 1126
1115 1176
1115 1202
1115 1214
1116 1142
1116 1145
1116 1343
1116 1372
1117 1120
1117 1122
1117 1174
1117 1187
1117 1188
1117 1206
1118 1137
1118 1147
1118 1156
1119 1126
1119 1155
1119 1166
1119 1176
1119 1185
1119 1211
1119 1216
1120 1187
1120 1192
1120 1199
1121 1147
1121 1155
1121 1166
1121 1207
1121 1212
1121 1384
1121 1403
1122 1125
1122 1173
1122 1182
1122 1205
1122 1206
1123 1141
1123 1200
1123 1342
1124 1125
1124 1157
1124 1188
1124 1210
1125 1157
1125 1205
1125 1408
1126 1214
1126 1335
1126 1362
1126 1395
1127 1146
1127 1155
1127 1167
1127 1175
1127 1185
1127 1191
1128 1171
1128 1213
1129 1146
1129 1151
1129 1167
1129 1175
1129 1178
1129 1180
1129 1192
1130 1135
1130 1144
1130 1169
1130 1201
1130 1202
1131 1152
1131 1221
1132 1139
1132 1142
1132 1162
1132 1172
1132 1184
1132 1200
1133 1138
1133 1148
1133 1149
1133 1170
1133 1198
1134 1136
1134 1144
1134 1183
1135 1169
1136 1183
1136 1215
1137 1143
1137 1146
1137 1191
1138 1148
1138 1151
1138 1170
1138 1190
1139 1154
1139 1177
1139 1184
1139 1200
1139 1205
1139 1210
1140 1161
1140 1198
1140 1208
1141 1308
1141 1326
1141 1342
1141 1351
1142 1152
1142 1162
1142 1172
1142 1196
1142 1200
1143 1146
1143 1151
1144 1169
1144 1174
1144 1183
1144 1201
1145 1149
1145 1163
1145 1184
1145 1194
1145 1344
1145 1357
1146 1151
1146 1167
1146 1191
1147 1156
1147 1207
1147 1403
1148 1159
1148 1160
1148 1170
1148 1184
1148 1190
1148 1204
1149 1156
1149 1158
1149 1179
1149 1357
1149 1416
1150 1169
1150 1176
1150 1185
1151 1153
1151 1170
1151 1178
1152 1343
1152 1372
1152 1413
1153 1158
1153 1170
1153 1180
1153 1191
1154 1170
1154 1177
1154 1180
1154 1184
1154 1197
1154 1199
1155 1166
1155 1185
1155 1191
1155 1216
1156 1179
1156 1416
1157 1171
1157 1174
1157 1183
1157 1188
1157 1209
1157 1215
1158 1180
1158 1186
1158 1193
1158 1207
1158 1416
1159 1160
1160 1190
1160 1208
1161 1179
1161 1242
1162 1172
1162 1181
1162 1189
1162 1196
1163 1186
1163 1200
1163 1342
1163 1344
1163 1372
1163 1408
1164 1177
1164 1189
1164 1195
1166 1173
1166 1175
1166 1176
1166 1191
1166 1206
1166 1207
1167 1185
1168 1183
1168 1209
1169 1206
1170 1180
1170 1184
1171 1182
1171 1203
1171 1209
1171 1369
1171 1412
1172 1177
1172 1196
1172 1200
1173 1182
1173 1193
1173 1206
1173 1213
1174 1183
1174 1188
1174 1201
1174 1215
1175 1176
1175 1185
1175 1191
1175 1192
1176 1185
1176 1202
1176 1206
1177 1195
1177 1197
1177 1199
1177 1210
1179 1194
1179 1341
1179 1357
1180 1192
1180 1205
1181 1189
1182 1201
1182 1202
1182 1206
1182 1213
1182 1369
1183 1201
1183 1209
1183 1215
1186 1193
1186 1344
1186 1357
1186 1408
1186 1416
1187 1188
1187 1199
1188 1215
1190 1208
1192 1206
1193 1207
1193 1360
1193 1371
1193 1408
1194 1321
1194 1341
1195 1210
1197 1204
1198 1208
1199 1210
1201 1202
1202 1206
1203 1209
1203 1258
1203 1284
1203 1368
1203 1412
1205 1210
1207 1403
1207 1416
1211 1214
1212 1318
1212 1384
1213 1360
1213 1369
1213 1386
1214 1362
1217 1256
1217 1271
1217 1285
1218 1229
1218 1287
1218 1440
1218 1507
1219 1252
1219 1301
1219 1317
1220 1236
1220 1243
1220 1249
1220 1294
1220 1304
1220 1315
1221 1271
1221 1291
1221 1308
1221 1346
1222 1235
1222 1236
1222 1250
1222 1255
1222 1256
1222 1265
1222 1277
1222 1306
1223 1244
1223 1246
1223 1254
1223 1312
1224 1248
1224 1253
1224 1277
1225 1227
1225 1237
1225 1248
1225 1261
1225 1263
1225 1264
1225 1301
1225 1303
1226 1229
1226 1235
1226 1236
1226 1294
1226 1304
1226 1306
1226 1307
1226 1313
1226 1450
1227 1274
1227 1297
1227 1301
1227 1329
1227 1376
1228 1231
1228 1239
1228 1280
1229 1294
1229 1295
1229 1299
1229 1313
1229 1316
1230 1243
1230 1249
1230 1287
1230 1289
1230 1302
1230 1304
1230 1482
1231 1245
1231 1246
1231 1315
1232 1234
1232 1302
1232 1320
1233 1274
1233 1297
1233 1439
1233 1483
1233 1524
1234 1302
1234 1320
1234 1388
1234 1420
1235 1236
1235 1278
1235 1293
1235 1306
1235 1513
1236 1255
1236 1265
1236 1280
1236 1293
1236 1294
1237 1242
1237 1261
1237 1263
1238 1259
1238 1279
1238 1298
1238 1309
1238 1460
1239 1263
1239 1265
1239 1280
1239 1300
1240 1277
1240 1278
1240 1282
1240 1460
1240 1462
1240 1469
1241 1251
1241 1276
1241 1284
1241 1307
1241 1326
1241 1412
1242 1261
1242 1264
1243 1249
1243 1260
1243 1266
1243 1289
1243 1296
1243 1304
1243 1315
1244 1246
1244 1249
1244 1287
1244 1294
1244 1312
1245 1247
1245 1257
1245 1318
1246 1249
1246 1254
1247 1318
1248 1253
1248 1262
1248 1263
1248 1277
1248 1282
1248 1303
1248 1305
1249 1287
1249 1304
1249 1315
1250 1278
1250 1286
1250 1306
1250 1324
1250 1462
1250 1520
1250 1521
1251 1255
1251 1306
1251 1307
1251 1316
1251 1351
1251 1355
1252 1253
1252 1273
1252 1281
1252 1292
1252 1301
1253 1262
1253 1292
1254 1276
1254 1295
1254 1312
1255 1256
1255 1280
1255 1306
1255 1307
1256 1270
1256 1308
1257 1266
1257 1315
1257 1417
1258 1284
1258 1295
1258 1312
1258 1368
1258 1412
1259 1270
1259 1286
1259 1309
1260 1266
1260 1268
1260 1288
1260 1289
1260 1296
1260 1452
1261 1264
1261 1300
1261 1314
1262 1483
1263 1265
1263 1293
1263 1300
1263 1303
1264 1314
1264 1319
1264 1329
1264 1376
1265 1285
1265 1293
1266 1288
1266 1300
1266 1314
1266 1383
1266 1417
1267 1290
1267 1298
1268 1288
1268 1297
1268 1303
1268 1305
1268 1437
1269 1271
1269 1275
1269 1291
1270 1291
1270 1308
1270 1346
1271 1275
1271 1291
1272 1414
1272 1433
1272 1535
1273 1281
1273 1285
1273 1292
1274 1317
1274 1329
1274 1407
1275 1291
1275 1353
1276 1280
1276 1294
1276 1295
1276 1307
1277 1278
1277 1282
1277 1283
1277 1293
1278 1283
1278 1462
1278 1469
1278 1513
1278 1520
1279 1460
1279 1463
1279 1509
1281 1290
1282 1283
1282 1305
1282 1443
1282 1469
1283 1293
1283 1296
1283 1305
1283 1424
1283 1429
1283 1469
1283 1513
1284 1295
1284 1412
1285 1292
1286 1309
1286 1324
1286 1330
1286 1391
1286 1462
1286 1463
1287 1304
1287 1311
1288 1303
1288 1383
1288 1418
1289 1296
1289 1304
1289 1429
1289 1440
1289 1446
1289 1482
1290 1298
1291 1346
1291 1353
1292 1301
1293 1296
1293 1303
1294 1295
1294 1307
1295 1307
1295 1312
1296 1304
1296 1429
1296 1513
1297 1305
1297 1358
1297 1376
1297 1437
1297 1483
1297 1508
1298 1460
1299 1316
1299 1396
1299 1414
1300 1303
1301 1317
1302 1310
1303 1305
1304 1440
1305 1437
1305 1443
1306 1307
1306 1313
1306 1316
1307 1313
1307 1316
1308 1346
1308 1351
1309 1353
1309 1391
1309 1402
1309 1463
1310 1318
1310 1367
1311 1434
1313 1316
1313 1392
1313 1450
1313 1520
1314 1383
1314 1403
1314 1417
1316 1355
1316 1359
1316 1392
1316 1396
1316 1414
1317 1322
1317 1329
1317 1341
1318 1367
1319 1329
1319 1366
1320 1348
1320 1598
1321 1327
1321 1341
1321 1357
1321 1379
1321 1400
1321 1404
1322 1341
1322 1375
1322 1379
1323 1339
1323 1340
1323 1349
1323 1350
1323 1360
1323 1361
1323 1371
1323 1382
1324 1330
1324 1331
1324 1385
1324 1391
1325 1327
1325 1365
1325 1370
1325 1375
1325 1379
1326 1390
1327 1365
1327 1375
1327 1379
1327 1404
1328 1335
1328 1337
1328 1339
1328 1382
1328 1386
1328 1395
1329 1341
1329 1376
1329 1407
1330 1391
1330 1394
1330 1463
1330 1479
1330 1521
1330 1570
1331 1346
1331 1385
1331 1391
1331 1413
1332 1356
1332 1364
1332 1387
1332 1415
1332 1531
1332 1562
1332 1586
1333 1356
1333 1364
1333 1373
1333 1380
1333 1385
1334 1337
1334 1340
1334 1374
1334 1378
1334 1381
1334 1406
1334 1571
1335 1339
1335 1360
1335 1362
1335 1382
1335 1386
1335 1395
1336 1369
1336 1390
1336 1396
1336 1398
1337 1339
1337 1374
1337 1388
1338 1380
1338 1393
1338 1574
1338 1610
1339 1340
1339 1349
1339 1374
1339 1378
1339 1382
1339 1384
1339 1389
1339 1395
1340 1349
1340 1363
1340 1364
1340 1374
1340 1378
1340 1381
1341 1379
1342 1351
1342 1373
1342 1408
1342 1413
1343 1372
1344 1357
1344 1372
1344 1373
1344 1400
1344 1404
1345 1379
1345 1407
1345 1415
1345 1561
1345 1617
1346 1353
1346 1413
1347 1374
1347 1383
1347 1388
1347 1418
1347 1527
1347 1588
1348 1598
1349 1350
1349 1363
1349 1366
1349 1384
1349 1389
1349 1403
1350 1364
1350 1366
1350 1400
1350 1416
1352 1359
1352 1396
1352 1398
1352 1401
1352 1405
1352 1411
1352 1414
1353 1410
1354 1365
1354 1380
1354 1391
1354 1393
1354 1402
1354 1410
1355 1359
1355 1377
1355 1392
1355 1399
1356 1377
1356 1387
1356 1394
1356 1531
1356 1562
1356 1564
1357 1400
1357 1416
1358 1376
1358 1407
1358 1418
1358 1617
1359 1377
1359 1392
1359 1396
1359 1398
1359 1409
1359 1414
1360 1369
1360 1371
1360 1382
1361 1371
1361 1373
1361 1377
1361 1387
1361 1398
1362 1386
1363 1364
1363 1366
1363 1374
1363 1383
1364 1366
1364 1400
1365 1404
1367 1384
1367 1389
1367 1395
1368 1396
1368 1405
1368 1412
1369 1371
1370 1375
1370 1393
1371 1373
1371 1408
1372 1404
1372 1413
1373 1385
1373 1408
1374 1381
1374 1388
1374 1389
1375 1379
1375 1397
1376 1407
1377 1385
1377 1387
1377 1399
1377 1409
1378 1382
1378 1387
1378 1398
1378 1411
1379 1407
1380 1385
1380 1393
1382 1386
1382 1398
1382 1411
1383 1389
1383 1418
1384 1389
1384 1403
1384 1417
1386 1401
1387 1398
1387 1564
1388 1389
1392 1399
1392 1409
1392 1520
1392 1543
1393 1569
1394 1399
1394 1567
1396 1405
1396 1412
1396 1414
1397 1407
1397 1524
1397 1561
1398 1411
1399 1409
1399 1521
1399 1538
1399 1543
1400 1404
1401 1405
1401 1411
1402 1569
1403 1417
1406 1411
1406 1571
1406 1581
1407 1524
1409 1538
1409 1564
1409 1608
1411 1581
1414 1433
1414 1535
1415 1531
1415 1561
1415 1610
1415 1617
1418 1588
1418 1612
1419 1422
1419 1436
1419 1451
1419 1495
1419 1515
1419 1563
1420 1472
1420 1482
1420 1563
1420 1580
1421 1433
1421 1450
1421 1478
1421 1480
1421 1489
1421 1497
1421 1585
1422 1485
1422 1495
1422 1498
1423 1425
1423 1492
1423 1502
1424 1429
1424 1461
1424 1469
1424 1500
1424 1513
1425 1492
1425 1502
1425 1599
1426 1442
1426 1453
1426 1466
1426 1477
1426 1484
1426 1530
1426 1533
1427 1441
1427 1464
1427 1514
1427 1519
1427 1582
1427 1606
1428 1445
1428 1455
1428 1492
1428 1512
1429 1452
1429 1461
1429 1467
1429 1513
1430 1455
1430 1474
1430 1490
1430 1501
1430 1510
1431 1449
1431 1461
1431 1475
1431 1481
1431 1500
1432 1444
1432 1458
1432 1471
1432 1609
1432 1615
1433 1435
1433 1456
1433 1535
1433 1568
1434 1446
1434 1485
1434 1498
1435 1456
1435 1497
1435 1507
1436 1495
1436 1548
1437 1452
1437 1461
1437 1508
1437 1612
1438 1458
1438 1506
1439 1494
1440 1446
1440 1467
1440 1476
1440 1513
1441 1464
1441 1486
1441 1496
1441 1518
1441 1519
1442 1451
1442 1452
1442 1461
1442 1466
1442 1472
1442 1493
1442 1510
1443 1470
1443 1483
1444 1447
1444 1460
1444 1499
1444 1509
1445 1455
1445 1457
1445 1468
1445 1478
1445 1492
1445 1501
1446 1467
1446 1482
1447 1457
1447 1468
1447 1470
1447 1499
1448 1449
1448 1465
1448 1473
1448 1486
1448 1494
1448 1514
1449 1481
1449 1486
1449 1494
1449 1508
1450 1480
1450 1520
1451 1466
1451 1472
1451 1618
1452 1461
1452 1472
1452 1493
1453 1466
1453 1477
1453 1484
1453 1518
1453 1542
1454 1475
1454 1481
1454 1496
1454 1505
1455 1475
1455 1500
1455 1512
1456 1487
1456 1568
1457 1468
1457 1469
1457 1500
1458 1471
1458 1505
1458 1506
1459 1488
1459 1498
1459 1516
1459 1517
1460 1499
1462 1479
1462 1499
1462 1521
1463 1499
1463 1509
1463 1570
1464 1477
1464 1486
1464 1514
1464 1518
1464 1519
1464 1606
1465 1473
1465 1486
1465 1506
1466 1474
1466 1484
1467 1476
1467 1498
1467 1510
1468 1491
1468 1512
1469 1470
1469 1500
1470 1481
1470 1500
1470 1505
1471 1512
1471 1609
1472 1493
1472 1510
1472 1540
1473 1505
1473 1506
1474 1490
1474 1504
1474 1510
1475 1481
1475 1518
1476 1480
1476 1498
1476 1507
1477 1503
1477 1532
1477 1533
1477 1542
1477 1593
1477 1606
1478 1480
1478 1489
1478 1492
1478 1501
1479 1489
1479 1491
1479 1499
1479 1521
1479 1570
1480 1501
1480 1513
1481 1486
1481 1500
1481 1505
1483 1494
1483 1508
1484 1542
1484 1558
1484 1618
1486 1496
1486 1514
1486 1518
1487 1497
1487 1502
1487 1511
1487 1607
1488 1490
1488 1498
1488 1504
1488 1510
1488 1516
1488 1517
1489 1491
1489 1520
1489 1521
1489 1543
1490 1501
1490 1504
1491 1543
1491 1555
1493 1527
1493 1530
1493 1540
1493 1612
1494 1503
1494 1508
1494 1514
1495 1504
1495 1516
1496 1518
1497 1502
1502 1607
1503 1508
1503 1514
1503 1524
1503 1533
1503 1593
1504 1516
1505 1506
1505 1512
1509 1570
1514 1582
1515 1539
1515 1548
1515 1580
1516 1517
1518 1519
1519 1606
1520 1521
1520 1543
1521 1543
1522 1536
1522 1548
1522 1549
1522 1552
1522 1620
1523 1527
1523 1540
1523 1557
1523 1587
1523 1604
1523 1614
1524 1561
1524 1617
1525 1555
1525 1570
1525 1573
1525 1574
1525 1609
1526 1534
1526 1556
1526 1605
1527 1540
1527 1588
1527 1589
1528 1541
1528 1547
1528 1560
1528 1572
1528 1581
1528 1608
1529 1569
1529 1573
1530 1532
1530 1533
1530 1540
1530 1558
1530 1587
1530 1612
1531 1562
1531 1567
1531 1610
1532 1533
1532 1542
1532 1558
1532 1577
1532 1593
1532 1600
1532 1606
1533 1577
1533 1593
1533 1612
1534 1594
1534 1605
1536 1546
1536 1549
1536 1613
1537 1574
1537 1592
1537 1602
1537 1603
1537 1610
1538 1543
1538 1545
1538 1555
1538 1564
1538 1567
1538 1608
1539 1549
1539 1580
1539 1619
1540 1558
1540 1563
1540 1618
1541 1545
1541 1547
1541 1559
1541 1572
1541 1599
1541 1601
1542 1606
1543 1545
1543 1555
1544 1560
1544 1581
1545 1555
1545 1556
1545 1559
1545 1567
1545 1585
1545 1599
1546 1549
1546 1572
1546 1583
1546 1597
1546 1601
1547 1557
1547 1564
1548 1552
1549 1552
1549 1554
1549 1604
1550 1566
1550 1575
1550 1603
1551 1560
1551 1565
1551 1568
1551 1572
1551 1616
1552 1563
1552 1604
1552 1620
1553 1590
1554 1557
1554 1604
1554 1619
1555 1567
1556 1599
1556 1605
1557 1562
1557 1596
1558 1579
1558 1587
1558 1595
1558 1614
1559 1567
1559 1596
1559 1601
1560 1572
1561 1611
1561 1617
1562 1564
1562 1567
1563 1580
1563 1589
1563 1604
1564 1567
1565 1568
1565 1572
1565 1591
1565 1599
1565 1607
1565 1616
1566 1595
1566 1600
1566 1603
1568 1585
1570 1573
1570 1574
1570 1609
1571 1581
1572 1613
1573 1574
1573 1594
1573 1609
1575 1578
1575 1594
1576 1577
1576 1590
1576 1592
1576 1593
1576 1602
1576 1603
1576 1611
1577 1584
1577 1593
1577 1617
1578 1590
1578 1592
1578 1603
1579 1583
1579 1618
1579 1620
1580 1589
1580 1598
1580 1604
1581 1608
1582 1593
1582 1606
1583 1595
1583 1614
1584 1586
1584 1587
1584 1596
1584 1603
1585 1599
1586 1587
1586 1588
1587 1596
1587 1614
1588 1612
1589 1598
1589 1604
1590 1592
1591 1597
1591 1599
1591 1601
1592 1602
1593 1606
1593 1611
1594 1615
1595 1596
1595 1600
1595 1614
1596 1614
1597 1601
1598 1604
1599 1601
1600 1603
1602 1610
1602 1611
1607 1616
