0.03434000 0.13291000 0.13258000
0.40300000 0.09083000 0.01387000
0.37950000 0.12436000 0.48516000
0.49293000 0.13740000 0.43408000
0.31887000 0.11288000 0.17906000
0.44753000 0.14256000 0.31875000
0.39691000 0.18488000 0.15578000
0.02243000 0.05209000 0.38288000
0.04744000 0.12387000 0.39409000
0.15244000 0.12250000 0.43170000
0.12943000 0.04976000 0.27147000
0.43691000 0.21251000 0.36802000
0.30869000 0.05579000 0.09825000
0.23377000 0.06251000 0.12870000
0.01054000 0.05114000 0.13644000
0.17673000 0.17540000 0.02662000
0.31722000 0.17799000 0.28466000
0.30192000 0.03779000 0.18786000
0.45672000 0.16022000 0.18311000
0.49908000 0.21376000 0.22348000
0.34580000 0.08664000 0.30163000
0.00383000 0.00938000 0.22059000
0.11751000 0.13722000 0.49916000
0.09768000 0.17756000 0.29120000
0.06528000 0.15084000 0.03599000
0.18463000 0.10517000 0.16794000
0.16144000 0.19043000 0.26569000
0.26411000 0.12608000 0.33711000
0.41855000 0.22675000 0.24060000
0.13619000 0.17847000 0.13297000
0.46827000 0.09169000 0.22597000
0.16344000 0.15734000 0.34482000
0.06840000 0.05883000 0.21779000
0.10121000 0.21171000 0.19243000
0.42305000 0.02195000 0.17831000
0.07241000 0.24408000 0.12876000
0.29507000 0.11870000 0.25279000
0.10485000 0.10808000 0.31927000
0.40011000 0.16766000 0.24813000
0.23160000 0.07859000 0.04823000
0.42016000 0.06147000 0.29225000
0.26072000 0.16069000 0.11994000
0.33577000 0.07856000 0.01246000
0.00764000 0.21067000 0.36364000
0.40380000 0.11838000 0.38830000
0.29953000 0.03207000 0.46689000
0.14364000 0.04760000 0.44532000
0.24598000 0.20402000 0.29616000
0.40153000 0.11390000 0.19648000
0.24241000 0.04700000 0.42689000
0.33900000 0.12536000 0.42167000
0.29910000 0.19655000 0.17777000
0.36527000 0.19130000 0.36490000
0.21567000 0.05031000 0.27508000
0.15638000 0.03069000 0.15039000
0.06017000 0.03315000 0.29923000
0.42133000 0.02204000 0.45202000
0.49419000 0.04328000 0.02832000
0.39392000 0.12758000 0.10019000
0.23950000 0.01243000 0.34212000
0.45780000 0.11586000 0.07428000
0.13933000 0.14571000 0.20640000
0.47149000 0.05987000 0.14658000
0.18278000 0.01487000 0.02640000
0.00617000 0.24821000 0.44338000
0.23212000 0.18740000 0.38508000
0.11708000 0.20339000 0.40440000
0.22939000 0.20079000 0.07325000
0.16028000 0.08564000 0.36735000
0.05988000 0.20836000 0.46428000
0.15532000 0.12448000 0.07515000
0.34857000 0.04656000 0.38872000
0.00634000 0.12176000 0.46175000
0.39039000 0.19346000 0.46366000
0.00797000 0.14269000 0.21809000
0.31164000 0.19459000 0.40927000
0.30250000 0.10247000 0.48913000
0.22465000 0.11940000 0.45994000
0.29817000 0.12226000 0.05439000
0.09794000 0.20399000 0.05844000
0.40705000 0.21062000 0.04312000
0.17484000 0.09316000 0.24243000
0.10347000 0.24517000 0.33069000
0.09282000 0.07968000 0.41503000
0.42698000 0.02848000 0.36531000
0.26094000 0.02893000 0.00517000
0.06811000 0.02687000 0.09936000
0.29958000 0.19931000 0.07138000
0.00158000 0.10387000 0.32262000
0.48554000 0.23092000 0.10103000
0.06529000 0.09169000 0.07134000
0.07217000 0.06022000 0.49035000
0.47098000 0.01923000 0.27455000
0.13594000 0.04170000 0.07412000
0.23595000 0.20663000 0.20916000
0.35889000 0.01710000 0.31434000
0.37936000 0.06340000 0.13643000
0.01893000 0.22163000 0.21321000
0.03459000 0.01363000 0.45840000
0.00253000 0.00219000 0.33928000
0.03908000 0.24523000 0.00153000
0.49771000 0.16498000 0.11105000
0.14315000 0.00068000 0.36878000
0.45242000 0.17272000 0.49958000
0.36334000 0.00560000 0.00226000
0.02494000 0.10165000 0.99313000
0.12874000 0.11403000 0.61413000
0.00748000 0.14481000 0.92359000
0.39053000 0.24602000 0.95865000
0.43121000 0.01391000 0.84168000
0.43495000 0.21802000 0.91282000
0.37017000 0.23882000 0.56794000
0.27868000 0.13595000 0.69863000
0.43154000 0.01631000 0.98650000
0.15168000 0.13947000 0.87945000
0.34428000 0.18561000 0.71017000
0.00073000 0.05835000 0.69220000
0.06618000 0.19220000 0.65209000
0.17389000 0.09153000 0.68551000
0.24134000 0.17293000 0.63449000
0.46318000 0.06504000 0.80028000
0.11390000 0.09117000 0.98861000
0.17103000 0.24415000 0.98817000
0.11585000 0.07412000 0.73079000
0.11332000 0.15210000 0.68819000
0.49429000 0.15003000 0.74531000
0.47265000 0.13831000 0.92820000
0.17138000 0.03759000 0.60231000
0.37795000 0.13374000 0.76902000
0.22610000 0.23565000 0.58912000
0.29156000 0.09557000 0.76944000
0.45001000 0.18263000 0.98356000
0.06456000 0.17990000 0.84562000
0.38138000 0.10750000 0.84127000
0.42671000 0.03800000 0.62953000
0.46339000 0.21739000 0.60003000
0.22694000 0.20859000 0.84259000
0.43076000 0.08567000 0.72455000
0.01453000 0.19843000 0.56538000
0.12429000 0.11452000 0.80694000
0.10502000 0.24447000 0.66003000
0.34224000 0.11346000 0.65400000
0.18800000 0.14566000 0.57121000
0.39686000 0.15435000 0.68070000
0.34965000 0.02083000 0.54309000
0.49632000 0.23286000 0.52304000
0.25256000 0.14845000 0.88779000
0.17122000 0.21162000 0.69025000
0.24026000 0.23673000 0.50822000
0.07229000 0.16281000 0.94971000
0.44788000 0.09541000 0.86980000
0.40740000 0.15219000 0.91682000
0.39386000 0.07705000 0.92313000
0.22371000 0.08615000 0.55054000
0.23804000 0.06945000 0.72344000
0.00633000 0.23259000 0.88519000
0.26144000 0.17132000 0.98681000
0.46302000 0.09673000 0.63140000
0.35235000 0.13613000 0.95695000
0.19324000 0.18807000 0.75840000
0.45891000 0.20225000 0.68037000
0.13191000 0.19319000 0.83104000
0.24550000 0.06628000 0.87377000
0.08678000 0.06100000 0.64327000
0.04687000 0.11842000 0.77973000
0.12084000 0.20362000 0.74871000
0.40508000 0.23109000 0.73686000
0.23388000 0.08817000 0.96392000
0.32421000 0.23308000 0.89465000
0.00559000 0.12577000 0.84103000
0.17595000 0.14290000 0.95482000
0.04499000 0.02469000 0.90259000
0.04763000 0.02541000 0.81664000
0.34478000 0.06402000 0.70916000
0.27265000 0.11232000 0.61441000
0.10999000 0.22312000 0.53864000
0.01984000 0.21378000 0.72411000
0.31392000 0.08816000 0.86724000
0.43496000 0.14723000 0.58194000
0.48270000 0.05356000 0.52634000
0.35832000 0.01712000 0.81747000
0.14384000 0.08275000 0.54398000
0.30355000 0.22777000 0.97922000
0.08571000 0.10196000 0.88976000
0.22891000 0.13376000 0.81082000
0.04803000 0.02572000 0.73378000
0.15340000 0.04361000 0.80024000
0.42922000 0.17707000 0.80176000
0.05465000 0.12624000 0.69754000
0.02912000 0.14766000 0.61846000
0.45406000 0.01584000 0.72359000
0.18381000 0.05260000 0.88419000
0.34507000 0.09105000 0.57487000
0.23367000 0.21292000 0.93501000
0.17364000 0.19002000 0.51279000
0.32398000 0.16326000 0.88062000
0.35783000 0.00516000 0.63532000
0.16064000 0.01950000 0.94651000
0.12996000 0.18731000 0.60841000
0.34743000 0.02927000 0.90420000
0.06966000 0.12439000 0.55177000
0.23493000 0.24394000 0.70592000
0.24877000 0.00978000 0.93534000
0.31080000 0.18460000 0.78350000
0.28190000 0.18516000 0.54028000
0.26861000 0.04767000 0.65864000
0.30850000 0.21520000 0.64464000
0.49082000 0.24363000 0.73545000
0.20202000 0.26063000 0.17930000
0.25788000 0.28491000 0.23769000
0.42731000 0.33247000 0.19393000
0.02267000 0.37219000 0.47978000
0.05191000 0.35816000 0.28867000
0.36611000 0.40548000 0.12085000
0.38792000 0.33606000 0.13346000
0.41223000 0.26315000 0.43322000
0.43851000 0.33921000 0.27871000
0.28238000 0.42817000 0.21581000
0.13857000 0.43949000 0.26924000
0.38053000 0.46703000 0.41361000
0.14184000 0.44196000 0.43479000
0.29583000 0.49451000 0.18710000
0.10177000 0.32011000 0.12884000
0.36581000 0.46727000 0.17347000
0.25051000 0.45829000 0.39080000
0.05742000 0.45906000 0.43077000
0.13946000 0.47747000 0.13791000
0.20458000 0.45991000 0.23658000
0.24204000 0.31673000 0.35566000
0.04924000 0.45383000 0.22363000
0.17330000 0.26642000 0.42521000
0.05911000 0.30342000 0.38499000
0.17705000 0.29364000 0.25258000
0.15631000 0.33505000 0.42932000
0.44160000 0.47602000 0.24646000
0.31323000 0.27956000 0.42941000
0.21395000 0.31702000 0.09689000
0.24926000 0.34715000 0.03971000
0.07949000 0.41462000 0.17015000
0.45792000 0.40574000 0.30340000
0.10007000 0.29633000 0.27265000
0.30892000 0.25034000 0.30375000
0.12568000 0.26163000 0.06812000
0.19512000 0.47175000 0.32757000
0.26747000 0.34073000 0.43682000
0.48960000 0.29102000 0.30887000
0.09479000 0.36415000 0.20884000
0.25338000 0.47657000 0.08155000
0.32435000 0.44593000 0.29002000
0.40855000 0.41140000 0.36215000
0.47282000 0.38430000 0.16989000
0.31083000 0.31499000 0.33690000
0.32404000 0.39829000 0.35143000
0.44614000 0.44954000 0.47804000
0.09180000 0.28634000 0.46763000
0.40709000 0.33688000 0.40161000
0.00619000 0.40324000 0.40766000
0.20562000 0.38095000 0.46299000
0.34718000 0.30352000 0.06346000
0.48523000 0.47957000 0.30922000
0.44409000 0.41788000 0.09655000
0.33202000 0.37475000 0.45155000
0.36942000 0.27003000 0.36442000
0.40137000 0.25226000 0.16253000
0.01419000 0.45767000 0.14800000
0.28559000 0.35954000 0.26394000
0.38717000 0.41073000 0.46042000
0.48666000 0.28040000 0.21089000
0.26175000 0.40735000 0.31876000
0.01878000 0.28480000 0.06212000
0.04673000 0.35906000 0.08559000
0.14233000 0.42539000 0.35056000
0.21468000 0.41489000 0.07672000
0.21363000 0.34822000 0.18046000
0.24358000 0.27259000 0.43457000
0.37053000 0.31639000 0.48455000
0.02359000 0.40273000 0.01474000
0.27497000 0.33117000 0.15440000
0.19183000 0.35162000 0.34038000
0.07662000 0.44685000 0.02981000
0.47982000 0.41486000 0.39987000
0.11327000 0.31883000 0.03461000
0.27336000 0.39908000 0.14251000
0.41926000 0.31302000 0.06177000
0.11993000 0.37846000 0.08076000
0.44917000 0.36179000 0.47869000
0.01499000 0.49767000 0.38856000
0.09932000 0.36761000 0.46895000
0.16037000 0.36675000 0.27041000
0.19851000 0.41744000 0.16876000
0.13954000 0.31065000 0.36405000
0.36426000 0.28411000 0.27523000
0.04626000 0.30521000 0.17692000
0.34896000 0.34953000 0.23161000
0.07444000 0.42603000 0.35576000
0.36725000 0.41175000 0.20626000
0.19329000 0.25577000 0.08948000
0.28985000 0.26638000 0.11627000
0.48836000 0.31882000 0.12825000
0.33026000 0.49124000 0.06323000
0.32489000 0.28880000 0.18408000
0.02611000 0.25556000 0.28811000
0.20268000 0.25173000 0.32815000
0.21584000 0.48789000 0.14972000
0.49087000 0.32958000 0.03695000
0.47136000 0.27999000 0.46806000
0.31127000 0.43162000 0.01406000
0.18404000 0.31453000 0.01136000
0.29225000 0.42326000 0.48076000
0.07681000 0.49277000 0.35800000
0.25087000 0.48974000 0.27248000
0.14986000 0.49083000 0.03991000
0.05332000 0.32481000 0.00213000
0.16967000 0.27916000 0.69325000
0.15247000 0.46073000 0.78421000
0.29213000 0.29521000 0.99384000
0.36039000 0.36125000 0.91690000
0.46872000 0.25142000 0.97307000
0.11107000 0.45677000 0.96058000
0.22326000 0.38351000 0.59289000
0.09540000 0.33075000 0.65421000
0.11476000 0.34665000 0.77886000
0.31113000 0.26627000 0.53750000
0.12072000 0.42254000 0.83934000
0.19737000 0.34163000 0.72176000
0.21154000 0.35942000 0.84515000
0.23653000 0.44605000 0.87908000
0.45359000 0.41817000 0.95901000
0.35093000 0.35835000 0.60229000
0.35845000 0.47757000 0.50079000
0.22324000 0.39411000 0.75752000
0.48939000 0.45441000 0.65836000
0.26982000 0.40563000 0.95649000
0.49375000 0.47959000 0.95950000
0.30780000 0.29572000 0.61080000
0.31552000 0.36561000 0.66400000
0.05234000 0.32870000 0.53417000
0.29845000 0.46760000 0.73903000
0.01111000 0.39980000 0.55254000
0.24750000 0.28661000 0.65013000
0.42024000 0.45090000 0.60554000
0.21724000 0.45706000 0.55405000
0.25573000 0.30697000 0.90186000
0.04438000 0.45011000 0.83561000
0.01278000 0.34070000 0.86135000
0.30955000 0.37620000 0.79520000
0.13594000 0.28700000 0.91807000
0.06785000 0.46569000 0.51019000
0.39929000 0.39721000 0.69993000
0.15102000 0.46419000 0.50918000
0.40032000 0.30599000 0.57608000
0.40930000 0.31228000 0.88510000
0.08059000 0.25370000 0.88585000
0.27738000 0.43856000 0.81735000
0.21507000 0.46275000 0.79556000
0.19492000 0.25939000 0.90714000
0.07389000 0.45770000 0.67177000
0.36734000 0.45054000 0.73934000
0.35315000 0.41820000 0.53918000
0.17928000 0.38939000 0.65727000
0.02984000 0.33059000 0.62751000
0.17003000 0.30323000 0.84767000
0.26704000 0.34172000 0.75038000
0.45750000 0.37832000 0.80082000
0.44562000 0.30578000 0.75761000
0.26395000 0.32911000 0.52444000
0.35398000 0.44304000 0.81340000
0.38048000 0.34747000 0.77669000
0.00286000 0.47035000 0.77534000
0.41453000 0.34131000 0.96930000
0.01552000 0.40485000 0.65327000
0.17792000 0.39576000 0.52857000
0.44205000 0.45036000 0.74336000
0.39605000 0.37739000 0.84512000
0.37435000 0.43287000 0.95531000
0.46653000 0.31783000 0.53417000
0.11146000 0.28517000 0.74578000
0.47912000 0.44723000 0.57644000
0.23537000 0.47295000 0.65964000
0.30154000 0.47500000 0.90063000
0.28921000 0.41662000 0.58816000
0.06701000 0.25898000 0.59676000
0.34509000 0.31048000 0.83594000
0.04316000 0.29882000 0.80233000
0.45191000 0.47243000 0.82676000
0.33456000 0.46119000 0.62237000
0.31998000 0.28553000 0.75799000
0.00721000 0.43240000 0.93123000
0.28038000 0.37037000 0.87439000
0.48574000 0.44162000 0.88437000
0.10536000 0.37326000 0.96758000
0.33674000 0.29256000 0.92638000
0.45013000 0.26491000 0.83915000
0.27661000 0.26562000 0.83888000
0.07120000 0.41707000 0.57691000
0.08417000 0.43042000 0.75828000
0.05890000 0.49223000 0.57973000
0.15995000 0.30114000 0.54911000
0.47830000 0.29689000 0.65993000
0.17479000 0.27668000 0.77232000
0.17100000 0.46494000 0.61989000
0.36862000 0.27386000 0.65043000
0.21884000 0.44488000 0.96902000
0.02442000 0.34294000 0.70746000
0.18678000 0.35422000 0.92692000
0.18144000 0.48772000 0.92424000
0.04799000 0.27712000 0.71397000
0.01376000 0.30733000 0.93487000
0.10904000 0.49679000 0.73437000
0.01776000 0.59896000 0.44152000
0.02355000 0.69758000 0.34071000
0.41430000 0.50982000 0.05964000
0.31954000 0.59601000 0.01866000
0.46533000 0.63906000 0.49273000
0.49519000 0.65236000 0.05635000
0.21921000 0.56195000 0.37074000
0.43986000 0.66357000 0.11627000
0.08244000 0.52749000 0.22317000
0.34625000 0.52671000 0.24210000
0.04767000 0.66440000 0.47549000
0.22228000 0.63963000 0.02675000
0.43173000 0.61327000 0.03376000
0.17628000 0.61293000 0.18710000
0.24864000 0.69888000 0.32651000
0.39795000 0.71490000 0.42555000
0.48806000 0.64766000 0.39466000
0.18831000 0.73400000 0.31128000
0.15445000 0.59339000 0.38087000
0.30432000 0.70830000 0.06252000
0.28537000 0.62149000 0.23136000
0.13039000 0.73113000 0.06897000
0.21987000 0.52840000 0.04707000
0.04876000 0.53871000 0.28246000
0.11583000 0.66784000 0.29503000
0.11800000 0.58524000 0.18257000
0.19842000 0.70014000 0.13325000
0.16346000 0.51123000 0.45068000
0.39765000 0.64263000 0.43699000
0.08710000 0.51891000 0.12026000
0.38014000 0.54733000 0.12561000
0.18346000 0.66100000 0.33069000
0.24242000 0.70814000 0.42694000
0.14654000 0.52343000 0.35274000
0.36618000 0.65835000 0.31127000
0.36792000 0.64640000 0.04909000
0.35848000 0.60332000 0.16730000
0.14366000 0.69041000 0.20600000
0.01490000 0.64825000 0.13377000
0.35189000 0.55826000 0.44018000
0.36365000 0.50350000 0.32785000
0.03470000 0.51019000 0.05330000
0.44811000 0.50441000 0.41959000
0.00325000 0.66266000 0.40582000
0.15035000 0.68052000 0.49813000
0.28516000 0.59570000 0.11016000
0.40248000 0.57527000 0.40059000
0.23613000 0.51804000 0.44419000
0.39587000 0.57391000 0.24468000
0.00977000 0.62941000 0.05354000
0.43051000 0.62978000 0.36607000
0.49206000 0.53113000 0.49387000
0.18177000 0.58585000 0.48310000
0.11002000 0.54925000 0.42644000
0.24473000 0.62047000 0.30974000
0.43471000 0.60110000 0.18530000
0.34479000 0.61782000 0.38211000
0.10269000 0.62832000 0.42908000
0.42621000 0.66605000 0.22323000
0.09350000 0.73699000 0.29391000
0.29891000 0.73766000 0.14475000
0.05172000 0.59636000 0.32466000
0.01987000 0.68931000 0.01958000
0.09901000 0.64728000 0.03642000
0.15227000 0.58026000 0.06105000
0.08203000 0.63706000 0.23321000
0.44969000 0.70537000 0.35938000
0.25007000 0.73966000 0.02294000
0.29907000 0.74799000 0.28102000
0.11400000 0.67986000 0.11894000
0.15620000 0.55484000 0.26002000
0.33233000 0.70485000 0.21715000
0.03639000 0.73393000 0.22998000
0.44448000 0.60855000 0.28611000
0.04634000 0.55847000 0.15858000
0.03685000 0.71459000 0.15082000
0.48265000 0.54299000 0.17005000
0.41356000 0.59247000 0.48538000
0.32936000 0.56828000 0.30814000
0.19173000 0.65550000 0.25435000
0.38273000 0.74115000 0.13627000
0.43935000 0.53389000 0.29469000
0.23551000 0.56878000 0.22957000
0.01207000 0.65610000 0.26185000
0.10478000 0.70193000 0.43445000
0.40552000 0.74229000 0.30132000
0.30377000 0.52589000 0.37019000
0.24596000 0.71904000 0.21672000
0.37568000 0.57706000 0.04634000
0.34635000 0.69192000 0.47328000
0.29744000 0.67441000 0.38491000
0.23132000 0.62592000 0.38889000
0.25417000 0.62334000 0.45904000
0.08763000 0.59230000 0.11023000
0.45187000 0.74619000 0.13530000
0.45484000 0.74650000 0.59098000
0.20534000 0.69667000 0.74894000
0.46035000 0.61735000 0.66066000
0.14854000 0.70514000 0.81996000
0.41354000 0.57607000 0.97514000
0.43509000 0.74309000 0.86163000
0.03179000 0.69515000 0.79935000
0.39261000 0.65035000 0.67245000
0.17813000 0.54107000 0.79005000
0.20981000 0.52639000 0.85997000
0.35202000 0.72013000 0.69149000
0.11916000 0.56991000 0.72421000
0.23696000 0.66693000 0.57336000
0.00970000 0.53100000 0.52094000
0.34228000 0.67583000 0.59169000
0.08758000 0.70480000 0.98808000
0.49422000 0.58747000 0.85379000
0.42834000 0.71286000 0.79425000
0.29783000 0.53371000 0.80223000
0.26025000 0.58007000 0.86228000
0.05940000 0.51604000 0.83259000
0.46907000 0.52146000 0.72780000
0.17536000 0.66944000 0.94187000
0.25562000 0.60376000 0.57212000
0.03995000 0.60816000 0.57010000
0.39275000 0.52813000 0.69496000
0.14058000 0.64009000 0.64013000
0.01213000 0.54808000 0.87375000
0.04144000 0.57770000 0.70812000
0.47485000 0.60964000 0.95455000
0.43527000 0.59730000 0.57377000
0.43872000 0.70808000 0.71183000
0.17507000 0.59142000 0.98536000
0.31974000 0.69944000 0.98012000
0.25781000 0.71599000 0.52310000
0.11978000 0.53615000 0.96179000
0.06873000 0.62179000 0.64457000
0.36715000 0.56190000 0.61666000
0.05442000 0.74995000 0.56803000
0.28374000 0.72509000 0.66806000
0.08462000 0.66200000 0.85178000
0.44410000 0.51238000 0.63462000
0.05407000 0.51654000 0.95649000
0.43163000 0.68714000 0.63066000
0.37455000 0.59953000 0.84909000
0.13147000 0.51391000 0.86323000
0.27046000 0.53297000 0.63495000
0.05319000 0.71695000 0.67345000
0.09363000 0.71331000 0.75613000
0.06366000 0.52588000 0.66212000
0.26940000 0.64535000 0.70618000
0.17158000 0.59216000 0.89031000
0.35953000 0.61096000 0.73955000
0.24305000 0.73503000 0.86372000
0.41333000 0.50366000 0.89026000
0.40838000 0.51441000 0.57216000
0.31898000 0.62049000 0.63806000
0.21100000 0.62523000 0.65660000
0.36751000 0.53746000 0.81569000
0.23033000 0.52279000 0.72308000
0.37635000 0.73720000 0.59826000
0.00997000 0.67953000 0.53539000
0.31667000 0.55310000 0.68767000
0.03932000 0.68475000 0.60115000
0.03687000 0.63208000 0.76794000
0.22725000 0.54461000 0.96659000
0.10772000 0.58854000 0.53599000
0.09902000 0.65923000 0.71488000
0.23741000 0.66476000 0.82913000
0.18638000 0.68916000 0.63957000
0.20744000 0.52852000 0.58955000
0.34875000 0.61479000 0.92092000
0.33881000 0.56774000 0.52546000
0.20581000 0.74449000 0.94482000
0.26248000 0.60007000 0.97507000
0.46491000 0.59088000 0.74625000
0.15829000 0.57337000 0.65513000
0.07980000 0.70635000 0.91091000
0.36846000 0.65633000 0.80455000
0.11475000 0.68663000 0.57148000
0.05324000 0.60308000 0.98360000
0.33882000 0.53058000 0.90499000
0.15948000 0.62784000 0.74552000
0.26136000 0.63842000 0.89996000
0.36239000 0.64024000 0.52913000
0.41906000 0.62316000 0.91144000
0.31212000 0.69775000 0.81420000
0.08663000 0.56629000 0.89331000
0.32573000 0.51975000 0.58390000
0.46755000 0.66539000 0.85149000
0.34260000 0.70163000 0.88970000
0.26452000 0.61100000 0.78544000
0.15358000 0.74312000 0.70952000
0.35700000 0.52805000 0.98932000
0.23045000 0.55500000 0.51629000
0.26199000 0.67432000 0.98354000
0.41149000 0.67993000 0.54997000
0.28247000 0.50523000 0.52677000
0.48572000 0.52692000 0.90363000
0.01852000 0.54727000 0.60636000
0.49744000 0.55929000 0.62936000
0.49523000 0.71674000 0.52069000
0.17356000 0.74255000 0.58387000
0.29225000 0.50006000 0.97564000
0.08692000 0.74328000 0.50100000
0.26512000 0.77077000 0.41637000
0.11983000 0.89665000 0.43595000
0.19552000 0.80739000 0.32122000
0.11757000 0.94564000 0.11062000
0.14590000 0.85932000 0.31514000
0.45264000 0.83548000 0.03206000
0.04021000 0.78318000 0.02103000
0.09582000 0.75416000 0.19664000
0.23871000 0.83372000 0.49781000
0.36705000 0.75936000 0.02936000
0.45170000 0.93836000 0.15336000
0.41676000 0.87296000 0.35766000
0.28795000 0.92759000 0.03281000
0.07385000 0.97971000 0.36496000
0.22053000 0.77426000 0.18288000
0.38297000 0.88928000 0.08542000
0.44919000 0.75119000 0.23414000
0.00069000 0.92747000 0.31245000
0.31436000 0.79304000 0.03588000
0.25387000 0.99568000 0.12494000
0.04186000 0.83699000 0.31851000
0.03590000 0.87324000 0.42290000
0.35383000 0.77159000 0.34132000
0.00854000 0.81828000 0.46754000
0.10370000 0.90756000 0.17576000
0.06452000 0.99809000 0.00168000
0.03897000 0.80372000 0.18984000
0.37618000 0.82054000 0.27295000
0.08364000 0.98232000 0.19695000
0.47483000 0.82219000 0.13707000
0.30195000 0.90897000 0.14811000
0.49949000 0.90427000 0.09507000
0.01703000 0.90621000 0.20874000
0.30694000 0.95992000 0.46080000
0.09406000 0.81993000 0.09912000
0.33099000 0.77837000 0.47803000
0.15785000 0.98819000 0.49376000
0.13625000 0.78452000 0.26068000
0.20048000 0.91168000 0.08286000
0.44794000 0.86462000 0.44377000
0.39145000 0.93464000 0.28218000
0.22086000 0.84227000 0.13405000
0.06122000 0.76982000 0.43543000
0.25279000 0.90774000 0.20877000
0.37988000 0.76138000 0.21378000
0.16735000 0.97842000 0.25652000
0.12641000 0.97174000 0.03520000
0.47870000 0.97402000 0.32745000
0.20072000 0.88214000 0.25695000
0.48006000 0.89646000 0.37649000
0.27650000 0.96893000 0.21416000
0.23876000 0.98169000 0.43081000
0.21228000 0.95479000 0.17334000
0.33637000 0.95170000 0.35823000
0.41083000 0.84492000 0.14498000
0.25664000 0.83845000 0.36571000
0.10992000 0.85859000 0.03155000
0.05711000 0.85942000 0.24435000
0.16851000 0.84622000 0.08576000
0.34088000 0.88195000 0.31676000
0.29079000 0.97803000 0.30455000
0.16447000 0.92922000 0.36098000
0.36619000 0.90254000 0.44817000
0.18430000 0.89226000 0.17340000
0.41766000 0.98891000 0.07612000
0.35988000 0.80222000 0.10936000
0.43855000 0.80753000 0.30250000
0.27166000 0.87860000 0.08597000
0.38075000 0.96221000 0.48477000
0.42190000 0.94602000 0.38911000
0.22922000 0.81380000 0.24941000
0.35492000 0.96274000 0.13000000
0.26230000 0.90001000 0.31954000
0.13585000 0.80531000 0.15972000
0.14101000 0.85590000 0.22011000
0.32544000 0.85869000 0.21078000
0.31112000 0.88505000 0.39035000
0.08246000 0.78348000 0.36174000
0.07070000 0.89033000 0.11307000
0.09611000 0.85650000 0.37333000
0.43325000 0.86082000 0.23566000
0.36287000 0.82110000 0.40840000
0.49212000 0.80807000 0.22031000
0.38688000 0.99667000 0.24707000
0.20747000 0.88499000 0.38979000
0.05393000 0.76405000 0.10219000
0.37291000 0.90997000 0.18463000
0.02022000 0.94639000 0.40815000
0.07854000 0.94011000 0.29056000
0.22420000 0.78822000 0.07650000
0.02841000 0.83601000 0.11284000
0.16338000 0.77034000 0.40585000
0.23365000 0.97180000 0.04411000
0.44213000 0.79277000 0.41925000
0.05604000 0.95668000 0.06585000
0.14659000 0.81447000 0.85362000
0.43184000 0.95964000 0.67047000
0.09472000 0.83623000 0.89751000
0.26701000 0.78848000 0.82853000
0.20987000 0.94646000 0.85230000
0.08709000 0.88202000 0.83318000
0.00814000 0.99604000 0.57520000
0.31092000 0.95193000 0.92391000
0.28172000 0.93330000 0.69360000
0.44268000 0.91350000 0.92021000
0.38979000 0.95762000 0.87493000
0.04030000 0.83295000 0.54381000
0.24408000 0.87623000 0.81748000
0.23405000 0.81265000 0.67635000
0.32360000 0.85181000 0.92298000
0.06439000 0.95557000 0.93863000
0.30335000 0.82687000 0.74897000
0.04463000 0.76407000 0.89518000
0.48174000 0.88429000 0.98355000
0.41314000 0.93275000 0.79921000
0.12501000 0.99047000 0.83104000
0.34685000 0.82658000 0.82547000
0.19544000 0.92428000 0.98760000
0.28675000 0.91432000 0.58809000
0.17711000 0.82635000 0.98792000
0.40023000 0.78904000 0.75863000
0.36388000 0.92277000 0.59281000
0.04713000 0.93248000 0.51062000
0.14034000 0.95625000 0.90548000
0.38045000 0.98155000 0.72455000
0.43459000 0.84962000 0.82536000
0.34411000 0.75869000 0.84318000
0.07468000 0.95529000 0.81303000
0.36099000 0.83018000 0.53521000
0.24153000 0.75123000 0.75523000
0.08462000 0.85809000 0.73916000
0.45726000 0.97697000 0.57670000
0.27362000 0.84834000 0.62388000
0.33360000 0.93209000 0.82228000
0.27870000 0.99370000 0.55462000
0.26643000 0.96964000 0.62980000
0.46001000 0.98999000 0.91411000
0.16391000 0.85012000 0.67102000
0.28130000 0.88980000 0.87785000
0.30902000 0.99182000 0.75459000
0.21567000 0.81364000 0.89955000
0.43233000 0.85361000 0.54724000
0.31171000 0.79781000 0.57871000
0.46318000 0.87414000 0.62106000
0.46981000 0.76393000 0.76425000
0.01754000 0.82958000 0.76337000
0.06789000 0.89891000 0.63445000
0.11919000 0.79254000 0.78037000
0.38386000 0.87201000 0.77345000
0.14872000 0.88798000 0.94849000
0.30559000 0.86028000 0.51280000
0.09279000 0.98724000 0.56308000
0.01923000 0.89765000 0.82472000
0.39413000 0.76893000 0.52521000
0.42468000 0.77471000 0.96462000
0.03494000 0.77684000 0.69774000
0.22711000 0.88684000 0.68592000
0.09970000 0.88563000 0.51305000
0.42270000 0.85390000 0.93129000
0.16512000 0.82291000 0.51264000
0.24763000 0.93836000 0.93215000
0.15207000 0.87430000 0.81040000
0.11180000 0.85392000 0.58190000
0.25640000 0.93100000 0.51622000
0.21034000 0.88368000 0.88779000
0.40310000 0.88976000 0.67104000
0.44608000 0.85021000 0.72830000
0.32019000 0.87759000 0.65733000
0.22416000 0.89345000 0.57499000
0.25859000 0.98743000 0.81998000
0.19077000 0.91906000 0.75453000
0.37655000 0.82870000 0.70060000
0.30590000 0.78919000 0.66271000
0.18766000 0.95821000 0.61781000
0.37775000 0.80239000 0.91615000
0.47721000 0.76424000 0.66345000
0.45882000 0.92332000 0.73706000
0.02647000 0.94364000 0.69260000
0.15010000 0.90110000 0.62975000
0.01969000 0.83707000 0.96185000
0.06854000 0.79056000 0.62929000
0.05118000 0.76948000 0.80217000
0.14197000 0.78756000 0.64363000
0.38831000 0.88404000 0.86300000
0.11530000 0.78730000 0.99434000
0.15791000 0.90499000 0.54851000
0.36132000 0.90702000 0.97732000
0.48648000 0.90774000 0.82472000
0.38365000 0.81964000 0.61592000
0.35453000 0.93881000 0.67429000
0.26669000 0.77044000 0.95565000
0.12856000 0.76169000 0.91060000
0.37135000 0.84114000 0.99418000
0.48845000 0.79703000 0.53864000
0.11686000 0.99489000 0.75206000
0.03776000 0.99869000 0.65372000
0.25684000 0.75864000 0.58610000
0.23036000 0.99883000 0.70861000
0.09932000 0.80973000 0.50045000
0.44423000 0.94628000 0.99892000
0.03374000 0.92589000 0.99620000
0.42340000 0.90774000 0.50222000
0.74063000 0.20244000 0.00380000
0.66130000 0.03716000 0.05373000
0.72651000 0.13631000 0.37617000
0.93187000 0.06715000 0.29176000
0.59585000 0.08882000 0.01202000
0.56392000 0.09246000 0.14412000
0.71480000 0.03393000 0.15051000
0.65029000 0.07797000 0.20160000
0.57078000 0.04438000 0.07487000
0.87039000 0.02318000 0.41742000
0.98654000 0.20643000 0.13359000
0.89871000 0.08445000 0.43811000
0.51175000 0.02787000 0.40349000
0.95657000 0.08667000 0.01906000
0.54123000 0.08240000 0.32527000
0.86678000 0.06886000 0.23589000
0.67204000 0.21317000 0.15436000
0.79548000 0.11068000 0.04263000
0.69103000 0.02143000 0.22974000
0.95415000 0.14863000 0.09121000
0.50035000 0.19601000 0.39336000
0.60064000 0.09409000 0.25847000
0.63132000 0.09495000 0.07723000
0.67427000 0.19717000 0.06695000
0.92367000 0.01090000 0.04179000
0.67090000 0.14101000 0.13727000
0.72854000 0.07189000 0.37460000
0.53774000 0.15623000 0.48979000
0.71137000 0.05166000 0.00035000
0.50400000 0.14165000 0.23704000
0.53892000 0.05980000 0.20132000
0.59735000 0.21899000 0.25668000
0.80722000 0.07690000 0.27932000
0.71329000 0.09678000 0.19209000
0.53373000 0.24543000 0.41115000
0.87864000 0.11423000 0.29772000
0.80287000 0.20654000 0.41205000
0.86555000 0.24738000 0.31793000
0.50382000 0.14191000 0.01875000
0.74424000 0.22653000 0.46374000
0.85351000 0.13933000 0.21475000
0.56693000 0.14054000 0.07288000
0.90090000 0.04069000 0.12170000
0.73027000 0.14482000 0.44892000
0.72659000 0.20269000 0.38171000
0.84761000 0.07071000 0.37356000
0.80552000 0.02613000 0.06128000
0.88215000 0.23606000 0.13545000
0.64002000 0.00494000 0.17570000
0.76145000 0.01747000 0.21411000
0.80868000 0.01939000 0.45911000
0.84409000 0.21053000 0.23355000
0.63669000 0.06398000 0.38166000
0.82229000 0.04410000 0.14266000
0.65765000 0.17273000 0.42673000
0.87123000 0.19392000 0.01345000
0.79854000 0.23236000 0.33728000
0.82590000 0.24550000 0.01431000
0.56966000 0.07057000 0.41335000
0.70707000 0.01575000 0.40611000
0.82225000 0.23548000 0.48741000
0.88972000 0.17531000 0.10699000
0.65969000 0.04044000 0.48206000
0.78199000 0.14381000 0.18128000
0.61012000 0.16228000 0.17130000
0.98684000 0.02445000 0.00217000
0.79572000 0.19423000 0.05992000
0.61611000 0.24024000 0.33549000
0.68629000 0.06350000 0.28584000
0.93219000 0.09948000 0.19289000
0.97817000 0.19666000 0.03627000
0.96406000 0.09612000 0.40578000
0.80573000 0.16148000 0.34996000
0.97332000 0.15957000 0.30662000
0.65257000 0.12986000 0.32865000
0.60793000 0.20229000 0.46276000
0.83422000 0.11514000 0.43778000
0.59211000 0.17480000 0.34265000
0.62576000 0.14659000 0.49494000
0.73416000 0.14434000 0.06871000
0.73125000 0.05973000 0.46592000
0.60752000 0.23383000 0.12025000
0.51302000 0.21571000 0.31033000
0.52752000 0.15197000 0.31526000
0.87965000 0.08542000 0.01573000
0.89488000 0.02830000 0.34194000
0.96039000 0.07614000 0.09690000
0.90081000 0.19007000 0.20252000
0.57765000 0.13753000 0.42103000
0.67847000 0.10153000 0.45138000
0.92857000 0.24838000 0.49800000
0.56951000 0.01037000 0.14701000
0.66899000 0.16786000 0.23667000
0.83487000 0.12862000 0.11397000
0.99490000 0.07294000 0.22283000
0.90171000 0.16948000 0.34340000
0.57087000 0.20712000 0.04718000
0.94447000 0.23118000 0.25195000
0.95185000 0.03097000 0.39036000
0.74950000 0.07367000 0.09235000
0.56557000 0.22816000 0.18410000
0.68650000 0.24179000 0.33174000
0.94810000 0.20844000 0.43002000
0.73674000 0.24970000 0.06582000
0.84071000 0.12020000 0.52078000
0.55568000 0.15309000 0.70072000
0.90293000 0.05219000 0.52784000
0.98732000 0.04766000 0.50993000
0.54591000 0.16698000 0.93923000
0.84703000 0.05630000 0.94947000
0.93298000 0.21911000 0.61189000
0.61198000 0.10058000 0.68927000
0.60087000 0.03569000 0.67215000
0.85085000 0.16426000 0.82842000
0.68173000 0.01510000 0.80482000
0.71890000 0.11000000 0.68302000
0.90004000 0.23986000 0.91206000
0.67199000 0.24424000 0.87379000
0.77376000 0.08813000 0.97425000
0.84569000 0.05289000 0.61514000
0.66800000 0.21017000 0.53808000
0.62954000 0.23022000 0.98853000
0.86909000 0.21769000 0.67502000
0.95296000 0.07149000 0.85304000
0.70504000 0.04441000 0.69529000
0.88902000 0.20415000 0.55056000
0.69772000 0.09233000 0.84326000
0.70468000 0.11850000 0.98976000
0.63457000 0.14506000 0.98609000
0.52427000 0.13608000 0.60978000
0.79539000 0.06975000 0.76687000
0.64779000 0.16667000 0.60012000
0.66439000 0.04795000 0.93353000
0.76888000 0.19646000 0.87963000
0.54436000 0.04733000 0.78215000
0.78846000 0.20987000 0.73270000
0.52072000 0.06627000 0.65153000
0.98016000 0.01462000 0.81616000
0.96471000 0.18779000 0.80430000
0.70672000 0.22849000 0.93509000
0.59806000 0.12296000 0.60386000
0.89836000 0.13126000 0.56480000
0.74396000 0.02520000 0.80165000
0.77203000 0.11350000 0.57593000
0.57378000 0.10355000 0.87939000
0.78404000 0.01949000 0.96741000
0.85495000 0.13383000 0.89450000
0.62763000 0.15486000 0.90211000
0.59625000 0.23047000 0.88538000
0.50573000 0.19522000 0.87396000
0.59111000 0.08076000 0.54220000
0.96216000 0.14417000 0.53659000
0.70852000 0.12674000 0.76478000
0.92743000 0.14362000 0.65413000
0.73228000 0.22459000 0.64514000
0.72859000 0.00322000 0.53324000
0.90413000 0.17819000 0.87876000
0.60058000 0.02230000 0.89928000
0.52280000 0.00604000 0.83980000
0.63595000 0.03262000 0.74920000
0.91390000 0.03774000 0.94993000
0.81649000 0.05574000 0.53936000
0.58341000 0.20534000 0.59518000
0.64585000 0.16877000 0.70425000
0.87724000 0.12573000 0.75960000
0.65871000 0.17267000 0.83224000
0.70188000 0.21882000 0.79383000
0.92910000 0.10346000 0.93901000
0.81099000 0.12090000 0.64665000
0.80456000 0.20170000 0.96092000
0.95226000 0.06029000 0.75763000
0.98179000 0.15265000 0.72305000
0.68054000 0.10025000 0.54358000
0.63497000 0.06737000 0.84825000
0.80686000 0.19834000 0.62731000
0.85542000 0.04140000 0.69419000
0.71494000 0.15372000 0.61443000
0.93573000 0.17951000 0.96346000
0.58108000 0.21325000 0.68597000
0.84858000 0.22691000 0.84778000
0.77437000 0.06034000 0.63935000
0.82478000 0.07107000 0.84744000
0.81291000 0.12294000 0.72398000
0.79864000 0.17671000 0.53522000
0.98749000 0.20439000 0.65528000
0.77137000 0.02046000 0.71564000
0.54390000 0.14668000 0.83518000
0.73039000 0.15405000 0.53135000
0.93640000 0.23363000 0.71754000
0.85447000 0.19273000 0.75440000
0.93211000 0.06178000 0.62466000
0.64716000 0.01915000 0.61058000
0.75976000 0.12066000 0.90209000
0.59823000 0.16769000 0.78173000
0.64381000 0.10395000 0.77953000
0.56595000 0.22591000 0.75732000
0.52858000 0.04466000 0.90439000
0.56263000 0.01422000 0.54184000
0.73840000 0.21431000 0.57057000
0.61906000 0.00135000 0.82911000
0.58620000 0.01727000 0.99968000
0.84464000 0.44873000 0.14860000
0.78012000 0.43534000 0.19917000
0.78745000 0.26385000 0.15522000
0.72908000 0.33598000 0.15030000
0.63800000 0.27100000 0.24319000
0.52155000 0.45804000 0.10387000
0.90504000 0.40658000 0.11346000
0.61701000 0.44655000 0.07164000
0.60941000 0.40747000 0.14374000
0.99335000 0.32757000 0.23649000
0.66920000 0.27187000 0.40651000
0.81541000 0.35417000 0.48647000
0.67339000 0.33926000 0.47797000
0.51679000 0.39330000 0.46599000
0.89302000 0.34051000 0.27892000
0.70689000 0.26177000 0.26025000
0.83403000 0.36447000 0.30586000
0.83306000 0.42421000 0.39059000
0.89490000 0.35952000 0.19382000
0.88953000 0.31894000 0.48852000
0.93356000 0.37803000 0.03649000
0.60096000 0.39168000 0.22730000
0.92674000 0.34241000 0.13180000
0.62933000 0.45392000 0.20420000
0.84000000 0.27724000 0.23410000
0.89446000 0.44020000 0.20322000
0.96754000 0.47603000 0.49401000
0.85594000 0.47216000 0.03186000
0.76374000 0.38148000 0.02649000
0.56732000 0.38198000 0.32763000
0.94325000 0.45576000 0.09939000
0.73112000 0.43742000 0.12928000
0.79264000 0.41396000 0.46087000
0.83038000 0.39704000 0.10201000
0.95227000 0.35193000 0.42691000
0.57494000 0.32971000 0.39761000
0.65953000 0.34485000 0.33399000
0.56743000 0.48106000 0.41801000
0.59859000 0.29874000 0.31276000
0.50802000 0.39629000 0.23688000
0.67592000 0.40040000 0.11630000
0.55040000 0.36416000 0.11902000
0.95232000 0.30665000 0.36304000
0.76062000 0.30840000 0.47905000
0.85074000 0.33604000 0.11279000
0.81432000 0.48328000 0.49792000
0.91922000 0.44010000 0.38941000
0.59658000 0.32488000 0.19990000
0.95884000 0.25911000 0.08475000
0.65512000 0.34193000 0.15451000
0.86943000 0.45953000 0.26990000
0.78740000 0.48547000 0.30454000
0.74060000 0.46744000 0.48435000
0.69586000 0.43721000 0.20803000
0.96360000 0.47840000 0.30356000
0.97451000 0.47470000 0.21208000
0.95901000 0.31664000 0.04977000
0.53150000 0.25985000 0.02978000
0.99824000 0.39801000 0.24199000
0.99453000 0.30755000 0.48144000
0.73554000 0.28110000 0.37621000
0.66989000 0.27306000 0.15991000
0.73814000 0.47175000 0.37550000
0.56453000 0.28281000 0.47952000
0.80291000 0.34347000 0.17321000
0.76356000 0.49436000 0.10682000
0.65788000 0.38210000 0.40625000
0.65265000 0.42542000 0.33703000
0.90363000 0.36254000 0.36879000
0.55773000 0.30807000 0.08471000
0.78231000 0.35233000 0.25429000
0.81118000 0.28467000 0.39137000
0.57543000 0.39969000 0.42047000
0.69118000 0.37606000 0.03100000
0.67810000 0.47332000 0.02835000
0.72829000 0.48312000 0.26836000
0.69902000 0.37191000 0.22040000
0.60317000 0.39932000 0.00537000
0.73527000 0.38830000 0.30494000
0.53477000 0.47658000 0.23851000
0.90101000 0.25282000 0.38580000
0.77952000 0.30146000 0.00453000
0.71798000 0.36205000 0.40956000
0.78690000 0.37579000 0.36972000
0.60430000 0.33608000 0.03384000
0.82713000 0.40622000 0.01426000
0.99023000 0.29996000 0.13652000
0.61333000 0.49788000 0.28768000
0.63534000 0.29692000 0.08909000
0.90466000 0.26817000 0.19715000
0.86441000 0.43184000 0.45721000
0.73539000 0.49923000 0.18374000
0.55517000 0.44810000 0.30392000
0.99592000 0.37119000 0.14493000
0.50524000 0.33560000 0.37318000
0.82070000 0.49018000 0.38317000
0.63527000 0.45829000 0.41323000
0.81322000 0.28075000 0.08001000
0.50627000 0.48534000 0.38452000
0.53761000 0.31458000 0.25058000
0.63279000 0.27517000 0.49569000
0.52197000 0.39777000 0.00529000
0.94870000 0.43675000 0.68136000
0.54332000 0.47882000 0.77547000
0.82618000 0.34251000 0.84351000
0.69776000 0.42407000 0.52338000
0.91957000 0.41673000 0.60799000
0.79517000 0.28504000 0.80135000
0.83313000 0.47435000 0.57620000
0.81377000 0.40275000 0.80888000
0.69387000 0.43400000 0.92918000
0.78268000 0.37857000 0.94183000
0.78747000 0.43219000 0.87595000
0.92192000 0.49969000 0.66344000
0.83869000 0.33146000 0.55869000
0.95104000 0.49735000 0.87393000
0.78742000 0.28501000 0.66105000
0.96571000 0.31644000 0.79860000
0.56940000 0.45829000 0.98024000
0.58385000 0.38907000 0.81330000
0.63494000 0.38784000 0.62662000
0.95961000 0.26473000 0.94768000
0.99262000 0.25488000 0.77435000
0.89392000 0.26934000 0.98891000
0.73422000 0.35718000 0.52375000
0.63718000 0.30783000 0.65664000
0.68100000 0.37994000 0.82405000
0.54065000 0.42778000 0.53928000
0.74001000 0.48355000 0.98037000
0.55549000 0.42845000 0.87011000
0.69716000 0.29823000 0.55977000
0.94297000 0.29120000 0.86534000
0.61797000 0.46274000 0.72657000
0.77965000 0.28130000 0.56315000
0.76023000 0.46141000 0.56121000
0.59125000 0.35571000 0.69527000
0.66083000 0.45046000 0.66211000
0.95378000 0.32081000 0.67292000
0.72413000 0.30107000 0.64129000
0.56036000 0.49652000 0.91040000
0.74173000 0.37806000 0.65629000
0.67707000 0.32381000 0.77821000
0.86409000 0.39674000 0.55866000
0.69681000 0.47416000 0.59197000
0.86177000 0.40463000 0.94029000
0.73671000 0.43918000 0.70412000
0.51784000 0.39071000 0.72418000
0.52069000 0.34987000 0.62763000
0.60658000 0.49363000 0.50961000
0.54932000 0.34193000 0.85867000
0.66303000 0.48381000 0.81983000
0.61737000 0.29266000 0.96237000
0.99066000 0.25496000 0.53931000
0.85004000 0.41134000 0.65837000
0.85676000 0.25491000 0.59656000
0.99285000 0.36994000 0.95760000
0.91648000 0.29390000 0.75517000
0.68622000 0.34855000 0.68768000
0.90685000 0.47361000 0.91857000
0.60464000 0.37986000 0.90307000
0.84126000 0.43857000 0.75048000
0.88638000 0.33485000 0.88345000
0.84228000 0.33891000 0.65258000
0.90640000 0.38366000 0.68064000
0.64895000 0.31265000 0.86158000
0.72897000 0.25706000 0.71301000
0.62119000 0.48647000 0.60645000
0.75904000 0.35550000 0.72988000
0.51593000 0.26680000 0.86203000
0.88524000 0.43459000 0.82683000
0.93231000 0.34607000 0.94382000
0.64814000 0.38507000 0.75281000
0.91170000 0.32989000 0.60749000
0.71576000 0.49384000 0.75532000
0.79150000 0.27805000 0.89756000
0.82838000 0.32382000 0.92761000
0.53733000 0.29061000 0.94979000
0.57776000 0.29791000 0.61014000
0.78786000 0.36937000 0.59767000
0.81339000 0.32386000 0.73155000
0.79186000 0.49302000 0.75370000
0.55270000 0.49922000 0.65462000
0.68705000 0.33288000 0.96073000
0.51456000 0.37910000 0.91330000
0.62682000 0.27605000 0.78791000
0.60657000 0.37880000 0.52135000
0.72734000 0.29115000 0.83162000
0.63520000 0.43229000 0.86234000
0.93334000 0.37805000 0.85682000
0.95335000 0.40390000 0.75819000
0.98181000 0.49054000 0.98646000
0.56656000 0.30298000 0.74670000
0.74233000 0.39939000 0.81383000
0.87680000 0.37810000 0.75575000
0.79853000 0.49131000 0.65183000
0.53341000 0.33828000 0.52299000
0.93731000 0.42172000 0.96320000
0.71812000 0.34446000 0.88920000
0.99407000 0.45872000 0.58056000
0.89536000 0.49716000 0.54516000
0.90211000 0.49361000 0.78149000
0.99835000 0.48555000 0.65002000
0.87951000 0.34410000 0.99502000
0.90994000 0.38402000 0.50474000
0.65523000 0.51421000 0.14458000
0.92939000 0.73567000 0.16357000
0.52614000 0.58766000 0.40459000
0.84868000 0.61483000 0.25592000
0.61777000 0.51182000 0.01386000
0.72767000 0.63449000 0.14780000
0.99692000 0.56090000 0.23050000
0.61020000 0.62895000 0.23575000
0.67020000 0.60585000 0.39441000
0.84610000 0.67514000 0.14461000
0.61973000 0.64636000 0.42992000
0.83193000 0.51982000 0.25665000
0.90642000 0.67150000 0.10406000
0.91304000 0.69273000 0.33645000
0.86706000 0.52775000 0.32786000
0.98469000 0.74310000 0.42351000
0.56530000 0.73499000 0.46724000
0.91208000 0.73645000 0.49181000
0.77754000 0.68729000 0.16581000
0.79794000 0.62359000 0.19725000
0.69487000 0.52990000 0.37591000
0.54512000 0.69041000 0.10645000
0.76953000 0.55036000 0.27420000
0.64912000 0.73127000 0.15063000
0.83119000 0.54380000 0.03716000
0.67923000 0.50976000 0.46344000
0.84855000 0.65968000 0.35571000
0.95160000 0.61223000 0.21978000
0.89535000 0.50902000 0.42201000
0.92858000 0.53770000 0.27306000
0.96877000 0.54772000 0.38560000
0.63853000 0.66610000 0.31575000
0.92415000 0.62905000 0.29942000
0.71740000 0.69319000 0.05841000
0.77784000 0.60072000 0.03224000
0.53331000 0.54721000 0.34075000
0.58534000 0.62068000 0.31154000
0.91731000 0.52279000 0.18915000
0.75720000 0.58228000 0.10850000
0.68873000 0.55924000 0.10417000
0.86183000 0.57122000 0.43811000
0.96134000 0.55373000 0.03788000
0.60656000 0.65980000 0.08737000
0.79887000 0.70481000 0.39393000
0.73279000 0.55986000 0.43067000
0.57204000 0.70445000 0.34267000
0.70779000 0.60138000 0.32632000
0.68092000 0.58503000 0.48828000
0.71139000 0.59328000 0.23467000
0.81700000 0.63193000 0.44711000
0.52244000 0.74854000 0.24861000
0.70489000 0.70933000 0.40226000
0.52705000 0.59496000 0.12903000
0.63905000 0.60658000 0.06542000
0.57490000 0.51569000 0.11262000
0.98240000 0.74074000 0.05494000
0.56348000 0.53825000 0.24884000
0.55706000 0.66523000 0.47075000
0.52043000 0.55893000 0.05216000
0.85856000 0.54501000 0.14315000
0.67457000 0.68568000 0.22051000
0.72045000 0.73339000 0.15032000
0.52051000 0.74773000 0.06729000
0.78941000 0.54156000 0.16236000
0.50474000 0.58092000 0.24099000
0.62811000 0.73100000 0.25109000
0.71285000 0.74095000 0.25940000
0.91996000 0.50328000 0.04161000
0.66053000 0.53829000 0.25162000
0.62818000 0.70968000 0.02686000
0.94837000 0.67758000 0.23513000
0.74446000 0.67230000 0.44842000
0.85873000 0.72540000 0.32650000
0.50142000 0.66461000 0.26445000
0.58926000 0.55936000 0.05341000
0.60602000 0.55851000 0.32778000
0.73905000 0.66009000 0.26246000
0.87341000 0.61525000 0.15581000
0.92005000 0.57968000 0.10741000
0.78702000 0.70815000 0.31393000
0.63840000 0.72095000 0.43406000
0.54566000 0.69797000 0.18968000
0.94825000 0.64915000 0.01772000
0.77065000 0.59469000 0.36139000
0.59274000 0.56497000 0.41616000
0.93347000 0.67581000 0.41738000
0.70520000 0.65829000 0.35290000
0.86072000 0.68751000 0.25048000
0.67538000 0.72941000 0.33049000
0.78758000 0.64960000 0.08592000
0.83327000 0.60387000 0.08300000
0.68384000 0.53697000 0.01036000
0.56190000 0.67237000 0.01600000
0.95988000 0.63470000 0.46852000
0.98638000 0.74410000 0.29054000
0.97832000 0.56078000 0.13556000
0.84217000 0.69674000 0.06930000
0.75208000 0.58636000 0.49897000
0.87932000 0.58980000 0.35483000
0.86205000 0.64849000 0.02074000
0.54212000 0.59169000 0.49273000
0.94880000 0.54507000 0.49008000
0.66224000 0.57334000 0.57938000
0.97934000 0.74230000 0.52948000
0.59469000 0.56958000 0.66467000
0.50661000 0.61022000 0.58018000
0.80854000 0.59762000 0.72365000
0.67940000 0.67178000 0.98284000
0.55245000 0.66196000 0.71546000
0.81439000 0.51337000 0.96943000
0.53247000 0.59968000 0.69275000
0.94434000 0.62091000 0.67976000
0.60924000 0.60186000 0.52348000
0.64516000 0.74688000 0.96284000
0.63959000 0.61958000 0.94134000
0.72758000 0.72887000 0.73177000
0.68666000 0.65610000 0.80337000
0.88810000 0.71084000 0.68202000
0.90666000 0.56764000 0.67645000
0.88784000 0.58235000 0.87088000
0.91479000 0.67469000 0.62823000
0.60747000 0.73959000 0.83397000
0.86633000 0.61899000 0.64096000
0.81404000 0.67259000 0.68121000
0.56221000 0.55848000 0.58260000
0.69090000 0.52111000 0.89453000
0.52435000 0.51621000 0.83445000
0.65092000 0.54296000 0.77094000
0.62731000 0.68550000 0.64350000
0.62517000 0.56729000 0.98372000
0.81633000 0.73698000 0.52624000
0.99405000 0.73830000 0.62699000
0.80161000 0.59367000 0.63823000
0.74075000 0.59009000 0.68938000
0.72497000 0.56468000 0.95040000
0.92755000 0.67380000 0.87479000
0.54787000 0.59317000 0.99935000
0.55419000 0.64634000 0.87628000
0.79175000 0.65712000 0.96998000
0.72918000 0.71104000 0.82058000
0.65324000 0.51786000 0.69329000
0.67738000 0.70547000 0.53701000
0.85430000 0.66901000 0.92177000
0.84767000 0.53685000 0.74477000
0.78963000 0.62151000 0.80426000
0.99155000 0.53512000 0.71467000
0.76125000 0.67542000 0.62447000
0.71955000 0.65644000 0.70210000
0.52631000 0.61523000 0.77896000
0.71888000 0.62467000 0.60682000
0.92486000 0.59940000 0.54179000
0.98463000 0.55855000 0.95467000
0.85546000 0.50418000 0.84596000
0.52316000 0.71824000 0.72605000
0.79507000 0.55083000 0.80242000
0.59455000 0.53104000 0.84034000
0.71941000 0.58455000 0.82820000
0.84351000 0.69516000 0.60109000
0.51207000 0.66988000 0.64326000
0.65555000 0.65296000 0.50089000
0.77634000 0.66274000 0.89114000
0.86907000 0.67180000 0.73636000
0.58316000 0.63114000 0.63710000
0.60641000 0.66509000 0.83117000
0.82398000 0.74694000 0.68527000
0.88137000 0.60624000 0.73900000
0.78213000 0.65065000 0.51889000
0.85611000 0.54839000 0.58032000
0.68873000 0.64005000 0.88503000
0.94663000 0.57422000 0.77695000
0.79698000 0.69386000 0.79347000
0.88033000 0.68504000 0.53409000
0.83860000 0.63309000 0.56781000
0.81865000 0.57601000 0.91702000
0.61735000 0.68401000 0.94783000
0.82146000 0.72701000 0.99388000
0.53516000 0.72004000 0.81516000
0.71026000 0.74580000 0.88971000
0.94778000 0.57338000 0.60999000
0.92501000 0.61734000 0.94298000
0.53712000 0.70946000 0.58949000
0.85839000 0.64842000 0.82475000
0.76972000 0.73641000 0.94058000
0.65894000 0.59705000 0.70939000
0.97328000 0.63730000 0.82216000
0.50557000 0.70183000 0.94716000
0.78079000 0.53437000 0.58308000
0.59225000 0.58024000 0.76774000
0.98972000 0.62904000 0.90187000
0.97116000 0.71479000 0.74028000
0.60771000 0.67497000 0.55170000
0.74567000 0.50188000 0.84293000
0.82803000 0.72779000 0.89809000
0.53901000 0.59203000 0.91916000
0.91537000 0.67729000 0.80316000
0.90761000 0.54821000 0.97881000
0.62726000 0.54960000 0.90751000
0.92621000 0.69923000 0.97588000
0.64175000 0.73255000 0.70633000
0.71837000 0.50320000 0.66439000
0.81096000 0.54911000 0.50050000
0.74677000 0.73025000 0.50334000
0.91103000 0.91581000 0.44245000
0.90479000 0.81121000 0.47436000
0.85021000 0.82084000 0.07167000
0.92901000 0.87384000 0.36549000
0.85549000 0.97122000 0.11630000
0.73428000 0.81953000 0.27737000
0.83175000 0.97501000 0.00968000
0.70942000 0.88532000 0.45911000
0.51237000 0.96991000 0.47324000
0.74931000 0.96115000 0.14257000
0.78949000 0.77966000 0.31267000
0.77444000 0.91750000 0.27917000
0.67002000 0.88951000 0.33955000
0.54491000 0.91615000 0.02776000
0.92323000 0.78732000 0.01117000
0.97803000 0.81616000 0.28600000
0.95102000 0.82354000 0.09808000
0.91648000 0.97975000 0.46352000
0.70205000 0.77882000 0.40442000
0.50453000 0.99874000 0.10234000
0.50170000 0.76543000 0.45477000
0.87364000 0.75570000 0.22818000
0.53040000 0.97302000 0.37649000
0.76904000 0.87783000 0.39765000
0.60793000 0.78679000 0.29339000
0.55414000 0.84180000 0.09578000
0.75332000 0.89137000 0.14463000
0.89560000 0.78657000 0.30520000
0.63130000 0.85068000 0.11953000
0.52847000 0.86449000 0.33893000
0.61785000 0.86453000 0.36666000
0.83699000 0.75778000 0.11670000
0.83580000 0.92059000 0.43574000
0.77693000 0.78418000 0.39144000
0.67719000 0.94678000 0.43553000
0.61306000 0.97865000 0.24067000
0.69878000 0.93134000 0.21539000
0.98968000 0.84689000 0.03366000
0.69701000 0.84330000 0.14638000
0.55825000 0.94598000 0.12526000
0.94673000 0.91539000 0.20237000
0.57242000 0.75273000 0.12138000
0.73470000 0.83094000 0.35883000
0.67514000 0.75547000 0.08173000
0.57865000 0.76028000 0.00582000
0.57097000 0.93361000 0.43540000
0.50353000 0.91677000 0.28143000
0.75624000 0.94208000 0.40571000
0.84247000 0.82634000 0.28998000
0.70000000 0.89275000 0.08355000
0.68386000 0.78948000 0.21812000
0.60919000 0.84065000 0.20227000
0.61361000 0.94337000 0.06169000
0.82869000 0.85145000 0.42461000
0.51040000 0.87448000 0.22907000
0.80337000 0.97518000 0.33952000
0.66484000 0.95964000 0.30031000
0.87927000 0.83227000 0.20577000
0.61716000 0.90450000 0.48315000
0.80173000 0.87254000 0.10013000
0.66601000 0.80262000 0.02117000
0.80195000 0.80598000 0.16077000
0.61384000 0.90555000 0.27690000
0.88565000 0.76566000 0.38228000
0.59287000 0.77064000 0.37357000
0.72984000 0.94833000 0.49166000
0.97837000 0.83409000 0.37607000
0.57383000 0.91559000 0.35881000
0.96033000 0.91016000 0.04675000
0.87342000 0.93756000 0.25543000
0.76008000 0.81564000 0.04779000
0.81186000 0.97136000 0.24653000
0.72401000 0.86791000 0.00941000
0.79456000 0.93521000 0.07766000
0.78169000 0.82513000 0.48840000
0.55668000 0.82735000 0.42589000
0.91261000 0.94458000 0.36584000
0.57346000 0.99657000 0.29949000
0.90503000 0.88167000 0.10270000
0.91434000 0.88332000 0.26771000
0.61413000 0.79596000 0.07288000
0.68061000 0.85984000 0.25032000
0.79919000 0.88861000 0.20461000
0.89851000 0.94466000 0.03682000
0.59261000 0.83609000 0.49237000
0.86071000 0.99638000 0.29127000
0.58189000 0.90469000 0.20258000
0.51469000 0.95644000 0.19717000
0.95846000 0.79884000 0.17366000
0.63210000 0.80889000 0.42653000
0.52416000 0.81386000 0.00343000
0.81964000 0.88806000 0.32129000
0.98815000 0.96351000 0.11018000
0.65659000 0.94200000 0.14328000
0.78574000 0.75548000 0.22847000
0.52400000 0.88162000 0.44858000
0.98487000 0.89510000 0.48999000
0.94998000 0.97440000 0.28423000
0.93110000 0.98591000 0.20106000
0.60979000 0.97558000 0.37600000
0.57294000 0.99813000 0.44138000
0.77871000 0.75337000 0.06320000
0.71533000 0.75737000 0.01179000
0.94332000 0.97516000 0.61282000
0.82045000 0.86118000 0.63581000
0.59615000 0.76087000 0.53468000
0.65225000 0.87473000 0.92075000
0.67979000 0.97424000 0.88513000
0.81400000 0.80291000 0.58223000
0.89890000 0.82709000 0.83713000
0.50970000 0.82818000 0.86346000
0.74045000 0.86553000 0.55055000
0.68345000 0.78521000 0.77375000
0.66487000 0.91131000 0.57444000
0.66629000 0.85692000 0.51770000
0.61748000 0.97026000 0.93460000
0.97163000 0.75862000 0.97007000
0.93560000 0.97759000 0.69868000
0.58940000 0.84151000 0.78255000
0.80246000 0.80308000 0.89690000
0.98979000 0.88998000 0.59854000
0.80740000 0.87540000 0.53200000
0.83614000 0.89601000 0.85742000
0.66358000 0.96913000 0.51175000
0.77273000 0.80440000 0.97136000
0.98254000 0.76586000 0.83901000
0.78782000 0.88572000 0.91806000
0.86184000 0.93836000 0.75486000
0.83809000 0.83870000 0.79512000
0.97441000 0.96485000 0.51519000
0.91669000 0.91519000 0.66372000
0.66446000 0.92762000 0.78485000
0.96667000 0.86221000 0.90944000
0.89866000 0.93220000 0.57523000
0.52206000 0.99714000 0.60722000
0.90327000 0.85650000 0.70351000
0.72604000 0.84943000 0.93629000
0.75440000 0.94223000 0.94102000
0.81749000 0.83832000 0.72441000
0.74426000 0.93407000 0.58397000
0.76805000 0.90832000 0.82182000
0.97446000 0.84345000 0.83149000
0.58252000 0.75648000 0.62972000
0.75101000 0.78832000 0.77645000
0.87836000 0.86903000 0.53041000
0.79911000 0.77055000 0.81998000
0.92749000 0.92859000 0.91762000
0.66826000 0.97306000 0.72693000
0.73429000 0.83092000 0.84922000
0.90828000 0.84697000 0.96964000
0.52393000 0.75909000 0.89285000
0.60816000 0.81670000 0.95195000
0.92529000 0.76232000 0.71127000
0.92369000 0.90701000 0.82569000
0.56075000 0.87664000 0.91371000
0.61418000 0.80777000 0.86676000
0.57693000 0.94770000 0.81626000
0.56813000 0.87488000 0.66044000
0.64374000 0.84688000 0.60214000
0.57193000 0.95088000 0.73287000
0.80063000 0.98828000 0.58408000
0.93924000 0.83883000 0.54429000
0.90535000 0.76469000 0.79822000
0.52003000 0.91029000 0.53898000
0.82035000 0.96301000 0.69041000
0.67932000 0.84491000 0.67807000
0.84234000 0.87950000 0.98179000
0.73665000 0.78867000 0.65732000
0.73378000 0.86415000 0.64399000
0.76073000 0.76362000 0.57423000
0.89028000 0.79130000 0.59373000
0.50815000 0.93251000 0.65139000
0.88910000 0.98845000 0.89793000
0.50927000 0.88247000 0.74561000
0.59029000 0.88013000 0.56530000
0.55164000 0.94858000 0.91176000
0.72749000 0.95702000 0.66793000
0.74795000 0.88958000 0.72488000
0.87368000 0.99357000 0.80793000
0.95802000 0.78424000 0.59060000
0.83698000 0.93284000 0.92631000
0.64300000 0.96420000 0.65306000
0.82016000 0.95981000 0.82509000
0.54260000 0.82716000 0.70679000
0.61882000 0.90302000 0.70620000
0.89738000 0.85389000 0.62033000
0.68026000 0.96749000 0.97526000
0.59058000 0.94838000 0.53346000
0.96661000 0.95485000 0.97990000
0.88123000 0.76673000 0.88768000
0.60060000 0.88139000 0.99508000
0.60408000 0.78362000 0.74450000
0.54022000 0.81459000 0.60611000
0.71545000 0.80096000 0.51318000
0.97215000 0.92813000 0.77359000
0.78163000 0.90896000 0.64710000
0.52384000 0.97138000 0.98806000
0.99928000 0.94782000 0.90264000
0.65289000 0.76620000 0.60144000
0.82256000 0.95332000 0.50640000
0.99247000 0.84330000 0.67542000
0.88474000 0.99924000 0.58569000
