1 10
1 14
1 72
1 94
1 344
1 1254
2 11
2 12
2 20
2 21
2 23
2 26
2 28
2 50
3 7
3 9
3 10
3 25
3 27
3 30
3 445
4 8
4 10
4 12
4 23
4 24
4 345
5 11
5 14
5 18
5 19
5 20
5 22
5 23
6 24
6 31
6 322
6 345
6 348
6 418
7 25
7 30
7 417
7 434
7 444
8 344
8 1251
8 1557
9 10
9 32
9 72
9 75
9 82
9 101
9 445
10 14
10 23
10 32
11 19
11 21
11 23
12 16
12 20
12 23
12 24
12 39
13 14
13 70
13 75
13 94
13 1260
13 1262
14 22
14 1232
14 1262
15 19
15 22
15 110
15 118
15 130
15 1250
16 44
16 49
16 353
17 18
17 25
17 27
17 70
17 86
17 93
17 97
17 107
17 113
17 192
18 19
18 86
18 113
19 21
19 26
19 110
19 113
19 118
20 23
20 29
20 1251
21 28
21 106
21 112
21 120
22 1231
22 1250
22 1262
24 31
24 345
25 27
25 107
25 444
26 29
26 50
26 118
26 121
26 1250
26 1256
27 75
27 93
27 507
28 48
28 112
28 455
29 44
29 50
29 1255
29 1281
30 348
30 445
31 356
31 418
31 460
32 327
32 348
32 745
33 35
33 36
33 41
33 48
33 53
34 36
34 38
34 66
34 67
35 41
35 45
35 46
35 47
35 64
35 145
36 40
36 53
36 63
36 355
37 53
37 352
37 355
37 483
37 775
38 45
38 57
38 66
38 479
39 49
40 43
40 49
40 56
40 59
40 65
40 351
41 46
41 48
41 64
41 146
42 46
42 56
42 60
42 1279
42 1281
42 1282
43 47
43 51
43 52
43 54
43 56
43 59
43 1282
44 56
44 1255
44 1281
44 1285
45 57
45 61
45 84
46 60
46 64
46 145
47 52
47 54
47 58
47 77
47 100
48 55
48 472
49 56
49 63
49 351
49 353
50 60
50 121
50 146
50 1256
50 1281
51 52
51 54
51 59
51 83
51 100
51 1319
52 59
52 77
52 89
52 100
53 462
54 62
54 100
54 1264
54 1282
54 1295
55 427
55 458
55 460
56 1285
57 61
57 470
57 478
57 479
58 62
58 84
58 91
58 100
58 172
59 65
59 371
59 1280
59 1576
60 150
60 152
60 1279
60 1281
61 470
61 479
61 488
61 571
62 80
62 100
62 167
62 1274
62 1295
62 1319
63 351
63 352
63 355
64 143
64 145
64 146
64 164
65 351
65 369
65 1276
65 1293
66 69
66 73
66 485
66 512
66 516
67 89
67 355
67 372
68 71
68 85
68 93
68 202
69 73
69 77
69 79
69 89
70 75
70 81
70 86
70 87
70 93
71 73
71 84
71 91
71 202
71 210
72 88
72 94
72 325
72 399
72 410
73 85
73 488
73 512
74 75
74 82
74 85
74 88
74 90
74 101
74 493
75 88
75 94
76 78
76 80
76 81
76 91
76 182
76 190
76 195
76 202
77 84
77 89
77 100
78 80
78 91
78 100
78 1299
79 85
79 90
79 99
79 505
79 512
79 516
80 91
80 167
80 195
80 1300
80 1400
81 93
81 97
81 182
81 186
81 190
81 192
81 202
82 88
82 90
82 101
82 346
82 397
82 829
83 89
83 95
83 100
83 391
84 91
84 172
85 493
85 505
85 512
86 104
86 190
86 192
86 1260
87 88
87 95
87 96
88 94
88 95
89 391
89 398
90 99
90 400
90 505
91 172
91 195
92 95
92 96
92 98
92 413
92 1299
92 1301
92 1310
92 1325
93 97
94 96
94 98
95 96
95 413
96 1308
96 1310
97 107
97 119
97 186
97 192
97 422
97 507
97 616
98 410
98 1254
98 1325
98 1328
98 1612
99 398
99 505
99 516
99 810
99 832
100 1319
101 445
101 493
102 116
102 117
102 120
102 129
102 159
102 171
102 175
103 108
103 109
103 115
103 123
103 124
103 192
104 108
104 1334
104 1406
105 109
105 115
105 116
105 122
105 139
105 523
105 524
105 540
106 434
106 539
106 548
107 113
107 119
107 192
108 110
108 113
108 130
109 114
109 115
109 117
109 123
109 132
110 113
110 117
110 118
110 125
110 130
111 114
111 122
111 129
111 134
111 137
111 243
112 120
112 159
112 455
112 548
113 192
114 127
114 129
114 132
114 133
114 236
114 243
115 116
115 117
115 119
115 139
115 539
115 552
116 117
116 523
116 539
116 540
117 125
117 129
118 121
118 125
118 130
119 178
119 192
119 194
119 552
120 121
120 146
120 159
120 175
121 125
121 152
121 175
121 1256
122 132
122 231
122 233
122 243
122 524
122 652
123 124
123 132
123 136
123 199
123 224
123 225
124 126
124 176
125 129
125 131
125 135
126 127
126 131
126 1329
127 132
127 213
127 225
127 226
127 238
127 1445
128 133
128 135
128 137
128 173
128 174
128 175
129 137
129 175
130 131
130 1342
130 1347
131 133
131 1329
131 1345
131 1354
132 225
132 231
132 243
133 236
133 1351
133 1445
134 157
134 171
134 536
134 540
134 652
135 1345
135 1351
135 1372
136 139
136 200
136 224
136 623
136 626
137 161
137 275
138 181
138 238
138 312
138 1333
138 1420
138 1449
138 1514
139 523
139 534
139 552
140 163
140 168
140 204
140 208
140 1367
140 1422
141 153
141 157
141 166
141 169
141 170
141 171
141 580
142 143
142 145
142 149
142 154
142 155
142 172
143 153
143 154
143 164
143 470
143 566
144 147
144 155
144 162
144 163
144 165
144 173
144 1365
144 1381
144 1387
145 150
145 158
145 160
146 159
146 164
147 156
147 162
147 163
147 251
147 271
147 1381
147 1387
147 1468
148 201
148 203
148 208
148 263
148 305
148 579
149 154
149 155
149 183
150 152
150 158
150 160
150 1279
150 1374
151 156
151 165
151 169
151 252
151 263
152 160
153 164
153 165
153 166
154 166
154 177
154 566
154 582
155 160
155 165
156 163
156 263
156 271
157 170
157 171
157 259
157 536
157 580
157 669
158 167
158 168
158 1295
158 1367
158 1374
159 161
159 164
159 171
159 175
160 164
161 162
161 165
161 170
161 171
161 175
162 165
162 248
163 271
163 1381
166 169
166 566
166 579
167 168
167 1274
167 1295
167 1367
167 1388
167 1400
168 172
168 204
168 1367
169 252
169 579
169 580
170 248
170 252
170 259
172 177
172 183
172 204
173 174
173 1365
173 1372
173 1384
174 254
174 1351
174 1384
174 1448
174 1478
176 181
176 193
176 197
176 200
176 1420
177 183
177 187
177 210
178 186
178 194
178 552
178 603
178 616
178 623
179 191
179 193
179 205
179 1392
179 1408
180 189
180 205
180 209
180 1392
180 1422
180 1423
180 1513
181 197
181 199
181 205
181 292
181 297
181 312
181 1420
181 1514
182 190
182 191
182 195
182 202
183 185
183 201
183 204
184 185
184 188
184 196
184 203
184 293
184 305
185 187
185 188
185 201
185 203
185 206
186 194
186 202
186 206
186 207
186 603
186 616
187 201
187 206
187 207
187 210
187 618
187 620
188 196
188 200
188 206
188 596
188 603
188 613
189 197
189 205
189 209
189 293
189 1513
190 198
190 1406
191 193
191 195
191 204
192 194
193 197
193 200
193 205
194 200
195 204
196 282
196 287
196 304
196 314
196 596
196 626
196 721
197 199
197 200
197 205
197 292
198 1300
198 1308
198 1311
198 1334
198 1406
198 1409
199 224
199 225
199 281
199 292
199 304
199 312
201 203
201 618
202 207
202 210
203 305
203 307
203 596
203 608
204 208
205 1420
205 1423
205 1513
206 207
206 603
207 210
207 607
207 620
208 209
209 271
209 293
209 303
209 1422
211 223
211 227
211 229
211 237
211 246
211 265
211 648
212 220
212 232
212 242
212 281
212 291
212 310
212 313
213 216
213 226
213 236
213 239
213 244
213 1438
213 1445
214 217
214 218
214 221
214 223
214 227
214 240
214 242
214 661
215 229
215 235
215 241
215 245
215 265
215 272
215 276
215 335
215 384
216 222
216 226
216 238
216 244
216 1432
216 1445
216 1449
217 228
217 242
217 318
217 333
217 338
217 339
218 227
218 233
218 242
218 634
218 640
218 644
218 661
219 220
219 226
219 227
219 233
219 237
219 240
219 243
220 225
220 226
220 230
220 231
220 242
220 281
221 223
221 333
221 349
221 630
221 661
221 757
221 762
222 232
222 234
222 311
222 313
222 1446
222 1493
223 227
223 241
223 277
223 349
223 648
224 230
224 231
224 304
224 534
224 626
225 226
225 238
225 281
225 312
226 240
227 229
227 233
227 237
227 648
228 234
228 235
228 240
228 339
228 341
228 342
228 343
229 235
229 237
229 239
229 240
229 241
230 231
230 282
230 310
230 634
230 732
231 233
231 524
231 634
232 234
232 240
232 300
232 313
233 237
233 243
233 639
233 652
234 235
234 240
234 244
234 341
235 239
235 240
235 241
235 244
235 247
236 239
236 243
236 254
236 275
237 243
237 246
237 642
238 312
238 1329
238 1445
238 1449
241 335
241 342
241 384
242 310
242 661
244 1432
244 1438
245 247
245 276
245 335
245 379
245 1429
245 1479
245 1541
246 259
246 279
246 642
247 335
247 1429
247 1436
247 1533
247 1541
248 251
248 256
248 275
249 261
249 266
249 268
249 279
249 664
249 672
249 693
250 253
250 257
250 265
250 276
250 358
250 365
251 256
251 267
251 268
251 270
252 268
252 279
252 693
253 257
253 260
253 269
253 270
253 272
253 276
253 1479
254 256
254 275
254 278
254 1448
255 258
255 263
255 268
255 670
255 693
256 270
256 272
256 275
256 278
257 260
257 264
257 269
257 274
258 263
258 267
258 268
258 274
258 308
259 279
259 642
259 652
259 669
260 265
260 272
261 265
261 266
261 380
261 662
262 264
262 280
262 298
262 1458
262 1469
263 267
263 268
263 303
263 305
264 274
264 286
264 363
264 383
265 384
266 274
266 378
266 380
267 268
267 280
267 303
268 274
268 693
269 1469
269 1476
270 1456
270 1468
271 280
271 303
272 278
273 274
273 317
273 373
273 699
273 700
276 335
276 358
276 379
276 1476
276 1479
277 349
277 350
277 380
277 384
277 662
277 789
278 1448
278 1479
279 669
279 693
280 1462
280 1469
281 292
281 312
281 313
282 287
282 288
282 304
282 310
282 314
282 721
282 732
283 285
283 297
283 299
283 301
283 302
283 306
284 287
284 288
284 290
284 302
284 307
284 308
284 309
285 293
285 296
285 297
285 302
286 298
286 308
286 309
286 317
286 363
286 407
287 288
287 299
287 304
287 307
287 314
288 299
288 314
288 705
289 295
289 298
289 306
289 309
289 316
290 309
290 315
290 317
290 390
290 699
290 705
291 294
291 295
291 299
291 300
291 306
291 313
292 297
292 304
292 312
293 303
293 305
294 295
294 306
294 309
294 389
295 300
295 306
295 389
296 298
296 1489
296 1502
296 1509
297 301
297 312
297 1500
297 1513
297 1514
298 316
298 1502
299 302
300 311
300 339
300 341
300 396
300 405
301 313
301 1449
301 1500
301 1505
301 1514
302 306
302 308
302 309
303 305
304 626
305 307
307 730
307 731
309 317
309 390
310 703
311 341
311 1493
311 1518
311 1597
312 1449
312 1514
314 705
314 713
314 721
314 725
315 390
315 402
315 701
315 722
315 805
315 825
316 407
316 1589
317 363
317 388
317 406
317 699
318 338
318 402
318 405
318 764
319 324
319 326
319 333
319 349
319 350
319 754
319 757
319 759
320 328
320 330
320 331
320 340
320 1557
321 331
321 336
321 340
321 353
321 379
321 385
321 1564
322 326
322 327
322 336
322 356
322 748
323 325
323 327
323 329
323 332
323 337
324 328
324 333
324 342
324 349
324 350
324 384
324 385
325 329
325 347
325 395
325 397
325 399
326 735
326 747
326 748
327 329
327 345
327 348
328 340
328 342
328 385
329 330
329 337
329 344
329 347
330 343
330 1528
330 1530
330 1531
330 1557
331 353
331 1538
331 1550
331 1564
332 346
332 412
332 414
332 734
332 807
333 338
333 342
333 757
333 762
334 339
334 341
334 347
334 396
334 415
334 1597
335 340
335 379
336 345
336 353
336 356
336 385
337 338
337 339
337 343
338 339
338 405
338 414
338 762
339 341
339 343
339 396
339 405
340 379
340 1527
340 1553
341 343
341 1535
343 1535
344 1525
344 1557
346 412
346 445
346 739
346 745
346 829
347 395
347 399
347 410
347 415
348 745
348 748
349 350
349 754
349 757
350 364
350 366
350 384
350 767
350 789
351 360
351 369
352 354
352 355
352 359
352 370
354 364
354 368
354 370
355 360
355 370
355 372
356 767
357 365
357 375
357 383
357 411
357 1561
358 364
358 365
358 368
358 379
358 384
358 385
359 366
359 370
359 376
359 775
359 785
360 369
360 371
361 369
361 375
361 382
361 1572
362 371
362 411
362 1576
363 367
363 383
363 407
364 366
364 368
364 385
365 368
365 378
365 383
366 380
366 381
366 767
366 778
366 789
367 373
367 374
367 378
367 388
368 370
368 378
369 375
369 1562
369 1572
369 1577
370 374
370 376
371 391
371 1576
372 377
372 775
372 793
373 376
373 377
373 381
373 388
373 699
373 771
373 828
374 376
374 377
374 394
375 382
375 1561
375 1562
376 377
376 381
376 785
377 766
377 818
377 828
378 380
378 381
379 382
379 1527
380 381
380 778
381 687
381 778
382 1569
382 1572
383 407
386 387
386 388
386 390
386 802
386 805
386 828
386 831
387 390
387 393
387 401
387 408
387 831
388 406
388 699
388 828
389 390
389 396
389 402
389 405
389 408
390 402
390 805
390 831
391 398
391 416
392 399
392 403
392 413
392 415
392 1325
392 1601
392 1612
393 397
393 400
393 401
393 801
393 832
394 409
394 411
395 396
395 397
395 399
395 401
395 408
395 415
396 405
397 399
397 400
397 401
398 516
399 410
400 409
400 413
401 412
401 801
401 831
402 405
402 414
402 805
402 807
402 825
402 831
403 408
403 409
403 413
403 1604
404 408
404 415
404 1597
404 1600
405 414
406 407
406 411
407 411
408 409
409 413
410 1254
410 1525
410 1612
412 734
412 827
412 829
414 807
415 1529
415 1597
416 1306
416 1576
416 1604
417 420
417 423
417 431
417 437
417 441
417 446
418 427
418 449
418 452
418 460
419 424
419 431
419 433
419 436
419 442
419 454
419 842
420 441
420 444
420 450
420 507
420 517
421 435
421 439
421 447
421 453
421 490
421 773
421 1128
422 444
422 506
422 507
422 529
422 616
423 426
423 427
423 430
423 434
423 437
423 440
423 455
424 435
424 436
424 439
424 760
424 862
424 863
425 426
425 430
425 461
425 590
425 834
426 428
426 430
426 433
426 437
426 448
426 461
427 437
427 438
427 440
427 449
427 455
428 431
428 433
428 443
428 526
428 852
429 441
429 445
429 452
429 739
429 745
429 750
430 440
431 433
431 437
431 441
431 443
431 446
432 434
432 443
432 444
432 529
432 535
432 543
433 439
433 453
433 835
433 850
434 455
434 548
435 439
435 446
435 738
435 750
435 760
435 1128
435 1151
436 441
436 517
436 519
436 743
436 750
436 760
436 824
437 438
437 446
437 448
438 440
438 448
438 449
438 458
438 473
438 484
439 453
439 840
439 1128
440 455
440 467
440 484
441 446
441 517
442 451
442 454
442 500
442 842
442 855
442 924
443 451
443 543
444 507
444 529
445 745
446 452
447 449
447 738
447 756
447 773
447 796
448 449
448 453
448 461
448 473
448 484
449 458
449 460
449 473
449 796
450 454
450 496
450 500
451 542
451 543
451 551
451 842
451 852
451 959
452 738
453 461
453 490
453 835
453 840
453 872
453 888
454 496
454 518
455 548
456 463
456 466
456 480
456 481
456 487
456 489
456 508
456 799
457 470
457 471
457 478
457 571
457 577
457 583
458 459
458 460
458 472
458 473
459 462
459 473
459 478
459 480
459 483
459 484
460 796
461 477
461 484
462 474
462 478
462 479
462 483
463 469
463 486
463 489
463 492
463 515
463 927
464 468
464 490
464 782
464 795
464 1161
464 1187
465 467
465 470
465 472
465 573
465 577
466 474
466 479
466 480
466 485
466 515
467 472
467 484
467 577
468 473
468 476
468 482
468 490
469 471
469 476
469 480
469 486
469 883
470 478
470 566
470 571
470 577
471 477
471 576
471 577
472 478
473 482
474 483
474 485
474 793
475 488
475 502
475 515
475 571
475 583
475 602
476 480
476 481
476 871
476 874
476 883
477 484
477 590
477 871
477 873
478 479
479 485
479 488
480 481
481 482
481 489
481 782
481 799
482 483
482 782
482 783
482 799
483 783
484 590
485 512
485 513
485 516
485 793
486 492
486 589
486 883
486 895
487 489
487 508
487 520
487 769
487 798
487 799
487 823
487 1194
488 502
489 874
489 879
489 884
489 927
490 773
490 795
490 844
490 872
491 504
491 510
491 902
492 499
492 515
492 599
492 625
492 921
493 503
493 505
494 497
494 499
494 511
494 624
494 920
494 921
495 498
495 510
495 513
495 806
495 808
495 810
496 497
496 501
496 503
496 510
497 500
497 920
497 924
497 929
498 501
498 505
498 510
498 512
498 513
499 509
499 511
499 592
499 599
499 619
500 506
500 543
500 595
500 627
501 503
501 509
501 510
501 511
502 511
502 512
502 515
503 506
503 507
504 508
504 520
504 902
504 917
504 921
504 927
505 829
506 509
506 595
506 607
506 616
508 513
509 511
509 592
509 607
509 619
510 814
511 515
512 513
512 516
513 516
513 798
513 810
514 518
514 519
514 814
514 1216
516 793
516 810
517 824
518 519
518 929
519 743
519 760
519 862
519 916
519 1136
519 1216
520 809
520 917
520 1194
520 1200
521 525
521 527
521 528
521 535
521 538
521 544
522 530
522 533
522 537
522 547
522 561
522 650
522 654
522 658
522 941
522 964
522 1095
523 524
523 525
523 532
523 540
523 544
523 545
524 534
524 544
524 545
524 632
525 532
525 535
525 538
525 539
526 528
526 535
526 538
526 541
526 542
527 548
528 530
528 535
528 538
528 541
528 558
529 539
529 552
530 531
530 533
530 538
530 547
530 557
530 934
530 964
531 532
531 538
531 542
531 551
531 554
531 555
531 557
532 538
532 545
532 550
532 553
532 554
533 537
533 544
533 561
534 546
534 626
535 538
536 540
536 544
536 657
537 561
537 934
537 941
537 978
539 552
540 544
541 542
541 558
541 934
541 947
542 551
542 557
542 950
543 554
544 545
544 632
545 632
545 660
546 553
546 598
546 612
547 549
547 557
547 650
547 660
547 964
547 967
549 553
549 556
549 660
550 552
550 553
550 554
550 600
551 555
551 627
551 936
551 959
551 1007
553 554
553 598
553 600
553 604
554 555
554 595
555 604
555 622
555 940
555 1007
556 598
556 622
556 719
557 933
557 934
557 950
557 964
558 560
558 575
558 576
558 590
558 947
559 562
559 565
559 567
559 576
559 586
559 971
560 562
560 568
560 575
560 585
561 568
561 572
561 657
561 658
561 671
562 568
562 569
562 575
562 576
562 585
563 569
563 570
563 579
563 582
563 584
563 591
563 618
564 565
564 574
564 578
564 588
564 591
564 610
564 976
565 567
565 586
565 588
565 971
565 983
565 1027
566 569
566 573
567 570
567 583
567 587
567 588
567 589
567 971
568 572
568 581
568 585
568 586
568 978
570 582
570 583
570 588
570 591
570 599
570 602
570 621
571 582
571 583
571 602
572 580
572 581
572 585
572 671
572 679
572 686
573 577
574 578
574 581
574 586
574 665
574 679
574 1066
575 576
575 577
575 590
576 590
578 581
578 584
578 591
578 665
578 674
579 584
579 608
580 585
580 686
581 586
581 679
582 583
582 602
582 618
583 602
584 591
584 597
584 608
584 667
584 674
586 971
586 978
586 995
587 588
587 599
587 625
587 1020
587 1027
588 591
588 610
588 614
588 1027
589 873
589 883
589 892
589 895
590 834
591 594
591 597
591 610
591 615
591 621
592 602
592 607
592 619
592 620
592 621
593 598
593 601
593 604
593 609
593 612
593 718
594 597
594 601
594 609
594 614
594 615
594 621
595 600
595 606
595 616
595 619
596 613
597 608
597 613
597 615
597 618
598 604
598 611
598 622
598 719
599 602
599 621
599 625
600 601
600 603
600 604
600 616
600 623
601 604
601 605
601 613
602 618
602 621
603 613
603 620
603 623
604 605
604 617
604 622
605 606
605 619
605 621
606 619
606 624
606 627
606 1011
607 616
607 620
608 667
608 730
609 611
609 614
609 617
610 614
610 615
610 674
610 976
611 617
611 622
611 1022
611 1098
612 626
612 718
612 721
614 1027
614 1029
615 674
615 714
615 723
617 622
617 1011
617 1022
618 621
619 624
620 621
622 940
622 1014
623 626
624 625
624 1011
625 1020
625 1027
625 1029
626 721
627 924
627 959
627 1007
628 634
628 636
628 640
628 646
628 653
628 732
629 630
629 633
629 636
629 640
629 661
629 741
629 742
629 757
629 758
629 762
629 764
630 636
630 640
630 643
630 644
630 648
630 661
630 757
630 763
631 637
631 651
631 653
631 744
631 758
631 1064
632 639
632 650
632 655
632 657
632 660
633 653
633 697
633 706
633 726
633 758
633 764
634 640
634 732
635 637
635 645
635 649
635 650
635 651
635 654
635 655
636 640
636 644
636 653
637 649
637 651
637 1059
638 704
638 706
638 726
638 1064
638 1159
638 1206
639 642
639 644
639 652
639 655
640 644
640 653
640 661
640 703
641 647
641 649
641 656
641 659
641 681
641 682
641 753
642 648
642 652
642 669
642 677
643 644
643 648
643 659
643 662
643 763
644 648
645 646
645 650
645 651
645 660
645 1033
646 651
646 653
646 710
646 719
647 649
647 749
647 753
647 763
647 1036
648 662
649 656
650 654
650 660
650 967
650 1053
651 653
651 1033
652 669
653 712
653 726
654 655
654 656
654 658
654 1053
655 656
655 657
656 681
657 671
657 677
658 671
658 689
658 1095
659 681
659 789
661 762
663 666
663 673
663 676
663 683
663 687
663 774
663 779
664 668
664 670
664 672
664 676
664 683
665 674
665 685
665 695
666 673
666 676
666 688
666 692
666 694
666 774
667 670
667 674
667 680
668 675
668 680
668 684
668 686
669 677
669 686
670 680
670 693
671 677
671 679
671 689
672 673
672 675
672 687
673 687
673 688
673 777
674 714
675 677
675 681
675 684
676 683
676 685
676 692
676 696
676 715
678 679
678 684
678 689
678 694
678 1066
679 689
680 686
680 693
681 682
681 684
682 684
682 688
682 690
682 691
683 696
683 700
683 716
683 729
684 688
684 689
684 691
685 695
685 696
685 715
685 720
685 1073
685 1090
688 690
688 694
688 777
689 691
690 753
690 777
690 1070
690 1181
691 1088
692 715
692 774
692 794
692 1090
694 1072
694 1090
694 1091
695 720
695 976
695 1066
695 1073
695 1085
696 714
696 715
696 716
697 703
697 706
697 712
697 722
697 728
697 764
697 825
698 702
698 707
698 710
698 712
698 713
698 717
698 726
698 727
698 728
699 700
699 729
699 771
700 705
700 716
700 731
701 705
701 722
701 724
701 728
701 729
701 805
701 821
702 707
702 710
702 717
702 719
702 1108
702 1118
703 712
703 722
703 732
704 710
704 726
704 727
704 1118
705 709
705 716
705 725
705 731
706 726
706 728
706 752
707 712
707 713
707 717
707 718
707 719
708 711
708 724
708 727
708 811
708 820
708 1104
708 1120
709 713
709 714
709 716
709 717
709 724
709 725
710 719
710 726
710 1033
710 1118
711 715
711 717
711 720
711 1108
711 1112
711 1117
712 713
712 722
712 732
713 721
713 722
713 725
714 716
714 720
714 723
714 730
715 720
715 724
716 729
716 730
716 731
717 723
718 723
718 725
720 723
720 1112
720 1123
721 725
721 732
722 728
723 1123
724 728
724 729
724 811
725 730
727 728
727 820
727 1108
728 811
728 813
729 821
730 731
733 746
733 751
733 791
733 797
734 735
734 739
734 803
734 827
735 741
735 747
736 737
736 741
736 744
736 752
736 755
737 738
737 740
737 750
737 1151
738 740
738 750
739 745
739 750
739 812
739 824
740 751
740 761
740 1157
741 742
741 757
741 758
741 762
742 752
742 758
742 762
742 764
742 807
742 816
743 760
743 822
743 824
743 1136
743 1216
744 749
744 758
746 747
746 751
746 763
747 748
747 754
747 756
747 759
748 756
748 759
749 751
749 1127
749 1148
751 1148
751 1157
751 1193
752 755
752 758
752 816
753 1036
753 1181
754 757
754 759
754 789
755 1133
755 1227
756 759
756 761
756 796
757 762
757 763
759 767
759 789
759 797
760 862
760 1136
760 1151
761 773
761 790
761 796
761 797
762 764
764 807
764 825
765 766
765 770
765 776
765 783
765 786
765 787
765 798
765 799
766 771
766 779
766 786
766 787
766 815
766 818
766 826
766 828
767 789
767 790
767 797
768 770
768 777
768 778
768 785
768 790
769 776
769 782
769 799
769 1188
769 1194
770 772
770 776
770 779
770 783
770 787
770 792
771 779
771 815
771 828
772 780
772 781
772 782
772 783
772 792
773 780
773 795
773 796
774 779
774 784
774 787
774 794
775 783
775 785
775 786
775 793
776 787
776 792
776 804
776 1164
776 1188
777 784
777 791
778 789
779 787
780 783
780 788
780 790
781 784
781 791
781 792
781 1167
781 1186
782 783
782 799
782 1187
783 788
783 799
784 792
784 1186
786 793
786 798
786 799
786 818
786 823
786 826
787 804
787 815
788 790
788 796
789 797
790 797
791 797
791 1181
791 1193
792 1164
792 1183
793 798
794 804
794 1197
795 1131
795 1161
795 1193
798 799
798 823
800 802
800 813
800 817
800 826
801 802
801 808
801 827
801 829
801 831
801 832
802 818
802 826
802 831
802 832
803 812
803 816
803 822
803 827
804 815
804 1188
805 813
805 821
805 825
805 831
806 808
806 814
806 817
806 822
806 830
807 816
807 825
807 827
808 810
808 812
809 823
809 830
809 1188
809 1194
809 1200
809 1211
809 1226
810 818
810 832
811 813
811 820
812 814
812 824
812 829
813 816
813 821
813 825
814 822
814 824
815 821
815 826
816 825
816 827
817 819
817 822
817 826
817 830
818 826
818 828
818 832
819 820
819 822
819 1210
820 1210
820 1225
822 830
823 826
827 831
830 1200
833 837
833 845
833 848
833 857
833 860
833 866
833 906
834 835
834 939
834 970
835 850
835 853
835 888
836 840
836 851
836 856
836 1135
836 1138
836 1142
837 848
837 856
837 857
837 858
837 859
837 860
837 863
838 839
838 849
838 864
838 880
838 1261
839 841
839 849
839 853
839 856
839 859
840 844
840 849
840 856
840 872
841 853
841 859
841 861
841 953
841 954
841 961
842 850
842 852
842 855
842 863
843 846
843 848
843 851
843 854
843 860
843 866
843 1238
843 1252
843 1253
844 872
844 1154
845 866
845 1318
845 1322
845 1361
846 847
846 851
846 854
846 860
846 867
846 1135
846 1141
846 1152
847 851
847 860
847 862
847 863
847 867
848 851
848 1246
848 1257
848 1261
849 853
849 872
849 876
849 878
849 888
850 852
850 856
850 859
850 863
851 856
851 860
852 858
852 859
852 961
853 888
853 939
854 860
854 866
854 1141
854 1238
854 1253
854 1320
855 857
855 863
855 906
855 928
856 859
856 863
857 858
857 906
857 923
857 958
857 959
858 859
858 953
858 959
859 953
859 961
860 866
860 906
861 865
861 937
861 954
861 1257
862 863
862 916
862 1136
862 1142
864 868
864 880
864 1175
864 1261
864 1290
865 870
865 897
865 949
865 975
865 1294
866 1234
866 1238
866 1318
867 916
867 1140
867 1199
867 1229
868 1147
868 1152
868 1252
868 1261
869 875
869 893
869 894
869 930
869 1263
869 1287
870 890
870 897
870 900
870 975
870 989
870 1294
870 1370
870 1391
871 883
871 888
871 896
872 878
872 888
873 883
873 892
873 896
873 970
873 980
873 996
874 877
874 882
874 1180
874 1187
875 877
875 885
875 891
875 894
875 1284
876 878
876 880
876 897
876 900
877 878
877 882
877 885
877 1189
878 880
878 888
878 1189
879 884
879 886
879 917
879 1172
879 1194
880 891
880 1173
880 1268
881 887
881 907
881 911
881 988
881 997
881 999
881 1004
881 1265
882 884
882 889
882 893
883 889
883 892
884 893
884 927
885 886
885 1168
885 1180
885 1189
886 893
886 898
886 1172
887 889
887 892
887 893
887 895
887 972
888 896
889 892
889 896
890 894
890 900
890 1266
890 1267
890 1291
890 1391
891 1173
891 1190
891 1268
891 1273
892 895
892 972
892 987
893 930
894 900
894 1284
895 987
895 1020
896 970
896 996
897 949
897 996
898 899
898 1289
898 1316
898 1578
898 1610
899 1168
899 1287
899 1578
899 1610
900 1267
900 1269
900 1284
900 1294
901 904
901 907
901 917
901 918
901 921
901 927
902 904
902 917
902 918
902 920
902 928
902 929
903 904
903 905
903 925
904 905
904 912
904 917
904 918
904 922
904 925
905 925
905 1200
905 1202
905 1219
905 1223
906 909
906 913
906 926
906 928
907 908
907 911
907 919
907 1004
908 914
908 918
908 920
908 921
908 1004
908 1006
909 913
909 916
909 928
910 913
910 925
910 1318
910 1320
910 1323
910 1603
911 919
911 930
911 1004
911 1030
911 1265
911 1297
911 1410
912 913
912 915
912 919
912 922
912 925
912 1323
913 925
913 926
913 1318
914 915
914 918
914 919
914 923
914 926
914 1009
915 919
915 926
915 1297
915 1318
916 1136
916 1216
916 1223
917 927
918 919
918 920
918 928
919 922
919 1030
919 1297
920 921
920 928
920 929
921 927
922 930
922 1297
922 1323
922 1324
923 926
923 928
923 1009
923 1019
924 928
924 929
924 959
925 1202
926 1318
928 929
930 1265
930 1324
931 932
931 942
931 944
931 945
931 946
931 957
932 938
932 942
932 945
932 1044
932 1048
933 936
933 946
933 948
933 950
933 955
933 957
934 941
934 947
934 957
934 964
935 942
935 944
935 1015
935 1034
935 1348
935 1349
935 1441
935 1451
936 948
936 950
936 953
936 959
936 1007
937 946
937 953
937 954
937 1257
937 1336
938 941
938 945
938 952
938 957
938 962
938 965
939 947
939 951
939 961
939 970
939 996
940 955
940 963
940 1012
940 1014
941 945
941 957
941 964
941 965
941 985
941 1095
942 944
942 1337
942 1359
942 1451
943 945
943 955
943 963
943 1034
943 1044
943 1049
944 946
944 956
944 1336
944 1348
944 1359
945 957
945 964
945 967
945 1062
946 948
946 953
946 956
946 958
946 1336
947 951
947 970
948 956
948 958
948 966
948 1010
949 954
949 960
949 975
949 989
949 996
950 951
950 953
950 957
950 961
951 953
951 954
951 957
951 961
951 962
952 960
952 962
952 981
952 1358
953 954
953 961
954 960
954 961
955 963
955 964
955 967
956 958
956 966
956 1003
956 1028
956 1336
956 1348
957 962
957 964
958 1010
958 1028
959 1007
960 962
960 975
960 1358
963 966
963 1000
963 1014
963 1034
963 1042
964 967
965 985
965 1062
965 1065
965 1067
966 1000
966 1003
966 1015
967 1049
967 1053
968 969
968 982
968 983
968 984
968 1076
968 1085
968 1092
969 982
969 983
969 1066
969 1085
970 977
970 980
970 996
971 980
971 983
971 987
972 986
972 988
973 974
973 981
973 991
973 992
973 1376
974 984
974 990
974 991
974 993
974 1375
975 989
975 1370
976 1016
976 1085
977 980
977 989
977 992
977 996
978 985
978 995
979 983
979 984
979 987
979 999
979 1016
979 1021
979 1027
981 992
981 994
981 1376
981 1425
982 983
982 984
982 992
983 984
983 1016
984 986
985 992
985 995
986 987
986 988
986 990
987 988
987 1020
988 990
988 997
988 999
990 997
990 1382
990 1383
991 994
991 1371
992 994
993 1002
993 1086
993 1092
993 1418
993 1470
994 1076
994 1080
995 1095
997 999
997 1031
997 1265
997 1291
997 1364
997 1383
997 1410
998 1001
998 1002
998 1005
998 1016
998 1017
998 1022
998 1114
999 1004
999 1021
999 1024
999 1031
1000 1003
1000 1005
1000 1013
1000 1015
1000 1026
1000 1125
1001 1005
1001 1008
1001 1013
1001 1017
1001 1018
1002 1016
1002 1024
1002 1092
1003 1015
1003 1018
1003 1026
1003 1028
1003 1348
1003 1401
1003 1416
1004 1006
1004 1020
1004 1023
1004 1030
1005 1013
1005 1026
1005 1103
1006 1011
1006 1019
1006 1023
1007 1010
1007 1012
1007 1019
1008 1021
1008 1023
1008 1024
1008 1025
1008 1413
1009 1019
1009 1023
1009 1032
1010 1012
1010 1018
1010 1019
1011 1017
1011 1029
1012 1013
1012 1014
1013 1014
1013 1017
1013 1022
1014 1042
1014 1098
1015 1026
1015 1125
1015 1348
1015 1401
1016 1021
1016 1092
1017 1021
1017 1022
1017 1029
1018 1416
1019 1023
1021 1027
1022 1123
1023 1030
1024 1025
1024 1031
1024 1383
1025 1031
1025 1405
1025 1412
1025 1413
1025 1419
1026 1125
1026 1401
1026 1412
1027 1029
1028 1336
1028 1355
1028 1361
1028 1416
1030 1032
1030 1410
1031 1383
1031 1403
1031 1410
1031 1413
1032 1322
1032 1397
1032 1407
1032 1413
1032 1416
1033 1042
1033 1049
1033 1050
1034 1044
1034 1052
1034 1441
1035 1040
1035 1041
1035 1046
1035 1047
1035 1051
1035 1052
1035 1054
1036 1037
1036 1038
1036 1058
1036 1148
1037 1038
1037 1056
1037 1057
1037 1058
1037 1059
1037 1088
1038 1055
1038 1057
1038 1058
1038 1127
1038 1130
1039 1041
1039 1047
1039 1049
1039 1053
1039 1056
1039 1059
1039 1062
1040 1054
1040 1055
1040 1057
1040 1137
1040 1424
1041 1047
1041 1049
1041 1050
1041 1055
1042 1049
1042 1050
1042 1098
1042 1119
1043 1045
1043 1057
1043 1137
1043 1443
1043 1453
1043 1556
1044 1047
1044 1049
1044 1061
1044 1451
1045 1060
1045 1068
1045 1443
1045 1460
1045 1485
1046 1052
1046 1054
1046 1106
1046 1111
1046 1454
1047 1051
1047 1056
1047 1057
1047 1061
1048 1060
1048 1061
1048 1065
1048 1337
1048 1425
1048 1430
1050 1118
1050 1119
1051 1057
1051 1060
1051 1061
1051 1430
1052 1435
1052 1441
1052 1454
1053 1059
1053 1062
1053 1063
1054 1055
1054 1111
1054 1144
1054 1153
1055 1064
1055 1127
1055 1144
1055 1159
1056 1057
1056 1059
1056 1062
1056 1063
1056 1065
1057 1058
1058 1068
1058 1130
1059 1063
1060 1065
1060 1074
1060 1430
1060 1485
1061 1430
1061 1435
1061 1451
1062 1063
1062 1065
1063 1067
1063 1088
1063 1095
1064 1159
1065 1067
1066 1073
1066 1082
1066 1085
1067 1074
1067 1088
1068 1069
1068 1074
1068 1075
1068 1079
1068 1170
1069 1071
1069 1074
1069 1077
1069 1079
1069 1094
1069 1457
1069 1461
1069 1485
1070 1072
1070 1075
1070 1083
1070 1184
1071 1074
1071 1076
1071 1077
1071 1080
1071 1081
1071 1086
1071 1094
1072 1075
1072 1077
1072 1083
1072 1087
1072 1091
1073 1085
1073 1087
1073 1090
1073 1099
1074 1083
1074 1485
1075 1077
1075 1083
1075 1176
1075 1184
1076 1080
1077 1081
1077 1083
1077 1084
1077 1087
1078 1084
1078 1093
1078 1174
1078 1480
1078 1482
1078 1515
1079 1170
1079 1176
1079 1457
1079 1482
1079 1568
1080 1461
1080 1473
1080 1485
1081 1085
1081 1089
1082 1083
1083 1088
1084 1089
1084 1093
1084 1094
1084 1474
1084 1480
1084 1482
1085 1092
1086 1094
1086 1470
1086 1474
1087 1090
1087 1091
1087 1096
1087 1099
1087 1192
1089 1093
1089 1099
1089 1105
1090 1091
1090 1104
1091 1186
1091 1192
1092 1105
1092 1110
1093 1096
1093 1113
1093 1121
1094 1457
1094 1461
1094 1463
1094 1474
1094 1482
1096 1099
1096 1104
1096 1113
1096 1117
1096 1192
1096 1218
1097 1101
1097 1107
1097 1109
1097 1113
1097 1124
1097 1228
1098 1116
1098 1119
1099 1105
1099 1110
1099 1112
1100 1105
1100 1114
1100 1121
1100 1405
1100 1418
1100 1501
1100 1512
1101 1109
1101 1111
1101 1115
1101 1124
1101 1196
1102 1108
1102 1110
1102 1112
1102 1114
1102 1115
1102 1116
1102 1122
1102 1123
1103 1114
1103 1501
1104 1117
1104 1120
1104 1197
1105 1110
1105 1114
1105 1121
1105 1122
1106 1124
1106 1488
1106 1495
1106 1508
1107 1124
1107 1487
1108 1112
1108 1117
1108 1118
1109 1113
1109 1115
1109 1117
1109 1122
1110 1112
1110 1114
1111 1159
1111 1196
1112 1117
1112 1123
1113 1117
1113 1215
1113 1218
1114 1122
1115 1116
1115 1118
1115 1119
1116 1119
1117 1120
1118 1119
1120 1209
1120 1215
1120 1225
1121 1122
1121 1492
1121 1512
1124 1488
1124 1498
1125 1441
1125 1495
1125 1506
1125 1508
1126 1134
1126 1137
1126 1143
1126 1145
1126 1146
1126 1149
1126 1156
1127 1144
1127 1148
1127 1149
1128 1131
1128 1142
1128 1151
1129 1131
1129 1138
1129 1146
1129 1154
1129 1160
1129 1163
1129 1182
1130 1148
1130 1150
1131 1157
1131 1193
1132 1133
1132 1134
1132 1140
1132 1144
1132 1155
1132 1158
1132 1201
1132 1227
1132 1229
1133 1155
1133 1159
1134 1135
1134 1140
1134 1145
1134 1158
1134 1229
1135 1138
1135 1140
1135 1142
1135 1147
1135 1152
1136 1140
1136 1155
1136 1216
1136 1227
1137 1156
1137 1453
1137 1545
1138 1139
1138 1142
1138 1146
1138 1147
1138 1154
1139 1140
1139 1142
1139 1149
1139 1151
1139 1155
1139 1157
1140 1142
1140 1155
1140 1229
1141 1152
1141 1199
1141 1544
1141 1619
1142 1151
1143 1145
1143 1147
1143 1152
1143 1537
1143 1545
1143 1548
1144 1153
1144 1159
1145 1156
1145 1158
1145 1205
1145 1548
1146 1147
1146 1149
1146 1160
1147 1152
1150 1160
1150 1169
1150 1170
1150 1556
1151 1155
1151 1157
1152 1253
1152 1523
1152 1548
1153 1156
1153 1220
1153 1546
1154 1173
1155 1227
1156 1545
1156 1546
1158 1205
1158 1207
1158 1217
1158 1220
1158 1229
1159 1206
1160 1163
1160 1169
1160 1182
1160 1185
1161 1182
1161 1187
1161 1189
1162 1167
1162 1176
1162 1179
1162 1186
1162 1192
1163 1181
1163 1182
1163 1184
1163 1193
1164 1178
1164 1183
1164 1186
1164 1188
1164 1197
1165 1171
1165 1176
1165 1179
1165 1191
1165 1195
1165 1571
1166 1168
1166 1173
1166 1177
1166 1179
1166 1182
1166 1185
1166 1189
1166 1190
1167 1177
1167 1179
1167 1183
1168 1177
1168 1191
1169 1185
1169 1195
1169 1552
1169 1556
1169 1560
1170 1176
1170 1195
1171 1174
1171 1178
1171 1179
1171 1218
1172 1180
1172 1194
1172 1214
1172 1226
1173 1175
1173 1189
1174 1176
1174 1192
1174 1482
1175 1190
1175 1552
1175 1583
1176 1179
1177 1178
1177 1179
1177 1180
1177 1183
1178 1179
1178 1183
1178 1224
1180 1183
1180 1187
1181 1184
1181 1193
1182 1185
1183 1187
1183 1188
1185 1190
1185 1195
1186 1192
1187 1189
1188 1194
1188 1211
1190 1191
1190 1195
1190 1273
1191 1571
1191 1578
1192 1197
1192 1218
1194 1211
1194 1226
1195 1560
1196 1198
1196 1201
1196 1206
1196 1225
1196 1228
1197 1209
1198 1203
1198 1204
1198 1207
1198 1208
1198 1217
1198 1228
1199 1202
1199 1222
1199 1229
1199 1619
1200 1219
1200 1223
1200 1226
1201 1206
1201 1207
1201 1210
1201 1225
1201 1227
1202 1203
1202 1207
1202 1221
1202 1222
1203 1204
1203 1208
1203 1212
1203 1219
1203 1221
1203 1224
1204 1209
1204 1211
1204 1215
1204 1219
1204 1224
1205 1217
1205 1220
1205 1222
1205 1602
1206 1225
1207 1217
1207 1229
1208 1213
1208 1217
1208 1221
1208 1222
1208 1228
1208 1599
1208 1602
1208 1618
1209 1210
1209 1211
1209 1215
1210 1225
1211 1219
1211 1224
1211 1226
1212 1214
1212 1224
1212 1575
1212 1611
1213 1228
1213 1487
1213 1499
1213 1591
1213 1599
1214 1224
1215 1218
1215 1224
1216 1223
1216 1227
1217 1220
1217 1222
1217 1228
1219 1226
1220 1228
1220 1546
1220 1602
1221 1222
1221 1611
1221 1614
1221 1618
1222 1618
1222 1619
1227 1229
1230 1250
1230 1255
1230 1256
1230 1259
1230 1288
1230 1363
1231 1239
1231 1241
1231 1242
1231 1250
1231 1259
1232 1242
1232 1245
1232 1248
1232 1251
1232 1254
1232 1262
1232 1525
1233 1238
1233 1248
1233 1249
1233 1253
1233 1320
1233 1328
1233 1549
1233 1615
1234 1238
1234 1247
1235 1239
1235 1251
1235 1255
1235 1258
1236 1241
1236 1257
1236 1346
1236 1361
1237 1243
1237 1244
1237 1258
1237 1290
1237 1524
1237 1526
1238 1249
1238 1253
1238 1307
1238 1320
1239 1243
1239 1244
1239 1247
1239 1251
1239 1255
1240 1241
1240 1243
1240 1246
1240 1294
1240 1330
1240 1363
1241 1246
1241 1247
1241 1259
1241 1330
1242 1248
1242 1249
1242 1262
1242 1317
1242 1326
1243 1244
1243 1246
1243 1255
1243 1258
1243 1261
1243 1290
1244 1245
1244 1247
1244 1252
1244 1261
1244 1524
1245 1248
1245 1524
1245 1549
1246 1247
1246 1257
1246 1261
1247 1252
1248 1249
1249 1307
1249 1317
1249 1326
1249 1328
1250 1259
1252 1253
1252 1261
1253 1523
1254 1262
1254 1328
1254 1525
1255 1258
1256 1281
1256 1366
1258 1275
1258 1285
1258 1290
1259 1330
1259 1342
1260 1262
1260 1308
1260 1311
1260 1317
1262 1317
1263 1266
1263 1270
1263 1271
1263 1284
1263 1287
1263 1289
1264 1271
1264 1276
1264 1280
1264 1296
1264 1305
1265 1270
1265 1291
1265 1410
1266 1267
1266 1270
1266 1283
1266 1286
1266 1291
1266 1391
1267 1269
1267 1278
1267 1283
1267 1284
1267 1391
1268 1273
1268 1284
1268 1290
1269 1277
1269 1283
1269 1288
1269 1294
1270 1286
1270 1291
1270 1309
1270 1364
1271 1287
1271 1289
1271 1292
1271 1296
1271 1305
1272 1274
1272 1279
1272 1286
1272 1295
1272 1374
1272 1388
1273 1284
1273 1287
1273 1292
1273 1579
1274 1286
1274 1295
1274 1309
1274 1388
1274 1400
1275 1276
1275 1285
1275 1292
1275 1293
1275 1577
1275 1579
1276 1280
1276 1285
1276 1292
1276 1293
1277 1283
1277 1285
1277 1288
1278 1279
1278 1288
1278 1366
1278 1370
1278 1378
1279 1281
1279 1366
1279 1374
1280 1296
1280 1576
1282 1286
1282 1295
1283 1284
1283 1286
1284 1287
1285 1293
1287 1289
1287 1292
1288 1363
1288 1366
1289 1316
1289 1324
1289 1610
1290 1579
1290 1583
1291 1364
1291 1391
1292 1565
1293 1566
1293 1577
1296 1305
1296 1306
1296 1315
1296 1565
1296 1588
1296 1610
1297 1298
1297 1313
1297 1323
1297 1324
1298 1302
1298 1309
1298 1313
1298 1314
1298 1324
1298 1410
1299 1301
1299 1310
1299 1319
1300 1312
1300 1409
1300 1417
1301 1303
1301 1306
1301 1310
1301 1325
1302 1303
1302 1305
1302 1309
1302 1314
1302 1315
1302 1324
1303 1315
1303 1321
1304 1307
1304 1312
1304 1313
1304 1318
1305 1306
1305 1309
1305 1314
1305 1315
1305 1319
1306 1315
1306 1319
1306 1588
1307 1320
1307 1326
1308 1310
1308 1311
1308 1317
1309 1314
1310 1312
1310 1317
1311 1326
1311 1334
1311 1409
1311 1417
1312 1313
1312 1314
1312 1417
1313 1314
1313 1417
1315 1588
1315 1616
1316 1323
1316 1324
1316 1610
1316 1611
1317 1326
1320 1603
1320 1615
1320 1619
1321 1586
1321 1603
1321 1614
1321 1615
1321 1616
1322 1327
1322 1361
1322 1397
1322 1416
1323 1324
1325 1601
1325 1612
1326 1327
1327 1346
1327 1361
1327 1411
1328 1549
1328 1612
1328 1615
1329 1335
1329 1347
1329 1350
1329 1354
1329 1445
1330 1332
1330 1339
1330 1340
1330 1357
1330 1363
1331 1343
1331 1349
1331 1350
1331 1356
1331 1426
1331 1451
1331 1452
1332 1340
1332 1342
1332 1344
1332 1352
1332 1353
1332 1354
1332 1357
1333 1335
1333 1341
1333 1350
1333 1394
1333 1420
1333 1421
1334 1346
1334 1406
1335 1341
1335 1347
1335 1406
1336 1348
1336 1352
1336 1357
1336 1359
1336 1361
1337 1343
1337 1425
1337 1442
1337 1451
1338 1340
1338 1363
1338 1366
1338 1369
1338 1372
1338 1379
1339 1357
1339 1363
1340 1357
1340 1363
1340 1369
1341 1347
1341 1353
1341 1355
1341 1398
1342 1347
1342 1353
1342 1354
1343 1356
1343 1360
1343 1362
1343 1442
1343 1486
1344 1357
1344 1358
1344 1359
1345 1351
1345 1354
1345 1356
1346 1352
1346 1361
1346 1411
1347 1353
1347 1354
1348 1355
1348 1359
1349 1421
1349 1441
1349 1444
1349 1451
1350 1354
1350 1452
1351 1356
1351 1360
1351 1372
1352 1353
1352 1355
1352 1357
1352 1359
1353 1354
1354 1356
1355 1401
1355 1411
1356 1360
1357 1359
1358 1362
1360 1440
1360 1448
1360 1486
1362 1369
1362 1376
1362 1486
1364 1385
1364 1402
1364 1403
1364 1410
1365 1377
1365 1381
1365 1384
1365 1387
1366 1379
1367 1374
1367 1388
1368 1375
1368 1377
1368 1380
1368 1382
1368 1385
1368 1386
1368 1389
1369 1372
1369 1379
1370 1378
1370 1380
1370 1391
1371 1373
1371 1375
1371 1386
1372 1379
1372 1384
1373 1376
1373 1384
1373 1386
1373 1465
1374 1377
1374 1388
1375 1382
1375 1383
1375 1386
1376 1380
1377 1378
1377 1379
1377 1380
1378 1380
1378 1382
1378 1391
1379 1380
1380 1382
1381 1387
1382 1383
1382 1385
1382 1391
1383 1385
1383 1403
1384 1387
1384 1478
1385 1388
1385 1403
1386 1389
1386 1390
1387 1465
1387 1468
1387 1478
1388 1400
1389 1390
1389 1414
1389 1422
1390 1396
1390 1481
1390 1520
1392 1393
1392 1408
1392 1414
1393 1395
1393 1402
1393 1407
1393 1408
1393 1409
1393 1417
1393 1419
1394 1395
1394 1398
1394 1408
1394 1415
1394 1420
1395 1397
1395 1398
1395 1401
1395 1408
1395 1411
1396 1399
1396 1404
1396 1405
1396 1418
1396 1511
1396 1517
1397 1407
1397 1411
1397 1416
1397 1417
1398 1406
1398 1409
1398 1411
1399 1404
1399 1408
1399 1414
1399 1419
1399 1423
1399 1517
1400 1402
1401 1412
1401 1416
1402 1403
1402 1407
1402 1410
1403 1407
1403 1414
1403 1419
1404 1405
1404 1412
1404 1419
1404 1511
1404 1522
1405 1418
1405 1501
1405 1511
1405 1522
1406 1409
1407 1410
1407 1413
1407 1419
1408 1423
1409 1417
1411 1417
1412 1413
1412 1416
1412 1419
1413 1416
1413 1419
1414 1422
1415 1423
1415 1494
1415 1500
1415 1506
1415 1522
1418 1470
1418 1512
1420 1514
1421 1506
1422 1520
1423 1513
1423 1517
1424 1437
1424 1453
1424 1454
1425 1442
1425 1473
1426 1427
1426 1433
1426 1442
1426 1444
1426 1451
1426 1452
1427 1428
1427 1432
1427 1438
1427 1444
1427 1452
1428 1432
1428 1434
1428 1436
1428 1439
1428 1446
1429 1436
1429 1479
1430 1433
1430 1442
1430 1447
1430 1484
1431 1436
1431 1443
1431 1460
1431 1541
1431 1542
1431 1543
1431 1554
1432 1444
1432 1446
1432 1449
1432 1452
1433 1434
1433 1435
1433 1447
1434 1436
1434 1437
1434 1539
1435 1441
1435 1444
1435 1451
1436 1533
1436 1541
1437 1539
1437 1546
1438 1440
1438 1445
1438 1448
1439 1518
1439 1535
1440 1442
1440 1448
1440 1466
1440 1475
1440 1486
1441 1451
1441 1508
1442 1484
1442 1486
1443 1447
1443 1453
1443 1460
1443 1554
1444 1446
1444 1452
1444 1519
1445 1452
1446 1450
1446 1518
1447 1484
1448 1478
1448 1486
1449 1514
1449 1519
1450 1497
1450 1518
1453 1539
1453 1545
1454 1498
1455 1456
1455 1463
1455 1465
1455 1471
1455 1481
1456 1462
1456 1464
1456 1468
1456 1469
1457 1472
1457 1482
1457 1483
1457 1568
1458 1469
1458 1503
1458 1574
1459 1467
1459 1480
1459 1515
1459 1559
1459 1574
1459 1609
1460 1472
1460 1475
1460 1483
1460 1484
1461 1463
1461 1471
1461 1472
1461 1473
1461 1485
1462 1467
1462 1469
1462 1503
1462 1516
1463 1467
1463 1474
1464 1466
1464 1475
1464 1476
1464 1477
1464 1479
1465 1466
1465 1468
1465 1471
1465 1478
1466 1471
1466 1475
1466 1478
1467 1480
1467 1492
1467 1516
1468 1478
1470 1474
1470 1481
1470 1512
1471 1472
1471 1473
1472 1475
1472 1484
1472 1485
1473 1485
1474 1480
1474 1512
1475 1484
1476 1477
1476 1479
1476 1584
1477 1483
1477 1581
1477 1584
1478 1486
1480 1482
1480 1492
1480 1515
1481 1512
1481 1516
1481 1520
1482 1559
1482 1568
1483 1567
1483 1568
1483 1573
1483 1584
1484 1485
1487 1492
1487 1515
1487 1591
1488 1495
1488 1498
1489 1491
1489 1509
1489 1517
1489 1520
1490 1499
1490 1504
1490 1507
1490 1521
1490 1591
1490 1595
1491 1496
1491 1509
1491 1511
1491 1516
1491 1517
1492 1496
1492 1507
1492 1515
1492 1516
1492 1609
1493 1497
1493 1505
1493 1518
1493 1521
1494 1495
1494 1500
1494 1505
1494 1506
1494 1519
1495 1501
1495 1506
1495 1508
1495 1522
1497 1504
1497 1505
1497 1518
1497 1521
1498 1499
1498 1546
1498 1617
1499 1602
1499 1617
1500 1505
1500 1509
1500 1513
1500 1514
1500 1519
1501 1522
1502 1503
1502 1504
1502 1509
1503 1516
1504 1505
1504 1507
1504 1509
1504 1510
1505 1509
1506 1508
1506 1519
1506 1522
1507 1590
1507 1591
1507 1609
1509 1513
1510 1521
1510 1600
1511 1517
1511 1522
1514 1519
1515 1592
1515 1609
1517 1520
1518 1521
1521 1555
1521 1595
1521 1597
1521 1598
1521 1600
1521 1620
1523 1524
1523 1536
1523 1544
1523 1548
1523 1549
1524 1526
1524 1536
1525 1530
1525 1549
1525 1557
1526 1537
1526 1552
1526 1583
1527 1541
1527 1542
1527 1553
1527 1564
1528 1529
1528 1530
1528 1531
1528 1532
1528 1535
1528 1540
1528 1555
1529 1530
1529 1534
1529 1555
1529 1596
1529 1612
1530 1531
1530 1534
1530 1549
1530 1557
1531 1536
1531 1540
1531 1550
1531 1557
1532 1535
1532 1539
1532 1540
1532 1551
1533 1535
1533 1541
1533 1553
1534 1544
1534 1549
1534 1551
1534 1596
1535 1540
1535 1553
1536 1537
1536 1540
1536 1550
1537 1545
1537 1547
1537 1552
1538 1550
1538 1566
1539 1543
1539 1545
1540 1543
1540 1550
1540 1553
1541 1542
1541 1543
1541 1553
1542 1543
1542 1547
1542 1554
1542 1573
1542 1584
1543 1547
1543 1554
1544 1548
1544 1551
1544 1594
1544 1619
1545 1556
1546 1617
1547 1554
1547 1560
1548 1551
1551 1594
1551 1620
1552 1583
1554 1556
1554 1567
1555 1597
1555 1598
1555 1620
1556 1567
1558 1560
1558 1563
1558 1571
1558 1573
1558 1580
1559 1563
1559 1568
1559 1571
1559 1592
1560 1583
1561 1570
1561 1582
1561 1607
1562 1577
1562 1582
1563 1568
1563 1571
1563 1573
1563 1580
1563 1581
1564 1566
1564 1569
1564 1572
1565 1578
1565 1580
1565 1585
1565 1610
1567 1568
1569 1572
1569 1573
1570 1574
1570 1582
1570 1607
1570 1608
1571 1580
1573 1581
1573 1584
1574 1590
1574 1608
1574 1609
1575 1578
1575 1585
1575 1592
1575 1605
1576 1582
1576 1604
1577 1579
1578 1585
1578 1610
1579 1583
1580 1582
1580 1585
1580 1608
1581 1584
1582 1585
1582 1607
1582 1608
1585 1588
1585 1593
1585 1605
1585 1608
1586 1596
1586 1601
1586 1613
1586 1614
1586 1615
1586 1618
1587 1590
1587 1591
1587 1595
1587 1599
1587 1605
1587 1606
1587 1608
1587 1609
1587 1613
1588 1593
1588 1604
1588 1616
1589 1590
1589 1600
1589 1606
1589 1607
1590 1591
1590 1595
1590 1606
1590 1608
1590 1609
1591 1595
1591 1609
1592 1609
1593 1605
1593 1610
1593 1611
1593 1614
1593 1616
1594 1598
1594 1602
1594 1618
1594 1620
1595 1598
1595 1600
1595 1613
1596 1598
1596 1612
1596 1615
1597 1600
1598 1600
1598 1613
1598 1620
1599 1605
1599 1611
1599 1613
1599 1614
1599 1618
1601 1604
1601 1613
1601 1616
1602 1617
1603 1614
1603 1615
1603 1618
1603 1619
1604 1606
1604 1607
1605 1611
1606 1607
1606 1608
1606 1613
1610 1611
1611 1614
1613 1614
1614 1616
1614 1618
1615 1619
1617 1620
1618 1619
