0.07509000 0.04449000 0.07023000
0.11409000 0.17141000 0.26278000
0.21201000 0.11504000 0.08159000
0.10631000 0.04857000 0.19529000
0.07081000 0.15616000 0.15314000
0.20472000 0.01877000 0.25036000
0.24495000 0.15673000 0.13785000
0.02867000 0.03118000 0.19571000
0.17780000 0.05399000 0.01912000
0.13889000 0.08050000 0.09571000
0.13510000 0.19152000 0.19062000
0.10734000 0.09174000 0.25649000
0.04984000 0.13404000 0.01112000
0.05186000 0.11537000 0.08934000
0.00570000 0.24871000 0.12836000
0.03815000 0.05181000 0.31879000
0.14008000 0.21154000 0.01249000
0.09360000 0.21250000 0.08183000
0.08705000 0.24324000 0.18066000
0.05085000 0.12718000 0.22058000
0.15163000 0.23620000 0.24735000
0.00644000 0.17313000 0.11948000
0.12405000 0.11786000 0.17927000
0.13737000 0.02542000 0.29877000
0.20365000 0.19877000 0.09889000
0.03878000 0.22652000 0.24586000
0.19845000 0.15284000 0.01831000
0.17924000 0.19326000 0.29876000
0.02151000 0.15185000 0.29847000
0.24575000 0.07994000 0.14977000
0.20683000 0.00018000 0.32073000
0.16703000 0.00098000 0.10625000
0.15626000 0.13474000 0.47346000
0.20234000 0.06744000 0.59797000
0.13339000 0.18873000 0.52466000
0.14483000 0.06435000 0.51004000
0.24329000 0.01410000 0.49511000
0.20647000 0.12805000 0.58823000
0.11469000 0.11376000 0.36707000
0.05461000 0.04187000 0.49003000
0.12745000 0.19610000 0.43446000
0.02734000 0.16397000 0.45741000
0.04134000 0.09032000 0.54954000
0.00488000 0.10596000 0.35031000
0.18711000 0.20231000 0.58210000
0.07696000 0.20598000 0.48478000
0.09193000 0.15140000 0.58499000
0.20462000 0.15377000 0.39322000
0.06790000 0.03618000 0.39299000
0.06640000 0.21072000 0.34018000
0.03364000 0.07856000 0.65898000
0.09082000 0.07943000 0.61333000
0.20701000 0.07476000 0.47561000
0.00873000 0.13865000 0.59984000
0.22592000 0.10295000 0.34098000
0.03731000 0.09634000 0.44031000
0.24580000 0.18354000 0.53770000
0.08474000 0.21350000 0.64359000
0.01179000 0.03039000 0.58682000
0.03704000 0.23324000 0.42587000
0.24659000 0.23467000 0.60951000
0.00753000 0.18534000 0.66563000
0.14323000 0.00548000 0.42351000
0.15536000 0.24500000 0.48444000
0.00270000 0.00248000 0.50279000
0.23435000 0.08527000 0.66562000
0.17484000 0.00229000 0.60565000
0.19259000 0.18736000 0.83212000
0.17775000 0.09297000 0.74312000
0.10254000 0.17234000 0.95104000
0.18857000 0.20181000 0.74145000
0.09600000 0.01167000 0.99709000
0.22619000 0.14982000 0.71407000
0.18867000 0.07989000 0.89978000
0.13463000 0.11306000 0.98519000
0.08537000 0.23103000 0.82458000
0.13791000 0.11800000 0.67169000
0.05772000 0.17237000 0.76927000
0.23064000 0.06784000 0.78379000
0.02444000 0.22716000 0.74603000
0.13454000 0.24844000 0.89926000
0.19005000 0.00997000 0.93270000
0.07573000 0.07437000 0.75275000
0.14698000 0.20122000 0.67306000
0.23893000 0.13225000 0.82404000
0.06954000 0.24280000 0.99169000
0.10375000 0.12902000 0.86120000
0.11755000 0.06098000 0.90953000
0.14155000 0.05157000 0.69246000
0.19613000 0.02809000 0.84615000
0.09941000 0.23961000 0.73271000
0.01804000 0.06467000 0.85127000
0.17462000 0.18100000 0.91272000
0.07097000 0.07649000 0.96631000
0.08750000 0.06909000 0.84194000
0.02991000 0.12542000 0.89733000
0.21577000 0.24307000 0.95977000
0.00719000 0.03794000 0.94382000
0.23364000 0.00510000 0.77508000
0.06836000 0.12850000 0.68227000
0.24839000 0.07217000 0.98590000
0.18400000 0.35437000 0.27008000
0.12945000 0.35952000 0.06107000
0.03392000 0.29727000 0.01192000
0.22054000 0.41795000 0.16034000
0.20672000 0.25647000 0.19858000
0.18957000 0.25517000 0.05316000
0.06587000 0.32446000 0.07613000
0.14262000 0.40161000 0.13728000
0.07811000 0.30735000 0.16040000
0.15939000 0.45899000 0.26902000
0.21713000 0.25520000 0.32443000
0.12062000 0.26754000 0.09782000
0.11372000 0.45175000 0.19911000
0.19544000 0.34854000 0.11761000
0.22899000 0.36127000 0.21078000
0.14801000 0.33804000 0.20141000
0.01720000 0.28617000 0.20127000
0.20944000 0.30930000 0.01835000
0.15283000 0.28819000 0.30224000
0.06453000 0.28272000 0.29421000
0.20879000 0.48595000 0.19534000
0.14918000 0.43906000 0.06698000
0.07982000 0.41411000 0.02983000
0.06769000 0.35170000 0.22462000
0.04987000 0.42143000 0.10201000
0.06906000 0.49452000 0.12675000
0.05611000 0.42487000 0.32088000
0.13477000 0.40375000 0.25645000
0.00311000 0.32447000 0.12189000
0.00940000 0.40177000 0.17219000
0.14970000 0.48415000 0.14439000
0.03057000 0.45914000 0.22912000
0.23665000 0.43802000 0.30988000
0.01560000 0.37186000 0.29180000
0.20408000 0.42330000 0.01284000
0.12383000 0.46253000 0.32635000
0.00402000 0.49411000 0.00662000
0.24715000 0.41291000 0.08111000
0.02444000 0.38672000 0.65567000
0.23656000 0.41106000 0.44582000
0.14010000 0.30903000 0.57037000
0.20625000 0.29474000 0.51987000
0.03642000 0.41287000 0.48382000
0.09064000 0.26795000 0.51470000
0.13030000 0.26112000 0.37856000
0.03803000 0.48620000 0.51693000
0.18213000 0.45637000 0.65799000
0.13966000 0.37073000 0.59761000
0.01880000 0.29725000 0.47679000
0.16409000 0.47520000 0.54402000
0.03962000 0.29918000 0.39667000
0.18540000 0.36536000 0.48119000
0.22592000 0.32999000 0.60535000
0.08780000 0.36689000 0.51586000
0.08701000 0.47996000 0.58271000
0.24293000 0.46120000 0.38952000
0.02317000 0.28217000 0.55820000
0.18314000 0.33458000 0.35649000
0.08695000 0.31942000 0.45611000
0.14275000 0.41626000 0.38112000
0.08604000 0.45608000 0.44248000
0.03951000 0.43570000 0.58481000
0.15095000 0.31256000 0.43749000
0.12687000 0.42266000 0.49302000
0.22942000 0.39119000 0.53882000
0.00081000 0.26771000 0.65816000
0.05043000 0.31154000 0.62793000
0.24351000 0.46197000 0.51914000
0.18251000 0.48326000 0.42472000
0.20771000 0.39186000 0.35859000
0.11926000 0.28278000 0.64953000
0.01721000 0.39174000 0.41120000
0.00465000 0.46077000 0.36142000
0.11034000 0.35647000 0.33641000
0.06802000 0.40848000 0.94992000
0.19588000 0.29646000 0.69825000
0.23263000 0.34472000 0.95456000
0.00797000 0.38026000 0.85318000
0.00847000 0.43673000 0.75923000
0.04864000 0.47772000 0.93676000
0.11730000 0.30116000 0.82116000
0.16036000 0.34693000 0.69216000
0.15729000 0.47383000 0.79854000
0.17370000 0.39390000 0.76623000
0.20889000 0.30365000 0.88813000
0.24764000 0.33268000 0.76977000
0.20498000 0.42378000 0.84335000
0.05588000 0.47579000 0.80155000
0.06625000 0.29849000 0.90213000
0.08471000 0.35761000 0.78909000
0.13699000 0.29320000 0.99167000
0.10070000 0.39745000 0.86111000
0.16689000 0.34480000 0.95166000
0.06270000 0.29267000 0.76134000
0.21851000 0.49641000 0.87253000
0.09917000 0.45886000 0.89645000
0.00171000 0.26681000 0.90672000
0.12991000 0.49545000 0.98773000
0.15464000 0.41488000 0.93252000
0.22241000 0.39939000 0.69868000
0.17679000 0.25492000 0.83508000
0.22277000 0.46353000 0.73503000
0.07295000 0.35011000 0.70910000
0.01626000 0.43978000 0.85838000
0.20213000 0.35516000 0.82694000
0.24558000 0.28297000 0.82551000
0.09310000 0.42795000 0.68302000
0.04246000 0.48896000 0.70719000
0.22727000 0.25294000 0.75349000
0.19018000 0.65738000 0.29902000
0.13504000 0.64473000 0.01865000
0.04533000 0.56031000 0.17254000
0.17774000 0.68767000 0.15524000
0.07429000 0.69560000 0.31665000
0.00599000 0.58363000 0.09613000
0.15618000 0.72973000 0.08533000
0.23949000 0.62275000 0.12945000
0.15190000 0.57916000 0.16307000
0.15393000 0.57432000 0.08435000
0.23194000 0.72964000 0.16885000
0.00627000 0.65972000 0.03458000
0.21124000 0.71817000 0.24733000
0.20801000 0.50457000 0.02055000
0.10666000 0.51591000 0.06041000
0.09131000 0.56137000 0.12315000
0.19708000 0.63235000 0.21211000
0.07794000 0.73891000 0.13714000
0.13051000 0.64810000 0.25618000
0.22834000 0.56746000 0.02841000
0.21548000 0.51464000 0.12165000
0.07508000 0.66971000 0.05703000
0.22843000 0.56341000 0.19467000
0.02889000 0.69116000 0.12405000
0.07238000 0.68438000 0.20679000
0.06544000 0.52445000 0.24460000
0.17943000 0.58681000 0.25441000
0.01118000 0.50925000 0.08179000
0.07627000 0.60440000 0.24264000
0.10558000 0.65027000 0.14558000
0.12596000 0.71806000 0.25046000
0.18791000 0.64658000 0.07972000
0.15403000 0.51257000 0.21548000
0.00897000 0.62846000 0.16169000
0.00498000 0.73093000 0.32302000
0.18398000 0.59126000 0.33285000
0.00054000 0.72583000 0.23455000
0.11382000 0.53097000 0.42728000
0.24212000 0.63215000 0.48729000
0.10913000 0.73243000 0.44967000
0.08899000 0.56027000 0.51739000
0.20864000 0.51605000 0.49115000
0.05086000 0.65707000 0.44569000
0.03204000 0.52061000 0.34692000
0.21644000 0.54443000 0.60150000
0.04685000 0.55838000 0.41586000
0.09985000 0.65961000 0.51531000
0.17287000 0.59611000 0.62449000
0.20311000 0.52338000 0.34708000
0.12363000 0.62819000 0.43975000
0.21881000 0.67391000 0.41547000
0.02389000 0.66417000 0.64262000
0.14752000 0.52438000 0.60462000
0.09179000 0.68240000 0.61425000
0.15135000 0.68534000 0.37617000
0.19655000 0.70469000 0.50268000
0.09905000 0.58748000 0.59803000
0.17775000 0.58664000 0.53284000
0.01514000 0.69686000 0.50259000
0.02317000 0.60240000 0.49384000
0.02832000 0.50641000 0.61874000
0.07807000 0.61681000 0.37692000
0.22749000 0.71700000 0.62868000
0.16928000 0.66954000 0.56856000
0.10270000 0.52108000 0.33761000
0.04927000 0.72842000 0.38967000
0.23452000 0.74951000 0.34497000
0.01419000 0.59443000 0.34713000
0.23411000 0.57015000 0.42343000
0.01020000 0.59188000 0.60986000
0.11654000 0.57738000 0.99884000
0.22398000 0.57681000 0.93261000
0.04220000 0.60747000 0.86290000
0.17102000 0.62275000 0.76735000
0.06588000 0.57673000 0.79472000
0.10931000 0.69942000 0.69203000
0.17832000 0.56184000 0.84840000
0.20505000 0.63299000 0.86015000
0.05881000 0.73733000 0.79795000
0.21243000 0.70453000 0.76817000
0.09224000 0.67864000 0.92473000
0.10276000 0.52381000 0.91831000
0.09806000 0.52124000 0.77945000
0.14288000 0.71117000 0.87910000
0.07510000 0.74050000 0.89219000
0.01759000 0.60415000 0.74588000
0.03010000 0.54180000 0.89298000
0.03482000 0.66939000 0.73407000
0.13704000 0.61088000 0.88223000
0.09303000 0.73794000 0.98888000
0.01244000 0.59437000 0.93706000
0.11085000 0.64211000 0.80476000
0.09746000 0.54222000 0.67785000
0.18043000 0.52608000 0.93437000
0.15704000 0.50862000 0.70725000
0.05888000 0.68126000 0.84675000
0.21052000 0.54516000 0.74257000
0.14684000 0.64560000 0.70144000
0.14453000 0.70897000 0.79601000
0.20881000 0.62743000 0.99368000
0.01069000 0.72997000 0.97945000
0.06620000 0.53007000 0.99611000
0.06481000 0.62549000 0.98516000
0.24824000 0.58280000 0.84934000
0.24883000 0.72385000 0.86257000
0.01626000 0.74808000 0.73586000
0.17959000 0.74597000 0.70807000
0.20644000 0.72489000 0.99822000
0.22845000 0.83227000 0.22775000
0.05483000 0.90102000 0.20381000
0.05781000 0.87794000 0.32826000
0.19164000 0.92684000 0.24866000
0.17023000 0.90913000 0.06043000
0.17058000 0.80406000 0.26045000
0.12657000 0.93964000 0.00359000
0.23747000 0.88932000 0.16822000
0.14808000 0.94086000 0.15643000
0.10262000 0.85477000 0.22218000
0.08723000 0.91540000 0.08947000
0.01804000 0.88334000 0.14277000
0.01355000 0.92089000 0.27186000
0.23856000 0.88410000 0.03324000
0.19599000 0.79258000 0.15151000
0.03606000 0.82767000 0.00852000
0.05907000 0.75720000 0.28112000
0.11792000 0.92186000 0.31011000
0.12975000 0.84374000 0.08224000
0.18390000 0.79103000 0.06670000
0.10567000 0.77869000 0.06185000
0.04997000 0.81988000 0.25731000
0.02785000 0.76332000 0.06600000
0.14268000 0.77603000 0.19903000
0.05852000 0.81435000 0.12914000
0.05668000 0.98321000 0.11403000
0.11336000 0.98986000 0.23232000
0.23866000 0.97652000 0.02022000
0.06325000 0.90174000 0.01230000
0.22388000 0.98921000 0.16858000
0.24970000 0.76853000 0.26212000
0.21873000 0.81719000 0.33726000
0.07309000 0.98243000 0.46215000
0.20893000 0.96397000 0.45792000
0.06193000 0.97082000 0.34116000
0.14251000 0.90611000 0.43433000
0.17713000 0.98437000 0.52344000
0.20815000 0.92568000 0.33695000
0.06553000 0.82867000 0.58147000
0.10778000 0.79921000 0.42149000
0.24102000 0.90015000 0.46783000
0.09471000 0.94799000 0.53530000
0.04134000 0.88334000 0.46034000
0.06966000 0.91748000 0.64190000
0.11897000 0.75431000 0.62362000
0.18143000 0.84544000 0.39839000
0.08402000 0.76676000 0.51711000
0.24148000 0.82647000 0.42910000
0.16004000 0.80669000 0.60610000
0.15115000 0.82958000 0.48471000
0.00401000 0.93484000 0.50177000
0.18597000 0.91200000 0.50726000
0.07417000 0.98257000 0.60935000
0.23524000 0.96488000 0.59598000
0.24172000 0.80125000 0.62111000
0.16941000 0.88729000 0.61357000
0.00870000 0.85473000 0.52557000
0.23855000 0.85720000 0.55635000
0.23809000 0.89421000 0.62587000
0.17766000 0.77505000 0.52393000
0.03649000 0.79579000 0.34556000
0.23260000 0.75690000 0.44102000
0.24821000 0.79360000 0.51952000
0.01184000 0.83434000 0.43606000
0.05003000 0.76303000 0.59334000
0.14944000 0.75062000 0.34263000
0.12042000 0.84748000 0.33355000
0.23513000 0.83381000 0.76522000
0.18301000 0.85938000 0.81715000
0.19038000 0.81523000 0.69584000
0.12719000 0.78934000 0.86768000
0.20313000 0.78154000 0.81914000
0.10327000 0.99897000 0.70409000
0.00807000 0.94529000 0.87585000
0.18823000 0.93283000 0.84346000
0.15407000 0.90488000 0.72068000
0.10490000 0.88679000 0.92700000
0.10047000 0.82108000 0.95987000
0.14911000 0.96089000 0.92187000
0.17956000 0.99808000 0.72449000
0.07900000 0.95386000 0.93498000
0.13425000 0.96923000 0.83109000
0.19204000 0.89482000 0.90423000
0.20826000 0.78847000 0.91588000
0.02273000 0.91602000 0.80544000
0.03139000 0.83275000 0.87231000
0.14795000 0.78165000 0.96539000
0.12457000 0.80333000 0.73882000
0.07361000 0.77901000 0.69214000
0.08745000 0.87182000 0.83953000
0.09189000 0.92466000 0.77517000
0.02598000 0.97537000 0.99169000
0.08792000 0.84414000 0.68471000
0.23447000 0.92124000 0.97060000
0.05917000 0.99054000 0.82442000
0.20363000 0.82242000 0.99829000
0.00852000 0.86879000 0.93519000
0.00776000 0.99945000 0.72483000
0.33211000 0.12688000 0.13843000
0.27076000 0.03943000 0.26694000
0.46339000 0.11101000 0.09613000
0.31002000 0.13858000 0.04428000
0.44994000 0.02712000 0.25945000
0.30526000 0.24024000 0.00405000
0.33321000 0.16656000 0.22301000
0.49276000 0.05509000 0.12198000
0.44114000 0.21362000 0.29924000
0.42005000 0.16216000 0.25283000
0.29403000 0.10535000 0.25892000
0.43833000 0.20520000 0.18275000
0.32327000 0.01454000 0.10351000
0.36568000 0.22624000 0.28364000
0.40619000 0.14190000 0.14048000
0.33527000 0.22974000 0.12376000
0.48006000 0.12627000 0.19886000
0.28838000 0.21788000 0.20739000
0.44555000 0.00908000 0.16687000
0.43027000 0.03363000 0.04313000
0.38381000 0.11183000 0.22672000
0.34014000 0.12111000 0.32613000
0.49155000 0.06605000 0.20956000
0.31588000 0.18279000 0.31165000
0.36385000 0.07317000 0.08297000
0.47719000 0.17731000 0.01586000
0.41539000 0.21277000 0.10665000
0.27270000 0.20789000 0.08269000
0.26099000 0.04826000 0.07819000
0.39341000 0.06371000 0.16423000
0.38763000 0.01075000 0.26903000
0.40365000 0.10816000 0.31023000
0.32900000 0.05174000 0.31463000
0.37354000 0.17054000 0.01316000
0.48959000 0.23435000 0.07881000
0.31993000 0.01397000 0.18553000
0.49924000 0.10142000 0.28988000
0.43233000 0.12863000 0.00021000
0.25001000 0.18350000 0.27406000
0.41644000 0.08137000 0.60762000
0.34967000 0.23036000 0.53060000
0.30378000 0.09337000 0.38588000
0.36162000 0.12418000 0.46003000
0.25768000 0.02691000 0.37708000
0.44978000 0.15661000 0.34817000
0.29014000 0.10049000 0.50813000
0.46555000 0.14624000 0.62995000
0.48785000 0.00322000 0.43046000
0.26516000 0.24225000 0.43262000
0.36281000 0.12773000 0.61144000
0.32378000 0.21693000 0.39386000
0.45073000 0.06505000 0.42272000
0.45071000 0.16412000 0.54747000
0.28220000 0.24491000 0.52773000
0.40941000 0.23394000 0.49844000
0.27006000 0.17340000 0.42425000
0.37631000 0.06555000 0.39050000
0.31460000 0.05581000 0.56673000
0.35625000 0.22400000 0.65734000
0.47415000 0.09541000 0.49902000
0.45259000 0.18190000 0.42408000
0.30098000 0.16274000 0.49645000
0.28757000 0.15415000 0.59460000
0.40840000 0.11675000 0.52529000
0.44199000 0.05421000 0.54495000
0.40141000 0.02417000 0.48415000
0.32551000 0.04024000 0.48813000
0.38158000 0.17391000 0.38814000
0.29636000 0.08201000 0.64065000
0.49861000 0.21094000 0.61756000
0.43200000 0.01314000 0.65440000
0.27358000 0.19521000 0.66534000
0.49503000 0.07689000 0.61264000
0.48917000 0.02539000 0.33639000
0.45268000 0.07606000 0.81938000
0.46318000 0.22788000 0.68588000
0.25918000 0.09083000 0.90933000
0.46233000 0.19017000 0.81152000
0.38439000 0.00829000 0.79211000
0.39710000 0.14003000 0.91513000
0.45190000 0.18745000 0.89698000
0.33546000 0.07370000 0.79470000
0.40742000 0.23161000 0.77464000
0.41349000 0.23459000 0.97085000
0.35245000 0.13204000 0.83155000
0.33517000 0.17002000 0.72228000
0.31757000 0.14714000 0.91185000
0.48376000 0.10813000 0.75653000
0.27463000 0.04745000 0.84348000
0.34367000 0.23586000 0.92391000
0.26114000 0.18658000 0.98115000
0.41495000 0.07673000 0.69601000
0.36043000 0.20782000 0.82625000
0.38466000 0.06271000 0.87192000
0.39843000 0.16060000 0.77511000
0.28793000 0.09430000 0.73645000
0.34764000 0.04476000 0.71668000
0.47729000 0.01788000 0.91471000
0.41823000 0.17135000 0.67761000
0.25766000 0.02209000 0.69716000
0.34990000 0.06237000 0.99860000
0.49364000 0.08762000 0.94985000
0.48845000 0.01682000 0.99365000
0.49784000 0.02542000 0.73356000
0.34748000 0.34674000 0.23650000
0.45808000 0.47016000 0.25238000
0.28442000 0.40351000 0.16086000
0.28235000 0.47745000 0.15591000
0.32146000 0.34037000 0.16624000
0.44304000 0.26687000 0.19727000
0.29783000 0.31846000 0.28895000
0.41283000 0.32298000 0.24698000
0.28818000 0.27479000 0.07975000
0.44315000 0.39615000 0.19027000
0.43993000 0.35887000 0.09525000
0.35402000 0.37677000 0.09418000
0.41073000 0.42633000 0.27808000
0.28252000 0.47444000 0.04962000
0.36412000 0.28490000 0.18771000
0.30783000 0.43228000 0.32315000
0.47269000 0.41503000 0.32141000
0.39599000 0.34403000 0.16427000
0.25134000 0.30141000 0.14762000
0.27033000 0.40710000 0.24289000
0.48575000 0.31991000 0.25104000
0.48585000 0.30360000 0.14272000
0.40302000 0.26858000 0.05845000
0.34368000 0.43854000 0.22734000
0.35177000 0.43557000 0.15139000
0.35569000 0.48134000 0.00640000
0.45989000 0.45698000 0.15871000
0.26622000 0.26357000 0.26468000
0.43315000 0.45711000 0.07160000
0.33252000 0.35069000 0.02460000
0.49551000 0.30540000 0.02973000
0.25312000 0.34490000 0.05645000
0.38830000 0.41670000 0.00665000
0.39702000 0.33285000 0.01729000
0.48029000 0.37313000 0.00677000
0.46866000 0.49765000 0.01401000
0.49930000 0.37966000 0.14811000
0.45082000 0.31502000 0.34271000
0.45448000 0.35105000 0.52113000
0.38515000 0.35967000 0.35751000
0.41639000 0.47254000 0.34963000
0.38378000 0.35152000 0.46707000
0.32490000 0.38571000 0.63449000
0.46973000 0.44660000 0.62815000
0.48432000 0.39363000 0.58250000
0.27411000 0.33327000 0.51752000
0.45278000 0.31372000 0.59078000
0.41691000 0.39931000 0.42255000
0.33367000 0.37692000 0.55391000
0.38499000 0.34465000 0.64861000
0.30329000 0.26849000 0.59603000
0.38320000 0.47014000 0.41951000
0.28061000 0.31459000 0.43064000
0.44916000 0.49318000 0.53815000
0.37536000 0.29801000 0.38108000
0.44515000 0.29987000 0.45084000
0.33284000 0.25987000 0.46231000
0.40649000 0.46127000 0.58789000
0.26662000 0.44298000 0.60376000
0.29093000 0.45376000 0.45153000
0.41671000 0.45345000 0.49752000
0.29584000 0.32770000 0.65173000
0.37270000 0.29400000 0.60886000
0.34504000 0.45744000 0.63337000
0.33501000 0.39668000 0.43356000
0.47717000 0.41393000 0.50258000
0.49844000 0.31476000 0.65665000
0.44970000 0.38681000 0.66019000
0.49647000 0.25595000 0.56569000
0.43345000 0.25327000 0.38183000
0.38710000 0.41279000 0.67295000
0.34144000 0.26696000 0.78346000
0.38875000 0.45766000 0.88913000
0.38116000 0.41925000 0.76315000
0.37549000 0.29803000 0.94142000
0.25656000 0.47382000 0.81614000
0.32812000 0.44835000 0.72982000
0.42751000 0.47191000 0.94902000
0.42812000 0.28560000 0.71929000
0.33211000 0.37768000 0.92615000
0.37405000 0.39411000 0.86085000
0.33404000 0.29445000 0.69871000
0.26068000 0.38113000 0.86798000
0.42581000 0.39941000 0.92876000
0.41734000 0.34583000 0.83525000
0.46125000 0.31000000 0.91339000
0.30706000 0.26620000 0.86365000
0.28957000 0.49034000 0.67489000
0.45337000 0.43758000 0.80818000
0.44998000 0.47378000 0.69509000
0.48799000 0.48110000 0.89080000
0.32532000 0.49053000 0.93080000
0.29750000 0.42190000 0.82557000
0.47491000 0.40596000 0.73513000
0.38862000 0.48888000 0.73167000
0.28277000 0.29803000 0.94113000
0.49829000 0.41415000 0.87871000
0.28739000 0.36949000 0.71668000
0.41343000 0.28055000 0.85922000
0.30876000 0.32701000 0.82527000
0.36341000 0.35044000 0.75036000
0.48906000 0.44553000 0.97271000
0.26257000 0.40992000 0.93735000
0.48974000 0.27620000 0.84304000
0.49586000 0.30171000 0.73395000
0.25010000 0.46657000 0.97085000
0.49963000 0.27238000 0.96314000
0.34430000 0.60224000 0.08013000
0.30383000 0.72971000 0.08255000
0.29663000 0.70409000 0.17844000
0.44008000 0.70703000 0.10536000
0.35917000 0.50955000 0.21327000
0.36256000 0.72186000 0.03065000
0.27998000 0.57758000 0.08259000
0.41776000 0.59892000 0.18033000
0.34750000 0.66330000 0.13072000
0.48416000 0.66010000 0.17216000
0.47477000 0.74390000 0.00314000
0.30364000 0.55860000 0.21122000
0.29614000 0.65500000 0.08433000
0.42715000 0.69051000 0.28917000
0.26553000 0.58245000 0.30457000
0.32378000 0.70193000 0.25417000
0.29993000 0.62975000 0.18522000
0.44906000 0.56003000 0.12440000
0.40435000 0.57538000 0.04650000
0.45898000 0.73463000 0.24580000
0.26284000 0.66271000 0.25052000
0.42535000 0.66424000 0.21680000
0.44178000 0.51442000 0.20150000
0.45208000 0.62513000 0.10263000
0.25411000 0.50772000 0.27245000
0.38715000 0.65123000 0.04849000
0.43885000 0.56120000 0.25549000
0.36859000 0.57315000 0.23518000
0.39155000 0.62683000 0.28750000
0.35224000 0.50730000 0.30744000
0.45210000 0.53088000 0.33100000
0.35552000 0.74298000 0.32646000
0.39022000 0.50442000 0.14552000
0.25110000 0.69520000 0.10833000
0.27576000 0.68906000 0.35013000
0.34995000 0.73080000 0.57476000
0.32478000 0.63924000 0.54349000
0.43220000 0.54514000 0.59780000
0.41794000 0.71065000 0.56604000
0.33336000 0.52474000 0.61705000
0.34415000 0.59832000 0.48449000
0.27117000 0.52959000 0.37380000
0.28546000 0.58709000 0.58099000
0.40475000 0.55520000 0.38277000
0.30516000 0.68895000 0.48188000
0.36799000 0.72603000 0.49439000
0.39576000 0.50947000 0.64315000
0.33456000 0.62108000 0.41207000
0.39493000 0.65244000 0.59760000
0.33845000 0.56339000 0.35591000
0.45459000 0.59742000 0.49136000
0.43814000 0.52710000 0.46273000
0.31136000 0.53349000 0.53082000
0.37935000 0.65463000 0.35400000
0.43127000 0.69462000 0.39356000
0.32154000 0.67113000 0.63846000
0.41395000 0.64285000 0.43733000
0.44744000 0.61325000 0.63405000
0.32079000 0.51435000 0.45419000
0.28869000 0.73418000 0.53631000
0.44571000 0.70638000 0.46879000
0.45777000 0.58868000 0.41114000
0.48108000 0.74411000 0.41218000
0.49252000 0.65044000 0.37424000
0.42212000 0.71672000 0.65673000
0.25264000 0.56709000 0.51260000
0.48770000 0.66815000 0.51665000
0.49850000 0.55540000 0.62130000
0.37366000 0.61910000 0.66643000
0.32192000 0.70274000 0.96430000
0.41158000 0.65260000 0.90115000
0.25541000 0.74799000 0.70061000
0.25756000 0.65908000 0.67747000
0.30560000 0.71122000 0.80476000
0.47785000 0.59421000 0.89219000
0.27469000 0.65565000 0.99044000
0.49418000 0.68787000 0.94897000
0.27779000 0.64162000 0.78411000
0.40864000 0.74643000 0.95697000
0.39427000 0.57707000 0.89717000
0.47472000 0.72215000 0.77565000
0.35435000 0.61778000 0.79616000
0.46753000 0.61153000 0.98019000
0.48810000 0.63165000 0.75751000
0.34441000 0.62707000 0.96472000
0.32548000 0.60951000 0.88365000
0.37704000 0.56399000 0.71703000
0.43055000 0.64381000 0.70406000
0.31896000 0.62991000 0.70860000
0.42082000 0.60557000 0.82100000
0.36656000 0.51904000 0.84057000
0.44004000 0.55280000 0.97730000
0.47128000 0.58074000 0.71220000
0.27855000 0.53985000 0.90898000
0.29168000 0.67513000 0.89096000
0.43701000 0.54048000 0.78467000
0.38895000 0.68869000 0.77236000
0.31336000 0.56241000 0.81334000
0.43222000 0.66941000 0.98638000
0.46415000 0.68897000 0.87789000
0.37396000 0.70684000 0.88229000
0.33680000 0.71153000 0.72871000
0.30168000 0.55714000 0.72330000
0.25801000 0.60387000 0.70956000
0.29873000 0.56913000 0.99498000
0.41747000 0.81568000 0.29665000
0.31374000 0.90650000 0.01129000
0.30630000 0.87719000 0.11663000
0.40505000 0.86449000 0.07037000
0.43677000 0.91125000 0.12862000
0.38765000 0.97112000 0.19091000
0.31603000 0.97407000 0.03498000
0.43253000 0.92190000 0.23120000
0.33421000 0.81194000 0.11611000
0.31143000 0.80385000 0.03955000
0.44483000 0.94928000 0.00709000
0.44029000 0.78849000 0.10834000
0.25909000 0.97001000 0.09193000
0.38741000 0.83106000 0.21202000
0.32929000 0.87594000 0.20595000
0.26585000 0.92357000 0.22302000
0.48191000 0.77998000 0.17645000
0.38431000 0.97524000 0.10541000
0.46791000 0.84258000 0.25263000
0.39939000 0.82721000 0.00584000
0.49120000 0.75331000 0.32450000
0.28942000 0.81660000 0.24445000
0.47137000 0.84847000 0.00997000
0.32598000 0.94287000 0.28089000
0.28551000 0.77881000 0.17704000
0.36792000 0.76565000 0.08229000
0.28640000 0.87243000 0.28511000
0.48343000 0.98789000 0.07662000
0.39164000 0.91341000 0.30618000
0.25670000 0.76834000 0.09916000
0.37041000 0.75350000 0.20495000
0.27415000 0.75230000 0.01101000
0.37856000 0.92504000 0.58901000
0.32780000 0.86540000 0.64890000
0.28469000 0.88169000 0.36606000
0.36431000 0.84499000 0.46424000
0.47571000 0.97468000 0.60102000
0.39855000 0.87696000 0.54806000
0.29985000 0.78906000 0.66240000
0.44378000 0.91509000 0.47646000
0.42064000 0.96789000 0.33846000
0.40076000 0.78084000 0.59402000
0.29088000 0.95130000 0.53926000
0.45179000 0.90949000 0.60092000
0.41354000 0.78559000 0.42432000
0.30447000 0.78861000 0.43688000
0.33616000 0.81413000 0.58074000
0.40144000 0.93085000 0.42139000
0.48626000 0.84038000 0.46639000
0.44836000 0.98191000 0.51541000
0.37171000 0.96224000 0.51735000
0.44244000 0.79455000 0.51387000
0.30194000 0.88168000 0.50907000
0.33242000 0.94554000 0.64067000
0.39931000 0.85450000 0.62829000
0.33777000 0.95210000 0.42649000
0.29724000 0.81705000 0.34606000
0.34836000 0.88826000 0.40421000
0.44649000 0.84377000 0.37946000
0.46299000 0.86816000 0.53193000
0.28556000 0.99441000 0.63404000
0.46316000 0.78277000 0.64516000
0.48862000 0.95427000 0.36931000
0.33794000 0.98592000 0.33652000
0.35785000 0.84537000 0.33793000
0.36429000 0.99637000 0.66068000
0.39359000 0.99703000 0.57920000
0.36136000 0.85849000 0.82330000
0.27965000 0.90809000 0.86373000
0.29306000 0.87450000 0.79265000
0.36268000 0.91398000 0.92997000
0.44918000 0.85376000 0.68876000
0.27047000 0.78331000 0.83475000
0.42881000 0.96242000 0.83721000
0.27454000 0.81801000 0.96764000
0.34425000 0.96089000 0.82233000
0.47732000 0.95052000 0.73785000
0.30953000 0.98387000 0.75874000
0.41956000 0.76274000 0.81542000
0.34113000 0.98218000 0.92470000
0.34071000 0.78885000 0.87479000
0.41159000 0.99477000 0.90920000
0.37226000 0.81069000 0.70720000
0.34474000 0.82273000 0.94615000
0.41897000 0.89127000 0.80244000
0.28175000 0.91432000 0.71327000
0.45323000 0.85444000 0.88037000
0.46885000 0.76940000 0.86773000
0.32514000 0.77497000 0.78229000
0.43170000 0.91867000 0.90634000
0.40489000 0.94977000 0.70179000
0.38201000 0.99567000 0.98904000
0.28961000 0.76859000 0.92269000
0.35736000 0.89637000 0.72079000
0.29457000 0.87626000 0.92750000
0.26100000 0.84959000 0.68636000
0.26694000 0.97696000 0.91247000
0.48762000 0.94122000 0.83502000
0.25124000 0.84535000 0.84879000
0.25056000 0.93644000 0.79211000
0.68995000 0.16659000 0.05958000
0.50789000 0.23481000 0.33069000
0.52327000 0.17096000 0.26020000
0.62105000 0.02782000 0.20215000
0.64099000 0.15049000 0.12047000
0.69343000 0.07764000 0.28187000
0.64043000 0.14024000 0.24702000
0.55901000 0.07091000 0.26240000
0.63433000 0.22490000 0.23620000
0.51774000 0.15494000 0.09000000
0.73098000 0.07389000 0.11432000
0.57827000 0.02180000 0.30961000
0.73648000 0.20259000 0.01397000
0.67133000 0.02033000 0.09026000
0.61421000 0.05885000 0.08372000
0.72397000 0.13778000 0.15822000
0.62012000 0.12315000 0.32019000
0.54688000 0.14706000 0.17072000
0.67645000 0.06088000 0.16312000
0.52567000 0.21300000 0.14724000
0.59867000 0.18105000 0.29307000
0.72858000 0.04494000 0.04451000
0.56012000 0.13232000 0.02880000
0.60173000 0.09806000 0.19001000
0.62651000 0.20108000 0.03156000
0.58857000 0.22460000 0.09457000
0.59996000 0.19007000 0.17468000
0.66838000 0.09384000 0.05721000
0.69902000 0.22106000 0.21546000
0.53678000 0.03307000 0.06737000
0.56259000 0.10028000 0.11061000
0.74739000 0.03340000 0.29646000
0.70968000 0.22570000 0.32586000
0.73284000 0.11755000 0.04243000
0.63458000 0.01069000 0.01704000
0.74649000 0.00309000 0.21390000
0.72791000 0.10974000 0.57988000
0.73230000 0.23776000 0.41922000
0.51635000 0.13743000 0.44206000
0.55218000 0.06479000 0.36249000
0.52729000 0.23284000 0.46368000
0.54032000 0.04349000 0.53085000
0.69455000 0.06598000 0.50065000
0.66786000 0.14216000 0.38206000
0.61372000 0.05222000 0.46935000
0.61734000 0.08248000 0.39910000
0.57028000 0.04696000 0.65430000
0.70061000 0.06461000 0.37783000
0.66594000 0.23372000 0.65185000
0.60177000 0.09937000 0.53391000
0.52471000 0.17315000 0.52505000
0.57275000 0.11351000 0.61572000
0.63600000 0.00905000 0.53276000
0.64388000 0.03575000 0.62962000
0.63543000 0.19804000 0.57694000
0.55518000 0.14175000 0.34852000
0.60612000 0.17277000 0.47768000
0.73979000 0.19478000 0.51144000
0.71752000 0.00901000 0.46677000
0.57660000 0.24294000 0.52351000
0.65737000 0.11491000 0.62413000
0.70802000 0.12406000 0.50077000
0.56535000 0.23589000 0.61460000
0.56137000 0.19017000 0.41373000
0.65842000 0.21602000 0.38771000
0.73642000 0.02998000 0.66594000
0.74889000 0.00521000 0.58793000
0.74921000 0.14858000 0.43462000
0.59169000 0.13289000 0.73127000
0.54592000 0.10280000 0.83555000
0.66557000 0.00258000 0.77284000
0.62584000 0.07099000 0.78552000
0.61644000 0.00337000 0.84263000
0.62885000 0.12942000 0.99166000
0.62408000 0.18830000 0.72095000
0.58119000 0.23083000 0.79475000
0.60312000 0.08994000 0.92940000
0.74561000 0.05896000 0.91187000
0.70181000 0.20922000 0.71545000
0.68655000 0.10290000 0.82905000
0.67517000 0.07916000 0.93918000
0.64532000 0.20660000 0.84383000
0.72085000 0.16380000 0.85825000
0.57534000 0.02165000 0.97877000
0.55893000 0.06959000 0.74012000
0.60148000 0.15434000 0.83089000
0.67890000 0.16338000 0.78560000
0.52906000 0.18729000 0.83867000
0.51469000 0.18360000 0.73790000
0.70588000 0.09818000 0.74155000
0.63066000 0.22648000 0.92651000
0.52494000 0.20611000 0.95329000
0.68135000 0.03165000 0.86105000
0.68515000 0.16086000 0.92143000
0.51676000 0.12631000 0.68448000
0.57503000 0.15890000 0.92076000
0.50629000 0.14229000 0.89694000
0.71782000 0.13873000 0.67603000
0.67004000 0.40662000 0.17743000
0.68052000 0.46447000 0.21279000
0.58542000 0.38101000 0.11792000
0.50959000 0.37550000 0.22726000
0.74860000 0.47434000 0.07814000
0.57473000 0.31706000 0.07372000
0.71103000 0.27548000 0.15838000
0.62352000 0.43182000 0.27521000
0.57157000 0.26688000 0.31116000
0.53922000 0.41778000 0.02415000
0.54703000 0.44174000 0.28651000
0.73466000 0.43564000 0.16678000
0.62908000 0.48748000 0.10387000
0.71486000 0.39149000 0.11443000
0.59279000 0.46041000 0.20174000
0.67120000 0.33830000 0.11252000
0.54138000 0.33463000 0.30623000
0.62284000 0.36724000 0.05304000
0.67525000 0.28431000 0.33144000
0.55910000 0.31787000 0.15236000
0.60261000 0.31653000 0.22533000
0.69992000 0.41721000 0.31847000
0.61605000 0.27536000 0.14432000
0.66314000 0.28750000 0.22862000
0.55048000 0.45778000 0.08993000
0.71069000 0.34880000 0.04297000
0.59363000 0.38970000 0.21327000
0.66492000 0.28590000 0.02089000
0.55280000 0.26030000 0.03070000
0.69882000 0.33984000 0.28063000
0.57182000 0.26030000 0.21189000
0.63267000 0.36865000 0.29225000
0.61581000 0.47529000 0.02835000
0.52933000 0.43243000 0.19681000
0.61914000 0.48128000 0.31935000
0.66394000 0.42634000 0.00798000
0.52326000 0.49954000 0.16008000
0.61632000 0.49640000 0.54784000
0.55536000 0.47710000 0.52867000
0.53389000 0.27886000 0.39105000
0.52439000 0.34463000 0.53772000
0.66319000 0.27162000 0.51755000
0.73157000 0.40216000 0.45071000
0.71812000 0.41896000 0.56253000
0.74827000 0.29661000 0.36300000
0.52543000 0.48155000 0.65456000
0.60847000 0.32857000 0.40986000
0.50387000 0.39121000 0.40110000
0.59514000 0.36647000 0.63709000
0.54582000 0.32360000 0.46633000
0.72518000 0.45111000 0.38867000
0.60162000 0.41801000 0.49080000
0.56587000 0.42291000 0.57579000
0.64162000 0.40644000 0.55900000
0.56876000 0.42684000 0.37176000
0.64629000 0.33238000 0.52446000
0.58875000 0.29996000 0.59588000
0.66723000 0.29405000 0.60682000
0.69445000 0.31551000 0.41456000
0.72553000 0.33931000 0.56241000
0.73099000 0.46677000 0.51124000
0.64118000 0.41507000 0.42509000
0.71575000 0.47232000 0.62910000
0.68173000 0.49959000 0.42481000
0.51003000 0.45453000 0.41740000
0.60313000 0.26128000 0.40084000
0.74792000 0.27945000 0.64656000
0.61062000 0.46555000 0.78745000
0.66363000 0.31528000 0.68520000
0.67067000 0.45949000 0.93950000
0.65421000 0.39995000 0.84883000
0.66371000 0.46004000 0.69675000
0.71351000 0.38017000 0.97333000
0.62448000 0.26030000 0.72548000
0.68257000 0.46565000 0.85433000
0.58638000 0.29760000 0.81100000
0.55238000 0.32132000 0.98470000
0.68087000 0.38294000 0.77467000
0.68627000 0.26076000 0.88974000
0.63070000 0.32489000 0.95663000
0.52259000 0.35738000 0.85536000
0.57281000 0.39012000 0.94837000
0.60610000 0.44344000 0.90151000
0.56743000 0.46655000 0.97688000
0.74708000 0.44442000 0.99497000
0.58930000 0.44499000 0.67839000
0.58624000 0.39815000 0.81651000
0.68428000 0.35883000 0.90579000
0.59599000 0.29495000 0.89557000
0.56371000 0.28398000 0.68917000
0.60791000 0.36581000 0.72742000
0.55490000 0.46173000 0.84128000
0.65352000 0.30683000 0.80413000
0.69724000 0.38869000 0.68360000
0.74823000 0.40556000 0.75994000
0.74786000 0.44525000 0.90777000
0.51966000 0.37474000 0.68080000
0.74422000 0.30265000 0.99415000
0.51161000 0.35538000 0.77452000
0.71040000 0.25026000 0.77410000
0.74833000 0.32592000 0.71125000
0.74931000 0.28548000 0.85200000
0.51206000 0.58735000 0.06928000
0.68906000 0.53439000 0.05322000
0.65966000 0.63114000 0.12366000
0.54765000 0.72416000 0.27173000
0.58331000 0.66636000 0.28148000
0.60216000 0.73434000 0.21453000
0.57642000 0.57861000 0.18955000
0.67342000 0.70045000 0.13546000
0.58765000 0.63482000 0.14326000
0.57761000 0.53813000 0.01054000
0.71966000 0.72396000 0.26345000
0.67965000 0.52011000 0.14062000
0.73753000 0.67377000 0.32996000
0.67637000 0.64312000 0.01286000
0.64923000 0.59987000 0.18995000
0.71395000 0.52459000 0.25310000
0.58974000 0.54617000 0.10651000
0.56607000 0.62379000 0.03336000
0.71264000 0.63065000 0.22019000
0.70018000 0.60043000 0.07084000
0.51794000 0.55041000 0.22753000
0.64134000 0.69008000 0.06227000
0.58212000 0.71142000 0.11473000
0.61211000 0.60221000 0.26014000
0.64047000 0.67930000 0.23492000
0.62757000 0.72355000 0.31744000
0.53058000 0.62544000 0.24819000
0.70526000 0.59673000 0.30347000
0.71425000 0.55872000 0.18468000
0.58277000 0.52556000 0.25191000
0.55201000 0.55942000 0.31491000
0.50531000 0.71551000 0.06881000
0.66012000 0.53619000 0.31745000
0.51830000 0.55600000 0.53273000
0.60474000 0.56399000 0.36536000
0.69153000 0.70502000 0.39716000
0.71103000 0.65645000 0.45382000
0.54587000 0.72688000 0.44169000
0.68595000 0.58505000 0.48994000
0.55811000 0.67715000 0.49943000
0.53807000 0.62440000 0.60842000
0.66789000 0.62562000 0.39398000
0.62880000 0.72744000 0.46271000
0.64380000 0.51846000 0.48668000
0.64969000 0.66931000 0.51361000
0.72358000 0.71777000 0.62161000
0.72781000 0.73630000 0.46544000
0.72921000 0.54389000 0.43918000
0.63912000 0.59865000 0.56250000
0.56896000 0.58030000 0.47588000
0.60049000 0.64961000 0.44787000
0.72335000 0.64830000 0.58434000
0.57416000 0.53907000 0.59249000
0.72401000 0.54956000 0.57048000
0.58395000 0.68073000 0.58895000
0.55740000 0.61537000 0.36581000
0.65794000 0.61205000 0.63190000
0.50458000 0.68085000 0.62834000
0.52445000 0.72426000 0.57209000
0.62445000 0.50289000 0.63735000
0.66999000 0.67298000 0.65577000
0.74986000 0.62849000 0.51534000
0.51248000 0.50402000 0.33430000
0.59806000 0.70430000 0.67296000
0.65956000 0.72307000 0.83532000
0.54444000 0.52431000 0.94517000
0.58387000 0.61362000 0.66909000
0.73889000 0.53667000 0.74422000
0.61958000 0.68674000 0.90632000
0.59061000 0.56937000 0.80315000
0.69450000 0.53267000 0.85354000
0.54095000 0.72298000 0.69869000
0.66410000 0.56411000 0.68662000
0.72593000 0.61108000 0.93571000
0.72088000 0.67782000 0.82146000
0.52724000 0.63561000 0.83816000
0.62013000 0.66673000 0.81587000
0.59244000 0.53771000 0.70839000
0.61754000 0.71397000 0.98374000
0.55533000 0.59594000 0.74010000
0.64569000 0.71492000 0.74362000
0.64606000 0.55044000 0.76829000
0.62730000 0.62396000 0.88382000
0.58596000 0.55095000 0.87790000
0.56180000 0.67309000 0.76564000
0.54287000 0.63090000 0.93729000
0.60640000 0.58332000 0.94935000
0.54574000 0.73915000 0.80553000
0.73019000 0.62681000 0.71846000
0.66307000 0.62001000 0.75659000
0.50315000 0.53018000 0.79004000
0.70764000 0.67626000 0.91039000
0.74962000 0.51395000 0.95496000
0.67039000 0.85108000 0.14584000
0.57757000 0.78897000 0.16127000
0.50567000 0.99208000 0.21457000
0.59294000 0.90406000 0.28388000
0.62566000 0.78302000 0.27968000
0.52447000 0.93897000 0.29115000
0.60141000 0.85651000 0.03841000
0.53493000 0.82558000 0.06405000
0.65601000 0.90574000 0.08183000
0.64705000 0.96316000 0.13203000
0.52136000 0.95843000 0.02421000
0.69578000 0.77875000 0.17701000
0.61238000 0.95595000 0.21755000
0.56156000 0.90492000 0.15576000
0.59738000 0.94180000 0.07540000
0.72490000 0.96015000 0.02964000
0.57018000 0.99122000 0.14960000
0.73579000 0.89310000 0.17170000
0.62386000 0.77172000 0.07537000
0.71531000 0.86757000 0.06662000
0.65130000 0.88438000 0.23011000
0.68605000 0.95097000 0.20385000
0.54816000 0.81002000 0.24973000
0.60823000 0.85556000 0.16431000
0.68931000 0.82122000 0.31780000
0.50715000 0.94693000 0.14303000
0.73170000 0.96180000 0.12286000
0.69809000 0.75684000 0.03906000
0.62138000 0.96557000 0.31077000
0.53896000 0.90712000 0.07518000
0.72854000 0.80445000 0.09916000
0.51111000 0.89589000 0.21665000
0.66314000 0.84344000 0.00811000
0.55287000 0.75622000 0.02993000
0.65698000 0.87727000 0.33164000
0.55612000 0.95619000 0.39830000
0.59026000 0.80474000 0.51605000
0.57718000 0.85114000 0.35753000
0.52784000 0.85547000 0.59349000
0.71767000 0.84017000 0.52616000
0.64835000 0.92888000 0.45720000
0.55987000 0.86219000 0.47985000
0.68427000 0.94760000 0.54576000
0.74551000 0.86327000 0.34590000
0.69876000 0.79502000 0.40444000
0.68718000 0.83241000 0.61465000
0.59308000 0.97694000 0.63605000
0.66255000 0.98461000 0.37805000
0.67708000 0.75123000 0.57525000
0.73196000 0.96288000 0.33925000
0.66701000 0.78316000 0.49796000
0.61006000 0.90739000 0.54059000
0.60393000 0.86532000 0.61242000
0.64781000 0.85667000 0.51691000
0.57303000 0.97028000 0.54841000
0.51303000 0.80966000 0.36085000
0.61621000 0.89634000 0.39455000
0.54206000 0.90485000 0.54073000
0.57782000 0.77642000 0.39769000
0.69625000 0.89147000 0.40434000
0.52073000 0.78356000 0.54852000
0.53553000 0.97626000 0.47456000
0.50831000 0.91638000 0.64110000
0.60572000 0.99611000 0.42861000
0.74018000 0.94246000 0.43867000
0.74521000 0.91634000 0.53109000
0.59458000 0.75133000 0.60408000
0.50622000 0.88470000 0.33867000
0.52212000 0.97716000 0.66505000
0.74982000 0.85687000 0.43738000
0.60598000 0.77753000 0.92941000
0.53110000 0.79002000 0.67363000
0.63531000 0.83724000 0.85319000
0.67585000 0.96288000 0.95801000
0.55140000 0.98105000 0.79965000
0.55488000 0.84638000 0.93928000
0.67205000 0.95148000 0.87088000
0.65416000 0.88242000 0.79938000
0.59685000 0.85435000 0.77764000
0.72768000 0.85795000 0.97464000
0.52853000 0.77734000 0.96113000
0.62520000 0.88371000 0.91679000
0.72530000 0.86295000 0.85884000
0.51925000 0.81857000 0.76653000
0.51575000 0.84967000 0.84839000
0.54033000 0.90177000 0.73009000
0.70802000 0.87996000 0.72509000
0.73991000 0.80467000 0.81109000
0.66985000 0.92864000 0.66954000
0.61145000 0.78863000 0.75747000
0.51946000 0.96236000 0.94565000
0.68324000 0.83948000 0.91703000
0.65318000 0.77004000 0.68724000
0.59549000 0.92270000 0.79834000
0.70533000 0.78590000 0.96616000
0.71906000 0.93039000 0.82387000
0.72230000 0.90766000 0.91401000
0.57812000 0.97165000 0.90627000
0.61500000 0.86263000 0.69784000
0.54834000 0.79051000 0.87283000
0.57339000 0.96354000 0.72202000
0.53180000 0.89745000 0.97746000
0.67848000 0.78771000 0.87143000
0.62462000 0.92497000 0.99156000
0.92673000 0.21376000 0.28402000
0.91971000 0.19233000 0.13930000
0.96931000 0.06571000 0.10512000
0.85366000 0.02178000 0.04493000
0.81213000 0.13509000 0.06989000
0.94745000 0.07961000 0.25033000
0.82092000 0.22768000 0.10949000
0.85099000 0.02915000 0.28484000
0.79887000 0.07999000 0.03590000
0.90869000 0.11790000 0.20600000
0.82240000 0.18062000 0.27455000
0.85125000 0.19765000 0.18525000
0.92423000 0.12737000 0.06565000
0.84069000 0.10409000 0.27947000
0.84184000 0.06816000 0.19967000
0.91237000 0.02356000 0.16476000
0.77492000 0.14541000 0.21397000
0.82899000 0.12768000 0.14630000
0.89821000 0.06905000 0.10475000
0.88985000 0.07975000 0.01899000
0.97401000 0.19833000 0.19439000
0.99521000 0.09575000 0.18479000
0.78066000 0.04761000 0.16695000
0.79334000 0.02487000 0.09696000
0.99540000 0.03472000 0.03058000
0.92919000 0.14076000 0.29397000
0.98630000 0.24571000 0.32409000
0.75682000 0.21420000 0.14516000
0.90197000 0.06384000 0.32852000
0.92141000 0.23887000 0.19967000
0.99617000 0.18758000 0.00406000
0.75965000 0.08596000 0.23761000
0.99320000 0.11693000 0.04675000
0.80280000 0.12366000 0.58424000
0.92978000 0.08580000 0.61241000
0.75171000 0.19050000 0.65000000
0.80475000 0.18884000 0.54482000
0.80660000 0.17971000 0.46480000
0.76038000 0.04226000 0.41893000
0.82839000 0.14866000 0.39109000
0.82702000 0.19580000 0.61998000
0.85731000 0.09070000 0.62206000
0.92283000 0.23859000 0.56697000
0.80350000 0.00572000 0.47605000
0.94189000 0.20109000 0.64748000
0.89726000 0.04551000 0.43108000
0.93146000 0.05741000 0.50968000
0.90796000 0.14425000 0.42714000
0.86687000 0.23952000 0.44470000
0.96358000 0.23560000 0.46509000
0.94669000 0.01879000 0.60311000
0.99639000 0.18518000 0.37860000
0.96998000 0.14631000 0.53191000
0.85601000 0.13218000 0.48747000
0.78651000 0.09048000 0.48056000
0.94943000 0.09034000 0.40538000
0.89732000 0.17205000 0.55421000
0.79410000 0.05029000 0.56328000
0.88261000 0.20971000 0.37994000
0.79013000 0.07001000 0.66226000
0.80874000 0.04569000 0.35292000
0.76486000 0.23998000 0.58400000
0.85966000 0.03302000 0.53567000
0.95906000 0.01787000 0.41050000
0.76655000 0.19097000 0.35051000
0.99661000 0.20366000 0.57742000
0.88922000 0.03006000 0.66545000
0.75885000 0.15949000 0.78205000
0.82728000 0.17693000 0.74328000
0.99534000 0.12451000 0.78762000
0.96579000 0.23250000 0.82444000
0.95553000 0.06143000 0.82360000
0.85792000 0.11128000 0.75251000
0.87564000 0.07865000 0.82749000
0.83168000 0.15194000 0.88096000
0.91059000 0.09149000 0.70251000
0.94590000 0.03656000 0.73150000
0.84887000 0.09995000 0.96231000
0.98071000 0.18184000 0.92054000
0.87813000 0.17293000 0.68356000
0.95766000 0.12831000 0.87384000
0.94181000 0.23234000 0.94577000
0.90119000 0.18438000 0.84694000
0.84199000 0.20097000 0.81698000
0.90205000 0.16113000 0.77827000
0.87496000 0.04478000 0.75989000
0.77302000 0.01956000 0.75478000
0.94934000 0.12971000 0.96684000
0.75164000 0.13863000 0.93985000
0.97763000 0.11381000 0.71369000
0.78123000 0.03377000 0.97401000
0.84128000 0.02055000 0.87073000
0.77944000 0.23207000 0.92524000
0.76839000 0.08219000 0.81704000
0.77877000 0.10277000 0.74348000
0.95573000 0.00485000 0.88907000
0.89410000 0.16984000 0.99455000
0.83197000 0.21185000 0.98422000
0.92633000 0.02146000 0.99931000
0.97731000 0.43112000 0.09875000
0.84646000 0.26173000 0.22271000
0.84615000 0.47075000 0.14904000
0.86351000 0.34626000 0.17966000
0.92415000 0.45197000 0.00431000
0.95420000 0.27873000 0.00189000
0.97809000 0.39406000 0.01836000
0.75280000 0.31054000 0.09840000
0.77851000 0.47692000 0.23755000
0.90837000 0.30546000 0.32765000
0.77729000 0.27711000 0.25504000
0.87068000 0.31524000 0.25569000
0.89553000 0.37865000 0.02420000
0.91911000 0.30877000 0.13685000
0.84652000 0.46184000 0.25592000
0.79963000 0.37821000 0.22039000
0.95588000 0.37828000 0.22078000
0.87115000 0.26965000 0.03548000
0.94795000 0.35379000 0.07458000
0.76914000 0.39540000 0.05413000
0.81336000 0.49867000 0.08054000
0.91514000 0.46068000 0.08645000
0.95989000 0.43054000 0.28202000
0.82465000 0.32471000 0.10794000
0.86275000 0.38031000 0.11663000
0.93122000 0.38852000 0.14777000
0.81530000 0.35456000 0.01681000
0.91521000 0.43887000 0.21215000
0.80513000 0.31338000 0.18972000
0.76786000 0.37824000 0.29951000
0.76531000 0.36205000 0.15567000
0.92019000 0.48861000 0.27494000
0.78648000 0.25759000 0.02387000
0.83495000 0.42699000 0.32764000
0.84991000 0.25316000 0.30169000
0.82448000 0.26628000 0.64739000
0.96108000 0.38807000 0.50160000
0.92528000 0.26086000 0.40521000
0.98465000 0.33382000 0.60668000
0.86085000 0.37177000 0.54426000
0.85872000 0.35272000 0.34132000
0.80845000 0.28756000 0.41885000
0.79929000 0.49253000 0.51016000
0.95431000 0.37238000 0.34799000
0.86386000 0.45638000 0.44906000
0.96139000 0.29981000 0.54390000
0.80532000 0.40710000 0.55869000
0.79036000 0.42674000 0.41726000
0.90807000 0.33754000 0.49879000
0.84300000 0.27892000 0.50519000
0.90621000 0.33215000 0.40771000
0.82248000 0.35944000 0.45690000
0.97477000 0.43938000 0.56089000
0.80448000 0.33145000 0.53869000
0.77988000 0.35657000 0.64182000
0.93500000 0.43862000 0.41312000
0.86281000 0.31618000 0.61222000
0.86841000 0.44442000 0.53168000
0.97254000 0.46517000 0.47614000
0.93372000 0.29267000 0.62501000
0.89154000 0.40821000 0.62879000
0.86897000 0.47822000 0.62060000
0.77068000 0.25322000 0.49309000
0.96183000 0.36049000 0.77417000
0.90408000 0.32037000 0.79922000
0.92502000 0.41456000 0.91544000
0.87400000 0.36379000 0.86941000
0.83904000 0.46239000 0.72315000
0.82611000 0.28397000 0.87431000
0.90674000 0.34781000 0.93743000
0.88229000 0.41667000 0.77190000
0.95438000 0.28306000 0.70347000
0.80143000 0.38272000 0.93907000
0.86747000 0.28076000 0.73048000
0.83261000 0.34038000 0.69570000
0.82566000 0.44044000 0.82435000
0.77349000 0.48289000 0.78867000
0.99116000 0.32891000 0.96354000
0.82346000 0.30520000 0.79265000
0.92852000 0.38820000 0.83553000
0.95086000 0.29443000 0.87081000
0.77928000 0.25577000 0.71442000
0.86138000 0.29562000 0.94780000
0.77872000 0.39081000 0.86433000
0.75532000 0.34786000 0.80061000
0.91853000 0.38132000 0.70687000
0.90271000 0.49711000 0.87366000
0.76961000 0.32405000 0.90946000
0.89323000 0.25595000 0.85526000
0.76971000 0.49172000 0.69360000
0.82758000 0.37324000 0.76715000
0.98516000 0.45467000 0.92354000
0.84940000 0.45819000 0.98923000
0.96313000 0.45005000 0.67758000
0.93513000 0.45605000 0.81082000
0.75533000 0.70579000 0.13345000
0.77270000 0.50045000 0.33216000
0.84988000 0.54436000 0.18820000
0.90236000 0.58820000 0.17849000
0.91685000 0.65353000 0.13228000
0.96798000 0.67072000 0.26924000
0.77799000 0.59398000 0.25459000
0.88461000 0.73270000 0.29645000
0.94139000 0.58952000 0.10626000
0.80063000 0.62265000 0.16863000
0.85561000 0.68533000 0.14434000
0.77107000 0.58052000 0.11583000
0.92284000 0.69414000 0.20395000
0.81008000 0.73441000 0.09156000
0.97539000 0.56784000 0.21624000
0.92838000 0.72945000 0.07128000
0.90901000 0.56163000 0.29686000
0.76105000 0.53594000 0.05998000
0.82216000 0.53513000 0.29086000
0.79684000 0.70418000 0.27038000
0.86403000 0.56953000 0.09493000
0.99035000 0.50846000 0.15895000
0.91714000 0.63522000 0.05342000
0.84083000 0.64105000 0.24797000
0.97072000 0.52420000 0.30323000
0.98816000 0.55755000 0.01808000
0.85722000 0.66656000 0.01334000
0.76549000 0.51900000 0.15330000
0.90488000 0.52339000 0.12861000
0.77075000 0.74049000 0.20716000
0.75080000 0.66285000 0.04124000
0.87072000 0.56855000 0.54244000
0.93130000 0.61019000 0.52095000
0.77995000 0.69248000 0.46639000
0.96148000 0.72143000 0.63852000
0.84854000 0.73384000 0.62055000
0.82213000 0.68763000 0.35233000
0.78331000 0.59247000 0.45706000
0.92202000 0.62288000 0.62160000
0.83514000 0.62881000 0.53884000
0.93170000 0.64293000 0.43713000
0.90382000 0.52190000 0.46936000
0.92730000 0.58069000 0.40122000
0.86132000 0.67012000 0.60164000
0.97085000 0.54137000 0.49466000
0.97163000 0.66529000 0.57026000
0.77885000 0.52787000 0.62450000
0.84975000 0.56466000 0.44207000
0.82515000 0.64175000 0.41182000
0.79388000 0.52707000 0.40111000
0.77596000 0.60027000 0.58733000
0.89702000 0.63146000 0.35564000
0.96914000 0.71822000 0.44262000
0.90213000 0.71957000 0.47936000
0.94242000 0.51710000 0.39685000
0.98754000 0.67148000 0.38135000
0.78070000 0.67621000 0.62736000
0.85305000 0.54197000 0.63727000
0.75626000 0.71728000 0.54565000
0.84425000 0.74029000 0.42357000
0.82282000 0.61666000 0.33421000
0.75426000 0.60760000 0.38189000
0.87932000 0.50322000 0.33493000
0.76090000 0.71873000 0.77360000
0.78401000 0.64800000 0.90870000
0.95443000 0.55313000 0.71309000
0.85111000 0.73343000 0.84376000
0.88228000 0.59427000 0.75102000
0.81697000 0.66874000 0.70392000
0.96740000 0.68033000 0.96397000
0.87347000 0.57991000 0.89947000
0.79414000 0.56217000 0.89277000
0.82259000 0.62660000 0.78933000
0.88941000 0.67812000 0.92662000
0.77215000 0.70849000 0.97324000
0.77102000 0.74672000 0.88434000
0.93614000 0.55724000 0.89796000
0.75698000 0.55256000 0.82670000
0.96983000 0.65838000 0.76117000
0.92654000 0.66425000 0.69085000
0.91381000 0.67771000 0.82609000
0.93893000 0.62686000 0.91313000
0.83403000 0.51908000 0.94283000
0.86585000 0.71760000 0.76318000
0.78948000 0.56395000 0.97761000
0.94949000 0.58952000 0.81796000
0.96013000 0.73012000 0.85609000
0.84431000 0.52373000 0.77524000
0.76639000 0.57555000 0.66975000
0.98896000 0.51411000 0.82086000
0.98247000 0.53313000 0.94483000
0.77441000 0.72112000 0.68546000
0.86653000 0.61472000 0.67480000
0.90959000 0.50576000 0.75097000
0.91834000 0.71311000 0.99029000
0.90563000 0.55209000 0.99893000
0.92042000 0.50657000 0.66699000
0.91281000 0.74903000 0.92987000
0.82921000 0.50061000 0.85537000
0.82086000 0.95117000 0.12761000
0.85886000 0.98617000 0.20176000
0.98807000 0.99253000 0.08624000
0.82816000 0.95869000 0.26369000
0.97383000 0.81983000 0.30317000
0.94778000 0.85545000 0.09794000
0.94950000 0.88653000 0.01570000
0.96862000 0.92220000 0.09209000
0.94297000 0.90818000 0.15931000
0.87259000 0.82535000 0.12067000
0.95709000 0.75287000 0.18366000
0.88500000 0.91755000 0.03728000
0.96315000 0.79400000 0.11953000
0.87123000 0.91813000 0.17188000
0.80165000 0.88920000 0.22888000
0.94343000 0.97934000 0.26333000
0.83600000 0.76707000 0.15661000
0.90808000 0.84832000 0.18428000
0.93974000 0.76746000 0.26319000
0.89478000 0.81184000 0.32820000
0.87281000 0.78233000 0.23366000
0.79801000 0.92871000 0.02078000
0.76802000 0.81684000 0.19732000
0.77046000 0.76201000 0.03412000
0.84360000 0.85039000 0.29237000
0.78289000 0.89018000 0.09596000
0.90766000 0.97337000 0.08077000
0.92674000 0.89838000 0.23759000
0.82908000 0.86785000 0.03462000
0.75871000 0.91637000 0.29152000
0.98702000 0.82250000 0.22516000
0.82302000 0.77614000 0.29477000
0.93893000 0.81300000 0.00156000
0.75132000 0.79577000 0.30703000
0.99966000 0.96607000 0.16366000
0.83872000 0.88326000 0.47752000
0.79841000 0.78175000 0.57182000
0.81721000 0.88040000 0.38053000
0.99755000 0.85202000 0.62306000
0.95293000 0.90543000 0.54292000
0.84187000 0.81559000 0.49800000
0.96871000 0.89375000 0.34309000
0.85144000 0.96561000 0.61002000
0.91728000 0.95424000 0.34050000
0.79305000 0.78038000 0.37130000
0.78902000 0.77094000 0.48340000
0.93953000 0.86679000 0.40635000
0.93666000 0.82373000 0.62274000
0.79034000 0.85352000 0.54624000
0.99323000 0.92381000 0.41655000
0.87931000 0.81531000 0.42955000
0.90021000 0.76546000 0.65210000
0.78471000 0.86133000 0.66251000
0.99799000 0.95221000 0.64278000
0.91481000 0.96304000 0.47540000
0.76793000 0.94682000 0.62558000
0.84896000 0.99224000 0.41291000
0.85561000 0.87768000 0.58170000
0.91766000 0.80044000 0.51014000
0.92291000 0.89492000 0.63569000
0.81766000 0.95214000 0.35341000
0.93523000 0.76923000 0.40541000
0.84509000 0.90889000 0.66484000
0.86697000 0.93640000 0.89325000
0.85618000 0.82581000 0.75286000
0.90390000 0.97000000 0.71480000
0.97400000 0.81471000 0.76091000
0.90811000 0.77859000 0.75269000
0.81238000 0.77128000 0.77775000
0.78071000 0.79598000 0.67215000
0.84550000 0.94221000 0.73562000
0.83066000 0.86248000 0.95342000
0.88417000 0.79771000 0.83835000
0.91135000 0.92051000 0.95497000
0.99543000 0.79697000 0.93857000
0.90053000 0.83677000 0.92717000
0.79937000 0.87411000 0.82094000
0.96054000 0.80187000 0.86135000
0.92569000 0.94772000 0.82844000
0.78973000 0.80861000 0.91545000
0.77995000 0.99038000 0.89016000
0.96786000 0.93491000 0.74383000
0.80841000 0.88078000 0.73836000
0.91156000 0.86604000 0.75521000
0.97477000 0.86485000 0.70933000
0.88315000 0.84049000 0.67075000
0.83769000 0.75430000 0.69416000
0.80058000 0.99567000 0.68386000
0.76429000 0.93982000 0.75494000
0.95930000 0.96357000 0.96118000
0.87583000 0.87206000 0.83490000
0.81525000 0.93900000 0.83060000
0.85659000 0.98211000 0.95404000
0.87801000 0.98119000 0.79185000
0.81538000 0.76484000 0.97058000
0.79000000 0.91991000 0.89657000
0.77231000 0.96448000 0.96080000
0.87298000 0.80491000 0.98932000
