Simulation began at: 2022-12-02 20:44:03.087685

Box details:
	cell parameters = 52.79450 54.79430 45.19530
	cell volume = 130742.65416 Å^3
	Ca number density = 0.01239075

Lennard-Jones parameters set:
	eps = 0.00950718 eV
	sigma = 3.75849720 Å

Gaussian parameters set:
	eps = 0.03968365 eV
	H = -0.05979992 eV # See LAMMPS documentation
	r0 = 5.99124646 Å
	sigma = 0.60117255 Å

Gaussian (II) parameters set:
	eps = -0.03112717 eV
	H = 0.07261839 eV # See LAMMPS documentation
	r0 = 5.91965995 Å
	sigma = 0.93071570 Å

Performing Monte-Carlo simulation.
	Max moves = 8000000
	Max accepted moves = 4000000
	Temperature = 300 K
	Max translation = 0.1 Å
	Energy(start) = 778781728.28681 eV
	Number of cores = 48


Tracking simulation progress:
nmoves, naccept, nboltzmann, nhardspherereject, nreject | curr_e, hs_violations
-------------------------------------------------------------------------------
         0          0          0          0          0 | 778781728.28681386            -
     10000       5739        745          0       4261 | 74833.50204728            -
     20000      11484       1724          0       8516 | 912.26865732            -
     30000      17496       2886          0      12504 |  67.81371145            -
     40000      23627       4311          0      16373 |   9.83339654            -
     50000      29938       6009          0      20062 |   2.67528221            -
     60000      36541       8088          0      23459 |   1.18336135            -
     70000      43410      10475          0      26590 |   0.43623299            -
     80000      50556      13228          0      29444 |   0.22416616            -
     90000      57929      16274          0      32071 |   0.11257533            -
    100000      65599      19548          0      34401 |   0.07211749            -
    110000      73386      22975          0      36614 |   0.05007637            -
    120000      81361      26659          0      38639 |   0.03723659            -
    130000      89433      30363          0      40567 |   0.02927476            -
    140000      97612      34263          0      42388 |   0.02506068            -
    150000     105868      38150          0      44132 |   0.02115943            -
    160000     114216      42261          0      45784 |   0.01886362            -
    170000     122567      46280          0      47433 |   0.01673595            -
    180000     130998      50360          0      49002 |   0.01517531            -
    190000     139393      54437          0      50607 |   0.01354126            -
    200000     147812      58602          0      52188 |   0.01263350            -
    210000     156295      62719          0      53705 |   0.01147503            -
    220000     164840      66977          0      55160 |   0.01094678            -
    230000     173328      71142          0      56672 |   0.01019172            -
    240000     181917      75346          0      58083 |   0.00941998            -
    250000     190445      79584          0      59555 |   0.00908194            -
    260000     199001      83864          0      60999 |   0.00862458            -
    270000     207576      88056          0      62424 |   0.00798498            -
    280000     216180      92277          0      63820 |   0.00729784            -
    290000     224811      96491          0      65189 |   0.00631136            -
    300000     233408     100819          0      66592 |   0.00648866            -
    310000     241993     105078          0      68007 |   0.00616616            -
    320000     250729     109381          0      69271 |   0.00604532            -
    330000     259353     113619          0      70647 |   0.00568717            -
    340000     267978     117888          0      72022 |   0.00506748            -
    350000     276565     122128          0      73435 |   0.00513463            -
    360000     285220     126431          0      74780 |   0.00476626            -
    370000     293853     130646          0      76147 |   0.00378357            -
    380000     302570     134951          0      77430 |   0.00379701            -
    390000     311235     139300          0      78765 |   0.00316378            -
    400000     319911     143686          0      80089 |   0.00341827            -
    410000     328649     148064          0      81351 |   0.00349980            -
    420000     337376     152400          0      82624 |   0.00296531            -
    430000     346114     156750          0      83886 |   0.00287240            -
    440000     354739     161103          0      85261 |   0.00257895            -
    450000     363457     165474          0      86543 |   0.00292289            -
    460000     372189     169825          0      87811 |   0.00283181            -
    470000     380972     174233          0      89028 |   0.00243834            -
    480000     389676     178620          0      90324 |   0.00214933            -
    490000     398379     182978          0      91621 |   0.00193351            -
    500000     407147     187320          0      92853 |   0.00162701            -
    510000     415874     191752          0      94126 |   0.00193789            -
    520000     424587     196153          0      95413 |   0.00205393            -
    530000     433327     200511          0      96673 |   0.00115976            -
    540000     442061     204911          0      97939 |   0.00146742            -
    550000     450796     209222          0      99204 |   0.00094830            -
    560000     459546     213587          0     100454 |   0.00083855            -
    570000     468316     218025          0     101684 |   0.00109285            -
    580000     476994     222325          0     103006 |   0.00112529            -
    590000     485707     226684          0     104293 |   0.00104218            -
    600000     494435     231010          0     105565 |   0.00084306            -
    610000     503202     235383          0     106798 |   0.00072649            -
    620000     511979     239810          0     108021 |   0.00096869            -
    630000     520739     244164          0     109261 |   0.00050854            -
    640000     529526     248541          0     110474 |   0.00035280            -
    650000     538339     252968          0     111661 |   0.00080789            -
    660000     547074     257373          0     112926 |   0.00118756            -
    670000     555817     261738          0     114183 |   0.00101890            -
    680000     564606     266098          0     115394 |   0.00070570            -
    690000     573362     270490          0     116638 |   0.00057374            -
    700000     582140     274868          0     117860 |   0.00082928            -
    710000     590925     279242          0     119075 |   0.00033347            -
    720000     599718     283624          0     120282 |   0.00037383            -
    730000     608522     288086          0     121478 |   0.00043883            -
    740000     617302     292458          0     122698 |   0.00036069            -
    750000     626038     296822          0     123962 |   0.00043327            -
    760000     634801     301197          0     125199 |   0.00019232            -
    770000     643563     305603          0     126437 |   0.00033581            -
    780000     652368     309925          0     127632 |  -0.00022199            -
    790000     661133     314325          0     128867 |   0.00007264            -
    800000     669939     318753          0     130061 |   0.00065794            -
    810000     678734     323073          0     131266 |   0.00016973            -
    820000     687504     327481          0     132496 |   0.00060562            -
    830000     696281     331778          0     133719 |   0.00002812            -
    840000     705069     336140          0     134931 |   0.00007308            -
    850000     713873     340471          0     136127 |  -0.00029967            -
    860000     722744     344883          0     137256 |  -0.00075653            -
    870000     731524     349267          0     138476 |  -0.00101271            -
    880000     740340     353690          0     139660 |  -0.00080675            -
    890000     749106     358080          0     140894 |  -0.00047620            -
    900000     757881     362423          0     142119 |  -0.00090597            -
    910000     766646     366829          0     143354 |  -0.00037556            -
    920000     775482     371250          0     144518 |  -0.00027848            -
    930000     784252     375631          0     145748 |  -0.00035051            -
    940000     793069     380032          0     146931 |  -0.00041111            -
    950000     801844     384472          0     148156 |   0.00017931            -
    960000     810574     388849          0     149426 |  -0.00005031            -
    970000     819406     393192          0     150594 |  -0.00039058            -
    980000     828210     397620          0     151790 |  -0.00052427            -
    990000     837054     402054          0     152946 |  -0.00036789            -
   1000000     845794     406404          0     154206 |  -0.00013891            -
   1010000     854544     410729          0     155456 |  -0.00065304            -
   1020000     863332     415168          0     156668 |  -0.00014159            -
   1030000     872160     419549          0     157840 |  -0.00057954            -
   1040000     880908     423923          0     159092 |  -0.00077207            -
   1050000     889714     428424          0     160286 |   0.00007223            -
   1060000     898499     432794          0     161501 |  -0.00010226            -
   1070000     907334     437207          0     162666 |  -0.00075898            -
   1080000     916150     441614          0     163850 |  -0.00036623            -
   1090000     925010     446121          0     164990 |   0.00019725            -
   1100000     933829     450456          0     166171 |  -0.00031156            -
   1110000     942605     454849          0     167395 |  -0.00056971            -
   1120000     951369     459106          0     168631 |  -0.00118072            -
   1130000     960170     463478          0     169830 |  -0.00105616            -
   1140000     968967     467899          0     171033 |  -0.00073800            -
   1150000     977767     472294          0     172233 |  -0.00048379            -
   1160000     986566     476723          0     173434 |  -0.00041629            -
   1170000     995373     481108          0     174627 |  -0.00053722            -
   1180000    1004164     485622          0     175836 |  -0.00013794            -
   1190000    1012985     490016          0     177015 |  -0.00065855            -
   1200000    1021747     494369          0     178253 |  -0.00102164            -
   1210000    1030563     498712          0     179437 |  -0.00126704            -
   1220000    1039403     503183          0     180597 |  -0.00090985            -
   1230000    1048233     507543          0     181767 |  -0.00114099            -
   1240000    1057091     511952          0     182909 |  -0.00080265            -
   1250000    1065871     516355          0     184129 |  -0.00074913            -
   1260000    1074683     520758          0     185317 |  -0.00143774            -
   1270000    1083479     525172          0     186521 |  -0.00132055            -
   1280000    1092332     529569          0     187668 |  -0.00121089            -
   1290000    1101085     533889          0     188915 |  -0.00138853            -
   1300000    1109901     538335          0     190099 |  -0.00079491            -
   1310000    1118704     542661          0     191296 |  -0.00135605            -
   1320000    1127531     547058          0     192469 |  -0.00139739            -
   1330000    1136376     551484          0     193624 |  -0.00111224            -
   1340000    1145160     555862          0     194840 |  -0.00125417            -
   1350000    1153949     560166          0     196051 |  -0.00209433            -
   1360000    1162770     564593          0     197230 |  -0.00215539            -
   1370000    1171545     569033          0     198455 |  -0.00152928            -
   1380000    1180312     573425          0     199688 |  -0.00144105            -
   1390000    1189184     577890          0     200816 |  -0.00128278            -
   1400000    1197981     582273          0     202019 |  -0.00093178            -
   1410000    1206742     586667          0     203258 |  -0.00130617            -
   1420000    1215572     591053          0     204428 |  -0.00128088            -
   1430000    1224388     595414          0     205612 |  -0.00160219            -
   1440000    1233186     599859          0     206814 |  -0.00123748            -
   1450000    1242037     604308          0     207963 |  -0.00109994            -
   1460000    1250875     608665          0     209125 |  -0.00168690            -
   1470000    1259683     613093          0     210317 |  -0.00194843            -
   1480000    1268494     617540          0     211506 |  -0.00159757            -
   1490000    1277276     621981          0     212724 |  -0.00111441            -
   1500000    1286091     626450          0     213909 |  -0.00057022            -
   1510000    1294848     630744          0     215152 |  -0.00171422            -
   1520000    1303628     635200          0     216372 |  -0.00097219            -
   1530000    1312440     639594          0     217560 |  -0.00114706            -
   1540000    1321236     643911          0     218764 |  -0.00212216            -
   1550000    1330074     648273          0     219926 |  -0.00259961            -
   1560000    1338894     652722          0     221106 |  -0.00238682            -
   1570000    1347741     657114          0     222259 |  -0.00251374            -
   1580000    1356567     661517          0     223433 |  -0.00203221            -
   1590000    1365405     665921          0     224595 |  -0.00212522            -
   1600000    1374292     670328          0     225708 |  -0.00237643            -
   1610000    1383156     674703          0     226844 |  -0.00253880            -
   1620000    1392027     679143          0     227973 |  -0.00233658            -
   1630000    1400852     683576          0     229148 |  -0.00193055            -
   1640000    1409656     687888          0     230344 |  -0.00216068            -
   1650000    1418434     692246          0     231566 |  -0.00212282            -
   1660000    1427323     696611          0     232677 |  -0.00210817            -
   1670000    1436149     701083          0     233851 |  -0.00223642            -
   1680000    1444958     705476          0     235042 |  -0.00218094            -
   1690000    1453797     709906          0     236203 |  -0.00203926            -
   1700000    1462548     714210          0     237452 |  -0.00200788            -
   1710000    1471336     718542          0     238664 |  -0.00243498            -
   1720000    1480195     722969          0     239805 |  -0.00238987            -
   1730000    1488989     727366          0     241011 |  -0.00293414            -
   1740000    1497810     731762          0     242190 |  -0.00274070            -
   1750000    1506606     736116          0     243394 |  -0.00296914            -
   1760000    1515390     740603          0     244610 |  -0.00226465            -
   1770000    1524204     744927          0     245796 |  -0.00269491            -
   1780000    1532970     749394          0     247030 |  -0.00157854            -
   1790000    1541690     753775          0     248310 |  -0.00144988            -
   1800000    1550456     758141          0     249544 |  -0.00231642            -
   1810000    1559244     762467          0     250756 |  -0.00253730            -
   1820000    1568033     766843          0     251967 |  -0.00246731            -
   1830000    1576925     771222          0     253075 |  -0.00279337            -
   1840000    1585754     775634          0     254246 |  -0.00265315            -
   1850000    1594578     780071          0     255422 |  -0.00262890            -
   1860000    1603445     784481          0     256555 |  -0.00282973            -
   1870000    1612278     788906          0     257722 |  -0.00283032            -
   1880000    1621110     793356          0     258890 |  -0.00260387            -
   1890000    1629943     797808          0     260057 |  -0.00260524            -
   1900000    1638805     802273          0     261195 |  -0.00297972            -
   1910000    1647640     806763          0     262360 |  -0.00259173            -
   1920000    1656460     811231          0     263540 |  -0.00221876            -
   1930000    1665266     815661          0     264734 |  -0.00250503            -
   1940000    1674055     820067          0     265945 |  -0.00217401            -
   1950000    1682879     824466          0     267121 |  -0.00203196            -
   1960000    1691699     828882          0     268301 |  -0.00194779            -
   1970000    1700465     833273          0     269535 |  -0.00213514            -
   1980000    1709281     837683          0     270719 |  -0.00224159            -
   1990000    1718107     842103          0     271893 |  -0.00270150            -
   2000000    1726882     846530          0     273118 |  -0.00242680            -
   2010000    1735685     850919          0     274315 |  -0.00255068            -
   2020000    1744489     855334          0     275511 |  -0.00236865            -
   2030000    1753366     859727          0     276634 |  -0.00281500            -
   2040000    1762241     864136          0     277759 |  -0.00264416            -
   2050000    1771069     868538          0     278931 |  -0.00308768            -
   2060000    1779931     872970          0     280069 |  -0.00327622            -
   2070000    1788755     877445          0     281245 |  -0.00291450            -
   2080000    1797555     881875          0     282445 |  -0.00301895            -
   2090000    1806418     886226          0     283582 |  -0.00370376            -
   2100000    1815237     890635          0     284763 |  -0.00324150            -
   2110000    1824106     895131          0     285894 |  -0.00256679            -
   2120000    1832943     899498          0     287057 |  -0.00292679            -
   2130000    1841831     903891          0     288169 |  -0.00324013            -
   2140000    1850722     908237          0     289278 |  -0.00407633            -
   2150000    1859589     912726          0     290411 |  -0.00368787            -
   2160000    1868452     917196          0     291548 |  -0.00334174            -
   2170000    1877365     921604          0     292635 |  -0.00327095            -
   2180000    1886179     925986          0     293821 |  -0.00326927            -
   2190000    1895076     930490          0     294924 |  -0.00308277            -
   2200000    1903909     934897          0     296091 |  -0.00307130            -
   2210000    1912734     939315          0     297266 |  -0.00314671            -
   2220000    1921587     943788          0     298413 |  -0.00264855            -
   2230000    1930389     948173          0     299611 |  -0.00242712            -
   2240000    1939251     952547          0     300749 |  -0.00298618            -
   2250000    1948060     956976          0     301940 |  -0.00280832            -
   2260000    1956915     961398          0     303085 |  -0.00297762            -
   2270000    1965754     965871          0     304246 |  -0.00270467            -
   2280000    1974547     970263          0     305453 |  -0.00269041            -
   2290000    1983380     974739          0     306620 |  -0.00201643            -
   2300000    1992152     979123          0     307848 |  -0.00247762            -
   2310000    2000977     983565          0     309023 |  -0.00241660            -
   2320000    2009813     987980          0     310187 |  -0.00225336            -
   2330000    2018581     992447          0     311419 |  -0.00172078            -
   2340000    2027375     996814          0     312625 |  -0.00224883            -
   2350000    2036196    1001210          0     313804 |  -0.00264088            -
   2360000    2044993    1005490          0     315007 |  -0.00266743            -
   2370000    2053888    1009944          0     316112 |  -0.00239522            -
   2380000    2062741    1014359          0     317259 |  -0.00245449            -
   2390000    2071582    1018704          0     318418 |  -0.00292100            -
   2400000    2080418    1023114          0     319582 |  -0.00305104            -
   2410000    2089229    1027554          0     320771 |  -0.00287404            -
   2420000    2098087    1032019          0     321913 |  -0.00261832            -
   2430000    2106941    1036499          0     323059 |  -0.00223414            -
   2440000    2115743    1040932          0     324257 |  -0.00221716            -
   2450000    2124581    1045332          0     325419 |  -0.00277009            -
   2460000    2133368    1049672          0     326632 |  -0.00271976            -
   2470000    2142193    1054083          0     327807 |  -0.00278562            -
   2480000    2151022    1058407          0     328978 |  -0.00319537            -
   2490000    2159886    1062886          0     330114 |  -0.00298090            -
   2500000    2168766    1067275          0     331234 |  -0.00351618            -
   2510000    2177695    1071675          0     332305 |  -0.00358807            -
   2520000    2186532    1076108          0     333468 |  -0.00310168            -
   2530000    2195398    1080533          0     334602 |  -0.00293192            -
   2540000    2204279    1084940          0     335721 |  -0.00263103            -
   2550000    2213103    1089355          0     336897 |  -0.00261940            -
   2560000    2221972    1093823          0     338028 |  -0.00273800            -
   2570000    2230784    1098223          0     339216 |  -0.00270085            -
   2580000    2239675    1102616          0     340325 |  -0.00293931            -
   2590000    2248516    1107034          0     341484 |  -0.00309581            -
   2600000    2257384    1111411          0     342616 |  -0.00342487            -
   2610000    2266220    1115861          0     343780 |  -0.00290307            -
   2620000    2275101    1120325          0     344899 |  -0.00285411            -
   2630000    2283920    1124803          0     346080 |  -0.00303891            -
   2640000    2292787    1129329          0     347213 |  -0.00239804            -
   2650000    2301618    1133785          0     348382 |  -0.00202427            -
   2660000    2310487    1138136          0     349513 |  -0.00263602            -
   2670000    2319322    1142561          0     350678 |  -0.00227148            -
   2680000    2328149    1146960          0     351851 |  -0.00226603            -
   2690000    2336965    1151282          0     353035 |  -0.00263038            -
   2700000    2345762    1155771          0     354238 |  -0.00262309            -
   2710000    2354579    1160194          0     355421 |  -0.00275002            -
   2720000    2363440    1164606          0     356560 |  -0.00275939            -
   2730000    2372280    1169098          0     357720 |  -0.00231740            -
   2740000    2381143    1173523          0     358857 |  -0.00234031            -
   2750000    2389909    1177992          0     360091 |  -0.00197988            -
   2760000    2398740    1182406          0     361260 |  -0.00135257            -
   2770000    2407561    1186735          0     362439 |  -0.00208190            -
   2780000    2416377    1191156          0     363623 |  -0.00234554            -
   2790000    2425239    1195561          0     364761 |  -0.00227633            -
   2800000    2434029    1200022          0     365971 |  -0.00240227            -
   2810000    2442855    1204441          0     367145 |  -0.00193449            -
   2820000    2451667    1208898          0     368333 |  -0.00145231            -
   2830000    2460444    1213269          0     369556 |  -0.00135429            -
   2840000    2469291    1217612          0     370709 |  -0.00211387            -
   2850000    2478108    1222075          0     371892 |  -0.00133130            -
   2860000    2486887    1226458          0     373113 |  -0.00118838            -
   2870000    2495678    1230870          0     374322 |  -0.00097788            -
   2880000    2504470    1235274          0     375530 |  -0.00136554            -
   2890000    2513257    1239683          0     376743 |  -0.00156229            -
   2900000    2522041    1244075          0     377959 |  -0.00149511            -
   2910000    2530891    1248500          0     379109 |  -0.00178981            -
   2920000    2539743    1252870          0     380257 |  -0.00180610            -
   2930000    2548681    1257347          0     381319 |  -0.00152705            -
   2940000    2557544    1261739          0     382456 |  -0.00230967            -
   2950000    2566408    1266211          0     383592 |  -0.00200813            -
   2960000    2575264    1270674          0     384736 |  -0.00195764            -
   2970000    2584021    1275075          0     385979 |  -0.00191504            -
   2980000    2592858    1279454          0     387142 |  -0.00188175            -
   2990000    2601702    1283806          0     388298 |  -0.00231271            -
   3000000    2610562    1288279          0     389438 |  -0.00197677            -
   3010000    2619332    1292713          0     390668 |  -0.00190562            -
   3020000    2628181    1297145          0     391819 |  -0.00159420            -
   3030000    2637027    1301565          0     392973 |  -0.00128598            -
   3040000    2645862    1305937          0     394138 |  -0.00154839            -
   3050000    2654691    1310344          0     395309 |  -0.00144527            -
   3060000    2663485    1314679          0     396515 |  -0.00161323            -
   3070000    2672314    1319079          0     397686 |  -0.00189504            -
   3080000    2681162    1323489          0     398838 |  -0.00245177            -
   3090000    2690045    1328011          0     399955 |  -0.00170386            -
   3100000    2698875    1332404          0     401125 |  -0.00196026            -
   3110000    2707684    1336801          0     402316 |  -0.00223544            -
   3120000    2716556    1341177          0     403444 |  -0.00288444            -
   3130000    2725376    1345655          0     404624 |  -0.00218458            -
   3140000    2734183    1349998          0     405817 |  -0.00255143            -
   3150000    2742973    1354419          0     407027 |  -0.00172284            -
   3160000    2751833    1358845          0     408167 |  -0.00226085            -
   3170000    2760688    1363357          0     409312 |  -0.00206098            -
   3180000    2769471    1367780          0     410529 |  -0.00233311            -
   3190000    2778288    1372250          0     411712 |  -0.00209329            -
   3200000    2787126    1376692          0     412874 |  -0.00192470            -
   3210000    2796021    1381158          0     413979 |  -0.00206107            -
   3220000    2804811    1385554          0     415189 |  -0.00180811            -
   3230000    2813677    1389947          0     416323 |  -0.00239341            -
   3240000    2822482    1394354          0     417518 |  -0.00244025            -
   3250000    2831331    1398811          0     418669 |  -0.00206065            -
   3260000    2840184    1403140          0     419816 |  -0.00292407            -
   3270000    2849065    1407595          0     420935 |  -0.00310194            -
   3280000    2857890    1412022          0     422110 |  -0.00308957            -
   3290000    2866686    1416507          0     423314 |  -0.00221152            -
   3300000    2875501    1420881          0     424499 |  -0.00263179            -
   3310000    2884344    1425272          0     425656 |  -0.00324445            -
   3320000    2893136    1429708          0     426864 |  -0.00266903            -
   3330000    2901989    1434105          0     428011 |  -0.00212103            -
   3340000    2910819    1438510          0     429181 |  -0.00241834            -
   3350000    2919680    1442864          0     430320 |  -0.00275313            -
   3360000    2928455    1447271          0     431545 |  -0.00281401            -
   3370000    2937319    1451685          0     432681 |  -0.00303283            -
   3380000    2946122    1456008          0     433878 |  -0.00356533            -
   3390000    2954948    1460464          0     435052 |  -0.00326445            -
   3400000    2963806    1464966          0     436194 |  -0.00294049            -
   3410000    2972597    1469327          0     437403 |  -0.00311670            -
   3420000    2981413    1473733          0     438587 |  -0.00289709            -
   3430000    2990142    1478121          0     439858 |  -0.00274726            -
   3440000    2998976    1482580          0     441024 |  -0.00281855            -
   3450000    3007831    1487057          0     442169 |  -0.00267324            -
   3460000    3016638    1491456          0     443362 |  -0.00264138            -
   3470000    3025450    1495898          0     444550 |  -0.00216292            -
   3480000    3034220    1500235          0     445780 |  -0.00258830            -
   3490000    3043097    1504661          0     446903 |  -0.00265341            -
   3500000    3051904    1509087          0     448096 |  -0.00251424            -
   3510000    3060741    1513491          0     449259 |  -0.00267425            -
   3520000    3069531    1517966          0     450469 |  -0.00212718            -
   3530000    3078401    1522378          0     451599 |  -0.00226291            -
   3540000    3087170    1526727          0     452830 |  -0.00255169            -
   3550000    3096029    1531181          0     453971 |  -0.00196553            -
   3560000    3104842    1535655          0     455158 |  -0.00187145            -
   3570000    3113646    1540044          0     456354 |  -0.00260031            -
   3580000    3122482    1544474          0     457518 |  -0.00217554            -
   3590000    3131312    1548829          0     458688 |  -0.00244202            -
   3600000    3140183    1553227          0     459817 |  -0.00240937            -
   3610000    3149050    1557673          0     460950 |  -0.00243114            -
   3620000    3157842    1561997          0     462158 |  -0.00290270            -
   3630000    3166661    1566346          0     463339 |  -0.00312724            -
   3640000    3175420    1570829          0     464580 |  -0.00237404            -
   3650000    3184232    1575193          0     465768 |  -0.00251353            -
   3660000    3193010    1579514          0     466990 |  -0.00334590            -
   3670000    3201922    1584022          0     468078 |  -0.00274096            -
   3680000    3210750    1588423          0     469250 |  -0.00240612            -
   3690000    3219572    1592884          0     470428 |  -0.00220885            -
   3700000    3228385    1597285          0     471615 |  -0.00243677            -
   3710000    3237252    1601680          0     472748 |  -0.00221020            -
   3720000    3246012    1605978          0     473988 |  -0.00316798            -
   3730000    3254860    1610383          0     475140 |  -0.00323378            -
   3740000    3263703    1614804          0     476297 |  -0.00322118            -
   3750000    3272530    1619218          0     477470 |  -0.00285016            -
   3760000    3281351    1623627          0     478649 |  -0.00270791            -
   3770000    3290144    1628009          0     479856 |  -0.00281500            -
   3780000    3298934    1632438          0     481066 |  -0.00267899            -
   3790000    3307716    1636813          0     482284 |  -0.00276159            -
   3800000    3316584    1641289          0     483416 |  -0.00249286            -
   3810000    3325376    1645717          0     484624 |  -0.00270037            -
   3820000    3334261    1650225          0     485739 |  -0.00229518            -
   3830000    3343060    1654607          0     486940 |  -0.00282442            -
   3840000    3351857    1659029          0     488143 |  -0.00237467            -
   3850000    3360676    1663431          0     489324 |  -0.00273485            -
   3860000    3369451    1667772          0     490549 |  -0.00329110            -
   3870000    3378322    1672195          0     491678 |  -0.00321477            -
   3880000    3387155    1676632          0     492845 |  -0.00317336            -
   3890000    3396001    1681141          0     493999 |  -0.00314142            -
   3900000    3404795    1685575          0     495205 |  -0.00325459            -
   3910000    3413620    1689927          0     496380 |  -0.00385186            -
   3920000    3422442    1694360          0     497558 |  -0.00338050            -
   3930000    3431326    1698888          0     498674 |  -0.00270367            -
   3940000    3440154    1703248          0     499846 |  -0.00265675            -
   3950000    3448949    1707642          0     501051 |  -0.00279551            -
   3960000    3457745    1712115          0     502255 |  -0.00236024            -
   3970000    3466504    1716574          0     503496 |  -0.00217350            -
   3980000    3475308    1720989          0     504692 |  -0.00215298            -
   3990000    3484152    1725453          0     505848 |  -0.00172958            -
   4000000    3492949    1729922          0     507051 |  -0.00137680            -
   4010000    3501741    1734353          0     508259 |  -0.00131966            -
   4020000    3510468    1738670          0     509532 |  -0.00147929            -
   4030000    3519293    1743093          0     510707 |  -0.00163459            -
   4040000    3528027    1747504          0     511973 |  -0.00110664            -
   4050000    3536842    1751920          0     513158 |  -0.00133940            -
   4060000    3545595    1756265          0     514405 |  -0.00157733            -
   4070000    3554475    1760671          0     515525 |  -0.00206407            -
   4080000    3563303    1765048          0     516697 |  -0.00234507            -
   4090000    3572163    1769563          0     517837 |  -0.00135676            -
   4100000    3581002    1773948          0     518998 |  -0.00179520            -
   4110000    3589869    1778410          0     520131 |  -0.00194100            -
   4120000    3598687    1782867          0     521313 |  -0.00153229            -
   4130000    3607557    1787318          0     522443 |  -0.00162684            -
   4140000    3616407    1791827          0     523593 |  -0.00152141            -
   4150000    3625248    1796305          0     524752 |  -0.00143490            -
   4160000    3634162    1800774          0     525838 |  -0.00119898            -
   4170000    3643010    1805193          0     526990 |  -0.00132739            -
   4180000    3651816    1809568          0     528184 |  -0.00164378            -
   4190000    3660608    1813991          0     529392 |  -0.00158000            -
   4200000    3669470    1818404          0     530530 |  -0.00176862            -
   4210000    3678293    1822834          0     531707 |  -0.00167114            -
   4220000    3687179    1827238          0     532821 |  -0.00153821            -
   4230000    3695978    1831613          0     534022 |  -0.00175382            -
   4240000    3704805    1836038          0     535195 |  -0.00172897            -
   4250000    3713605    1840459          0     536395 |  -0.00120541            -
   4260000    3722431    1844848          0     537569 |  -0.00154546            -
   4270000    3731273    1849234          0     538727 |  -0.00214939            -
   4280000    3740153    1853669          0     539847 |  -0.00250160            -
   4290000    3749062    1858158          0     540938 |  -0.00202767            -
   4300000    3757873    1862511          0     542127 |  -0.00249413            -
   4310000    3766713    1866952          0     543287 |  -0.00193699            -
   4320000    3775594    1871364          0     544406 |  -0.00220534            -
   4330000    3784490    1875808          0     545510 |  -0.00219665            -
   4340000    3793369    1880331          0     546631 |  -0.00145768            -
   4350000    3802229    1884726          0     547771 |  -0.00172338            -
   4360000    3811142    1889119          0     548858 |  -0.00209911            -
   4370000    3820009    1893567          0     549991 |  -0.00200326            -
   4380000    3828820    1898065          0     551180 |  -0.00152096            -
   4390000    3837598    1902436          0     552402 |  -0.00179671            -
   4400000    3846422    1906835          0     553578 |  -0.00187954            -
   4410000    3855294    1911163          0     554706 |  -0.00242572            -
   4420000    3864147    1915609          0     555853 |  -0.00222806            -
   4430000    3873017    1920026          0     556983 |  -0.00295034            -
   4440000    3881893    1924491          0     558107 |  -0.00259834            -
   4450000    3890784    1928996          0     559216 |  -0.00226909            -
   4460000    3899662    1933392          0     560338 |  -0.00231041            -
   4470000    3908551    1937796          0     561449 |  -0.00271400            -
   4480000    3917419    1942294          0     562581 |  -0.00222125            -
   4490000    3926279    1946694          0     563721 |  -0.00265265            -
   4500000    3935152    1951132          0     564848 |  -0.00301934            -
   4510000    3944011    1955528          0     565989 |  -0.00278188            -
   4520000    3952865    1959956          0     567135 |  -0.00294877            -
   4530000    3961720    1964334          0     568280 |  -0.00319503            -
   4540000    3970590    1968788          0     569410 |  -0.00306609            -
   4550000    3979468    1973225          0     570532 |  -0.00318455            -
   4560000    3988296    1977658          0     571704 |  -0.00284165            -
   4570000    3997168    1982133          0     572832 |  -0.00285285            -
   4573202    4000000    1983597          0     573202 |  -0.00275209            -


Monte Carlo simulation results:
	Total accepted moves = 4000000
	E_start, E_last, E_diff = 778781728.28681, -0.00275, -778781728.28957 eV

Simulation ended at: 2022-12-03 06:11:55.230761
Elapsed time = 9:27:52.143076

