0.81708572 0.52374412 0.47502503
0.07140114 0.50516282 0.70907566
0.29131684 0.48629433 0.93204445
0.76681430 0.54796088 0.93934715
0.39924214 0.53814584 0.22043386
0.11483520 0.25625847 0.68773413
0.52261684 0.92285508 0.56459638
0.95810403 0.49002864 0.56894901
0.77517405 0.36428323 0.93115992
0.83301712 0.82824008 0.16091664
0.84558794 -0.00549497 0.06568017
0.57405286 0.99883286 0.97103830
0.56730049 0.17029099 0.95732899
0.11846495 -0.05269304 0.76949770
0.50852557 0.83301189 0.06030006
0.91565936 0.92010805 0.13489299
0.51179202 0.53268323 0.68376370
0.29359837 0.02493923 0.43370911
0.72077951 0.32238607 0.44370841
0.44182549 1.00416929 0.78620707
0.45379627 0.65659425 0.77377138
-0.01135834 0.15488530 0.65846414
0.85799861 0.70527916 0.53826638
0.84628944 0.11765402 0.95069410
0.58594600 0.33589039 0.26879145
0.12995694 0.58875731 0.08619577
0.05574938 1.00975276 0.94338319
0.49731624 0.08911270 0.77119371
0.26585831 0.64006940 0.30693381
0.45574125 0.45159603 0.16379405
0.25669006 0.52892251 -0.02313123
0.82598485 0.05200849 0.45282146
0.85543184 0.51122849 0.39657606
0.59768415 0.80963062 0.29572697
0.29962172 0.38001896 0.78547777
0.79796019 0.98600835 0.33573287
0.20864313 0.72160362 0.24429743
0.88924601 0.15809337 0.34906501
1.04959015 0.81527173 0.29260183
0.13112437 0.51402605 0.95566024
0.94588533 0.99225807 0.23829108
0.41708223 0.60487308 0.18664093
0.27235327 0.33996950 0.24802597
0.54745724 0.51667787 0.94974208
0.77829999 0.42280494 0.00479268
0.83435583 0.85657539 0.28611059
0.89153983 0.82711749 0.27820273
0.78784511 0.24878941 0.30707053
0.15514506 0.73085898 0.50209063
0.33222023 0.56174091 0.87018451
0.67845829 0.92320296 0.61196436
0.85779787 0.26871419 0.41930040
0.38934536 0.80950544 0.50662767
0.69049571 0.88603913 0.07100195
0.23515430 0.64000708 0.58164912
0.95797067 0.85009735 0.28079774
0.93371289 0.58018714 0.40591196
0.41410639 0.95709739 0.88912408
0.63462091 0.55258879 0.00219896
0.06152286 0.18150646 0.80084482
0.18151910 0.75689868 0.85234427
0.39076796 0.74584160 0.46041868
0.59184018 0.39887171 0.50015786
0.03474050 0.80468519 0.02458581
0.91662630 0.14518903 0.43299082
0.96236011 0.35591069 0.36917227
0.42458612 0.83639470 0.78468430
0.78761089 0.07122948 0.32195362
0.87280469 0.95055403 0.47560748
0.93704792 0.62692411 0.01203548
0.75405645 0.86757097 0.91669377
0.59239129 0.74393886 0.41471598
0.94940041 0.28383611 0.21048093
0.22973565 -0.00687904 0.01470443
0.51085848 0.47995277 0.63473938
0.82200805 0.34503266 0.38770037
0.40754067 0.65501709 0.43296026
0.64304277 0.23133832 0.20744365
0.53630075 0.30956920 0.46544474
0.44640777 0.10789856 0.83697115
0.92519316 0.91303894 0.76960519
0.51812930 0.36888013 0.55660707
0.58527974 0.60385346 0.84701454
0.56594663 0.42825838 -0.02750492
0.33885588 0.90787622 0.49431713
0.67129176 0.30407838 0.83639576
0.21180893 0.40334794 0.61577106
0.32039684 1.00373613 0.50399557
0.49029150 0.21479486 0.45417168
0.29611544 0.42914746 0.55617854
0.39191942 0.55476689 0.36256987
0.23132924 0.07869437 0.19021737
0.49871290 0.62918066 0.44208379
0.31124385 0.50539040 0.03723699
0.09056958 0.18989930 0.59706897
0.44176536 0.28587407 0.26354794
0.99342989 0.67680494 0.63791572
0.12319097 0.53298877 0.59859139
0.23994544 0.10171069 0.61419846
0.13370230 0.04410006 0.86471156
0.48211914 0.70927000 0.83649438
0.90131688 1.01317837 0.71997996
0.54911295 0.13704454 0.75335429
0.51432848 0.31559119 0.35277692
0.00994301 0.42768173 0.48439639
0.86783492 0.92805631 0.80868996
0.61204509 0.86618746 0.04934749
0.32958814 0.75065018 0.20807895
0.97373047 0.28706059 0.37151692
0.69248848 0.13958639 0.10026987
0.68412866 0.08360594 0.56268462
0.27570561 0.04585190 0.82911172
0.53956058 0.93982186 0.48681640
0.62539933 0.41203099 0.85503309
0.66870892 0.05303994 0.31955346
0.39958208 0.38597049 0.82207666
0.20346382 0.48940468 0.93576223
0.39260559 0.56240298 0.50146111
0.40388704 -0.04771912 0.97021051
0.14449950 0.31873089 0.76897840
0.59130869 0.53645610 0.87281797
0.02355921 0.18416130 0.05978941
0.18304529 0.08075031 0.72470057
0.42777736 0.77821463 0.27781326
0.35386436 0.44298168 0.05836960
0.55338200 0.63542645 0.78896651
0.39159957 0.58644261 -0.01647332
0.21976280 0.02647149 0.53459765
0.47119502 0.12626086 0.22684326
0.36576065 0.47367634 0.56426215
0.09970400 0.95519472 0.92379494
0.06689722 0.87787211 0.32734612
0.58831757 0.66071551 0.33983565
0.11877569 0.35470177 0.64511104
0.14890362 0.97867260 0.08982903
0.00203050 0.70234317 0.06205378
0.73667341 0.91221561 0.16164369
0.44589570 0.40421753 0.05501200
0.08125229 0.24306395 0.89087053
0.38387859 0.70673723 0.20036973
0.20105848 0.26063934 0.08807134
0.87007201 0.68320258 0.68536177
0.95050925 0.55661467 0.50283603
0.88952875 0.66267540 0.79201551
0.45514850 0.51404182 0.35358622
0.89438256 0.48817659 0.33232687
0.23218277 0.42664344 0.21343009
0.09284413 0.03681635 0.31039718
0.21190232 0.84902296 0.13569882
0.40051795 0.68049686 0.71505770
0.23606302 0.92023925 0.05330587
0.17015490 0.95435696 0.53719222
0.87754911 0.48567177 0.70050145
0.54253479 1.06356892 0.51120996
0.37163383 0.37844637 0.47447362
0.04033166 0.47826433 0.44331224
0.11488438 0.32829539 0.25612202
0.70766487 0.43358617 0.50557601
0.32500589 0.34045193 0.43356221
0.29729122 0.15039036 0.30643774
0.24398642 0.86360397 0.98539439
0.25550113 0.78684721 0.02722423
0.16505223 0.40885637 0.99590401
0.09334884 0.84703517 0.04467138
0.52902407 0.12115555 0.85046976
0.96948875 0.88543552 0.65698689
0.89079588 0.48778595 0.46938571
0.33584598 0.67304484 0.91396234
0.93332510 0.46683759 0.16664419
0.21116136 0.05688938 0.34678300
0.02354764 0.21110737 0.62922565
0.76758111 0.88049258 0.67392184
0.43110533 0.12914104 0.72216313
0.46733176 0.70407249 0.36544710
0.75969071 0.81821308 0.18259893
0.71851110 0.02200569 0.88434892
0.85797166 0.43093005 0.13834721
0.84636060 0.91436432 0.58895644
0.22446252 0.45881373 0.57317853
0.05651447 0.36495155 0.79485639
0.48707216 0.41993146 0.51599613
0.78832460 0.15468775 0.91375905
0.47011322 0.52518720 0.99627145
-0.00383501 0.48463077 0.37641530
0.84111104 0.40482232 0.93041136
0.27021626 0.62393517 0.84749689
0.35126422 0.26639857 0.12414341
0.72372428 0.62627718 0.00812307
0.63816035 0.66435932 0.49394224
0.66677536 0.58335771 0.27640106
0.12608647 0.09951333 0.30382783
0.51635663 0.12754198 0.05161905
0.84802773 0.44397033 0.39201798
0.15835827 0.38445534 0.44462819
1.04105544 0.56170875 0.45599449
0.76472132 0.41642814 0.38911184
0.85728193 0.90298009 0.68316259
0.95031514 0.86202730 0.08617034
0.04588597 0.03872690 0.48401614
0.18872679 0.65741007 0.68768871
0.47579750 0.03153061 0.85205765
0.80864805 0.91991656 0.88667455
0.65694575 0.78829999 0.58851722
0.28236836 0.96344423 0.25282164
0.91782117 0.85792788 0.41173991
0.59988105 0.09619570 0.14465897
0.36052047 0.84652618 0.56605427
0.31082780 0.11867415 0.65422186
0.19434423 0.19603776 0.06862255
0.08179847 0.12329665 0.74899654
0.07894253 0.31533452 0.52076861
0.35066842 0.04906651 0.38091184
0.35186712 0.66913648 0.06463818
0.32391408 0.84233143 0.46009934
0.77158357 0.16250098 0.39953796
0.04125915 0.41717044 0.55842631
0.37725041 0.18145868 0.23594170
0.85551748 0.83419073 0.80472190
0.06442682 0.61558970 0.87656985
0.21275870 0.47170180 0.02891535
0.99602028 0.33240819 1.03124763
0.11344391 0.51802738 0.04529177
0.41802898 0.34226394 0.21372163
0.08416934 0.22067337 0.36115181
1.03731551 0.12649737 0.20182585
0.91672671 0.28241950 0.00789558
0.46937010 -0.00040047 0.10845294
0.01590829 0.62710318 0.04057670
0.49122520 0.21672302 0.68033379
0.09641272 0.15609005 0.23062709
0.86212572 0.54725422 0.05327588
0.98745495 0.28164262 0.45223145
0.82085014 1.00339557 0.97583304
0.42820156 0.09439806 0.54133707
0.18897594 0.51279886 0.41395426
0.01640349 0.92791488 0.46825545
0.83226377 0.21974882 0.50212746
0.82918482 0.38559554 0.64476499
0.05085394 0.46082575 0.31035518
0.77825688 0.46362975 0.30709692
-0.01017591 0.89922522 0.55627044
0.70693737 0.55326885 0.90432191
0.03239857 0.29523617 0.77138993
0.39175436 0.83222787 0.17673908
0.54203351 0.18731406 0.82939095
0.68714474 0.58045113 0.52196266
0.64841026 0.66359478 0.09110776
0.21560837 1.00710643 0.44772931
0.24300972 0.97167603 0.67222198
0.99283048 0.74622864 0.63861316
0.32788975 0.34000300 0.08868659
0.32658447 0.93265087 0.81305543
0.76970259 0.84726909 0.82399122
0.34345191 0.61523725 0.10800656
0.63320891 0.78078942 0.83926934
0.80907685 0.52208847 0.33420918
0.13625011 0.03029200 0.55818684
0.06293778 0.74280118 0.55021762
0.73174870 0.13953689 0.78763964
0.61876976 0.05622487 0.80960471
0.85888203 0.15237978 0.47377360
0.80484881 0.68714330 0.37722098
0.44919250 0.54199906 0.77717865
0.14603078 0.42748392 0.77509891
0.73347177 0.18578185 0.33441619
0.83342454 0.20006835 0.32422852
0.13156568 0.60051893 0.71534141
0.51689721 0.29223976 0.78420278
0.76575971 0.97201122 0.26455070
0.74053750 0.75297136 0.42507089
0.27815782 0.20142052 0.24834235
0.94080914 0.44004505 0.49332640
0.80833366 0.90990261 0.36114154
0.35558555 0.88455346 0.76339455
0.63261253 0.67210635 0.82199675
0.17618708 1.02173588 0.98271269
0.89818819 1.02134443 0.53255267
0.83892816 0.59220993 0.32050311
0.22056003 0.18227520 0.87511463
0.87104764 0.49573047 0.94817088
0.66304606 0.39567559 0.26441988
0.41160728 0.72114701 0.11909041
0.88476753 0.18125121 0.86753338
0.67239570 0.76765745 0.24481561
0.87342500 0.26537547 0.32275960
0.97143922 0.38519869 0.83029859
0.64691522 0.63955066 0.57177380
0.74805352 -0.02667061 0.94809911
0.28188984 0.29255149 0.31316360
0.57132432 0.79555127 0.75036896
0.81825971 0.62875456 0.43636541
0.27792209 0.56042002 0.33638676
0.69736597 0.69139369 0.34307648
0.16959363 -0.00975706 0.82478103
0.81079730 0.01916167 0.64128192
0.46149261 0.59153956 0.72226394
0.25161183 0.30511662 0.07962368
0.94949410 0.72055678 0.34711494
0.53451642 0.31808414 -0.02679108
0.57853581 0.11827710 0.53107293
0.85437456 0.65123152 0.01274268
0.45036156 0.66996160 0.50372153
0.93273829 0.69455216 0.08776950
0.11009642 0.40012975 0.16755822
0.69586977 0.88235854 0.69585090
0.62761713 0.41522442 0.71719453
0.83845518 0.15419380 0.70469141
0.93410186 0.24842057 0.91089326
0.79720690 0.06334658 0.83674305
0.20666736 0.51047365 0.76269781
0.20784504 0.22530417 0.34811633
0.62196421 0.18566878 0.29973701
0.99071284 0.03406924 0.89727181
0.36525540 0.86937715 0.07362520
0.52246910 0.44586216 0.12109546
0.69784495 0.61914333 0.33166526
0.45168036 0.28709906 0.68100283
0.04767827 0.28687387 0.63099003
0.74756885 0.92357290 0.77811087
0.57330747 0.86758184 0.17913721
0.82325624 0.68899742 0.93602534
0.61840705 0.03888371 0.10927068
0.68438810 0.85800673 0.35290102
0.49386398 0.88165849 0.18707802
0.28613088 0.52533274 0.76597180
0.38811780 0.33839359 0.61722615
0.18947090 0.22652813 0.68964639
0.31972954 0.70936168 0.78169938
0.34327815 0.22350386 -0.03466535
0.36054436 0.29913161 0.93144334
0.11552795 0.04176743 0.70200492
0.72937459 0.75772671 0.32318837
0.14183176 0.16445537 0.46453828
0.53444469 0.86256119 0.26273795
0.18845501 0.78409620 0.98160105
0.21820703 0.13583641 0.33127146
0.98489783 0.14396879 0.77276569
0.82885694 0.43564160 0.48926969
1.00128521 0.56618642 0.90155749
0.43608083 0.83111089 1.01043616
0.25524173 0.93971589 0.74222148
0.44051009 0.01312786 0.53894812
0.07291512 0.96175527 0.30091260
0.10776574 0.25709719 0.29992420
0.64951632 -0.03425672 0.33196738
0.02545396 0.02703433 0.19522383
0.87032548 0.36787065 0.57822010
0.76543563 0.74476419 0.61765500
0.50164533 0.24628155 0.52658907
0.28670089 0.44335008 0.69706190
0.09062261 0.21556114 0.45071164
0.70677959 0.56383821 0.44137733
0.27756977 0.19465410 0.66881633
0.32084749 0.61585679 0.35262219
0.46963918 0.37630474 0.84059777
0.71940118 0.14212676 0.68552855
0.89998224 0.40803362 0.68208747
0.55256044 0.65411716 0.57323935
0.51609422 0.35505999 0.04486941
0.11971476 0.99684575 0.48715921
0.22963134 0.35225120 0.84335927
0.52461518 0.41794661 0.85500166
0.12348421 0.85198425 0.28556445
0.58868094 0.97382542 0.56532631
0.50592267 0.47600685 0.55105508
0.69001777 0.38451500 0.84096290
0.55185723 0.19377423 0.16861555
0.77083330 0.84411894 0.37204447
0.20920090 0.57965901 0.33563751
0.04202476 0.51602805 0.20455302
0.81237399 0.36553515 0.74856363
0.68521638 0.45093073 0.67078988
0.04183401 0.80420745 0.57804768
0.74941863 0.47806838 0.68644204
0.72266682 0.30290829 0.68051006
0.88622009 0.77306928 0.71170521
0.17566912 0.19262602 0.55263356
0.67110806 0.99494992 0.62416187
0.29948723 0.86974143 0.69357199
0.63892783 0.49646598 0.81624322
0.25268169 0.47538037 0.37557951
0.51001945 0.54249080 0.19530773
0.66935421 0.64553127 0.22060467
0.28197049 0.71580662 0.27664145
0.46674712 0.22315694 0.37211959
0.49876212 0.09366520 0.95245967
0.93250643 0.45670964 0.41067005
0.38002453 0.14129107 0.65069351
0.27352921 0.23035686 0.59404276
0.96768814 0.14170906 0.15864607
0.65185092 0.29133971 0.55252449
0.45361141 0.81076914 0.13949165
0.27960517 0.12957689 1.02376242
0.62085212 0.79419992 0.03324938
0.20852135 0.90176715 0.76846679
0.30085218 0.69365664 0.48570380
0.39765110 0.15127553 0.41732849
0.49322038 -0.05313982 0.89276837
0.82323599 0.85966027 0.02565999
0.05075074 0.73557164 0.69355905
0.58849368 0.23110597 0.63142348
0.17205926 0.28476016 0.35424815
0.54163777 0.05543732 1.00319183
0.41005160 0.34485793 0.09859407
0.72632776 0.22543346 0.89020442
0.27233966 0.23798611 0.11065049
0.98713141 0.76109907 0.09723733
0.75036421 0.21417639 0.58215980
0.71089516 0.78611634 0.67050963
0.98812626 0.60047988 0.54373329
0.72426331 0.86221053 0.23925101
0.39949423 0.60426301 0.85357392
0.29984928 0.78661801 0.88022483
0.97225647 0.77576059 -0.00070090
0.45426201 0.78796914 0.94451539
0.27269418 0.96780807 0.35835920
0.60604975 0.86611243 0.53333284
0.09763604 0.64198818 0.37983697
0.61621268 0.57879629 0.49778461
0.79191666 0.57674834 0.37769285
0.12274284 0.29102575 0.59638161
-0.03218191 0.25518129 0.67898574
0.95478009 1.00333502 0.05201797
0.63367974 0.70544468 0.29085193
0.81325109 0.74712263 0.68313283
0.16347171 0.89262994 0.56203552
0.56716062 0.88863472 0.92625201
0.97717612 0.47582147 0.68561962
0.61000335 0.40187993 0.21205344
0.10057213 0.48147450 0.39850313
0.16184701 0.05311255 0.47025121
0.23210556 0.96942452 0.59264359
0.05176573 0.31602096 0.21955949
0.04101113 0.41697058 0.15577813
0.73817722 0.37270113 0.18672901
0.62941544 0.74226747 0.70895657
0.31065083 0.49414963 0.33342286
0.79188032 0.13144632 0.17979570
0.99571632 0.22795783 0.86552057
0.20259078 0.50138109 0.12208267
0.26017640 0.62663176 0.03684134
0.35347979 0.24651638 0.78917667
0.12675682 0.48517691 0.74381700
0.66365164 0.73565922 0.11818942
0.16302069 0.79530419 0.20657572
0.72174717 0.44596724 0.09261689
0.74801703 0.06212742 0.98739020
0.12728691 0.91422371 0.14061786
1.07760554 0.08621588 0.43321146
0.22245692 0.96506178 0.12372986
0.88579297 0.79391705 0.90117215
0.71895376 0.98539696 0.12413587
0.20141706 0.67455733 0.35125744
0.31650324 0.31390809 0.99269204
0.92355642 0.33278321 0.25644532
0.56656756 0.93631792 0.23537240
0.72967498 0.08619813 0.85563762
0.90498551 0.91970771 0.54996945
0.93746123 0.85509675 0.73701675
0.38341600 0.74234001 0.53540133
0.63626429 0.32936941 0.42996773
0.38463185 0.65651345 0.32299404
0.36026956 0.79563938 0.25326926
0.02816286 0.36058111 0.33927540
0.40935042 0.33495566 0.40175980
0.00416031 0.63660807 0.90488505
0.66382963 0.20172822 0.71925725
0.87966311 0.27551736 0.23750089
0.88230531 0.76912883 0.34146419
0.41176925 0.34230773 -0.00121060
0.32541034 0.24814420 0.70661894
0.07364959 0.91264779 0.52161847
0.01396792 0.01518233 0.76745782
0.78233201 0.82286323 0.09353977
0.32402288 0.90812449 0.62737870
0.92553337 0.20474261 0.10957160
0.95416345 0.53800967 0.68336452
0.33148035 0.00139672 0.81237597
0.66209400 0.88209685 -0.00972383
0.61484533 0.89591558 0.82980027
0.68515753 0.50278576 0.47529125
0.74602894 0.86578089 0.46953691
0.83728989 0.10711024 0.03466635
0.15456746 0.79161003 0.58341421
0.50562995 0.59853767 0.37311334
0.51051237 0.23548145 0.31208422
0.68683814 0.31240329 0.37143906
0.92574264 0.08197707 0.32481078
0.83438302 0.75287515 0.06564722
0.36005069 0.12952609 0.95804991
0.26005386 0.67460508 0.64222588
0.63353697 0.32803430 0.64603779
0.78973038 0.28326075 0.15945017
0.09535319 0.71158702 0.23220963
0.07639273 0.97345666 0.57147246
0.47258372 0.82984701 0.23395937
0.65964333 -0.03389869 0.92639758
0.20907132 0.65113576 0.92539727
0.71229885 0.29053192 0.91276458
0.22108568 0.10976142 0.92683728
0.58166397 0.47524453 0.22482409
0.49546588 0.87387257 0.47063833
0.58098187 0.07242908 0.71316956
0.74261842 0.35200264 0.03984502
0.51856259 0.80060635 0.68854434
0.52053022 0.46235241 0.91192417
0.49761215 0.71613275 0.61252976
0.44442635 0.91847350 0.56178327
0.84729438 0.27971486 0.95092507
0.22323429 0.38476755 0.69875256
0.01684414 0.81117421 0.79054871
0.59768260 0.29433950 0.96645833
0.08393926 0.70372222 0.03452598
0.37057293 0.93516390 0.57980465
0.79879049 0.05150145 0.04496251
0.80883978 0.96334709 0.41345304
0.40676333 0.18554083 0.75678373
0.06954659 0.23112687 0.52766425
0.53483697 0.36895909 0.12805759
0.76557329 0.18896681 1.05977233
0.54330035 0.98949273 0.37458918
0.47848835 0.89760585 0.39302433
0.79471745 0.30558751 0.62001358
0.55974370 0.94142488 0.83746918
0.42154127 0.76799413 0.36683702
0.78199808 0.40441505 0.12727918
0.71481223 0.54838191 0.59784785
0.48555243 0.38606269 0.62050542
0.08144326 0.92399638 0.22074377
0.34029339 0.04461780 0.61539850
0.78903088 0.07573043 0.92234522
0.45678119 0.59787964 0.51022029
0.88107876 0.79321391 0.51070197
0.37443700 0.46678493 0.31080477
0.82647490 0.53173201 0.65686557
0.57475352 0.37904161 0.89259414
0.55836437 0.75165234 -0.01921066
0.94035082 0.15148005 0.84131144
0.33728016 0.58791608 0.02894284
0.19991678 0.82377567 0.29590556
0.08437239 0.18607860 0.11544389
0.74518837 0.94860136 0.69963196
0.84620708 0.13470073 0.82129224
0.36835288 0.18568616 0.04374715
0.59077602 0.75618876 0.50484090
0.11567813 0.09677550 0.51462934
0.24357965 0.27883687 0.69512057
0.61585498 0.56747371 0.35306307
0.83645188 0.26617516 0.02795359
0.11109125 0.87877507 0.79270172
0.18892095 1.02666299 0.28643112
0.42353893 0.81600298 0.69138421
0.98015949 0.74597478 0.74224207
0.87816039 0.59117742 0.91428435
0.56805262 0.15154395 0.09091404
0.30568030 -0.03016470 0.97259366
0.46781092 0.15314341 0.42510775
0.25351974 0.71311547 0.81293834
0.55042990 0.34698813 0.71405110
0.41970275 0.77913273 0.58879488
0.91118748 0.53219903 0.58824149
0.06604363 0.42709132 -0.00292489
0.93325708 0.69300010 0.71755185
0.87225543 0.06434914 0.83391209
0.96786290 0.18343549 0.99215695
0.79080765 0.17956934 0.63796014
0.78534326 0.08441724 0.11846834
0.28353516 0.16151988 0.94992638
0.33393214 0.46445712 0.14664814
0.64346228 0.53068689 0.55586320
0.97418968 0.99253539 0.13617266
0.68970042 0.09013629 0.17675671
0.62081118 0.29064589 0.17403728
0.41387907 0.37322372 0.33244434
0.58492413 0.37535523 0.58194673
0.72089561 0.59898529 0.19395693
0.26585260 0.51752681 0.51223630
0.08807498 0.79525935 0.77739412
0.67324083 0.18285842 0.54728193
0.97454605 0.82518840 0.57802695
0.57082369 0.41139118 0.66331633
0.25005509 0.55326030 0.85507159
0.15418670 0.84875670 0.62009945
0.97141887 0.40932474 0.66150096
0.18400411 0.58212007 0.13595005
0.91684585 0.77404320 0.80478552
0.54828918 0.93417469 -0.00918570
0.33370896 0.19621491 0.13919600
0.37497330 0.27508698 0.43039149
0.30513728 0.94935497 0.54972266
0.58125424 0.03185499 0.18827635
0.08670672 0.85643038 0.41737727
0.57632494 0.46856762 0.53368245
0.51085347 0.65553242 0.88792995
0.82651154 0.88429957 0.75890917
0.49917573 0.45213890 0.29062939
0.93853044 0.92433708 0.44429832
0.02172717 0.80329218 0.68559952
0.91599856 1.01914675 0.88188888
0.34083170 0.57338869 0.74164715
0.54012126 0.53203933 0.57601795
0.92519766 0.82865493 0.34716717
0.29222699 0.55359653 0.67388635
0.55726177 0.56850605 0.32059277
0.24981562 0.59615119 0.94525121
0.10530601 0.82058186 0.70201184
0.29095612 0.86982227 0.86949107
0.86364949 0.60281232 0.75955244
0.50628847 0.65658276 0.02467667
0.45823203 0.17164581 0.63238915
0.07262016 0.85862414 0.65571279
0.78590939 0.02879546 0.51469260
0.98687573 0.80784430 0.45205956
0.80085985 0.29184365 0.71179888
0.19820883 0.43325025 0.86585946
0.61913077 0.74534174 0.91741489
0.61221726 0.81568741 0.67780590
0.37579794 0.86328968 0.89275300
0.20056794 0.17875413 0.41462942
0.98035272 0.45860193 -0.04011422
0.28263903 0.28042575 0.78876288
0.34128117 0.64083747 0.51879397
0.86311386 0.38052272 0.50535359
0.30898279 0.38385029 0.20597619
0.32889773 0.18507433 0.76914576
0.43465591 0.41098080 0.45123312
0.58325041 0.99232379 0.43640404
0.48083485 0.36135493 0.48334065
0.06111232 0.62503769 0.56266016
0.43305075 0.86248315 0.61414312
0.43205545 0.64052032 0.03954676
0.22649139 0.31678640 0.95715221
0.26556980 0.41287995 0.02763915
0.86906218 0.10348236 0.23394364
0.30446283 0.84020191 0.01132076
0.48367616 0.69087030 0.28032618
0.76269564 0.09086256 0.56073987
0.13460408 0.48794506 0.14024981
0.41624325 0.90433508 0.68094120
0.66169622 0.72062851 0.77582549
0.51460515 0.59972393 0.67247159
0.41929496 0.75284444 0.73205673
0.86225806 0.35466242 0.09810422
0.08558970 0.63281462 0.46495567
0.94052284 0.42544766 0.30589064
0.45582090 0.61756156 0.63080270
0.77382170 0.75528411 0.19842864
0.06106638 0.52563782 0.98604780
0.96047378 0.65699792 0.48711686
0.31785591 0.75432518 0.66015739
0.32372612 0.33137987 0.58787382
0.78973254 0.03709862 0.23278857
0.86666765 0.63926749 0.22218164
0.40393458 -0.00934895 0.20378182
0.26664466 0.33846731 0.14637388
0.65896375 0.14540321 0.78104130
0.45739190 0.07230089 0.46750917
0.18144870 0.53926825 0.50564300
0.69764289 0.63914207 0.67623741
0.91503022 0.23666814 0.39465597
0.70991287 0.27335172 0.01851744
0.14464842 0.42776272 0.35499199
0.63195828 0.92496721 0.49987590
0.32413702 0.60744085 -0.05600345
0.90246040 0.53593302 0.83697730
0.14819686 0.12537016 0.15126260
0.93587425 0.50347722 0.24893460
0.08493227 0.88129329 0.92889421
0.08920248 0.14273474 0.33925642
0.42723355 0.06031980 0.67355101
0.16567562 0.13784757 0.84197404
0.54532751 0.03614894 0.80519403
0.93411546 0.32696959 0.46350079
0.07642167 0.40363775 0.36095351
0.46664095 0.96409970 0.43456742
0.62973775 0.55252719 0.68373075
0.33206274 0.63095241 0.80701107
0.89696318 0.86481564 0.17711004
0.77223511 0.26309277 -0.03364839
0.45933690 0.45232601 0.39364625
-0.01417684 0.71241961 -0.01986421
0.25881754 0.82095732 0.61791219
0.08206935 0.08311177 0.23127076
0.47955692 0.27167953 0.12350854
0.06852856 0.34459715 0.00067988
0.47545627 1.02627430 0.40668449
0.92699924 0.73579098 0.27239164
0.39322879 0.98758125 0.64161909
0.37997508 0.46967310 0.74342892
1.02393027 0.58390469 0.38568209
0.92058141 0.44991375 0.06881659
0.08344760 0.71998108 0.61732226
0.89412880 0.33445860 0.34736744
0.20887148 0.72213416 0.67542459
0.80534213 0.11866790 0.64283742
0.35418731 0.81612130 0.69588723
0.64911029 0.01618945 0.86304427
0.51211355 0.47435977 0.19621112
0.59072429 0.57977633 -0.05784141
0.59478637 0.11717606 0.01504745
0.11054351 0.26554531 0.04167088
0.62928793 0.13330824 0.59732564
0.27691907 0.59262055 0.49465166
0.48221272 0.38174032 0.21850697
0.50606890 0.58515143 0.01651238
0.21462585 0.15645345 0.70203016
0.43050031 0.24105051 0.47164096
0.75124645 0.19704960 0.72178219
0.21981543 0.64321082 0.76484966
0.37911819 0.54921394 0.09510335
1.01005596 0.17525262 0.92979522
0.70409604 0.77442139 0.52604055
1.00245964 0.35047705 0.68510423
0.40555595 0.04638528 0.14360211
0.59418942 0.38048878 0.03563937
0.47676621 0.38063057 0.39369876
0.29628211 0.69852369 0.56591321
0.59578719 0.04477087 0.91290230
0.47380692 0.29563857 0.42548536
0.88737129 0.14929889 0.58885727
0.59799689 0.36373043 0.79302221
0.34929776 0.51284486 0.48933030
0.07634183 0.04193039 0.58201920
0.97905378 0.79801187 0.91488679
0.18026763 0.77510533 0.70345743
0.76082734 0.01626546 0.42392965
0.57463193 0.45034873 0.05110141
0.64760138 0.43622144 0.05920340
0.36725621 0.36608924 0.26673744
0.80060045 0.96244734 0.52533135
0.32264290 0.75985832 0.34358643
0.41307456 0.21771434 0.10915944
0.68524444 0.48466442 0.59895101
0.12767660 0.70514388 0.71927090
0.77809036 0.59514626 0.82711862
0.62342863 0.51570343 0.29964336
0.56097787 0.82712988 -0.00583539
0.62439376 0.60230566 0.63528184
0.17942370 0.64788802 0.18409317
0.08870052 0.38763417 0.45603167
0.88692631 0.04625284 0.64414008
0.08289490 1.00227615 0.23281941
0.07079752 1.00503092 0.03193177
0.32103359 0.21329962 0.34306636
0.59808597 0.31561747 0.85978955
0.87300833 0.33941187 0.78922384
0.72598337 0.36856017 0.51120070
0.58455017 0.73791317 0.64708718
0.69667142 0.13263214 0.27518391
0.22672129 0.61381842 0.22486030
0.80543729 0.47743036 0.61728105
0.32952976 0.01490190 0.03501859
0.82249500 0.35522732 0.87312252
0.49579346 0.82402874 0.89680527
0.89993664 0.91482717 0.89509077
0.37730051 0.39888751 0.00067311
0.79667486 0.17323451 0.78750487
0.48268638 0.91900031 0.73422486
0.76031442 0.93573566 0.60852494
0.20928567 0.32214045 0.20036114
0.57728500 0.59039917 0.57270944
0.71736433 0.72221273 0.24249568
0.51452944 0.18660161 0.01788160
0.19913257 0.43382129 0.40441517
0.17155665 0.19407650 0.78167441
0.15585259 0.14474196 0.96256572
0.19548901 0.11717800 0.55983465
0.75289704 0.49962234 0.50561656
0.70490995 0.94781653 0.53193024
0.30281635 0.07754320 0.27789759
0.13476503 0.32874627 0.07545523
0.73744754 0.85229225 0.75292051
0.07278110 0.37999958 0.71545498
0.98605226 0.90715165 0.31273302
0.20195908 0.24302511 0.89139267
0.25887267 0.77536553 0.29676950
0.34267787 0.82861173 0.32610807
0.50862274 0.93992849 0.07066906
0.54185588 0.40772625 0.43364106
0.32056374 0.28979428 0.20748875
0.97598063 0.23649374 0.07226540
0.61850468 0.58879532 0.76505287
0.80596543 0.86408658 0.51728329
0.51692779 0.84509749 0.62709807
0.24417664 0.24027890 0.19413848
0.62695284 0.38015723 -0.03930748
0.64834767 0.26402971 0.05855481
0.75607790 0.52176533 0.39389600
0.21127770 0.14758659 0.13401900
0.36380338 0.15586796 0.57792967
0.54803900 0.24688816 0.70254697
0.12826858 0.19703251 0.17207189
0.30405044 0.62560786 0.69208583
0.57028253 0.67761783 0.43667531
0.29787836 0.07516427 0.52170842
0.59312865 0.55362686 0.20410211
0.02273326 0.32487426 0.93279622
0.67825572 0.77657975 0.43421007
0.61708612 0.44284170 0.29367744
0.31281423 0.40998357 0.37589024
0.15706478 0.13993057 0.06070773
0.21725946 0.38810748 0.48534291
0.71291389 0.65989791 0.58804541
0.73544723 0.95347248 0.45568137
0.32466879 0.40106261 0.10759098
0.50843036 0.48469013 0.04194152
0.78035744 0.45895700 0.44490854
0.35971065 0.11538150 0.77484694
0.29652930 0.05830097 0.12622326
0.86828134 0.84221700 0.71274425
0.74872996 0.66705388 0.06889313
0.33170991 0.89371780 0.32769275
0.42963251 0.97240417 0.28336381
0.28001068 0.39614090 0.86848391
0.14584408 0.58229014 0.37498352
0.91207099 0.97733416 0.34698036
1.03190815 0.68944839 0.74745262
0.74796425 0.24438875 0.44902857
0.93931047 0.51339864 -0.01085332
0.73683578 -0.02183236 0.82232304
0.75774934 0.29227411 0.09047191
0.26016589 0.75348576 0.94640337
0.87516641 0.55406515 0.52406455
0.45205080 0.61446182 0.11537487
0.37644475 0.14699952 0.84481569
0.58392990 0.11322031 0.26628981
0.94727801 0.37970039 0.05648025
0.47909959 0.20077906 0.19879091
0.21531306 0.36539770 1.06059129
0.97845826 0.52343722 0.16288774
0.50258969 0.02481161 0.57972624
0.96871524 0.94614511 0.82206331
0.28380918 0.44658664 0.78711200
0.66729406 0.20064178 0.37137148
0.20758364 0.67213165 0.11233543
0.93594176 0.59461834 0.74129029
0.90016706 0.65488783 0.60190001
0.79190284 0.57014254 0.04844789
0.24359781 0.20930425 0.51288932
0.94691113 1.01867454 -0.03035635
0.76827168 0.93807562 0.08650056
0.58033697 0.99007839 0.71052101
0.06580428 0.11317141 0.12492720
0.81383352 0.33022951 0.03205288
0.91600843 0.58826171 0.63041216
0.71636276 0.16119524 0.87515346
0.91505902 0.32542054 0.89118071
0.16621976 0.88801530 0.08011921
0.00439505 0.67938100 0.34957750
0.08184227 0.84714567 0.12836349
0.65342690 0.15786442 0.91596119
0.14170512 0.36299908 0.31450757
0.27522363 0.65077801 0.16221130
0.27974629 0.03885755 0.34492296
0.70442305 0.44656341 0.31295868
0.31046486 0.27648037 0.45912184
0.22043192 0.81155113 0.45637424
0.10934647 0.19578600 0.72335451
0.94752044 0.37830054 0.58086630
0.55648300 0.77940102 0.09180596
0.12676663 0.94455273 1.01704706
0.39870967 0.24461404 0.55885509
0.94043487 -0.00293335 0.44403601
0.17154308 0.81856624 -0.09387467
0.21582413 0.93823440 0.84044256
0.22974064 0.76891716 0.57673901
0.10027175 0.64145420 0.18720765
0.47326714 0.79920712 0.54006635
0.87072024 0.40499597 0.77093652
0.35965007 0.92378670 0.13636356
0.43121456 0.81083229 0.44477140
0.38733056 0.53178085 0.90361255
0.05885499 0.69244477 0.94248278
0.25544668 0.36130618 0.36848596
0.54340216 0.29443157 0.15681748
0.37329743 0.45381806 0.47395861
0.54946664 0.50797301 0.81668951
1.07093654 0.29749924 0.43894128
0.29465869 0.31437003 0.66549184
0.16365494 0.56756477 0.22845528
0.17996403 0.72042008 0.93272526
0.68712014 0.94119243 0.26764790
0.52220010 0.11250954 0.16398499
0.72531048 0.64906707 0.92946894
0.02549949 0.69326374 0.48288023
0.80161131 0.49252398 0.88661289
0.49793848 0.77277342 0.18523424
0.73383155 -0.02230431 0.02728501
0.78548227 0.64503619 0.57270818
0.14035507 0.65774017 0.87182227
0.86550739 0.76659941 0.22032134
0.85431535 0.07545072 0.74679329
0.22629921 0.25936338 0.26723721
0.30370767 0.39256841 0.29581644
0.78214085 0.74795983 0.54115218
0.21319481 0.03120937 0.09367746
0.93151190 0.72205759 0.85597332
0.06731507 0.91440900 0.60389792
0.43009881 0.18030475 0.85774623
0.40223244 0.38975417 0.57094982
0.15971944 0.08373186 0.62827805
-0.00837248 0.97796238 0.57779681
0.95065187 0.95552165 0.63821458
0.57481615 0.29914106 0.05585545
0.72090344 0.74887302 0.82811344
0.46506987 0.26616711 0.59804200
0.69542984 0.52357191 0.32298910
0.60313806 0.66537402 0.18460791
0.84950650 0.39470763 0.02945753
0.42110453 0.07195829 0.38811033
0.35656594 0.11767694 0.04062910
1.01818934 0.05126556 0.07866370
0.70239239 0.71242715 0.66325395
0.52465926 0.25748084 0.95011442
0.95483733 0.98056990 0.73868101
0.86930932 0.62589672 0.84911650
0.11980380 0.55867113 0.47148419
0.32460741 0.95333405 0.68566305
0.26449499 0.89098386 0.58993209
0.84572331 0.90148212 0.12108794
0.78635957 0.35906530 0.55787979
0.57197276 0.54472330 0.02425610
0.46202505 0.03799788 0.32321482
0.05853577 0.23102708 0.22398348
0.34890731 0.32495435 0.34253704
0.23556588 0.10626042 0.75079713
0.21270873 0.88964645 0.42417656
0.48892135 0.61122582 0.21343173
0.83825402 0.22598771 0.19974110
0.95009872 0.22005142 0.26809148
0.28163439 0.23831420 0.88802968
0.75110586 0.08708196 0.23910644
0.34177487 0.12234538 0.22428836
0.46742750 0.62328702 0.29443738
0.56061527 0.20220742 0.41135312
0.92979237 0.65911247 0.37193022
0.94954772 0.30771499 0.08611739
0.82636889 0.88210185 0.43240552
0.90882338 0.46064792 0.61582232
0.42877757 0.56394567 0.28235382
0.41348943 0.52436402 0.67004182
0.15435562 0.73316736 0.00730897
0.72443576 0.70432464 0.50248600
0.40101092 0.99101042 0.47584505
0.02749758 0.86515011 0.23260284
0.53142363 0.11326368 0.45199880
0.30194520 0.78614231 0.73576843
0.27589530 0.03297719 0.58245633
0.47371090 0.00407770 0.71157226
0.81951671 0.29837637 0.27997493
0.01641342 0.68791518 0.56286975
0.18275419 0.54529862 0.65226313
0.92773221 0.03802371 0.17154414
0.99873900 0.53849889 0.02831080
0.52356500 0.37947379 0.77717848
0.10983321 0.64978906 0.94503510
0.01650847 0.37059206 0.23796665
0.35741520 0.06452167 0.48418583
0.35683393 0.81929793 0.97598080
0.44908155 0.29255787 0.76383615
0.39133533 0.26294161 0.64838794
0.88751153 0.33730535 0.96663745
0.62895116 0.25250800 0.75744846
0.50817817 0.87541884 0.83977998
0.29553474 0.12033060 0.15773051
0.85732726 0.89782786 0.23467844
0.27438569 0.92353588 0.92247879
0.48842806 0.29024579 0.04627548
0.88657560 0.93363214 1.04481060
0.86325404 0.65495179 0.33070270
0.11636534 0.39603476 0.57015869
0.54801746 0.90117363 0.36215469
0.02052036 0.28314992 0.55576206
0.49357092 0.71918082 0.95188109
1.00819676 0.50082002 0.86025636
0.07128352 0.30853253 0.33219098
0.30659822 0.18283788 0.47243634
0.53911041 0.00165155 0.88888211
0.01834686 0.26219323 0.29432252
0.17964679 0.32244620 0.65616070
0.81604298 0.21585390 0.41157756
0.44062290 0.13624216 0.96398914
0.71993725 0.35452637 0.74688063
0.80353720 0.48091202 0.76531040
0.42043673 0.32828044 0.51301982
0.82838230 0.60184224 0.10250318
0.05153038 0.92050171 0.10505667
0.09048625 0.57662793 0.15833541
0.87459697 0.28924903 0.08495387
0.39024058 0.03051234 0.84528794
0.11484364 0.02287170 0.13321712
0.10723407 0.19405371 1.03024714
0.78553090 0.49046884 -0.02694573
0.78873597 0.86778273 0.59663598
0.89435431 0.62515642 0.13548968
0.64353088 0.84602881 0.24939367
0.05102885 0.75503643 0.41882945
0.33478157 0.77459210 0.11885582
0.38824023 0.22144684 0.37885097
0.11543265 0.39949951 0.84540905
0.35051303 0.29519650 0.52868215
0.33209574 0.11942780 0.43028424
0.07544473 0.69189800 0.81663105
0.27293135 0.92094024 0.43017124
0.79175908 0.67085737 0.13424315
0.91594422 0.92664636 0.23387221
0.26823115 0.05384112 1.05024120
0.07115099 0.52533812 0.52377525
0.79564024 0.99462811 0.88736625
0.66605195 0.81761383 -0.02820095
0.62517039 0.47770792 0.98130846
0.90744095 0.19903619 0.02218425
0.73184072 0.90975884 0.97938406
0.88970616 0.71632508 0.39711583
0.01259315 0.05269032 0.64228435
0.83722648 0.56939719 0.98176001
0.02025849 0.61465956 0.12646742
0.72191393 0.73127872 0.73943738
0.27204270 0.68807372 0.88781533
0.21387892 0.55328471 0.04466366
0.10747192 0.73692842 0.31191376
0.20436056 0.60443365 0.82720450
0.95497056 0.52024662 0.43608806
0.70846043 0.38836474 0.97600801
0.35491048 0.70081361 0.60468939
0.46142484 0.12276274 0.10410729
0.64711208 0.18915969 0.08243388
0.41664622 0.76786504 0.88463312
0.23877085 0.95269323 0.19452782
0.71906417 0.18259962 0.46294561
0.81648226 0.39389934 0.20901454
0.86448768 0.82464239 0.06950679
0.80953994 0.39769947 0.30921329
0.39947125 0.05360205 0.58921089
0.54166775 0.69718098 0.21354085
0.60500787 0.25415445 0.86644642
0.45161562 -0.07172784 0.01981092
0.04008059 0.25018943 0.05049470
0.50363449 0.83615339 0.34954789
0.89509258 0.85165979 0.57810195
0.85605153 0.97539461 0.15737243
0.14604715 0.28771686 0.91345779
0.03160995 0.41828713 0.88984447
0.09738986 0.82370922 0.21829511
0.48463040 0.75047499 0.42570391
0.80867441 0.76689988 0.33370428
0.98114778 0.22516710 0.15636956
0.94540004 0.47398261 0.77269072
0.40765125 0.23114770 0.92236266
0.34115499 0.20422892 0.87648350
0.38866616 0.70835327 0.00686744
0.48992272 0.67894082 0.13734163
0.96285465 0.38040162 0.97304371
0.43978480 0.29057457 0.34213513
0.76924320 0.68081577 0.68430946
0.39721367 -0.01575022 0.11178642
0.95314714 0.51322881 0.06974303
0.90549944 0.76375157 0.09348244
0.69285978 0.80215798 0.05423515
0.26984475 0.07758777 0.97260520
0.13861110 0.68549218 0.12007663
0.68560341 0.89760378 0.87023689
0.90092303 0.73767907 0.01503306
0.66516963 0.73070620 -0.01836457
0.23467522 0.68795224 -0.00648452
0.26482878 0.29717632 0.52277583
0.25962266 0.47032774 0.14730114
1.00940461 0.07961556 0.29269811
0.50548919 0.97276703 0.78365779
0.57060904 0.69429821 0.92510637
0.17733761 0.14332948 0.26981514
0.42703765 0.87157943 0.50736043
0.68842605 0.48037980 0.38722910
0.81953440 0.69514294 0.62409071
0.68968996 0.07590292 0.78264140
0.15748906 0.86177799 0.48303083
0.45456052 0.52499838 0.90249937
0.51242156 0.37103928 0.92814915
0.85683507 0.67486120 0.10449487
0.19719140 0.75204716 0.39188953
0.75103611 0.57342621 0.74567564
0.46864719 0.34951710 0.28895538
0.86783611 0.02552674 0.31408143
0.95843252 0.61499183 0.26775470
0.04312528 0.77031832 0.84721036
1.00059911 0.57542325 0.62322714
0.73887100 0.14403715 0.00624433
0.80432848 0.15249228 0.25360941
0.61571217 0.85412856 0.76812029
0.80595284 0.60725851 0.21348458
0.95224716 0.95658925 0.91769993
0.16213379 -0.00213879 0.21715039
0.65366472 0.81988158 0.48348355
0.29158602 0.85746720 0.38269869
0.90774511 0.17238050 0.22784066
0.18105847 0.69131057 0.80351042
0.57015903 0.67134126 0.05119928
0.55522567 0.18668742 0.27825719
0.88596889 0.37228177 0.18109756
0.66861804 0.54521528 0.20948079
0.46452725 0.95249772 0.17674680
0.79748284 0.14827552 0.51823040
0.28200790 0.44164987 0.43989510
0.85612458 1.00706665 0.23761698
0.44028029 0.86225800 0.86964540
0.57338501 0.25330005 0.52154068
0.63359171 0.09000927 0.94430631
0.69634841 0.34330225 0.11515992
0.21257268 0.10085691 0.07092834
0.51553656 0.31084606 0.24433944
0.88278533 0.27653490 0.15989315
0.81981343 0.27967974 0.53674549
0.76488817 0.03219229 0.77245422
0.91103282 0.23138203 0.51026973
0.64368193 0.89384428 0.30666167
0.13892638 0.54787051 0.76556305
0.56052541 0.79969353 0.17716680
0.88906438 0.85735981 0.49048286
0.33177419 0.63094767 0.26891076
0.26075880 0.57930220 0.11544386
0.99753446 0.35221286 0.48102460
0.51493635 -0.00368826 0.19388703
0.74404078 0.63933112 0.39053043
0.38344886 0.33671669 0.74081938
0.23232186 0.62646854 0.42999496
0.64600381 0.50034940 0.90505742
0.24840532 0.28535855 0.39171373
0.64322619 0.71886062 0.59750087
0.55073083 0.77566603 0.35196956
0.60442360 0.51317870 0.46764601
0.54038892 0.17459095 0.51478978
0.86389382 0.95007701 0.96504009
0.85813422 0.57049309 0.42499410
0.69776114 0.81982352 0.81209354
0.07437538 0.27161084 0.95742792
0.69808849 0.52201468 0.14552396
0.07568854 0.60698869 0.00457787
0.04375561 0.56594208 0.25819629
0.61189267 0.04840452 0.60295091
0.82581060 0.10850788 0.38502521
-0.00054326 0.69931063 0.83333680
0.07333521 0.63230249 0.28164549
0.86472446 0.86180209 0.95355303
0.89675168 0.05789022 0.10457401
0.21975219 0.46402697 0.48097698
0.22787108 0.56411987 0.58129474
0.70832444 0.96692101 0.37046483
0.41365281 0.67448445 0.88820719
0.12922721 0.59222483 0.82959231
0.30024726 0.22278231 1.02735761
0.16766996 0.76413994 0.29492981
0.68593308 0.90277262 0.43664538
0.74241472 0.65954977 0.24582397
0.88081435 0.08498052 0.49560209
0.41946603 0.70969287 0.64973241
0.04925527 0.37986308 0.62224386
0.44933577 0.67100522 0.58151956
0.03620052 0.88286402 0.77639789
0.99023157 0.17078155 0.35672988
0.17269549 0.36180240 0.55680428
0.76230867 0.08258288 0.46727891
0.74114531 0.50730218 0.77612496
0.29930683 0.51867029 0.40789684
0.61125587 0.64530499 0.69245208
0.23905608 0.82538073 0.85883985
0.50449312 0.52537618 0.46087120
0.69528943 0.16426092 0.18744700
0.70954104 0.38440108 0.34283536
0.17888493 0.90348126 0.97882537
0.37929329 0.41270154 0.19429738
0.64794514 0.85476847 0.61714505
0.93013470 0.84243932 0.83316555
0.57576452 0.60813264 0.25487869
0.83117446 0.32820755 0.20008968
0.55020054 0.27485712 0.59181130
0.93475448 0.09055211 0.81243328
0.22738476 0.78575474 0.78397617
0.46327510 0.36684415 0.14068382
0.94375148 0.67452330 0.92742547
0.37962497 0.38053377 0.68569655
0.77470993 0.41712309 0.59605175
0.84565559 0.19134162 0.13418082
0.47899711 0.57114009 0.84570876
0.60014329 0.49976291 0.62791465
0.04072443 0.45011316 0.80744501
0.87328537 0.49697571 0.10683714
0.50425154 0.07238074 0.64812384
0.15573456 0.38968794 0.90651508
0.98194939 0.07009074 0.47271026
0.60562617 0.20518880 0.80798613
0.83634795 0.08610646 0.57317191
0.59350032 0.52053964 0.10455608
0.56789205 0.09456797 0.34305230
0.61876447 0.58059358 0.13754552
0.55818285 0.54600413 0.74606166
0.70393712 0.57184048 0.67613066
0.95259352 0.20822725 0.78819413
0.73278282 0.73769691 -0.00197634
0.78031393 0.52749648 0.56653367
0.52495481 0.50727845 0.36382160
0.93473225 0.71287581 0.58288350
0.38978703 0.49715057 1.02539132
0.70835882 0.23128783 0.08175976
0.25479935 0.00421070 0.76289349
0.80668168 0.43139157 0.71771601
1.00559700 1.00280704 0.27429155
0.96030537 0.58314067 0.10430211
0.66875198 0.90919835 0.77793453
0.54588678 0.62832381 0.96971573
0.01916094 0.21704011 0.39431891
0.76353461 0.09895104 0.72921565
0.37045567 0.43874688 0.38267488
0.01592638 0.96483941 0.87635855
0.59834235 0.18478044 0.70870992
0.21700209 0.24905946 0.76430559
0.94905497 0.57104753 0.95817992
0.19862086 0.90760589 0.63358118
0.29718370 0.48874020 0.85207256
0.33258464 0.87079066 0.19842816
0.18558115 0.94652899 0.27010793
0.08633917 0.55239644 0.38306452
0.05110260 0.83120447 0.47651813
0.62876174 0.17153086 0.17293060
0.02580917 0.11332461 0.04706687
0.03184019 0.86762867 0.85950423
0.34973265 0.24163317 0.25845522
0.19428445 0.00093566 0.73184092
0.39345287 0.79233349 0.07449188
0.13477348 0.42025478 0.09297534
0.79846281 0.76204312 0.76833483
0.02935394 0.69024278 0.16593303
0.88109008 0.12399981 0.11505403
0.58611397 1.07822323 0.41959391
0.53280989 0.97973734 0.65867412
0.23368386 0.69572127 0.44735467
0.37550334 0.52981000 0.79358679
0.18661380 0.87338615 0.84515201
0.26202012 0.88151944 0.27066629
0.55593382 0.91740426 0.75351414
0.49971756 0.01372483 0.48951696
0.50003664 0.95113500 0.31668564
0.60797423 0.98942505 0.79855018
0.85251680 0.20959535 0.93334987
0.19569988 0.37656713 0.24555573
0.27214591 0.36863385 0.62600186
0.51066165 0.45171359 0.73766855
0.68340664 0.41814991 0.58187007
0.60325432 0.30107281 0.71218042
0.26265858 0.02799715 0.24884308
0.95712823 0.29892261 0.57593854
0.57009163 0.75130801 0.26745462
0.13512711 0.60839388 0.57377541
0.27664198 0.79218056 0.50411197
0.40225869 0.89445700 0.31084607
0.01511900 0.08707746 0.75921336
0.97660580 0.64375777 0.70942418
0.09754537 0.69112386 0.50256167
0.80962658 0.93264270 0.18932305
0.30572323 0.71249628 0.13430859
0.14859137 0.47023787 0.28580058
0.82891939 0.59642488 0.61170346
0.34524973 0.61172994 0.18781259
0.74266667 0.19769060 0.14869243
0.07727083 0.07419158 0.79992330
0.49742230 0.41196966 -0.00196705
0.19295349 0.65875360 0.52383063
0.92954475 0.84503108 0.00147729
0.78649548 0.28426140 0.80271978
0.80872687 0.79719516 0.88060195
0.12920843 0.52031793 0.83874113
0.24137434 0.25645951 0.98038194
0.58137750 0.32753406 0.52553509
0.64245669 0.08376928 0.48481103
0.23263768 0.39948746 0.13250444
0.70384515 0.01542820 0.53757179
0.21403245 0.04671817 0.86098644
0.45218434 0.71905570 0.21850369
0.96872619 0.21196079 0.47357244
0.03676923 0.05213048 0.36761479
0.24308524 0.08001402 0.41227725
0.66412760 0.21080664 0.85612884
0.14173456 0.96186784 0.40137056
0.94492317 0.71776253 0.17753392
0.73112491 1.04477871 0.36063692
0.60490636 0.97177605 0.04672574
0.92773633 0.71918580 0.48078677
0.09099510 0.64282939 0.65662869
0.52530682 0.74071699 0.52988378
0.36086417 0.10447294 0.12161627
0.80111345 0.62514106 0.93292798
0.84663936 0.46336120 0.02544403
0.12428043 0.44332658 0.47657108
0.57778260 0.26543469 0.38907858
1.02059550 0.89453456 0.38286983
0.81897768 0.70220211 0.82737695
0.42539043 0.28034406 0.17511269
0.63371859 0.33184527 0.08835774
0.74632062 0.43752250 0.88429859
0.76652868 0.61464259 0.30539325
0.71266305 0.54731682 0.99908462
0.62463150 0.19577427 0.99103993
0.58148459 0.35693674 0.37564800
0.70916727 0.48653790 0.86021415
0.51506351 0.59089766 0.91415305
0.16755250 0.29903267 0.14192097
0.08841181 0.09476540 0.92194939
0.16394146 0.23233565 0.97627831
0.06143964 0.47143831 0.59093472
0.46549462 0.46943255 0.82600287
1.03870297 0.92557584 0.68094327
0.02243857 0.55070481 0.73252453
0.71985415 0.25136785 0.35044580
0.69942743 0.47347783 -0.03505741
0.95688138 0.78264813 0.51653991
0.65370700 0.99873418 0.41371705
0.53783105 0.77110307 0.59961044
0.82769391 0.81307077 0.39998379
0.21426870 0.39349485 0.78369647
0.81760405 0.76080460 -0.01618016
0.48869971 0.17321283 0.92274800
0.76901069 0.38445737 0.81407994
0.20126193 0.50067481 0.85221764
0.45855112 0.54112321 0.61193727
0.21812779 0.76943504 0.12370214
0.72201668 0.60237166 0.09810188
0.27227209 -0.02143398 0.87112265
0.73346144 0.30989865 0.22624084
0.90771182 0.61566881 0.50707347
0.33746120 0.30290488 0.84286919
0.08920606 0.39590840 0.26166427
0.64845291 0.42536514 0.38637037
0.06807202 0.97387438 0.41852418
0.26978904 0.36784791 0.53729944
0.58176920 0.82185315 0.59085023
0.37700172 0.72812908 0.30259450
0.68337927 -0.00685683 0.21171535
0.59102373 0.23240273 0.11398040
0.78020427 0.80612056 0.48819338
1.03870601 0.58545318 0.80476079
0.45616905 0.53023048 0.08158102
0.02191276 0.17711704 0.26487268
0.13129628 0.82632007 0.83425851
0.58726585 0.80713649 0.91590719
0.71180623 0.34390988 0.61455968
0.63248203 0.64071661 0.39113432
0.24995858 0.82430742 0.70248656
0.12880082 0.45657663 0.62521770
0.49832885 0.69073544 0.73857321
0.33704512 0.42476533 0.63210653
-0.02700610 0.42661070 0.21044447
0.80569619 0.80358906 0.24952755
0.19617107 0.83374497 0.04276568
0.59953309 0.90676177 0.60481333
1.01075186 0.29977244 0.85972357
0.14266837 0.57902151 -0.07405801
0.18943114 0.71172308 0.57440581
0.88469511 0.72043505 0.92638709
0.35921846 0.05781174 0.70937170
0.08751044 0.14717815 0.86995006
0.33723862 0.58753342 0.57385273
0.68196226 0.69527876 0.43340325
0.35189530 0.94295814 0.21881890
0.35268476 0.55783556 0.28897722
1.01207569 0.90075135 0.92466243
0.63635958 0.06930904 1.03473433
0.64863737 0.06027387 0.69032791
0.32997259 0.68647957 0.39283684
0.07112225 0.34773887 0.87630954
0.96679079 0.11964073 0.24696028
0.11755630 0.95537951 0.68244818
0.97172539 0.78029516 0.22863800
0.60501458 0.12979437 0.83240569
0.54823580 0.47541496 0.43473979
0.68304991 0.21606612 0.27637515
0.47022635 0.14044595 0.50677696
0.74019139 0.32327672 0.84757995
0.13750087 0.79489379 0.50234229
0.55770859 0.57930076 0.44614051
0.78007378 0.47729508 0.13559085
1.05321186 0.08074673 0.98226740
0.64348478 0.12114499 0.22517335
0.52067741 0.22292677 0.07943099
0.73522277 0.44129345 0.78162793
0.56413279 0.70151850 0.78412163
0.34246984 0.41716970 0.93254224
0.88750479 0.43679548 0.87236516
0.42607342 0.91573908 0.09484568
0.13578345 0.11438345 0.38908710
0.06627537 0.34373669 0.13993339
0.74772154 0.72444336 0.92156173
0.29240899 0.03022095 0.67905190
0.55220178 0.37031458 0.21776025
0.59396230 0.44317672 0.79493092
0.43571295 0.84130988 0.36085997
0.00308681 0.88288744 0.04561311
0.83598684 0.32011470 0.45748591
0.62364187 0.02593317 0.25030687
0.44905436 0.30350794 0.89442470
0.07110162 0.18853787 0.96021238
0.87507660 0.28657540 0.60368638
0.17423468 0.96110365 0.92375563
0.74567226 0.65885786 0.84084738
0.53647754 1.00202639 0.08155247
0.12238986 0.73618976 0.42064552
0.31935381 0.79255625 0.59228997
1.00498787 0.88201093 0.14958104
0.27075478 0.50807663 0.59607826
0.72133427 0.27674179 0.57358279
0.52144602 0.31019731 0.86310967
1.00139787 0.25111631 0.95007808
0.46415391 0.78237276 0.78673084
0.67108262 0.51003916 0.73610613
0.47800544 0.92877713 0.63362413
0.19589186 0.50506969 0.33062023
0.44020974 0.61019458 0.92773784
0.51309517 0.21823284 0.76266888
0.13875501 0.65911757 0.31028627
0.36881715 0.35700001 0.88073046
0.71882688 0.22924507 0.79558061
0.86620417 0.47647142 0.22663704
0.07119792 0.49174299 0.09975292
0.24904931 0.44543330 0.30351005
0.67257873 0.11413739 0.35727402
0.60788771 0.17187211 0.46073804
0.42678895 0.42607570 0.28493652
0.60768605 0.26754872 0.32176688
0.34023609 0.53252073 0.62016891
0.41305651 0.50597458 0.14862816
0.35484179 0.48497130 0.21930980
1.01668686 0.15798589 0.51837621
0.09444726 0.84121081 0.55236844
0.82031327 -0.00996917 0.73520466
0.55584265 1.02319086 0.31185777
0.97564863 0.23268866 0.57680349
0.46764377 0.04517630 0.20974367
0.63688837 0.99845876 0.50475047
0.29040467 0.52278236 0.25446405
0.42459116 0.07325274 0.91449162
0.45617371 0.00483641 0.92891969
0.94148310 0.07476816 0.54300938
0.16006082 0.16670757 0.65093850
0.22832662 0.29426154 0.60855942
0.06558748 0.44648546 0.67634134
0.34019326 0.69088762 0.69616119
0.56654497 0.16984849 0.59950607
0.17372663 0.61586932 0.46643043
0.86499407 0.70065237 0.26250089
0.11885315 0.23203263 0.81299079
0.55115474 0.12438851 0.66705761
0.61784868 0.93061924 0.17226913
0.10399062 0.93778801 0.84926635
0.35874842 0.90304159 0.40056068
0.43122851 0.44272098 -0.08511253
0.89117131 0.54552556 0.16478021
0.68388005 0.25399340 0.48269493
0.70340406 -0.01547921 0.75062515
0.44645857 0.44205827 0.63321057
0.38558490 0.07182455 0.24719036
0.35283880 0.49359341 0.95835202
0.90775465 0.18507885 0.73474838
0.95497812 0.11927619 0.04074219
0.79577762 0.62767860 0.74563974
0.28393181 0.14057002 0.53706168
0.17663183 0.29169696 0.02138499
0.87379347 0.42031196 0.28376161
0.14527505 0.19039610 0.90206473
0.83867593 0.54175942 0.79254959
0.38430013 0.15498662 0.50407747
0.21425814 0.46853101 0.67516351
0.64242477 0.72635382 0.36307607
0.70474911 0.20263219 0.98234198
0.98670567 0.79081364 0.32742139
0.70290216 0.10178940 0.93494028
0.87762648 0.91773490 0.37220844
0.30160676 0.83149275 0.12603998
0.93522253 0.31135395 0.70990760
0.61708933 0.74670091 0.18274780
0.69661427 0.28244305 0.16805027
0.39837830 0.72133739 0.80760750
0.11381215 0.75491353 0.11678867
0.86271697 0.76086684 0.59923517
0.78159758 0.80998164 0.66758052
0.74722986 0.06571423 0.64325028
0.10340905 0.65050564 0.75314093
0.39965806 0.59118374 0.68479901
0.96138837 0.27320053 0.77151982
0.23626042 0.60221605 0.65659054
0.59726895 0.88607319 0.69355377
0.13868921 0.04003826 0.37370422
0.15932102 0.47202176 0.54566008
0.87898026 1.03458358 0.95242405
0.24923101 0.79716333 0.20192820
0.90726434 0.57299854 0.25169443
0.77484481 0.49056718 0.05512796
0.44905811 0.42530122 0.74599441
0.87741536 -0.01368000 0.60114543
0.73536584 0.15212945 0.58755870
0.96903029 1.01783280 0.37328577
0.29979648 0.68814985 0.00149546
0.18392602 0.86414310 0.70332111
0.64160737 0.44439673 0.49558154
0.72567320 0.05771896 0.11158909
0.60555516 0.47790818 0.36680153
0.62732867 0.48000726 0.16361698
0.41467129 0.27457451 0.82207606
0.22237718 0.91131636 0.50351892
0.43546608 0.50985322 0.46608810
0.28226331 0.36703002 0.97821232
0.21412998 0.51025758 0.24483650
0.53764344 0.24331771 0.22370774
0.76102265 0.35656440 0.27488432
0.44296240 0.37408085 0.93576860
0.78171977 0.47367946 0.22468212
0.37010063 -0.01900862 0.38892014
0.04147459 0.70947121 0.29724878
0.04824743 0.11379461 0.57847203
0.69546559 0.45845971 0.18032143
0.41844126 0.27577993 0.04154048
0.19793855 0.11611956 0.46469490
0.20555492 0.56858675 0.72466962
0.13902318 0.65881389 1.04140621
0.39629684 0.09768785 0.32122706
0.07035061 0.55617346 0.65149866
0.64636719 0.35266071 0.51508464
0.12364024 0.76670183 0.65177103
0.28634991 0.55808100 0.19103330
1.00697992 0.98093763 0.99649655
0.66052758 0.60759928 0.90993729
1.04158356 0.96349784 0.16562874
0.08416937 0.75240763 -0.02558838
0.42494786 0.12034396 0.03749958
0.37179935 0.16264977 0.33344609
0.69250860 0.86555478 0.53169024
0.70187336 0.81373279 0.89822418
0.44443106 -0.06188564 0.81690301
0.69002501 1.02388484 -0.01790823
0.96222929 0.35949200 0.75725307
0.24475060 0.81575526 0.36123844
0.42961114 0.45730643 0.54380852
0.65796968 0.68286594 0.90462308
0.32220117 0.12236393 0.88487716
0.31438633 -0.02839737 0.09791938
0.73226481 0.42985988 0.23795954
0.97291261 0.09455689 0.68380044
0.65411753 0.94294047 0.69570054
0.81657717 0.43429180 0.84432272
0.90411042 0.11287256 0.72490966
0.00341803 0.51400098 0.49934544
0.52222679 0.52112776 0.11891475
0.35466010 0.74981106 0.95560393
0.15805750 0.43507881 0.21408937
0.65025946 0.65589016 0.00688179
0.40055338 -0.04040889 0.72321190
0.54718513 0.40428412 0.32732979
0.50519241 0.24170404 0.87678387
0.65170559 0.35287603 0.73708747
0.88950179 0.38933096 0.39551673
0.45736518 0.23524944 -0.00817542
0.11408581 0.91365600 0.44779680
0.18929386 0.62896825 0.99760871
0.48279081 0.76712859 0.01317011
0.39566451 0.04332476 0.04254036
0.24278832 0.72412559 0.07127833
0.89110257 0.34332010 0.65950485
0.66306309 0.64576405 0.75298688
0.17912299 0.89022544 0.34781040
-0.02772580 0.13506348 0.58544647
0.38212583 0.88754464 0.99585965
0.46910699 0.03334281 1.01267371
0.33602640 0.98454336 0.30840438
0.48347599 0.85005977 0.73855685
0.50657187 0.87013845 0.96635788
0.28370406 0.87923265 0.77906277
0.17590118 0.01480321 0.62709001
1.00328639 0.10019114 0.91364315
0.19616730 0.28642845 0.52235029
0.44552267 0.14753586 0.31290617
0.63221381 0.89278662 0.91445752
0.74985103 0.99716040 0.64524500
0.47757744 0.73505904 0.08775473
0.79385557 0.22075865 0.85599605
0.39040904 0.46242422 0.84537105
0.83873785 0.73765394 0.14238874
0.49847693 0.11339198 0.35213964
0.99393247 0.07425670 0.15638470
0.39396061 0.61421694 0.77097048
0.08333423 0.09529639 0.65117543
0.73449904 0.72593989 0.13398154
0.76776801 0.37577440 0.67914070
0.13413997 0.32310578 0.47337750
0.95609276 0.36095646 0.15291735
0.38782167 0.62071756 0.60173662
-0.00643586 0.52062064 0.28640976
0.57359437 0.71362263 0.10855226
0.87971146 0.20420925 0.66045060
0.35795926 0.60737148 0.42253119
0.34872507 0.77595621 0.82474580
0.97674299 0.63454615 0.80848220
0.22107535 0.18369473 0.98590121
0.08129147 0.46582223 0.92166163
0.66119096 0.93865479 0.11434302
0.62174763 0.84847819 0.42114583
0.30189703 0.44940036 0.23734233
0.74422084 0.53753152 0.26780426
0.67679163 0.81128667 0.73059080
0.16085140 0.24111696 0.46333719
0.26958498 0.18140665 0.81221458
0.05422760 0.15408209 0.67089111
0.15171351 0.06976583 0.22980134
0.84692672 0.22820720 0.79908242
0.56143326 0.82552195 0.83987936
0.40790811 0.14771582 0.16161922
0.91123719 0.11039842 0.91102617
0.75623383 0.80948521 1.01345163
0.66067891 0.23543432 0.61743606
0.32695549 0.02349804 0.95299743
0.31316449 0.52619014 0.12563340
0.31595606 0.77186631 0.42898756
0.04589596 0.26505011 0.13978762
0.51801735 0.80645400 0.47459134
