Simulation began at: 2022-12-02 20:44:03.109831

Box details:
	cell parameters = 52.79450 54.79430 45.19530
	cell volume = 130742.65416 Å^3
	Ca number density = 0.01239075

Lennard-Jones parameters set:
	eps = 0.00950718 eV
	sigma = 3.75849720 Å

Gaussian parameters set:
	eps = 0.03968365 eV
	H = -0.05979992 eV # See LAMMPS documentation
	r0 = 5.99124646 Å
	sigma = 0.60117255 Å

Gaussian (II) parameters set:
	eps = -0.03112717 eV
	H = 0.07261839 eV # See LAMMPS documentation
	r0 = 5.91965995 Å
	sigma = 0.93071570 Å

Performing Monte-Carlo simulation.
	Max moves = 8000000
	Max accepted moves = 4000000
	Temperature = 300 K
	Max translation = 0.1 Å
	Energy(start) = 778781728.28681 eV
	Number of cores = 48


Tracking simulation progress:
nmoves, naccept, nboltzmann, nhardspherereject, nreject | curr_e, hs_violations
-------------------------------------------------------------------------------
         0          0          0          0          0 | 778781728.28681386            -
     10000       5668        735          0       4332 | 2084470.30454209            -
     20000      11464       1645          0       8536 | 15234.98967389            -
     30000      17462       2808          0      12538 | 193.71737458            -
     40000      23657       4225          0      16343 |  11.24800241            -
     50000      30081       5942          0      19919 |   2.59551738            -
     60000      36707       8014          0      23293 |   1.27029032            -
     70000      43574      10397          0      26426 |   0.42710849            -
     80000      50688      13092          0      29312 |   0.16940586            -
     90000      58107      16045          0      31893 |   0.09526392            -
    100000      65799      19310          0      34201 |   0.05929795            -
    110000      73646      22832          0      36354 |   0.04304384            -
    120000      81587      26481          0      38413 |   0.03393011            -
    130000      89704      30263          0      40296 |   0.02767499            -
    140000      97857      34076          0      42143 |   0.02311139            -
    150000     106128      37991          0      43872 |   0.01944535            -
    160000     114416      42040          0      45584 |   0.01804696            -
    170000     122777      46076          0      47223 |   0.01578901            -
    180000     131251      50101          0      48749 |   0.01327357            -
    190000     139778      54280          0      50222 |   0.01180201            -
    200000     148246      58478          0      51754 |   0.01149717            -
    210000     156749      62681          0      53251 |   0.01092537            -
    220000     165271      66886          0      54729 |   0.00970094            -
    230000     173830      71068          0      56170 |   0.00819627            -
    240000     182377      75336          0      57623 |   0.00774149            -
    250000     190902      79607          0      59098 |   0.00776442            -
    260000     199469      83807          0      60531 |   0.00656621            -
    270000     208103      88171          0      61897 |   0.00685165            -
    280000     216728      92516          0      63272 |   0.00697155            -
    290000     225284      96715          0      64716 |   0.00587645            -
    300000     233965     101047          0      66035 |   0.00590827            -
    310000     242632     105303          0      67368 |   0.00539994            -
    320000     251205     109535          0      68795 |   0.00465419            -
    330000     259877     113826          0      70123 |   0.00437259            -
    340000     268600     118216          0      71400 |   0.00455344            -
    350000     277274     122475          0      72726 |   0.00367764            -
    360000     285998     126808          0      74002 |   0.00354853            -
    370000     294720     131173          0      75280 |   0.00427639            -
    380000     303372     135493          0      76628 |   0.00400980            -
    390000     312079     139796          0      77921 |   0.00340372            -
    400000     320787     144151          0      79213 |   0.00348334            -
    410000     329470     148499          0      80530 |   0.00377220            -
    420000     338170     152816          0      81830 |   0.00336439            -
    430000     346858     157099          0      83142 |   0.00301082            -
    440000     355508     161443          0      84492 |   0.00340367            -
    450000     364171     165811          0      85829 |   0.00300617            -
    460000     372875     170168          0      87125 |   0.00275997            -
    470000     381573     174513          0      88427 |   0.00314135            -
    480000     390223     178823          0      89777 |   0.00293388            -
    490000     398959     183227          0      91041 |   0.00297220            -
    500000     407682     187548          0      92318 |   0.00188439            -
    510000     416390     191916          0      93610 |   0.00220330            -
    520000     425165     196347          0      94835 |   0.00216463            -
    530000     433870     200720          0      96130 |   0.00252778            -
    540000     442649     205098          0      97351 |   0.00175476            -
    550000     451381     209444          0      98619 |   0.00172795            -
    560000     460159     213889          0      99841 |   0.00239694            -
    570000     468824     218236          0     101176 |   0.00215672            -
    580000     477520     222560          0     102480 |   0.00202889            -
    590000     486225     226860          0     103775 |   0.00142969            -
    600000     494965     231175          0     105035 |   0.00119154            -
    610000     503698     235479          0     106302 |   0.00067220            -
    620000     512413     239804          0     107587 |   0.00063343            -
    630000     521191     244254          0     108809 |   0.00077062            -
    640000     529954     248624          0     110046 |   0.00069535            -
    650000     538706     252930          0     111294 |   0.00030893            -
    660000     547458     257250          0     112542 |   0.00038140            -
    670000     556241     261702          0     113759 |   0.00044947            -
    680000     565025     266072          0     114975 |   0.00031786            -
    690000     573826     270516          0     116174 |   0.00029058            -
    700000     582526     274887          0     117474 |   0.00079259            -
    710000     591289     279242          0     118711 |   0.00052465            -
    720000     600101     283717          0     119899 |   0.00096374            -
    730000     608876     288108          0     121124 |   0.00097429            -
    740000     617599     292480          0     122401 |   0.00061411            -
    750000     626334     296798          0     123666 |   0.00111235            -
    760000     635008     301133          0     124992 |   0.00119923            -
    770000     643727     305405          0     126273 |   0.00069649            -
    780000     652466     309782          0     127534 |   0.00061309            -
    790000     661257     314168          0     128743 |   0.00063550            -
    800000     669992     318536          0     130008 |   0.00051587            -
    810000     678700     322873          0     131300 |   0.00031997            -
    820000     687468     327277          0     132532 |   0.00040016            -
    830000     696222     331653          0     133778 |   0.00055532            -
    840000     705029     336055          0     134971 |   0.00043295            -
    850000     713744     340443          0     136256 |   0.00049129            -
    860000     722532     344844          0     137468 |   0.00063540            -
    870000     731321     349258          0     138679 |   0.00068809            -
    880000     740049     353644          0     139951 |   0.00067661            -
    890000     748823     358064          0     141177 |   0.00057284            -
    900000     757596     362417          0     142404 |   0.00052922            -
    910000     766402     366820          0     143598 |   0.00034516            -
    920000     775177     371199          0     144823 |  -0.00019891            -
    930000     783926     375568          0     146074 |  -0.00007171            -
    940000     792690     379942          0     147310 |   0.00000021            -
    950000     801498     384328          0     148502 |   0.00001209            -
    960000     810317     388716          0     149683 |  -0.00021368            -
    970000     819176     393165          0     150824 |  -0.00047783            -
    980000     827957     397594          0     152043 |  -0.00004542            -
    990000     836800     401997          0     153200 |  -0.00023574            -
   1000000     845609     406424          0     154391 |  -0.00046449            -
   1010000     854403     410831          0     155597 |  -0.00078423            -
   1020000     863260     415273          0     156740 |  -0.00039094            -
   1030000     872103     419674          0     157897 |  -0.00104534            -
   1040000     880875     424117          0     159125 |  -0.00103749            -
   1050000     889722     428555          0     160278 |  -0.00123526            -
   1060000     898591     433018          0     161409 |  -0.00075303            -
   1070000     907396     437411          0     162604 |  -0.00062268            -
   1080000     916165     441776          0     163835 |  -0.00063020            -
   1090000     925021     446226          0     164979 |  -0.00013866            -
   1100000     933885     450646          0     166115 |  -0.00033146            -
   1110000     942664     455005          0     167336 |  -0.00065819            -
   1120000     951470     459421          0     168530 |  -0.00105350            -
   1130000     960321     463766          0     169679 |  -0.00158311            -
   1140000     969145     468170          0     170855 |  -0.00138094            -
   1150000     977919     472518          0     172081 |  -0.00158135            -
   1160000     986712     476994          0     173288 |  -0.00077833            -
   1170000     995541     481345          0     174459 |  -0.00092316            -
   1180000    1004294     485726          0     175706 |  -0.00095182            -
   1190000    1013116     490119          0     176884 |  -0.00068287            -
   1200000    1021923     494489          0     178077 |  -0.00066320            -
   1210000    1030728     498819          0     179272 |  -0.00095695            -
   1220000    1039502     503246          0     180498 |  -0.00069550            -
   1230000    1048266     507646          0     181734 |  -0.00061516            -
   1240000    1057037     512017          0     182963 |  -0.00037536            -
   1250000    1065825     516399          0     184175 |  -0.00069479            -
   1260000    1074635     520726          0     185365 |  -0.00097823            -
   1270000    1083373     525060          0     186627 |  -0.00123109            -
   1280000    1092212     529481          0     187788 |  -0.00087587            -
   1290000    1101028     533876          0     188972 |  -0.00129710            -
   1300000    1109756     538274          0     190244 |  -0.00066651            -
   1310000    1118563     542622          0     191437 |  -0.00132880            -
   1320000    1127412     547028          0     192588 |  -0.00130573            -
   1330000    1136276     551508          0     193724 |  -0.00152581            -
   1340000    1145138     555933          0     194862 |  -0.00126665            -
   1350000    1153922     560250          0     196078 |  -0.00186875            -
   1360000    1162716     564658          0     197284 |  -0.00204573            -
   1370000    1171467     569019          0     198533 |  -0.00220946            -
   1380000    1180214     573318          0     199786 |  -0.00177494            -
   1390000    1189004     577681          0     200996 |  -0.00183016            -
   1400000    1197771     582056          0     202229 |  -0.00200409            -
   1410000    1206532     586430          0     203468 |  -0.00128704            -
   1420000    1215290     590812          0     204710 |  -0.00139748            -
   1430000    1224055     595203          0     205945 |  -0.00163479            -
   1440000    1232793     599618          0     207207 |  -0.00155082            -
   1450000    1241629     604100          0     208371 |  -0.00108593            -
   1460000    1250377     608464          0     209623 |  -0.00135671            -
   1470000    1259216     612885          0     210784 |  -0.00093692            -
   1480000    1268017     617204          0     211983 |  -0.00158623            -
   1490000    1276858     621562          0     213142 |  -0.00207558            -
   1500000    1285708     626021          0     214292 |  -0.00183673            -
   1510000    1294519     630433          0     215481 |  -0.00179245            -
   1520000    1303365     634891          0     216635 |  -0.00197586            -
   1530000    1312214     639332          0     217786 |  -0.00166109            -
   1540000    1321008     643721          0     218992 |  -0.00149618            -
   1550000    1329791     648105          0     220209 |  -0.00184929            -
   1560000    1338616     652496          0     221384 |  -0.00168295            -
   1570000    1347372     656858          0     222628 |  -0.00180358            -
   1580000    1356182     661327          0     223818 |  -0.00152480            -
   1590000    1364956     665800          0     225044 |  -0.00089402            -
   1600000    1373693     670101          0     226307 |  -0.00176098            -
   1610000    1382455     674535          0     227545 |  -0.00122731            -
   1620000    1391176     678821          0     228824 |  -0.00203001            -
   1630000    1399999     683268          0     230001 |  -0.00142078            -
   1640000    1408827     687642          0     231173 |  -0.00141870            -
   1650000    1417567     692011          0     232433 |  -0.00138806            -
   1660000    1426382     696348          0     233618 |  -0.00154937            -
   1670000    1435171     700741          0     234829 |  -0.00163484            -
   1680000    1443963     705096          0     236037 |  -0.00226497            -
   1690000    1452745     709455          0     237255 |  -0.00224116            -
   1700000    1461486     713868          0     238514 |  -0.00131554            -
   1710000    1470249     718262          0     239751 |  -0.00146678            -
   1720000    1478990     722580          0     241010 |  -0.00174226            -
   1730000    1487778     726954          0     242222 |  -0.00212174            -
   1740000    1496434     731258          0     243566 |  -0.00204077            -
   1750000    1505171     735640          0     244829 |  -0.00184248            -
   1760000    1513949     740004          0     246051 |  -0.00168484            -
   1770000    1522729     744320          0     247271 |  -0.00256039            -
   1780000    1531556     748747          0     248444 |  -0.00285226            -
   1790000    1540368     753106          0     249632 |  -0.00280262            -
   1800000    1549251     757569          0     250749 |  -0.00288498            -
   1810000    1558053     761956          0     251947 |  -0.00309060            -
   1820000    1566912     766415          0     253088 |  -0.00295725            -
   1830000    1575709     770838          0     254291 |  -0.00248863            -
   1840000    1584470     775286          0     255530 |  -0.00191106            -
   1850000    1593290     779697          0     256710 |  -0.00163001            -
   1860000    1602070     784121          0     257930 |  -0.00158833            -
   1870000    1610878     788494          0     259122 |  -0.00231339            -
   1880000    1619742     792975          0     260258 |  -0.00177029            -
   1890000    1628600     797353          0     261400 |  -0.00149018            -
   1900000    1637366     801782          0     262634 |  -0.00108583            -
   1910000    1646189     806116          0     263811 |  -0.00195649            -
   1920000    1655003     810514          0     264997 |  -0.00218314            -
   1930000    1663810     814942          0     266190 |  -0.00226766            -
   1940000    1672679     819374          0     267321 |  -0.00229338            -
   1950000    1681470     823801          0     268530 |  -0.00202576            -
   1960000    1690314     828243          0     269686 |  -0.00212567            -
   1970000    1699088     832607          0     270912 |  -0.00259857            -
   1980000    1707917     837070          0     272083 |  -0.00234684            -
   1990000    1716770     841499          0     273230 |  -0.00240027            -
   2000000    1725624     845913          0     274376 |  -0.00280278            -
   2010000    1734531     850361          0     275469 |  -0.00313122            -
   2020000    1743351     854849          0     276649 |  -0.00255355            -
   2030000    1752218     859239          0     277782 |  -0.00276549            -
   2040000    1761008     863693          0     278992 |  -0.00212772            -
   2050000    1769838     868136          0     280162 |  -0.00193564            -
   2060000    1778664     872529          0     281336 |  -0.00231273            -
   2070000    1787450     876881          0     282550 |  -0.00235372            -
   2080000    1796281     881310          0     283719 |  -0.00195800            -
   2090000    1805105     885675          0     284895 |  -0.00225358            -
   2100000    1813937     890104          0     286063 |  -0.00230825            -
   2110000    1822758     894501          0     287242 |  -0.00231130            -
   2120000    1831577     898928          0     288423 |  -0.00182580            -
   2130000    1840422     903276          0     289578 |  -0.00242469            -
   2140000    1849310     907792          0     290690 |  -0.00196744            -
   2150000    1858145     912153          0     291855 |  -0.00230243            -
   2160000    1866931     916590          0     293069 |  -0.00186352            -
   2170000    1875702     920934          0     294298 |  -0.00158608            -
   2180000    1884451     925345          0     295549 |  -0.00183337            -
   2190000    1893310     929800          0     296690 |  -0.00231066            -
   2200000    1902118     934215          0     297882 |  -0.00227701            -
   2210000    1910976     938584          0     299024 |  -0.00233955            -
   2220000    1919826     943003          0     300174 |  -0.00207140            -
   2230000    1928683     947542          0     301317 |  -0.00196611            -
   2240000    1937455     951966          0     302545 |  -0.00169661            -
   2250000    1946267     956312          0     303733 |  -0.00177414            -
   2260000    1955018     960700          0     304982 |  -0.00165423            -
   2270000    1963875     965142          0     306125 |  -0.00211834            -
   2280000    1972733     969559          0     307267 |  -0.00193464            -
   2290000    1981524     973940          0     308476 |  -0.00183286            -
   2300000    1990341     978382          0     309659 |  -0.00136069            -
   2310000    1999159     982862          0     310841 |  -0.00076466            -
   2320000    2007984     987243          0     312016 |  -0.00117738            -
   2330000    2016763     991604          0     313237 |  -0.00120126            -
   2340000    2025580     995991          0     314420 |  -0.00127468            -
   2350000    2034359    1000314          0     315641 |  -0.00133976            -
   2360000    2043206    1004637          0     316794 |  -0.00195396            -
   2370000    2052074    1009028          0     317926 |  -0.00284057            -
   2380000    2060948    1013554          0     319052 |  -0.00247314            -
   2390000    2069817    1017971          0     320183 |  -0.00275134            -
   2400000    2078623    1022390          0     321377 |  -0.00261260            -
   2410000    2087446    1026837          0     322554 |  -0.00252943            -
   2420000    2096270    1031276          0     323730 |  -0.00272451            -
   2430000    2105106    1035707          0     324894 |  -0.00261842            -
   2440000    2113880    1040144          0     326120 |  -0.00203970            -
   2450000    2122690    1044533          0     327310 |  -0.00224221            -
   2460000    2131492    1048919          0     328508 |  -0.00224848            -
   2470000    2140288    1053299          0     329712 |  -0.00204949            -
   2480000    2149118    1057660          0     330882 |  -0.00253725            -
   2490000    2157944    1062008          0     332056 |  -0.00276959            -
   2500000    2166725    1066413          0     333275 |  -0.00258839            -
   2510000    2175480    1070785          0     334520 |  -0.00283411            -
   2520000    2184224    1075162          0     335776 |  -0.00280013            -
   2530000    2193095    1079556          0     336905 |  -0.00293369            -
   2540000    2201910    1083967          0     338090 |  -0.00265725            -
   2550000    2210764    1088455          0     339236 |  -0.00228685            -
   2560000    2219625    1092896          0     340375 |  -0.00213435            -
   2570000    2228520    1097301          0     341480 |  -0.00285760            -
   2580000    2237372    1101743          0     342628 |  -0.00274964            -
   2590000    2246158    1106220          0     343842 |  -0.00207419            -
   2600000    2254962    1110612          0     345038 |  -0.00195395            -
   2610000    2263798    1115051          0     346202 |  -0.00220897            -
   2620000    2272609    1119401          0     347391 |  -0.00225995            -
   2630000    2281370    1123814          0     348630 |  -0.00198854            -
   2640000    2290208    1128191          0     349792 |  -0.00204286            -
   2650000    2299012    1132500          0     350988 |  -0.00264279            -
   2660000    2307858    1136941          0     352142 |  -0.00208760            -
   2670000    2316625    1141380          0     353375 |  -0.00186383            -
   2680000    2325427    1145779          0     354573 |  -0.00171762            -
   2690000    2334261    1150209          0     355739 |  -0.00127080            -
   2700000    2343068    1154641          0     356932 |  -0.00157626            -
   2710000    2351841    1159044          0     358159 |  -0.00155861            -
   2720000    2360670    1163473          0     359330 |  -0.00135965            -
   2730000    2369457    1167844          0     360543 |  -0.00150270            -
   2740000    2378260    1172157          0     361740 |  -0.00243150            -
   2750000    2387057    1176545          0     362943 |  -0.00217909            -
   2760000    2395843    1180942          0     364157 |  -0.00153961            -
   2770000    2404586    1185334          0     365414 |  -0.00119208            -
   2780000    2413322    1189656          0     366678 |  -0.00176867            -
   2790000    2422083    1194109          0     367917 |  -0.00091678            -
   2800000    2430849    1198529          0     369151 |  -0.00079627            -
   2810000    2439584    1202825          0     370416 |  -0.00132751            -
   2820000    2448353    1207233          0     371647 |  -0.00117622            -
   2830000    2457105    1211583          0     372895 |  -0.00177354            -
   2840000    2465885    1215911          0     374115 |  -0.00267386            -
   2850000    2474687    1220334          0     375313 |  -0.00267295            -
   2860000    2483554    1224778          0     376446 |  -0.00246735            -
   2870000    2492377    1229219          0     377623 |  -0.00203179            -
   2880000    2501183    1233572          0     378817 |  -0.00238824            -
   2890000    2509902    1237915          0     380098 |  -0.00227420            -
   2900000    2518774    1242400          0     381226 |  -0.00179936            -
   2910000    2527573    1246759          0     382427 |  -0.00255760            -
   2920000    2536483    1251244          0     383517 |  -0.00230442            -
   2930000    2545339    1255703          0     384661 |  -0.00238625            -
   2940000    2554152    1260099          0     385848 |  -0.00196896            -
   2950000    2563002    1264467          0     386998 |  -0.00227074            -
   2960000    2571827    1268913          0     388173 |  -0.00210204            -
   2970000    2580682    1273368          0     389318 |  -0.00199513            -
   2980000    2589562    1277837          0     390438 |  -0.00159980            -
   2990000    2598278    1282202          0     391722 |  -0.00169750            -
   3000000    2607027    1286474          0     392973 |  -0.00243746            -
   3010000    2615815    1290857          0     394185 |  -0.00290036            -
   3020000    2624628    1295338          0     395372 |  -0.00259371            -
   3030000    2633486    1299837          0     396514 |  -0.00232634            -
   3040000    2642354    1304331          0     397646 |  -0.00134263            -
   3050000    2651193    1308692          0     398807 |  -0.00198506            -
   3060000    2660043    1313138          0     399957 |  -0.00193819            -
   3070000    2668864    1317531          0     401136 |  -0.00223151            -
   3080000    2677694    1321969          0     402306 |  -0.00204552            -
   3090000    2686550    1326333          0     403450 |  -0.00279386            -
   3100000    2695383    1330731          0     404617 |  -0.00293444            -
   3110000    2704260    1335199          0     405740 |  -0.00229162            -
   3120000    2713057    1339544          0     406943 |  -0.00256180            -
   3130000    2721960    1343989          0     408040 |  -0.00289112            -
   3140000    2730845    1348403          0     409155 |  -0.00300169            -
   3150000    2739680    1352825          0     410320 |  -0.00312496            -
   3160000    2748541    1357211          0     411459 |  -0.00304390            -
   3170000    2757340    1361610          0     412660 |  -0.00244114            -
   3180000    2766146    1366001          0     413854 |  -0.00294637            -
   3190000    2774995    1370422          0     415005 |  -0.00297323            -
   3200000    2783802    1374918          0     416198 |  -0.00265039            -
   3210000    2792683    1379498          0     417317 |  -0.00183659            -
   3220000    2801478    1383792          0     418522 |  -0.00271942            -
   3230000    2810286    1388266          0     419714 |  -0.00213736            -
   3240000    2819160    1392626          0     420840 |  -0.00234181            -
   3250000    2827954    1396982          0     422046 |  -0.00254479            -
   3260000    2836779    1401354          0     423221 |  -0.00316691            -
   3270000    2845615    1405781          0     424385 |  -0.00259314            -
   3280000    2854376    1410142          0     425624 |  -0.00248370            -
   3290000    2863191    1414608          0     426809 |  -0.00206740            -
   3300000    2871991    1419031          0     428009 |  -0.00221167            -
   3310000    2880834    1423399          0     429166 |  -0.00290546            -
   3320000    2889615    1427860          0     430385 |  -0.00291070            -
   3330000    2898415    1432320          0     431585 |  -0.00233861            -
   3340000    2907220    1436693          0     432780 |  -0.00219901            -
   3350000    2915988    1440993          0     434012 |  -0.00265269            -
   3360000    2924806    1445362          0     435194 |  -0.00290919            -
   3370000    2933650    1449795          0     436350 |  -0.00245669            -
   3380000    2942448    1454198          0     437552 |  -0.00281163            -
   3390000    2951247    1458568          0     438753 |  -0.00243937            -
   3400000    2960064    1462992          0     439936 |  -0.00230158            -
   3410000    2968860    1467434          0     441140 |  -0.00205535            -
   3420000    2977658    1471862          0     442342 |  -0.00163673            -
   3430000    2986438    1476239          0     443562 |  -0.00160692            -
   3440000    2995212    1480638          0     444788 |  -0.00170185            -
   3450000    3003932    1485026          0     446068 |  -0.00128430            -
   3460000    3012735    1489372          0     447265 |  -0.00179949            -
   3470000    3021549    1493793          0     448451 |  -0.00191328            -
   3480000    3030345    1498138          0     449655 |  -0.00256432            -
   3490000    3039191    1502562          0     450809 |  -0.00254784            -
   3500000    3047981    1507018          0     452019 |  -0.00253379            -
   3510000    3056787    1511408          0     453213 |  -0.00293039            -
   3520000    3065624    1515833          0     454376 |  -0.00317695            -
   3530000    3074429    1520299          0     455571 |  -0.00269499            -
   3540000    3083236    1524729          0     456764 |  -0.00255942            -
   3550000    3092039    1529034          0     457961 |  -0.00299813            -
   3560000    3100893    1533423          0     459107 |  -0.00287333            -
   3570000    3109759    1537849          0     460241 |  -0.00309258            -
   3580000    3118622    1542184          0     461378 |  -0.00364879            -
   3590000    3127400    1546595          0     462600 |  -0.00323496            -
   3600000    3136202    1551020          0     463798 |  -0.00302318            -
   3610000    3144968    1555399          0     465032 |  -0.00248951            -
   3620000    3153800    1559844          0     466200 |  -0.00228057            -
   3630000    3162579    1564171          0     467421 |  -0.00307185            -
   3640000    3171470    1568611          0     468530 |  -0.00306722            -
   3650000    3180322    1573034          0     469678 |  -0.00312710            -
   3660000    3189181    1577421          0     470819 |  -0.00311916            -
   3670000    3198097    1581832          0     471903 |  -0.00336335            -
   3680000    3206984    1586356          0     473016 |  -0.00311854            -
   3690000    3215857    1590920          0     474143 |  -0.00210835            -
   3700000    3224623    1595341          0     475377 |  -0.00243309            -
   3710000    3233437    1599747          0     476563 |  -0.00200683            -
   3720000    3242273    1604174          0     477727 |  -0.00247637            -
   3730000    3251152    1608541          0     478848 |  -0.00310950            -
   3740000    3259981    1612972          0     480019 |  -0.00296000            -
   3750000    3268788    1617343          0     481212 |  -0.00321486            -
   3760000    3277655    1621749          0     482345 |  -0.00316586            -
   3770000    3286531    1626168          0     483469 |  -0.00300816            -
   3780000    3295324    1630557          0     484676 |  -0.00258018            -
   3790000    3304167    1634988          0     485833 |  -0.00271466            -
   3800000    3313027    1639481          0     486973 |  -0.00238509            -
   3810000    3321837    1643871          0     488163 |  -0.00259490            -
   3820000    3330696    1648245          0     489304 |  -0.00321103            -
   3830000    3339541    1652776          0     490459 |  -0.00250366            -
   3840000    3348359    1657157          0     491641 |  -0.00195158            -
   3850000    3357231    1661551          0     492769 |  -0.00247070            -
   3860000    3366063    1665973          0     493937 |  -0.00221339            -
   3870000    3374843    1670337          0     495157 |  -0.00247930            -
   3880000    3383683    1674740          0     496317 |  -0.00239756            -
   3890000    3392460    1679088          0     497540 |  -0.00287379            -
   3900000    3401314    1683582          0     498686 |  -0.00245158            -
   3910000    3410143    1687946          0     499857 |  -0.00257044            -
   3920000    3418943    1692349          0     501057 |  -0.00258032            -
   3930000    3427783    1696782          0     502217 |  -0.00264380            -
   3940000    3436610    1701211          0     503390 |  -0.00267660            -
   3950000    3445483    1705667          0     504517 |  -0.00234595            -
   3960000    3454334    1710176          0     505666 |  -0.00168477            -
   3970000    3463154    1714569          0     506846 |  -0.00196466            -
   3980000    3471975    1718955          0     508025 |  -0.00250246            -
   3990000    3480830    1723375          0     509170 |  -0.00220061            -
   4000000    3489693    1727806          0     510307 |  -0.00234931            -
   4010000    3498477    1732120          0     511523 |  -0.00290369            -
   4020000    3507259    1736510          0     512741 |  -0.00312320            -
   4030000    3516111    1740890          0     513889 |  -0.00352837            -
   4040000    3524992    1745349          0     515008 |  -0.00325770            -
   4050000    3533832    1749803          0     516168 |  -0.00303185            -
   4060000    3542658    1754239          0     517342 |  -0.00258331            -
   4070000    3551449    1758568          0     518551 |  -0.00280680            -
   4080000    3560290    1763024          0     519710 |  -0.00261724            -
   4090000    3569072    1767386          0     520928 |  -0.00285315            -
   4100000    3577899    1771840          0     522101 |  -0.00262544            -
   4110000    3586707    1776213          0     523293 |  -0.00256155            -
   4120000    3595628    1780641          0     524372 |  -0.00296932            -
   4130000    3604476    1785044          0     525524 |  -0.00331590            -
   4140000    3613341    1789434          0     526659 |  -0.00339538            -
   4150000    3622164    1793854          0     527836 |  -0.00313462            -
   4160000    3631025    1798282          0     528975 |  -0.00334491            -
   4170000    3639900    1802700          0     530100 |  -0.00319874            -
   4180000    3648848    1807188          0     531152 |  -0.00319610            -
   4190000    3657676    1811601          0     532324 |  -0.00297595            -
   4200000    3666513    1816048          0     533487 |  -0.00297028            -
   4210000    3675376    1820495          0     534624 |  -0.00311105            -
   4220000    3684224    1824930          0     535776 |  -0.00318716            -
   4230000    3693105    1829408          0     536895 |  -0.00317836            -
   4240000    3701954    1833929          0     538046 |  -0.00283136            -
   4250000    3710868    1838330          0     539132 |  -0.00286797            -
   4260000    3719690    1842777          0     540310 |  -0.00260065            -
   4270000    3728460    1847121          0     541540 |  -0.00284558            -
   4280000    3737252    1851514          0     542748 |  -0.00266179            -
   4290000    3746060    1855899          0     543940 |  -0.00230245            -
   4300000    3754851    1860248          0     545149 |  -0.00304316            -
   4310000    3763682    1864624          0     546318 |  -0.00346075            -
   4320000    3772485    1869080          0     547515 |  -0.00298149            -
   4330000    3781335    1873515          0     548665 |  -0.00321171            -
   4340000    3790178    1877934          0     549822 |  -0.00317954            -
   4350000    3799006    1882380          0     550994 |  -0.00303797            -
   4360000    3807815    1886790          0     552185 |  -0.00284657            -
   4370000    3816679    1891188          0     553321 |  -0.00315452            -
   4380000    3825531    1895673          0     554469 |  -0.00288892            -
   4390000    3834393    1900130          0     555607 |  -0.00289831            -
   4400000    3843223    1904554          0     556777 |  -0.00329787            -
   4410000    3852072    1908959          0     557928 |  -0.00296579            -
   4420000    3860909    1913311          0     559091 |  -0.00290880            -
   4430000    3869703    1917759          0     560297 |  -0.00244530            -
   4440000    3878499    1922096          0     561501 |  -0.00260579            -
   4450000    3887306    1926545          0     562694 |  -0.00271777            -
   4460000    3896108    1930970          0     563892 |  -0.00202435            -
   4470000    3904948    1935296          0     565052 |  -0.00269738            -
   4480000    3913812    1939727          0     566188 |  -0.00256321            -
   4490000    3922671    1944161          0     567329 |  -0.00256244            -
   4500000    3931515    1948638          0     568485 |  -0.00248020            -
   4510000    3940417    1953148          0     569583 |  -0.00236149            -
   4520000    3949255    1957609          0     570745 |  -0.00188168            -
   4530000    3958109    1961981          0     571891 |  -0.00235373            -
   4540000    3966955    1966401          0     573045 |  -0.00194844            -
   4550000    3975776    1970757          0     574224 |  -0.00276677            -
   4560000    3984615    1975161          0     575385 |  -0.00272972            -
   4570000    3993472    1979587          0     576528 |  -0.00258891            -
   4577341    4000000    1982881          0     577341 |  -0.00214351            -


Monte Carlo simulation results:
	Total accepted moves = 4000000
	E_start, E_last, E_diff = 778781728.28681, -0.00214, -778781728.28896 eV

Simulation ended at: 2022-12-03 06:15:32.159757
Elapsed time = 9:31:29.049926

