1 6
1 11
1 13
1 18
1 21
1 23
1 125
1 422
1 430
2 7
2 10
2 15
2 18
2 20
3 5
3 20
3 40
3 65
3 126
4 12
4 14
4 16
4 27
4 60
4 65
4 432
5 20
5 40
5 58
5 101
5 141
6 19
6 21
6 23
6 33
6 68
6 89
6 92
7 10
7 15
7 22
7 1242
7 1244
7 1252
7 1255
8 14
8 27
8 30
8 306
8 323
9 25
9 31
9 308
9 309
9 332
9 371
10 18
10 22
10 107
10 116
10 1255
10 1333
11 15
11 21
11 28
11 430
12 14
12 27
12 414
12 730
13 18
13 20
13 32
13 112
13 126
14 15
14 16
14 24
14 27
15 19
15 24
16 17
16 20
16 51
16 60
17 26
17 30
17 51
17 1252
17 1288
18 33
18 116
18 125
19 22
19 31
19 72
19 92
19 1244
20 101
21 89
21 422
21 430
22 75
22 1242
22 1244
22 1333
23 33
23 68
23 84
23 89
23 96
23 125
23 422
24 332
25 73
25 309
25 382
25 411
26 64
26 101
26 1239
26 1255
27 321
27 323
28 32
28 409
28 413
28 414
28 430
29 31
29 317
29 332
29 396
29 1244
29 1246
30 38
30 51
30 1252
30 1293
31 90
31 92
31 1244
32 126
32 420
32 429
32 430
32 516
33 68
33 98
33 122
33 125
34 36
34 40
34 47
34 48
34 54
34 56
34 57
35 36
35 53
35 55
35 63
35 67
35 82
35 83
35 93
35 449
36 48
37 48
37 52
37 346
37 1290
38 354
38 1260
38 1293
39 43
39 47
39 49
39 62
39 131
39 143
40 47
40 54
40 57
40 60
40 65
41 49
41 63
41 82
41 166
41 459
42 54
42 60
43 46
43 76
43 95
43 139
43 172
44 351
44 450
44 476
44 788
45 46
45 71
45 1259
45 1275
45 1329
46 52
46 62
46 1259
46 1275
46 1284
47 49
47 57
47 141
47 160
48 50
48 54
48 55
49 131
49 154
49 577
50 53
50 55
50 59
50 335
50 353
51 60
51 1288
52 57
52 61
52 1275
52 1278
53 59
53 67
53 79
53 402
54 56
54 57
54 60
55 353
55 449
55 450
55 796
56 65
56 455
56 476
57 58
57 61
58 61
58 64
58 141
59 69
59 335
59 1572
61 62
61 1278
62 143
62 146
62 162
62 1284
63 82
63 93
63 449
63 459
64 1239
64 1265
64 1288
64 1359
64 1373
65 413
65 432
66 76
66 77
66 82
66 181
66 197
67 71
67 77
67 82
67 85
67 93
68 72
68 80
68 84
68 178
69 79
69 376
69 1314
69 1620
70 71
70 74
70 78
70 81
70 87
70 1307
70 1329
71 76
71 77
71 79
71 85
72 74
72 75
72 78
72 80
72 1303
72 1316
72 1328
73 86
73 94
73 382
73 479
74 77
74 78
74 80
74 84
74 87
75 122
75 180
75 1316
75 1328
75 1333
76 95
76 173
77 85
77 91
78 80
78 1303
78 1322
78 1330
79 81
79 85
79 402
80 173
80 178
80 180
80 190
81 87
81 375
81 376
81 394
81 1305
81 1314
82 93
83 88
83 380
83 385
83 402
83 502
83 820
84 89
84 96
84 178
84 199
84 509
85 88
85 91
86 89
86 91
86 94
86 479
86 489
87 92
87 94
88 91
88 375
88 380
88 479
88 502
88 818
89 422
89 490
90 394
90 396
90 1297
90 1303
90 1305
90 1313
92 94
93 483
93 502
94 375
94 394
95 173
95 177
95 1322
95 1393
96 189
96 199
96 499
96 509
96 514
96 584
97 102
97 109
97 112
97 164
98 103
98 110
98 114
98 125
98 189
99 101
99 115
99 120
99 134
100 104
100 105
100 108
100 212
100 216
100 224
100 231
101 134
102 103
102 105
102 108
102 112
103 110
103 116
103 119
104 111
104 123
104 124
104 215
104 228
105 120
105 124
105 137
105 161
106 108
106 118
106 121
106 127
106 168
106 231
106 299
106 1340
107 115
107 116
107 119
107 122
107 1333
107 1341
107 1357
108 121
108 231
108 1340
109 123
109 124
109 513
109 523
109 536
110 111
110 112
110 113
110 114
110 117
111 117
111 123
111 127
111 209
112 113
113 513
113 516
113 521
114 117
114 179
114 189
114 514
114 521
114 588
115 116
115 120
115 1332
115 1339
115 1357
117 179
117 209
117 530
117 547
118 127
118 167
118 179
118 191
119 121
119 122
119 191
119 1357
119 1419
119 1429
120 1332
120 1351
121 1340
121 1357
122 180
122 1333
122 1429
123 218
123 222
123 517
123 536
123 622
124 136
124 149
124 161
124 164
125 526
126 160
126 429
126 541
127 208
127 209
127 215
127 231
128 138
128 147
128 153
128 156
128 158
128 201
128 263
128 264
129 132
129 134
129 137
129 141
129 146
129 1359
129 1373
129 1396
130 150
130 151
130 165
130 266
130 550
131 139
131 143
131 144
131 152
131 154
132 137
132 146
132 155
132 156
132 163
133 147
133 158
133 188
133 192
133 201
133 264
133 1389
133 1398
134 137
134 141
134 164
135 142
135 157
135 159
135 174
135 175
135 176
135 564
135 590
136 149
136 151
136 222
136 550
136 568
137 148
137 163
137 164
138 153
138 157
138 159
138 165
138 175
138 247
138 251
139 140
139 144
139 172
139 197
140 144
140 147
140 155
140 162
140 192
140 1370
141 143
141 146
142 150
142 154
142 564
143 144
143 146
144 153
144 156
145 148
145 151
145 156
145 263
145 267
146 1373
147 153
147 156
147 159
147 192
147 201
147 1389
148 151
148 161
149 150
149 152
149 164
149 523
149 579
150 550
150 569
150 578
151 161
151 260
151 266
152 154
152 160
152 164
152 577
152 579
153 156
153 159
154 577
155 156
155 1389
155 1390
156 158
157 165
157 175
157 251
157 601
157 672
158 263
158 264
158 1371
158 1389
158 1398
158 1482
159 175
160 577
160 579
161 260
162 1284
162 1370
162 1380
162 1393
163 1371
163 1385
163 1392
163 1396
165 251
165 578
165 672
166 197
166 474
166 564
166 612
167 179
167 187
167 204
167 270
167 299
168 196
168 198
168 1408
168 1415
168 1419
169 175
169 176
169 182
169 194
169 195
169 273
169 281
169 619
170 187
170 194
170 196
170 198
171 172
171 173
171 177
171 182
171 184
171 192
171 193
171 195
172 173
172 177
172 192
172 197
173 177
173 184
173 190
174 176
174 181
174 182
174 197
174 587
174 614
175 176
175 201
175 273
175 281
176 182
176 587
176 590
176 619
177 190
177 192
178 180
178 184
178 189
178 199
179 183
179 186
179 187
179 189
179 191
180 184
180 190
180 200
180 1328
181 197
181 199
181 614
182 185
182 195
183 185
183 187
183 290
183 547
183 589
183 609
183 615
184 190
184 193
185 186
185 187
185 587
185 609
185 619
186 189
186 584
186 588
188 195
188 201
188 264
188 280
188 282
188 1410
188 1414
188 1514
188 1519
190 1330
190 1405
192 1370
193 195
193 196
193 1414
194 195
194 273
194 280
194 291
195 201
195 280
196 198
196 1415
198 270
198 284
198 299
198 1415
199 499
199 509
199 584
200 1405
200 1409
200 1419
200 1429
201 250
201 264
201 273
201 280
202 208
202 216
202 217
202 231
202 232
202 1449
202 1462
203 210
203 225
203 227
203 294
204 208
204 209
204 290
204 294
204 547
204 728
205 230
205 233
205 234
205 324
205 644
205 647
205 735
206 210
206 211
206 213
206 217
206 223
206 226
206 229
206 235
206 327
207 221
207 241
207 348
207 1461
208 209
208 215
208 217
208 299
209 215
209 218
209 547
209 631
210 211
210 213
210 233
211 233
211 235
211 301
211 327
212 219
212 224
212 260
212 1392
212 1435
212 1493
213 214
213 220
213 230
214 216
214 219
214 221
214 228
214 244
215 216
215 218
216 224
216 228
216 231
217 223
217 229
218 622
218 631
218 636
219 248
219 260
219 1435
219 1448
219 1493
220 222
220 228
220 253
220 622
220 638
220 644
221 230
221 237
221 244
222 228
222 622
223 226
223 232
223 300
223 333
223 1449
223 1453
224 231
224 1435
224 1439
224 1457
225 227
225 274
225 275
225 285
225 288
226 229
226 313
226 320
226 333
226 1450
226 1453
227 274
227 275
227 327
227 397
229 1436
229 1453
230 234
230 235
230 257
231 1340
232 288
232 298
232 299
232 300
232 1449
233 621
233 629
233 644
233 647
234 257
234 265
234 638
234 644
234 683
235 307
235 324
235 325
236 238
236 239
236 259
236 364
236 365
236 366
236 1526
237 241
237 243
237 244
237 255
237 257
237 258
238 250
238 259
238 1472
238 1473
238 1522
238 1526
239 242
239 246
239 293
239 345
239 364
239 365
239 379
240 249
240 252
240 258
240 266
240 662
240 668
241 248
241 268
241 1448
242 246
242 254
242 362
242 388
242 687
243 245
243 255
243 268
243 347
243 365
244 253
245 249
245 256
245 258
245 259
245 262
246 261
246 262
246 283
247 251
247 252
247 256
247 261
247 283
248 260
248 267
248 269
248 1485
248 1493
249 252
249 256
249 258
249 262
249 267
250 256
250 264
250 282
250 1473
250 1519
251 252
251 261
251 281
251 669
251 672
252 256
252 261
252 262
252 669
253 266
253 638
253 664
253 668
254 258
254 362
254 662
254 686
255 258
255 265
255 343
255 362
255 365
256 262
256 263
256 267
257 265
257 307
257 343
257 358
258 262
258 265
259 1472
259 1480
260 267
260 1493
261 281
261 283
261 289
261 686
261 697
263 267
263 269
263 1480
264 1398
264 1473
264 1519
265 343
265 665
265 668
266 550
268 348
268 1490
268 1580
269 1371
269 1475
269 1480
269 1485
269 1493
270 288
270 292
270 299
271 276
271 284
271 291
271 1523
271 1527
272 277
272 289
272 290
272 619
272 707
272 711
272 716
273 280
273 281
273 283
273 291
274 275
274 285
274 297
274 367
274 373
274 397
275 278
275 285
275 288
275 327
275 333
275 373
275 400
276 277
276 279
276 283
276 289
276 296
277 279
277 287
277 289
277 296
277 297
277 711
277 716
278 288
278 300
278 393
278 1527
279 285
279 293
279 296
279 392
280 282
280 291
281 283
281 289
282 1511
282 1519
282 1523
283 289
284 291
284 298
284 1511
285 288
285 297
286 287
286 296
286 388
286 392
286 722
286 726
287 297
287 367
287 392
287 705
287 726
288 292
289 296
289 697
289 716
290 292
290 711
290 728
292 294
293 295
293 364
293 379
293 389
293 401
294 297
294 728
295 399
295 401
295 1522
295 1523
296 697
297 691
297 705
297 711
298 300
298 1504
298 1527
300 1449
300 1454
300 1498
300 1527
301 315
301 324
301 740
302 312
302 317
302 318
302 323
302 330
302 332
303 313
303 314
303 318
303 320
303 1547
304 310
304 311
304 322
304 323
304 325
304 326
305 309
305 315
305 319
305 329
305 381
305 397
305 827
306 318
306 322
306 323
306 330
306 354
306 359
306 1536
307 324
307 325
307 326
307 348
307 358
308 309
308 319
308 332
309 319
309 329
309 371
309 382
309 827
310 315
310 319
310 320
310 325
311 319
311 323
311 328
311 331
312 317
312 329
312 332
312 396
312 1539
313 322
313 325
313 1450
313 1461
313 1548
313 1555
314 316
314 320
314 333
314 1450
314 1533
314 1539
315 327
315 397
316 333
316 393
316 400
316 1533
316 1539
316 1613
317 330
317 332
317 1246
317 1542
317 1549
318 322
318 330
319 329
320 325
320 327
320 333
320 1450
321 323
321 326
321 328
321 338
321 363
321 762
322 325
322 359
322 1548
324 331
324 740
326 338
326 358
326 359
326 363
327 333
328 331
328 730
328 744
328 762
329 371
330 1536
330 1544
331 363
331 740
331 755
331 762
333 1450
334 335
334 336
334 350
334 352
334 353
334 356
335 341
335 349
335 402
336 351
336 352
336 353
336 356
336 770
336 784
336 796
337 339
337 341
337 345
337 349
337 350
337 361
337 1582
338 351
338 352
338 363
339 344
339 346
339 1582
340 345
340 350
340 352
340 356
340 357
340 360
340 362
340 365
341 349
341 361
341 378
341 1609
341 1620
342 356
342 357
342 360
342 391
342 778
342 781
342 785
342 813
343 352
343 355
343 358
343 362
344 354
344 359
345 350
345 357
345 364
345 365
346 1260
347 350
347 365
347 1580
347 1582
348 358
348 1580
348 1584
349 369
349 378
349 387
350 352
351 450
351 770
351 775
351 788
352 784
353 796
354 359
354 1536
354 1568
355 363
355 755
355 777
355 784
356 357
356 360
357 360
357 379
357 387
357 388
357 391
360 362
360 779
360 785
361 364
361 366
361 378
361 401
361 1567
361 1582
361 1609
362 365
362 767
363 762
364 366
364 378
364 379
364 401
366 1477
366 1526
366 1582
367 370
367 377
367 392
367 397
367 398
367 705
368 369
368 374
368 380
368 385
368 387
368 391
368 809
369 380
369 385
369 402
370 377
370 381
370 392
370 398
370 800
370 809
370 825
371 372
371 382
371 394
371 396
372 374
372 375
372 382
372 384
372 386
372 394
373 377
373 389
373 393
373 400
374 382
374 818
374 825
374 826
375 380
375 383
375 394
376 383
376 390
376 1314
376 1592
376 1614
376 1619
376 1620
377 381
377 384
377 389
377 392
378 387
378 1609
379 387
379 388
379 392
380 383
380 385
380 402
381 397
381 398
381 400
382 826
382 827
383 384
383 390
384 386
384 387
384 389
384 390
385 778
385 820
386 390
386 1618
387 389
388 391
388 687
388 722
389 395
389 399
390 395
390 1592
390 1619
391 809
391 813
393 399
393 1516
393 1590
394 396
394 1619
395 1589
395 1590
395 1592
396 1297
396 1549
396 1618
396 1619
397 398
397 400
398 823
398 825
399 401
399 1603
401 1522
401 1526
401 1589
401 1603
403 405
403 419
403 423
403 427
403 428
403 436
404 435
404 442
404 444
404 787
404 1157
405 421
405 425
405 428
405 829
405 845
406 407
406 425
406 463
406 511
406 528
406 533
406 542
406 546
406 549
407 415
407 420
407 425
407 426
407 528
407 542
408 409
408 412
408 414
408 416
408 418
408 422
408 430
408 437
409 413
409 414
409 419
409 423
409 424
409 426
410 422
410 431
410 437
410 490
410 498
410 514
410 526
410 532
411 416
411 439
412 416
412 417
412 420
412 427
412 431
412 437
413 429
413 432
413 447
413 470
414 418
414 424
414 730
415 420
415 516
415 520
415 527
415 528
415 532
416 417
416 427
416 433
416 437
416 439
416 501
417 421
417 427
417 431
417 433
417 437
417 480
417 482
418 424
418 436
418 730
418 736
418 743
419 423
419 424
419 434
419 436
420 426
420 430
420 516
420 526
421 431
421 438
421 480
421 520
421 846
422 430
422 437
422 490
423 426
423 428
423 470
424 432
424 730
424 744
425 428
425 542
425 829
425 839
427 433
427 745
428 435
428 839
429 447
429 546
431 437
431 480
431 498
432 476
433 439
433 482
433 501
433 745
433 804
433 806
434 454
434 787
435 436
435 828
435 838
435 1129
435 1159
436 743
436 745
437 487
437 490
438 480
438 520
438 545
438 608
438 831
438 846
438 952
439 501
439 746
439 804
439 806
440 441
440 448
440 458
440 467
440 469
441 451
441 458
441 467
441 471
441 486
441 765
441 789
442 444
442 465
443 450
443 453
443 454
443 467
443 471
443 775
444 766
444 787
444 864
444 868
444 1170
445 446
445 452
445 457
445 460
445 466
445 556
445 567
446 452
446 453
446 455
446 458
446 459
446 460
446 464
446 466
447 455
447 466
447 470
448 461
448 465
448 469
448 472
448 861
449 451
449 453
449 796
450 453
450 476
450 788
450 796
451 458
451 462
451 789
452 458
452 460
452 468
452 473
452 567
453 455
453 458
453 471
454 464
454 467
454 769
454 787
455 464
455 466
455 470
455 476
456 457
456 461
456 463
456 853
456 885
457 461
457 473
457 555
457 556
457 567
457 861
458 462
459 460
460 565
460 577
461 465
461 861
461 885
462 478
462 484
462 488
463 466
463 470
463 546
463 549
464 466
464 470
465 868
465 877
466 470
467 471
468 472
468 473
468 478
468 491
468 506
468 562
468 565
468 567
469 475
469 503
469 860
469 877
469 886
471 765
471 770
471 783
471 789
472 473
472 475
472 506
472 861
472 867
473 555
473 562
473 567
474 478
474 565
475 503
475 506
475 860
475 867
475 914
476 788
477 492
477 495
477 505
477 507
477 611
478 484
478 491
478 600
479 489
479 494
479 808
479 818
480 482
480 496
480 498
481 484
481 494
481 502
481 820
482 485
482 487
482 496
482 501
482 505
482 508
483 484
483 495
483 497
483 502
484 488
485 493
485 501
485 508
485 801
485 811
485 901
486 500
486 503
486 765
486 802
487 489
487 490
487 495
487 498
487 505
488 491
488 500
488 506
489 490
489 494
489 509
490 509
491 504
491 506
491 600
491 607
492 507
492 608
492 611
492 905
493 494
493 500
493 801
493 822
494 501
494 505
494 806
494 808
495 499
495 606
496 507
496 508
496 846
496 910
497 614
498 608
499 509
499 584
499 606
500 503
500 911
501 505
501 806
502 820
503 794
503 802
503 860
503 894
503 911
503 914
503 1228
504 506
504 611
504 892
504 905
504 1012
504 1017
505 507
506 892
507 905
507 907
508 845
508 901
508 910
508 1156
510 519
510 522
510 529
510 531
510 538
510 543
510 576
510 580
510 654
511 515
511 528
511 531
511 533
511 542
511 927
512 517
512 538
512 539
512 623
512 631
512 646
512 651
513 517
513 529
513 530
513 536
514 521
514 526
514 532
514 585
514 588
515 520
515 525
515 542
515 936
515 952
516 527
516 528
516 541
517 530
517 536
517 539
517 623
517 631
518 519
518 524
518 525
518 531
518 538
518 544
519 525
519 527
519 529
519 531
519 534
519 538
520 525
520 535
520 545
520 952
521 526
521 527
521 530
521 532
521 534
522 529
522 531
522 533
522 549
522 551
522 573
522 576
523 529
523 536
523 541
523 568
523 573
524 525
524 534
524 535
524 537
524 599
524 602
525 527
525 534
525 535
526 532
527 528
527 532
527 534
528 546
529 536
529 541
529 573
530 534
530 539
530 547
530 615
531 538
531 540
531 548
531 927
532 535
532 585
533 548
533 549
533 551
533 963
534 539
534 599
535 545
535 585
535 599
537 539
537 598
537 618
537 646
537 712
538 543
538 544
539 631
539 646
539 653
539 712
540 543
540 548
540 582
540 931
540 941
540 1048
542 952
543 582
543 651
543 941
543 1048
544 640
544 941
545 602
545 608
545 613
545 936
545 1005
546 549
547 631
547 653
548 551
548 582
548 927
548 946
549 556
550 552
550 568
550 578
551 566
551 576
551 581
551 963
552 563
552 568
552 572
552 578
552 655
552 667
552 679
552 684
553 556
553 569
553 570
553 573
553 579
554 559
554 563
554 581
554 582
554 677
554 682
554 684
555 556
555 566
555 976
555 979
555 982
556 566
556 567
557 558
557 564
557 565
557 575
557 607
557 612
557 616
558 565
558 567
558 570
558 574
559 560
559 561
559 563
559 572
559 574
559 581
560 561
560 574
560 583
560 610
560 673
561 970
561 1085
562 607
562 620
562 979
562 1017
563 570
563 572
563 576
563 580
563 684
564 575
564 590
564 612
565 567
566 570
566 581
566 963
568 569
568 573
568 580
569 570
569 571
569 578
569 579
570 571
570 572
571 572
571 575
571 578
572 578
572 679
572 684
573 576
573 579
573 580
574 610
574 620
575 590
575 601
575 616
576 580
576 582
577 579
580 654
581 956
581 961
581 969
582 682
582 1048
583 595
583 596
583 610
583 717
583 1020
583 1085
584 587
584 588
584 593
584 606
584 614
585 588
585 592
585 593
585 599
586 594
586 595
586 605
586 698
586 717
586 719
586 720
587 590
587 593
587 605
587 609
587 614
588 593
588 615
589 604
589 609
589 615
589 653
589 712
589 720
590 601
590 605
590 612
590 616
591 593
591 594
591 596
591 603
591 605
591 610
591 616
592 593
592 603
592 604
592 606
592 608
592 613
593 604
593 606
593 609
594 595
594 596
594 597
594 598
594 604
595 596
595 702
595 717
595 991
595 1100
596 597
596 610
596 617
596 1020
597 613
597 617
597 991
597 1004
598 602
598 604
598 618
598 712
598 1022
599 604
599 615
600 603
600 606
600 607
600 612
600 614
601 672
601 698
601 719
602 613
602 942
602 1005
602 1022
603 606
603 611
604 609
605 609
605 619
606 614
607 612
607 616
607 620
608 613
608 1007
609 615
609 619
610 616
610 620
611 1012
612 614
612 616
613 1004
613 1005
613 1007
613 1012
617 620
617 1018
617 1020
618 712
618 942
618 1022
618 1101
618 1120
619 719
620 965
620 970
620 1017
620 1020
621 622
621 626
621 630
621 636
621 639
621 644
621 649
622 623
622 636
622 648
623 631
623 648
623 651
623 654
624 628
624 632
624 634
624 642
624 1029
624 1031
624 1036
624 1042
625 637
625 641
625 642
625 643
625 699
625 739
625 759
626 627
626 634
626 636
626 637
626 646
626 649
626 651
627 636
627 637
627 646
627 652
627 653
627 724
627 728
628 632
628 634
628 642
628 649
629 637
629 643
629 652
629 729
630 633
630 639
630 644
630 647
630 649
630 683
630 761
631 636
631 646
631 653
632 634
632 1036
632 1046
633 650
633 660
633 683
633 688
633 761
634 635
634 642
634 649
634 651
635 640
635 645
635 646
635 706
635 1120
637 643
637 649
637 652
637 699
637 724
638 639
638 644
638 664
638 668
638 683
639 644
639 648
639 660
639 664
639 675
639 683
640 941
640 1032
640 1047
641 642
641 739
641 742
641 1042
641 1045
642 649
642 758
642 764
643 652
643 729
643 738
643 754
643 758
643 759
644 647
644 683
645 706
645 1045
645 1047
645 1055
645 1093
645 1120
646 653
646 712
647 735
647 740
647 754
647 761
648 651
648 654
648 664
648 689
650 680
650 786
650 1058
650 1158
652 691
652 699
652 705
652 724
652 738
653 712
653 728
654 664
655 656
655 664
655 667
655 675
655 684
655 689
656 658
656 661
656 662
656 666
656 667
656 670
656 675
657 674
657 678
657 723
657 1064
657 1067
657 1081
657 1102
657 1227
658 661
658 667
658 669
658 673
658 679
658 685
659 673
659 709
659 1085
660 671
660 675
660 689
661 662
661 670
661 685
661 686
662 667
662 668
662 669
663 676
663 678
663 692
663 780
663 798
665 670
665 767
665 777
666 674
666 681
666 690
667 679
668 675
668 683
669 672
669 685
669 686
670 676
670 681
670 688
670 776
671 682
671 689
671 1046
671 1048
671 1058
672 698
673 679
673 698
674 676
674 678
674 681
674 1064
674 1067
674 1069
675 683
676 681
676 776
676 793
677 682
677 684
677 1061
677 1086
678 708
678 723
678 1067
679 684
680 681
680 688
680 690
680 786
680 791
680 1158
681 690
681 793
681 1064
682 684
682 689
682 1048
683 735
683 777
684 689
685 686
685 692
685 696
686 687
686 697
687 692
687 697
687 722
687 779
688 786
690 1072
690 1086
691 699
691 705
691 711
691 713
691 724
692 695
692 710
692 722
693 694
693 707
693 708
693 710
693 713
693 714
693 715
693 717
693 718
694 703
694 704
694 713
694 714
694 715
694 721
694 727
695 704
695 710
695 713
695 716
695 722
695 726
696 697
696 698
696 707
696 710
696 716
696 719
697 716
698 717
698 719
699 700
699 703
699 706
699 724
699 739
700 726
700 817
701 706
701 712
701 714
701 718
701 720
701 724
702 714
702 991
702 1095
702 1100
702 1101
702 1103
703 706
703 714
703 727
703 1093
703 1095
704 708
704 723
704 725
704 798
704 817
706 714
706 724
706 1120
707 711
707 713
707 716
707 718
707 719
707 720
708 709
708 710
708 715
708 723
709 715
709 717
709 723
709 1085
709 1100
710 716
711 716
713 718
714 715
714 718
714 1095
715 723
715 727
715 1114
718 720
721 725
721 727
721 803
721 1106
721 1229
722 726
722 798
722 812
723 725
723 1067
723 1102
724 728
725 1106
725 1222
725 1227
725 1229
726 800
726 812
726 817
727 1094
727 1095
727 1106
727 1114
729 738
729 740
729 754
729 763
730 736
730 744
731 736
731 746
731 752
731 753
731 756
731 760
731 763
731 823
731 827
732 741
732 750
732 751
732 760
732 810
732 1156
732 1219
732 1223
733 734
733 747
733 748
733 749
733 753
733 754
733 758
734 748
734 795
734 1157
735 737
735 755
735 761
735 777
736 743
736 746
736 752
737 749
737 755
737 757
737 761
737 768
737 786
738 756
738 759
738 763
739 750
739 759
739 803
739 1093
740 749
740 754
741 745
741 746
741 760
741 804
741 1156
741 1159
742 747
742 751
742 758
742 764
742 1042
742 1136
742 1137
743 744
743 745
744 757
744 762
745 746
745 804
745 1159
746 760
746 804
747 758
747 761
747 764
747 1137
748 751
748 1141
749 755
749 757
750 751
750 756
750 760
750 803
750 810
750 1191
751 756
751 759
751 760
752 753
752 763
753 754
753 756
753 759
753 763
754 758
754 759
754 761
755 757
755 762
756 759
756 760
756 763
757 762
758 759
758 761
758 764
760 804
760 807
760 810
761 764
762 788
764 1031
764 1042
764 1137
765 773
765 783
765 789
765 794
766 771
766 868
766 886
766 1168
766 1170
766 1171
767 776
767 777
767 779
767 784
767 785
768 772
768 782
768 786
768 790
768 795
769 771
769 783
769 787
770 775
770 778
770 781
770 785
770 796
771 772
771 783
771 1170
771 1171
772 776
772 783
772 790
772 791
773 774
773 783
773 794
773 824
773 1183
774 780
774 781
774 815
774 816
775 782
775 788
776 785
776 790
778 781
778 789
778 796
778 820
779 785
780 793
780 816
780 824
781 785
781 789
781 813
782 784
782 790
784 785
785 790
786 792
786 1158
787 795
789 796
789 815
789 820
791 793
791 1166
791 1174
792 795
792 1158
792 1174
792 1187
793 1064
793 1091
794 802
794 886
794 1175
794 1183
794 1218
794 1228
795 1157
797 799
797 800
797 805
797 812
797 817
797 819
798 812
798 816
798 817
799 809
799 812
799 813
799 815
800 809
800 812
800 817
800 825
801 811
801 814
801 822
801 1219
802 822
802 911
802 1218
802 1228
803 1229
804 806
804 807
804 811
805 807
805 808
805 819
805 822
805 825
806 807
806 808
807 810
807 811
807 823
808 818
809 812
809 825
810 811
810 819
810 1214
811 814
811 819
811 822
811 1219
812 813
812 817
814 819
814 821
814 822
814 1193
814 1214
816 821
816 824
817 819
818 826
819 821
821 824
821 1193
823 825
823 826
823 827
824 1183
824 1186
824 1218
824 1227
825 826
826 827
828 838
828 841
828 845
828 851
828 1159
829 830
829 839
829 851
830 836
830 838
830 839
830 851
831 835
831 846
831 898
831 951
831 952
832 836
832 840
832 842
832 849
832 851
833 835
833 847
833 951
834 836
834 852
834 939
834 944
834 954
834 1248
835 836
835 855
835 932
835 945
835 951
835 952
835 954
836 855
837 852
837 888
837 1243
837 1254
838 843
838 1123
839 850
839 853
840 842
840 844
840 854
840 1154
841 842
841 845
841 851
841 857
841 1123
841 1159
842 849
842 856
842 1122
842 1123
842 1151
842 1152
843 864
843 874
843 880
844 854
844 875
844 880
844 888
844 1154
844 1243
845 846
845 851
845 910
846 851
846 910
847 900
847 1230
848 849
848 893
848 900
848 903
848 910
849 900
850 853
850 862
850 874
850 885
850 889
850 989
852 862
852 890
852 955
852 1248
853 889
853 989
854 856
854 1122
854 1154
854 1243
854 1546
854 1553
855 945
856 1122
856 1251
856 1257
856 1546
857 893
857 1131
857 1152
857 1156
857 1205
858 872
858 879
858 881
858 988
858 1272
858 1279
858 1289
858 1372
859 861
859 865
859 884
859 960
859 979
859 982
860 863
860 867
860 870
860 877
860 886
861 865
861 871
861 884
861 885
862 876
862 889
863 866
863 870
863 891
863 894
863 1189
863 1215
864 868
864 880
864 1126
864 1169
864 1170
865 871
865 872
865 883
865 884
865 885
865 989
866 869
866 870
866 873
866 878
866 1162
866 1189
867 870
867 884
867 914
867 921
868 869
868 874
868 877
868 1168
869 880
869 883
869 1162
870 871
870 881
870 884
870 891
870 923
871 874
871 877
871 883
871 884
872 878
872 881
872 882
872 883
872 1289
873 878
873 1280
873 1291
874 883
874 885
875 1178
875 1231
875 1553
875 1557
875 1570
876 880
876 883
876 887
876 888
877 886
878 881
878 883
878 887
878 1280
879 881
879 984
879 1002
879 1372
881 923
881 1272
882 890
882 955
882 977
882 988
885 989
886 1171
887 888
887 1261
887 1263
888 890
888 1243
888 1262
888 1263
889 977
889 985
889 989
890 955
890 1249
890 1276
890 1289
891 894
891 904
891 909
891 912
891 914
891 915
891 923
892 905
892 914
892 915
892 921
893 896
893 903
893 910
893 1205
894 899
894 911
894 912
894 914
894 1215
894 1228
895 898
895 903
895 904
895 908
895 913
895 915
895 917
896 900
896 902
896 903
896 1205
897 904
897 906
897 919
897 1301
897 1309
897 1315
897 1327
898 910
898 917
899 901
899 907
899 908
899 911
900 903
901 907
902 903
902 918
902 1323
902 1324
903 908
903 913
904 906
904 908
904 912
904 913
904 915
905 907
905 915
905 1012
906 909
906 913
906 916
906 1327
907 908
907 914
907 915
908 915
909 921
909 923
911 914
911 1228
912 918
912 919
912 922
912 1215
912 1301
913 916
913 917
913 920
913 1327
914 915
916 917
916 920
916 992
916 996
916 1325
916 1327
917 920
917 1014
918 1192
918 1216
918 1226
919 922
919 923
919 1291
919 1301
919 1315
920 996
920 1326
921 1017
922 1167
922 1291
922 1301
922 1588
924 934
924 938
924 943
924 946
924 948
924 953
924 981
925 926
925 930
925 940
925 949
925 1011
925 1021
925 1361
926 929
926 930
926 932
926 933
926 940
926 943
926 1021
927 934
927 945
927 950
928 933
928 940
928 999
928 1011
928 1023
928 1034
928 1052
928 1059
929 932
929 933
929 936
929 951
929 999
929 1003
929 1005
929 1021
930 939
930 943
930 944
930 949
930 954
930 1348
931 938
931 941
931 946
931 961
931 1026
931 1033
931 1048
931 1077
932 936
932 943
932 945
932 951
932 952
932 954
933 942
933 999
933 1005
934 945
934 946
934 947
934 981
934 985
935 940
935 948
935 953
935 1059
935 1345
935 1356
936 952
936 1005
937 980
937 983
937 1026
937 1033
937 1054
937 1076
937 1077
938 943
938 950
938 953
938 1026
939 944
939 947
939 954
939 1248
939 1348
940 1011
940 1059
942 1005
942 1022
943 945
943 950
944 949
944 954
944 1230
944 1360
945 950
945 954
946 961
946 981
946 985
947 955
947 977
947 978
947 981
948 953
948 983
948 1337
948 1365
949 951
949 1021
951 954
953 1026
953 1059
953 1345
955 977
955 978
955 1248
955 1249
955 1337
956 966
956 969
956 971
956 982
957 962
957 968
957 1010
957 1062
957 1083
957 1118
958 960
958 966
958 974
958 975
958 979
958 984
959 964
959 967
959 973
959 974
959 984
959 986
959 988
959 1374
960 982
960 984
961 969
961 980
961 1077
962 964
962 1087
962 1377
962 1401
962 1428
962 1486
963 982
963 985
963 989
964 967
964 972
964 974
964 986
964 1087
964 1374
964 1377
964 1401
965 979
965 1017
965 1018
966 968
966 969
966 971
966 972
966 974
966 976
967 973
967 987
967 1374
967 1377
967 1391
968 972
968 974
968 1000
968 1019
969 972
969 980
969 1061
970 976
970 1020
971 980
971 981
972 974
972 1084
973 978
973 988
973 1384
973 1391
974 975
974 984
974 986
974 1019
975 984
975 986
975 994
975 1002
975 1009
975 1019
976 979
977 978
977 981
977 985
978 981
978 1337
979 982
980 1076
980 1077
981 985
982 989
983 987
983 1054
983 1365
984 986
984 988
984 1372
985 989
986 994
986 1372
986 1374
986 1375
986 1388
986 1400
986 1401
987 1054
987 1076
988 1372
988 1388
990 1001
990 1011
990 1099
990 1368
990 1411
990 1413
990 1421
991 993
991 995
991 1022
991 1100
991 1103
992 996
992 1015
992 1426
992 1430
993 1004
993 1006
993 1008
994 997
994 1002
994 1019
994 1400
994 1401
994 1418
994 1430
995 1006
995 1013
995 1022
995 1101
995 1103
995 1119
996 1326
996 1425
997 1008
997 1009
997 1015
997 1016
997 1019
997 1430
998 1003
998 1004
998 1006
998 1008
998 1014
998 1015
999 1003
999 1006
999 1011
999 1021
1000 1008
1000 1010
1000 1018
1000 1019
1000 1020
1001 1006
1001 1011
1001 1013
1001 1092
1001 1411
1002 1009
1002 1400
1002 1430
1003 1005
1003 1021
1004 1006
1006 1008
1006 1013
1007 1012
1008 1010
1008 1018
1008 1019
1009 1014
1009 1015
1009 1018
1009 1019
1010 1019
1010 1118
1011 1021
1011 1119
1013 1092
1013 1103
1013 1119
1014 1015
1015 1430
1016 1416
1016 1428
1018 1019
1022 1101
1023 1032
1023 1034
1023 1052
1023 1059
1023 1117
1024 1029
1024 1034
1024 1036
1024 1037
1024 1040
1024 1047
1025 1041
1025 1049
1025 1056
1025 1071
1025 1148
1025 1181
1026 1033
1026 1034
1026 1037
1027 1038
1027 1043
1027 1053
1027 1147
1027 1442
1028 1037
1028 1054
1028 1345
1028 1364
1028 1433
1028 1440
1028 1456
1029 1030
1029 1031
1029 1040
1029 1042
1029 1044
1029 1045
1029 1049
1029 1140
1030 1038
1030 1040
1030 1044
1030 1045
1030 1055
1030 1057
1030 1111
1030 1150
1031 1042
1031 1049
1031 1058
1031 1127
1032 1047
1032 1055
1032 1101
1032 1117
1032 1120
1033 1036
1033 1046
1033 1048
1033 1066
1033 1077
1033 1090
1034 1037
1034 1059
1035 1038
1035 1040
1035 1050
1035 1096
1035 1455
1035 1529
1036 1046
1036 1047
1037 1039
1037 1040
1037 1043
1037 1050
1037 1059
1038 1040
1038 1043
1038 1044
1038 1053
1038 1057
1038 1096
1039 1043
1039 1049
1039 1051
1039 1090
1040 1043
1040 1050
1041 1044
1041 1049
1041 1144
1041 1145
1041 1147
1042 1045
1042 1137
1042 1140
1043 1050
1043 1051
1043 1440
1044 1124
1044 1140
1044 1147
1045 1093
1045 1150
1046 1048
1046 1058
1046 1066
1047 1055
1048 1077
1049 1071
1049 1127
1050 1052
1050 1059
1050 1440
1050 1441
1051 1056
1051 1447
1051 1456
1051 1458
1052 1059
1052 1368
1052 1529
1053 1057
1053 1147
1053 1442
1053 1445
1053 1538
1053 1616
1054 1080
1054 1364
1054 1456
1054 1464
1055 1117
1055 1120
1056 1148
1056 1458
1057 1096
1057 1111
1057 1124
1057 1150
1057 1225
1058 1071
1059 1345
1059 1368
1060 1062
1060 1067
1060 1069
1060 1075
1060 1079
1060 1089
1061 1079
1061 1084
1061 1086
1062 1079
1062 1085
1062 1118
1063 1065
1063 1070
1063 1090
1064 1067
1064 1069
1064 1072
1064 1081
1064 1091
1065 1076
1065 1082
1065 1084
1066 1071
1066 1077
1066 1090
1067 1069
1067 1102
1068 1070
1068 1479
1069 1072
1069 1086
1070 1160
1070 1181
1072 1073
1072 1091
1073 1075
1073 1078
1073 1081
1073 1088
1073 1091
1074 1075
1074 1082
1074 1083
1074 1089
1074 1108
1074 1115
1074 1483
1075 1078
1075 1083
1075 1088
1075 1089
1076 1077
1078 1088
1079 1084
1079 1086
1080 1090
1080 1456
1080 1464
1080 1489
1081 1088
1081 1091
1081 1102
1081 1177
1081 1227
1082 1083
1082 1087
1082 1489
1083 1084
1083 1118
1083 1486
1087 1377
1087 1486
1087 1487
1088 1089
1088 1115
1088 1163
1089 1098
1089 1102
1089 1115
1091 1160
1091 1161
1091 1177
1092 1099
1092 1119
1092 1495
1093 1094
1093 1150
1094 1106
1094 1111
1094 1113
1094 1225
1095 1101
1095 1105
1095 1114
1095 1120
1096 1104
1096 1111
1097 1100
1097 1103
1097 1109
1097 1118
1098 1102
1098 1109
1098 1114
1099 1119
1099 1521
1099 1529
1100 1103
1101 1120
1102 1227
1103 1105
1103 1119
1104 1112
1104 1220
1104 1510
1105 1113
1105 1114
1105 1117
1106 1203
1106 1222
1106 1225
1106 1229
1107 1108
1107 1109
1107 1112
1107 1115
1107 1224
1107 1517
1108 1115
1108 1121
1108 1483
1108 1499
1108 1513
1108 1517
1109 1116
1110 1118
1110 1428
1110 1486
1110 1502
1111 1113
1111 1150
1111 1225
1112 1203
1112 1212
1112 1220
1112 1225
1113 1114
1115 1121
1115 1196
1116 1505
1121 1224
1121 1483
1121 1513
1121 1608
1122 1125
1122 1142
1122 1151
1122 1152
1122 1257
1123 1138
1123 1151
1123 1154
1124 1132
1124 1140
1124 1149
1124 1150
1125 1130
1125 1142
1125 1143
1125 1195
1125 1540
1126 1138
1126 1146
1126 1157
1126 1169
1126 1170
1127 1137
1127 1144
1127 1158
1128 1135
1128 1136
1128 1137
1128 1138
1128 1139
1128 1140
1128 1141
1128 1144
1129 1138
1129 1141
1129 1159
1130 1132
1130 1149
1130 1151
1130 1152
1130 1194
1130 1195
1130 1205
1131 1141
1131 1149
1131 1156
1131 1223
1132 1149
1132 1194
1132 1197
1132 1202
1132 1204
1133 1135
1133 1142
1133 1146
1133 1153
1133 1155
1133 1169
1133 1178
1134 1145
1134 1147
1134 1148
1134 1155
1134 1458
1134 1530
1134 1545
1134 1552
1135 1138
1135 1139
1135 1144
1135 1145
1135 1146
1135 1153
1136 1140
1136 1141
1136 1191
1137 1139
1137 1144
1137 1158
1138 1139
1138 1157
1139 1144
1139 1157
1140 1144
1140 1150
1142 1145
1142 1151
1142 1530
1142 1553
1143 1204
1143 1530
1143 1535
1143 1538
1144 1145
1145 1147
1145 1530
1146 1153
1146 1169
1146 1180
1147 1538
1148 1181
1148 1188
1148 1458
1149 1151
1150 1191
1150 1225
1151 1152
1152 1205
1153 1180
1153 1181
1154 1169
1155 1178
1155 1188
1155 1530
1155 1537
1155 1545
1155 1553
1156 1159
1156 1219
1156 1223
1157 1170
1158 1174
1160 1161
1160 1174
1161 1166
1161 1173
1161 1174
1161 1180
1162 1165
1162 1168
1162 1176
1162 1179
1162 1189
1163 1164
1163 1177
1163 1184
1163 1196
1164 1165
1164 1184
1164 1569
1164 1581
1164 1583
1165 1167
1165 1179
1165 1190
1165 1559
1166 1171
1166 1174
1166 1176
1166 1187
1167 1189
1167 1201
1167 1566
1167 1583
1168 1170
1168 1171
1168 1176
1169 1178
1169 1179
1170 1187
1171 1176
1171 1183
1172 1175
1172 1177
1172 1183
1172 1185
1172 1186
1173 1176
1173 1182
1174 1180
1174 1187
1175 1183
1175 1189
1175 1215
1175 1228
1176 1179
1177 1186
1178 1179
1178 1537
1178 1553
1178 1570
1179 1190
1180 1187
1182 1188
1182 1560
1182 1581
1183 1186
1183 1218
1184 1185
1184 1201
1184 1207
1184 1583
1185 1198
1185 1210
1186 1200
1186 1218
1186 1227
1188 1560
1190 1268
1190 1557
1191 1202
1191 1225
1192 1194
1192 1197
1192 1205
1192 1206
1192 1213
1192 1216
1192 1221
1192 1226
1193 1200
1193 1217
1193 1218
1194 1197
1194 1202
1194 1205
1194 1221
1194 1223
1195 1213
1195 1587
1195 1615
1196 1200
1196 1210
1196 1222
1196 1224
1197 1199
1197 1202
1197 1212
1197 1213
1198 1201
1198 1206
1198 1209
1198 1215
1198 1216
1199 1202
1199 1203
1199 1206
1199 1214
1199 1217
1200 1210
1200 1222
1200 1227
1201 1207
1201 1211
1201 1216
1201 1583
1201 1588
1201 1610
1202 1212
1202 1225
1203 1208
1203 1210
1203 1212
1203 1222
1203 1225
1204 1587
1204 1598
1204 1616
1205 1221
1206 1209
1206 1210
1206 1216
1206 1217
1207 1208
1207 1210
1207 1211
1207 1224
1207 1604
1208 1210
1208 1211
1208 1212
1208 1220
1208 1224
1208 1585
1209 1215
1209 1217
1209 1218
1210 1224
1211 1216
1211 1226
1211 1600
1211 1607
1212 1220
1213 1226
1214 1217
1214 1219
1214 1223
1214 1229
1215 1228
1216 1226
1216 1600
1217 1219
1217 1221
1218 1228
1219 1221
1219 1223
1220 1517
1220 1585
1221 1223
1224 1608
1226 1324
1226 1600
1226 1607
1226 1612
1226 1617
1230 1326
1230 1360
1230 1363
1231 1243
1231 1256
1231 1263
1231 1570
1232 1233
1232 1237
1232 1252
1232 1544
1233 1238
1233 1247
1233 1256
1233 1257
1234 1235
1234 1238
1234 1240
1234 1247
1234 1251
1235 1240
1235 1242
1235 1363
1235 1366
1236 1238
1236 1240
1236 1242
1236 1244
1236 1313
1236 1317
1237 1245
1237 1250
1237 1252
1237 1293
1238 1247
1238 1257
1238 1258
1239 1245
1239 1253
1239 1255
1239 1265
1239 1362
1240 1242
1240 1296
1240 1300
1241 1245
1241 1247
1241 1250
1241 1253
1241 1254
1242 1244
1243 1250
1243 1251
1244 1313
1245 1252
1245 1253
1245 1294
1246 1541
1246 1549
1247 1250
1247 1251
1248 1249
1248 1254
1248 1343
1248 1360
1249 1262
1249 1276
1249 1343
1249 1362
1250 1251
1250 1254
1250 1256
1251 1254
1253 1255
1253 1341
1253 1343
1253 1360
1254 1360
1255 1341
1256 1543
1256 1546
1257 1540
1257 1541
1257 1546
1258 1323
1258 1324
1258 1615
1259 1269
1259 1275
1259 1295
1259 1318
1259 1321
1259 1329
1260 1281
1260 1290
1260 1568
1261 1263
1261 1266
1261 1268
1261 1271
1261 1280
1261 1286
1261 1289
1262 1263
1262 1285
1262 1294
1263 1557
1264 1274
1264 1277
1264 1287
1264 1319
1264 1321
1264 1572
1264 1575
1264 1596
1265 1282
1265 1288
1265 1294
1265 1362
1266 1269
1266 1271
1266 1272
1266 1277
1266 1280
1266 1287
1267 1278
1267 1285
1267 1288
1267 1290
1267 1293
1267 1294
1268 1271
1268 1281
1268 1287
1268 1557
1268 1566
1268 1577
1269 1274
1269 1277
1269 1295
1269 1321
1269 1331
1270 1283
1270 1284
1270 1286
1270 1402
1271 1273
1271 1281
1271 1285
1271 1287
1272 1279
1272 1280
1272 1291
1272 1292
1272 1331
1273 1274
1273 1275
1273 1278
1273 1285
1273 1287
1273 1290
1274 1287
1274 1321
1274 1572
1276 1282
1276 1362
1276 1384
1277 1291
1277 1299
1277 1315
1277 1319
1277 1331
1278 1285
1278 1288
1278 1290
1279 1283
1279 1292
1279 1331
1279 1399
1280 1291
1281 1293
1281 1576
1281 1577
1282 1283
1282 1285
1282 1362
1282 1373
1282 1402
1283 1286
1283 1289
1283 1383
1283 1402
1284 1380
1284 1393
1284 1402
1285 1286
1285 1294
1286 1289
1287 1573
1287 1575
1288 1294
1292 1306
1292 1331
1293 1532
1293 1576
1295 1299
1295 1307
1295 1312
1295 1321
1295 1329
1296 1304
1296 1308
1296 1310
1296 1311
1296 1316
1296 1317
1297 1298
1297 1305
1297 1313
1297 1320
1297 1602
1297 1619
1298 1305
1298 1310
1298 1314
1298 1317
1298 1320
1299 1310
1299 1315
1299 1319
1299 1599
1300 1326
1300 1363
1300 1366
1300 1422
1300 1425
1301 1315
1301 1588
1301 1600
1302 1310
1302 1317
1302 1323
1302 1324
1302 1617
1303 1305
1303 1313
1303 1316
1304 1308
1304 1311
1304 1316
1304 1325
1304 1328
1304 1330
1304 1404
1305 1307
1305 1313
1305 1314
1306 1309
1306 1312
1306 1399
1306 1424
1307 1308
1307 1314
1307 1329
1308 1310
1308 1311
1308 1317
1309 1311
1309 1312
1309 1315
1309 1325
1309 1327
1310 1311
1310 1317
1311 1317
1311 1323
1311 1325
1311 1327
1312 1318
1312 1331
1313 1316
1313 1317
1314 1614
1315 1331
1316 1328
1317 1320
1318 1322
1318 1393
1318 1399
1319 1575
1319 1588
1319 1599
1319 1610
1320 1602
1320 1611
1320 1615
1320 1617
1321 1329
1322 1329
1322 1330
1322 1404
1323 1324
1323 1327
1324 1615
1324 1617
1325 1424
1326 1425
1328 1330
1330 1404
1330 1405
1332 1339
1332 1346
1332 1351
1332 1354
1332 1359
1332 1396
1333 1341
1333 1357
1333 1366
1333 1429
1334 1342
1334 1364
1334 1369
1334 1376
1334 1434
1334 1464
1335 1337
1335 1343
1335 1346
1335 1347
1335 1348
1335 1350
1335 1356
1335 1365
1336 1344
1336 1352
1336 1353
1336 1358
1336 1452
1336 1463
1337 1365
1337 1384
1338 1347
1338 1349
1338 1353
1338 1354
1338 1357
1338 1358
1339 1341
1339 1357
1339 1359
1340 1344
1340 1352
1340 1457
1341 1349
1341 1357
1341 1366
1342 1351
1342 1379
1342 1392
1342 1439
1342 1468
1343 1347
1343 1360
1344 1352
1344 1353
1344 1408
1344 1462
1344 1463
1345 1364
1345 1441
1346 1350
1346 1354
1346 1356
1346 1365
1346 1379
1347 1348
1347 1349
1347 1360
1348 1356
1348 1360
1349 1355
1349 1363
1349 1366
1350 1362
1350 1384
1350 1395
1351 1354
1351 1392
1352 1369
1352 1439
1352 1457
1353 1367
1353 1408
1353 1419
1355 1361
1355 1363
1355 1367
1355 1425
1356 1358
1356 1364
1356 1365
1358 1361
1359 1362
1359 1373
1359 1396
1360 1363
1361 1367
1361 1413
1363 1366
1364 1365
1364 1369
1364 1464
1365 1376
1366 1412
1367 1412
1367 1413
1367 1423
1368 1452
1368 1529
1369 1433
1369 1439
1370 1380
1370 1382
1370 1386
1370 1389
1370 1393
1370 1420
1371 1385
1371 1475
1371 1482
1372 1388
1372 1400
1373 1395
1373 1402
1374 1375
1374 1377
1374 1381
1374 1388
1374 1391
1374 1401
1375 1386
1375 1397
1375 1401
1375 1417
1375 1418
1376 1379
1376 1391
1376 1464
1376 1469
1377 1381
1377 1397
1377 1487
1378 1381
1378 1382
1378 1386
1378 1389
1378 1397
1378 1398
1378 1482
1379 1385
1379 1396
1380 1382
1380 1383
1380 1390
1380 1394
1380 1402
1381 1382
1381 1387
1381 1397
1382 1386
1382 1387
1382 1390
1382 1394
1383 1387
1383 1388
1383 1394
1383 1395
1383 1402
1384 1391
1385 1390
1386 1389
1386 1417
1386 1420
1387 1388
1387 1390
1387 1391
1387 1395
1388 1394
1389 1398
1390 1395
1390 1396
1392 1468
1392 1493
1394 1399
1394 1402
1395 1396
1397 1487
1398 1410
1398 1482
1398 1488
1398 1519
1399 1400
1400 1418
1401 1418
1403 1414
1403 1416
1403 1417
1403 1420
1403 1427
1404 1405
1404 1424
1405 1409
1406 1407
1406 1410
1406 1416
1406 1417
1406 1428
1406 1496
1407 1411
1407 1416
1407 1427
1407 1495
1408 1409
1408 1415
1408 1419
1408 1501
1409 1412
1409 1419
1409 1423
1410 1427
1410 1496
1410 1514
1410 1519
1411 1413
1411 1421
1411 1423
1411 1495
1412 1422
1412 1429
1413 1423
1414 1427
1415 1501
1416 1417
1416 1418
1417 1418
1417 1420
1418 1430
1419 1429
1421 1463
1421 1501
1422 1423
1422 1424
1422 1425
1422 1426
1423 1426
1424 1426
1426 1430
1427 1514
1428 1486
1431 1437
1431 1443
1431 1446
1431 1447
1431 1460
1431 1531
1431 1554
1431 1555
1432 1444
1432 1449
1432 1451
1432 1498
1432 1504
1433 1434
1433 1440
1433 1441
1433 1456
1434 1456
1434 1464
1435 1439
1435 1448
1435 1493
1436 1443
1436 1446
1436 1453
1437 1447
1437 1458
1437 1460
1437 1478
1437 1531
1438 1442
1438 1443
1438 1447
1438 1455
1439 1457
1440 1441
1440 1447
1440 1456
1441 1451
1441 1452
1442 1445
1442 1447
1442 1455
1442 1460
1442 1538
1443 1446
1443 1450
1443 1453
1443 1454
1443 1554
1444 1445
1444 1454
1444 1498
1444 1508
1444 1524
1445 1455
1445 1506
1445 1524
1445 1556
1445 1616
1446 1448
1446 1459
1446 1478
1447 1458
1447 1460
1448 1459
1448 1461
1449 1453
1449 1462
1449 1504
1450 1453
1450 1454
1451 1452
1451 1457
1451 1463
1452 1463
1452 1507
1452 1529
1453 1454
1454 1533
1455 1507
1455 1529
1456 1464
1457 1462
1458 1460
1459 1461
1459 1478
1460 1538
1460 1552
1460 1554
1461 1555
1462 1463
1462 1504
1463 1501
1463 1504
1463 1507
1464 1469
1465 1466
1465 1471
1465 1472
1465 1484
1465 1488
1466 1471
1466 1476
1467 1471
1467 1474
1467 1479
1467 1483
1467 1484
1467 1492
1468 1475
1468 1493
1469 1489
1470 1474
1470 1477
1470 1483
1470 1492
1470 1513
1470 1574
1471 1484
1471 1487
1471 1489
1472 1473
1472 1477
1472 1497
1472 1526
1473 1480
1473 1488
1473 1519
1474 1479
1474 1481
1474 1491
1474 1492
1474 1574
1475 1482
1475 1485
1476 1478
1476 1485
1477 1490
1477 1526
1477 1574
1478 1481
1479 1481
1479 1491
1479 1492
1480 1485
1481 1491
1482 1488
1483 1484
1483 1492
1483 1513
1484 1497
1484 1528
1485 1493
1486 1487
1486 1528
1488 1519
1490 1491
1490 1562
1490 1580
1491 1562
1491 1574
1492 1569
1492 1574
1494 1495
1494 1503
1494 1508
1494 1509
1494 1518
1494 1521
1495 1502
1495 1521
1496 1497
1496 1500
1496 1511
1496 1514
1496 1519
1497 1499
1497 1500
1497 1528
1498 1503
1498 1504
1498 1508
1498 1512
1498 1524
1499 1502
1499 1505
1499 1515
1499 1528
1500 1511
1500 1518
1500 1522
1500 1523
1501 1503
1501 1509
1502 1505
1502 1528
1503 1504
1503 1507
1503 1508
1503 1509
1503 1518
1505 1510
1505 1515
1505 1517
1506 1508
1506 1510
1506 1520
1506 1524
1506 1585
1506 1616
1507 1508
1507 1529
1508 1510
1508 1518
1508 1524
1509 1511
1509 1514
1510 1521
1511 1514
1511 1523
1512 1516
1512 1518
1512 1523
1512 1525
1512 1527
1513 1608
1514 1519
1515 1517
1515 1518
1515 1520
1515 1525
1516 1524
1516 1527
1516 1533
1516 1597
1517 1608
1518 1525
1520 1524
1520 1525
1520 1585
1520 1591
1520 1597
1522 1523
1522 1526
1523 1527
1524 1533
1524 1556
1524 1601
1525 1591
1525 1603
1530 1551
1530 1552
1531 1545
1531 1552
1531 1555
1531 1578
1532 1534
1532 1536
1532 1544
1532 1576
1533 1556
1534 1564
1534 1576
1535 1538
1535 1540
1535 1550
1535 1556
1535 1587
1536 1544
1537 1545
1537 1551
1537 1553
1537 1570
1538 1552
1539 1542
1539 1549
1539 1550
1539 1613
1539 1618
1540 1541
1540 1543
1540 1546
1541 1611
1541 1615
1542 1547
1542 1549
1542 1550
1543 1544
1543 1546
1543 1547
1543 1551
1545 1551
1545 1552
1546 1553
1547 1548
1548 1555
1548 1564
1548 1584
1549 1602
1549 1611
1549 1618
1550 1556
1551 1552
1552 1554
1553 1570
1554 1555
1556 1601
1556 1616
1557 1570
1557 1577
1558 1561
1558 1569
1558 1574
1558 1586
1558 1604
1558 1606
1559 1566
1559 1577
1559 1579
1560 1563
1560 1579
1561 1565
1561 1567
1561 1575
1561 1596
1562 1563
1562 1571
1562 1578
1562 1580
1563 1578
1563 1579
1563 1581
1564 1578
1564 1584
1565 1567
1565 1571
1565 1573
1565 1579
1566 1575
1566 1583
1567 1582
1568 1576
1569 1581
1570 1576
1571 1580
1571 1582
1573 1577
1573 1579
1575 1596
1575 1610
1577 1579
1578 1584
1580 1584
1583 1610
1585 1594
1585 1598
1586 1594
1586 1596
1586 1604
1586 1605
1586 1606
1586 1610
1587 1598
1587 1601
1587 1612
1588 1600
1588 1610
1589 1603
1589 1605
1589 1609
1590 1595
1590 1597
1590 1613
1590 1618
1591 1594
1591 1606
1591 1608
1592 1593
1592 1605
1592 1614
1592 1619
1593 1595
1593 1599
1593 1602
1593 1605
1593 1612
1593 1617
1594 1604
1594 1607
1594 1608
1595 1597
1595 1601
1595 1605
1595 1613
1596 1609
1596 1614
1596 1620
1597 1603
1598 1601
1598 1607
1599 1600
1599 1614
1600 1610
1601 1616
1602 1611
1602 1618
1602 1619
1604 1608
1604 1610
1607 1612
1609 1620
1611 1612
1611 1613
1611 1615
1612 1615
1612 1617
1613 1618
1614 1620
1615 1617
1618 1619
