0.18217000 0.18935000 0.09559000
0.08344000 0.18002000 0.16536000
0.18637000 0.18367000 0.30745000
0.18016000 0.07965000 0.29707000
0.10333000 0.21206000 0.33036000
0.13912000 0.15719000 0.03295000
0.01057000 0.14743000 0.13740000
0.08875000 0.00933000 0.28039000
0.12413000 0.02464000 0.04843000
0.03585000 0.22431000 0.12083000
0.17100000 0.13509000 0.14401000
0.19825000 0.03728000 0.20282000
0.18753000 0.23480000 0.18332000
0.12656000 0.06499000 0.20358000
0.09005000 0.10990000 0.11676000
0.10372000 0.12185000 0.26068000
0.03789000 0.14247000 0.25740000
0.11308000 0.23472000 0.12815000
0.06597000 0.13677000 0.01191000
0.13921000 0.18940000 0.23565000
0.19795000 0.12369000 0.07130000
0.02345000 0.18251000 0.05540000
0.18389000 0.21142000 0.00883000
0.05778000 0.05716000 0.17616000
0.20407000 0.02514000 0.00833000
0.01595000 0.21711000 0.25007000
0.16543000 0.01787000 0.28979000
0.23836000 0.13548000 0.20931000
0.01971000 0.03580000 0.05347000
0.00846000 0.06177000 0.29015000
0.05751000 0.07526000 0.00536000
0.24806000 0.20791000 0.21745000
0.12110000 0.24854000 0.03173000
0.16728000 0.13725000 0.48165000
0.19760000 0.08533000 0.64718000
0.14204000 0.12767000 0.56756000
0.05839000 0.08180000 0.50786000
0.00378000 0.02485000 0.37069000
0.11524000 0.23177000 0.52433000
0.14703000 0.17798000 0.38139000
0.20602000 0.20480000 0.60187000
0.10076000 0.03769000 0.40418000
0.09202000 0.23777000 0.63165000
0.19966000 0.01041000 0.41015000
0.04920000 0.13418000 0.63430000
0.03540000 0.19852000 0.59422000
0.15972000 0.22129000 0.43895000
0.13807000 0.07708000 0.51412000
0.19782000 0.24214000 0.51306000
0.12770000 0.02381000 0.55845000
0.05029000 0.11796000 0.35195000
0.04398000 0.14698000 0.51134000
0.11991000 0.05572000 0.65115000
0.13576000 0.09707000 0.43073000
0.19723000 0.04088000 0.55143000
0.21588000 0.11412000 0.42161000
0.09398000 0.16301000 0.44062000
0.05373000 0.21230000 0.39606000
0.05561000 0.03075000 0.61073000
0.11177000 0.10779000 0.33808000
0.00740000 0.19852000 0.45558000
0.02431000 0.24735000 0.50807000
0.24411000 0.13159000 0.61328000
0.00028000 0.23476000 0.33371000
0.21314000 0.12606000 0.33553000
0.15371000 0.21626000 0.72862000
0.16418000 0.11479000 0.70329000
0.12262000 0.21496000 0.95536000
0.02537000 0.01912000 0.71506000
0.05461000 0.13601000 0.79711000
0.10212000 0.13346000 0.73081000
0.04187000 0.17900000 0.91496000
0.19780000 0.02941000 0.91678000
0.11537000 0.18246000 0.84029000
0.01555000 0.22002000 0.99203000
0.08547000 0.20911000 0.72729000
0.16086000 0.15560000 0.78544000
0.03065000 0.19681000 0.84118000
0.08457000 0.05490000 0.74175000
0.08576000 0.23837000 0.87991000
0.05904000 0.04950000 0.82456000
0.19491000 0.17014000 0.67105000
0.22438000 0.02294000 0.70619000
0.17835000 0.20073000 0.91539000
0.15378000 0.08805000 0.78138000
0.21188000 0.09961000 0.91873000
0.09299000 0.10554000 0.87117000
0.20441000 0.02779000 0.78899000
0.21245000 0.14697000 0.98261000
0.02284000 0.05587000 0.93846000
0.20214000 0.11114000 0.82974000
0.11186000 0.10135000 0.96595000
0.23754000 0.12436000 0.70399000
0.13902000 0.05543000 0.90634000
0.02881000 0.24283000 0.71081000
0.22703000 0.24991000 0.95490000
0.16054000 0.33717000 0.26151000
0.16485000 0.32142000 0.06093000
0.05765000 0.32064000 0.27179000
0.08435000 0.48088000 0.22551000
0.09411000 0.25214000 0.25986000
0.11240000 0.37937000 0.20057000
0.10415000 0.36428000 0.12078000
0.14928000 0.48066000 0.20780000
0.09256000 0.41697000 0.28492000
0.04844000 0.45456000 0.06315000
0.02301000 0.29350000 0.10627000
0.04836000 0.44367000 0.16239000
0.21228000 0.40323000 0.24163000
0.18641000 0.37346000 0.10049000
0.17096000 0.44791000 0.12921000
0.17938000 0.31588000 0.18103000
0.23916000 0.33269000 0.16003000
0.22257000 0.34612000 0.02986000
0.02251000 0.33809000 0.19073000
0.08279000 0.29585000 0.14608000
0.21644000 0.42794000 0.06921000
0.11835000 0.43924000 0.01785000
0.04796000 0.36003000 0.04911000
0.02146000 0.39520000 0.25774000
0.00859000 0.39915000 0.10325000
0.05093000 0.28106000 0.00927000
0.22662000 0.49127000 0.20809000
0.17746000 0.43625000 0.30052000
0.18897000 0.26188000 0.06711000
0.21817000 0.26000000 0.28828000
0.12722000 0.49989000 0.09377000
0.07762000 0.48256000 0.58923000
0.02472000 0.32261000 0.38204000
0.18882000 0.49160000 0.48497000
0.15302000 0.29476000 0.53128000
0.04636000 0.37625000 0.44889000
0.01312000 0.43776000 0.65740000
0.09368000 0.31015000 0.34289000
0.21375000 0.39897000 0.66425000
0.22019000 0.46693000 0.36057000
0.07530000 0.38080000 0.37137000
0.14904000 0.48552000 0.59444000
0.12643000 0.30584000 0.60811000
0.04495000 0.35145000 0.58744000
0.08972000 0.27024000 0.40830000
0.21858000 0.37196000 0.55861000
0.08466000 0.28596000 0.49030000
0.11759000 0.35828000 0.53823000
0.08928000 0.47511000 0.46587000
0.01535000 0.29351000 0.45647000
0.07062000 0.41807000 0.62562000
0.12382000 0.43390000 0.41481000
0.21386000 0.37863000 0.37524000
0.22701000 0.41491000 0.47190000
0.16542000 0.49880000 0.40094000
0.18397000 0.31552000 0.44137000
0.13626000 0.42730000 0.54970000
0.22383000 0.30726000 0.52400000
0.00401000 0.38450000 0.52339000
0.06110000 0.42865000 0.51584000
0.22621000 0.46260000 0.62677000
0.01285000 0.49655000 0.57236000
0.14291000 0.40478000 0.65340000
0.21769000 0.27116000 0.37514000
0.12076000 0.46502000 0.33419000
0.00695000 0.30081000 0.58361000
0.01026000 0.43461000 0.39809000
0.15189000 0.35565000 0.35000000
0.23351000 0.49473000 0.55923000
0.22841000 0.28221000 0.65598000
0.15583000 0.49309000 0.97623000
0.01625000 0.44935000 0.97897000
0.16950000 0.47893000 0.76583000
0.10329000 0.45196000 0.88444000
0.07559000 0.35467000 0.75417000
0.09343000 0.31662000 0.69076000
0.07820000 0.26701000 0.77255000
0.19632000 0.36059000 0.76202000
0.16273000 0.46838000 0.68057000
0.20479000 0.42577000 0.74953000
0.01534000 0.31759000 0.74963000
0.13504000 0.27462000 0.90798000
0.17598000 0.40284000 0.97319000
0.04667000 0.28428000 0.91559000
0.17881000 0.29403000 0.78457000
0.14836000 0.39892000 0.79096000
0.24333000 0.46049000 0.93655000
0.08371000 0.33550000 0.84496000
0.21954000 0.41383000 0.86500000
0.20486000 0.35859000 0.90705000
0.17608000 0.45798000 0.89443000
0.00371000 0.47483000 0.73943000
0.17946000 0.31217000 0.96616000
0.02908000 0.29250000 0.82448000
0.10354000 0.38197000 0.96324000
0.03687000 0.37974000 0.68395000
0.04921000 0.39087000 0.81738000
0.11927000 0.49355000 0.80782000
0.08299000 0.43463000 0.76877000
0.02553000 0.45351000 0.87734000
0.16511000 0.30222000 0.70247000
0.06775000 0.49247000 0.92283000
0.20110000 0.25729000 0.86578000
0.00120000 0.34623000 0.92791000
0.08267000 0.48687000 0.68354000
0.04863000 0.58072000 0.09671000
0.20659000 0.65010000 0.05284000
0.21743000 0.54462000 0.02231000
0.23009000 0.73569000 0.26095000
0.11677000 0.69766000 0.14470000
0.05400000 0.72872000 0.31507000
0.13267000 0.57010000 0.06915000
0.19806000 0.50206000 0.08543000
0.19445000 0.65001000 0.14117000
0.18635000 0.73771000 0.15428000
0.03986000 0.51324000 0.29731000
0.15746000 0.64158000 0.21383000
0.10080000 0.59825000 0.27400000
0.15804000 0.54619000 0.14661000
0.08053000 0.56372000 0.19841000
0.09677000 0.63976000 0.10829000
0.22363000 0.55302000 0.16214000
0.03739000 0.58593000 0.32533000
0.20906000 0.59262000 0.26877000
0.10850000 0.65691000 0.31641000
0.23935000 0.51030000 0.28462000
0.04564000 0.67796000 0.07780000
0.02039000 0.53108000 0.21455000
0.14083000 0.67614000 0.00786000
0.05009000 0.72618000 0.14961000
0.19888000 0.72063000 0.03058000
0.15399000 0.54548000 0.26518000
0.04900000 0.66551000 0.20305000
0.15648000 0.69103000 0.28770000
0.06232000 0.50082000 0.12321000
0.05283000 0.60582000 0.01143000
0.24383000 0.69436000 0.16828000
0.21764000 0.70595000 0.32799000
0.13176000 0.74972000 0.22875000
0.05024000 0.70772000 0.62106000
0.11391000 0.69794000 0.40412000
0.00270000 0.63851000 0.64961000
0.11778000 0.73055000 0.64118000
0.20528000 0.59998000 0.48113000
0.02169000 0.67937000 0.38800000
0.18946000 0.72370000 0.62410000
0.08089000 0.74504000 0.47141000
0.14533000 0.61589000 0.36636000
0.06991000 0.65744000 0.50955000
0.14062000 0.65532000 0.64876000
0.14911000 0.55436000 0.61113000
0.04418000 0.59854000 0.41458000
0.13666000 0.60945000 0.49396000
0.04587000 0.57107000 0.65322000
0.22080000 0.53679000 0.62827000
0.18216000 0.59513000 0.56819000
0.22863000 0.57326000 0.37303000
0.23237000 0.70023000 0.54817000
0.15146000 0.73568000 0.49068000
0.08563000 0.58638000 0.57358000
0.16025000 0.73873000 0.36758000
0.15822000 0.67186000 0.48079000
0.00683000 0.65786000 0.56012000
0.08682000 0.53584000 0.37305000
0.20022000 0.60271000 0.66380000
0.11988000 0.63872000 0.56592000
0.04523000 0.54064000 0.52656000
0.01229000 0.50287000 0.65106000
0.21472000 0.69184000 0.42394000
0.21416000 0.54755000 0.43968000
0.10255000 0.55606000 0.47926000
0.00142000 0.74225000 0.42038000
0.00349000 0.55336000 0.45645000
0.12111000 0.55701000 0.94925000
0.06833000 0.62020000 0.84103000
0.23709000 0.56476000 0.82637000
0.11824000 0.52171000 0.73000000
0.16227000 0.74015000 0.94005000
0.10886000 0.73146000 0.98762000
0.13614000 0.63535000 0.76165000
0.21559000 0.65080000 0.82437000
0.05309000 0.69410000 0.93082000
0.14234000 0.69699000 0.80112000
0.05048000 0.50914000 0.77451000
0.18884000 0.53190000 0.72384000
0.02151000 0.56767000 0.74591000
0.13987000 0.58355000 0.70097000
0.03190000 0.55222000 0.88122000
0.15172000 0.68403000 0.90757000
0.24108000 0.73766000 0.78203000
0.24555000 0.71760000 0.85917000
0.11169000 0.64271000 0.95051000
0.20630000 0.59301000 0.74630000
0.23709000 0.53945000 0.91496000
0.09992000 0.55424000 0.81536000
0.17731000 0.58313000 0.92086000
0.10185000 0.73816000 0.74027000
0.21540000 0.61706000 0.97815000
0.04351000 0.70950000 0.79033000
0.19215000 0.67253000 0.74787000
0.22207000 0.66959000 0.92077000
0.01286000 0.60038000 0.94983000
0.06989000 0.52847000 0.99811000
0.00757000 0.67176000 0.99467000
0.20181000 0.80340000 0.16625000
0.06426000 0.96073000 0.16010000
0.01260000 0.84465000 0.15438000
0.12902000 0.87292000 0.23049000
0.19088000 0.88262000 0.02611000
0.05365000 0.94028000 0.28099000
0.13784000 0.79100000 0.31382000
0.15822000 0.98622000 0.11264000
0.18943000 0.96468000 0.04147000
0.10992000 0.85610000 0.12671000
0.18824000 0.90021000 0.20473000
0.05766000 0.92787000 0.06478000
0.01213000 0.78892000 0.21635000
0.00361000 0.81012000 0.07946000
0.18454000 0.81259000 0.07507000
0.00820000 0.80628000 0.00136000
0.00641000 0.96639000 0.10315000
0.03881000 0.89984000 0.19578000
0.16373000 0.92242000 0.10413000
0.06950000 0.78978000 0.12280000
0.18203000 0.95113000 0.31417000
0.04349000 0.84893000 0.26720000
0.12150000 0.94961000 0.23276000
0.20299000 0.79794000 0.26433000
0.09560000 0.81504000 0.21931000
0.13578000 0.86961000 0.32167000
0.13637000 0.75590000 0.08273000
0.24135000 0.93228000 0.24509000
0.12475000 0.92496000 0.02980000
0.01171000 0.95989000 0.21435000
0.24093000 0.86092000 0.24683000
0.06567000 0.99346000 0.09927000
0.05025000 0.75045000 0.04812000
0.13258000 0.91352000 0.54234000
0.08240000 0.96751000 0.61601000
0.21246000 0.90488000 0.52489000
0.04684000 0.86544000 0.59322000
0.17441000 0.90496000 0.40683000
0.03371000 0.90984000 0.50634000
0.16098000 0.80931000 0.56525000
0.02890000 0.90554000 0.65718000
0.24242000 0.86411000 0.63269000
0.17995000 0.77329000 0.43565000
0.06557000 0.89955000 0.41724000
0.11425000 0.80353000 0.61463000
0.04852000 0.99210000 0.48621000
0.04950000 0.80078000 0.49554000
0.05812000 0.78010000 0.36573000
0.09605000 0.89512000 0.66583000
0.10457000 0.84651000 0.52897000
0.23268000 0.95576000 0.46189000
0.17341000 0.84380000 0.48318000
0.17109000 0.96932000 0.56123000
0.01836000 0.96008000 0.36258000
0.23775000 0.82515000 0.38579000
0.19192000 0.87909000 0.59236000
0.17309000 0.81833000 0.66339000
0.11455000 0.80637000 0.39046000
0.06397000 0.88543000 0.33684000
0.22453000 0.81265000 0.59029000
0.00546000 0.82495000 0.65540000
0.19704000 0.76022000 0.54273000
0.19963000 0.87700000 0.33700000
0.06686000 0.78206000 0.66575000
0.11382000 0.75105000 0.55323000
0.00048000 0.76914000 0.62053000
0.22122000 0.77459000 0.89847000
0.19766000 0.89290000 0.75815000
0.15701000 0.92933000 0.68359000
0.22540000 0.83147000 0.85859000
0.10529000 0.98077000 0.98528000
0.13116000 0.94875000 0.90061000
0.10108000 0.78234000 0.92384000
0.21223000 0.93080000 0.85406000
0.12499000 0.99501000 0.83310000
0.01562000 0.98199000 0.79700000
0.16049000 0.83005000 0.86732000
0.05944000 0.86296000 0.72148000
0.15182000 0.77731000 0.72226000
0.17020000 0.97868000 0.74176000
0.17510000 0.86296000 0.94928000
0.18595000 0.96470000 0.94427000
0.10264000 0.94684000 0.77730000
0.10652000 0.88170000 0.84064000
0.24509000 0.94470000 0.72750000
0.06267000 0.88898000 0.92041000
0.13482000 0.84772000 0.73873000
0.23108000 0.76040000 0.69954000
0.08321000 0.80475000 0.81725000
0.04497000 0.91915000 0.84151000
0.23283000 0.83950000 0.71676000
0.17874000 0.76812000 0.81907000
0.02985000 0.77576000 0.92634000
0.07822000 0.99240000 0.90385000
0.00861000 0.86259000 0.82904000
0.02836000 0.97996000 0.98210000
0.19689000 0.79614000 0.98569000
0.24643000 0.83082000 0.94692000
0.01850000 0.75842000 0.83432000
0.10410000 0.82480000 0.99054000
0.01692000 0.76368000 0.73531000
0.14159000 0.99819000 0.67971000
0.40308000 0.07408000 0.16865000
0.47590000 0.00329000 0.29284000
0.45834000 0.13444000 0.14696000
0.42325000 0.24409000 0.26261000
0.39805000 0.21375000 0.18956000
0.30541000 0.10553000 0.11077000
0.30353000 0.11534000 0.21696000
0.30971000 0.22352000 0.01581000
0.27511000 0.04515000 0.02687000
0.36380000 0.14338000 0.10064000
0.28294000 0.12589000 0.30302000
0.25312000 0.06999000 0.17297000
0.37117000 0.24726000 0.12635000
0.33547000 0.07794000 0.02602000
0.40685000 0.11636000 0.04370000
0.31464000 0.02817000 0.14638000
0.36815000 0.05579000 0.25291000
0.31121000 0.20896000 0.14502000
0.46032000 0.18705000 0.08094000
0.26036000 0.16313000 0.03607000
0.39063000 0.12038000 0.26797000
0.29968000 0.03341000 0.22620000
0.45509000 0.18231000 0.19616000
0.33936000 0.17156000 0.21735000
0.40713000 0.05870000 0.09215000
0.46151000 0.10051000 0.23069000
0.28723000 0.21552000 0.30024000
0.25257000 0.17299000 0.12080000
0.37631000 0.18632000 0.03208000
0.25684000 0.06354000 0.31016000
0.39141000 0.03675000 0.01628000
0.35677000 0.02044000 0.32837000
0.47808000 0.01873000 0.20758000
0.40028000 0.01423000 0.19904000
0.32571000 0.14115000 0.02092000
0.47219000 0.23101000 0.01735000
0.32124000 0.00519000 0.00457000
0.42114000 0.09257000 0.55993000
0.38616000 0.04246000 0.59285000
0.47648000 0.08183000 0.35121000
0.33699000 0.02694000 0.46060000
0.49381000 0.02047000 0.37012000
0.36397000 0.22756000 0.46413000
0.32711000 0.15442000 0.48751000
0.28146000 0.19446000 0.38209000
0.46239000 0.14026000 0.52360000
0.26470000 0.05262000 0.60035000
0.25077000 0.02287000 0.47946000
0.33687000 0.05880000 0.63632000
0.37438000 0.18947000 0.54408000
0.30800000 0.07297000 0.51292000
0.39163000 0.04330000 0.42309000
0.29034000 0.10807000 0.42669000
0.47366000 0.20144000 0.38122000
0.46104000 0.23861000 0.47613000
0.34708000 0.10786000 0.57662000
0.25936000 0.15678000 0.53453000
0.30147000 0.21541000 0.53155000
0.45654000 0.16476000 0.44810000
0.35205000 0.13142000 0.66171000
0.39151000 0.20392000 0.33970000
0.37635000 0.11120000 0.41196000
0.48284000 0.09660000 0.44410000
0.34808000 0.18194000 0.41000000
0.41458000 0.03953000 0.49948000
0.40013000 0.22369000 0.61763000
0.49249000 0.06928000 0.59002000
0.33460000 0.13933000 0.34401000
0.35025000 0.01174000 0.53633000
0.48095000 0.18004000 0.58169000
0.45173000 0.24217000 0.55415000
0.29649000 0.21951000 0.65322000
0.49748000 0.12645000 0.65783000
0.25390000 0.05265000 0.39672000
0.41107000 0.19036000 0.83211000
0.35709000 0.19085000 0.68433000
0.25858000 0.04000000 0.87885000
0.43346000 0.17594000 0.98292000
0.33698000 0.06768000 0.75629000
0.42054000 0.10728000 0.95032000
0.29356000 0.15791000 0.77529000
0.36077000 0.13863000 0.74264000
0.44738000 0.03148000 0.90395000
0.42777000 0.02152000 0.69182000
0.33743000 0.15161000 0.92074000
0.42634000 0.13811000 0.73617000
0.28821000 0.11221000 0.89143000
0.27862000 0.16575000 0.95560000
0.41064000 0.22755000 0.70524000
0.45717000 0.21746000 0.87802000
0.40769000 0.03330000 0.82902000
0.34228000 0.05926000 0.84081000
0.34726000 0.20405000 0.84620000
0.49362000 0.14224000 0.94679000
0.26080000 0.22369000 0.76268000
0.38256000 0.22483000 0.95708000
0.29099000 0.24708000 0.89595000
0.44674000 0.06974000 0.76212000
0.36139000 0.05979000 0.93750000
0.26852000 0.07158000 0.75658000
0.49049000 0.05323000 0.67340000
0.47600000 0.24012000 0.74917000
0.40376000 0.12535000 0.87127000
0.46413000 0.18186000 0.68355000
0.47316000 0.15102000 0.85402000
0.48143000 0.07067000 0.98728000
0.25039000 0.19213000 0.89094000
0.38628000 0.42229000 0.27184000
0.45868000 0.31259000 0.21840000
0.37007000 0.47956000 0.14409000
0.26819000 0.39119000 0.18121000
0.27706000 0.29944000 0.00730000
0.48772000 0.30794000 0.12606000
0.30277000 0.26991000 0.20090000
0.28718000 0.46610000 0.15994000
0.45412000 0.39898000 0.16030000
0.37963000 0.38251000 0.17609000
0.43830000 0.26750000 0.07849000
0.28817000 0.34422000 0.06930000
0.39366000 0.34950000 0.30628000
0.26954000 0.39450000 0.30998000
0.43291000 0.39464000 0.05760000
0.42274000 0.33908000 0.10925000
0.26812000 0.26631000 0.07557000
0.34828000 0.31707000 0.14405000
0.37168000 0.27971000 0.23070000
0.32796000 0.37003000 0.26235000
0.28529000 0.41788000 0.08302000
0.44742000 0.38221000 0.23943000
0.33678000 0.28800000 0.06817000
0.45442000 0.31391000 0.32709000
0.35182000 0.38527000 0.09601000
0.39451000 0.30977000 0.03597000
0.28590000 0.43219000 0.24320000
0.41733000 0.46574000 0.03463000
0.41848000 0.45266000 0.18517000
0.34290000 0.46223000 0.07124000
0.49233000 0.45009000 0.26890000
0.26889000 0.31712000 0.28527000
0.48292000 0.25718000 0.19002000
0.44237000 0.49642000 0.25317000
0.47669000 0.46045000 0.13325000
0.47640000 0.31192000 0.00259000
0.34550000 0.25608000 0.31165000
0.25109000 0.48376000 0.03539000
0.49975000 0.38817000 0.29684000
0.40494000 0.26858000 0.34735000
0.25440000 0.47410000 0.44391000
0.47087000 0.36512000 0.37021000
0.32793000 0.49672000 0.44910000
0.35393000 0.32208000 0.43037000
0.46726000 0.47168000 0.43118000
0.49046000 0.30519000 0.51113000
0.42073000 0.28177000 0.44041000
0.33377000 0.32806000 0.62448000
0.39520000 0.33437000 0.56256000
0.43757000 0.43759000 0.52251000
0.41571000 0.46073000 0.62055000
0.47806000 0.48278000 0.56565000
0.46701000 0.28517000 0.63070000
0.39531000 0.43618000 0.43433000
0.26092000 0.34962000 0.62069000
0.33180000 0.27518000 0.57136000
0.45113000 0.35060000 0.44179000
0.38754000 0.27704000 0.52804000
0.29141000 0.44370000 0.38461000
0.30042000 0.38492000 0.46893000
0.37393000 0.36562000 0.48939000
0.32196000 0.42073000 0.55079000
0.36705000 0.45424000 0.50224000
0.33341000 0.36951000 0.36159000
0.42004000 0.38940000 0.60103000
0.31597000 0.40095000 0.63142000
0.40712000 0.41632000 0.35203000
0.26329000 0.26721000 0.47152000
0.29332000 0.46843000 0.52279000
0.26957000 0.32783000 0.40709000
0.34999000 0.44787000 0.33991000
0.49821000 0.41360000 0.44739000
0.46069000 0.46474000 0.33525000
0.45475000 0.48181000 0.70895000
0.26035000 0.30348000 0.87546000
0.34695000 0.31529000 0.96284000
0.36661000 0.48373000 0.79922000
0.26971000 0.37398000 0.80082000
0.27511000 0.34351000 0.93653000
0.32249000 0.47600000 0.95158000
0.28345000 0.39333000 0.70981000
0.38198000 0.37223000 0.79078000
0.38845000 0.32016000 0.89519000
0.32208000 0.36207000 0.87140000
0.41054000 0.41360000 0.84690000
0.44238000 0.48927000 0.80714000
0.44721000 0.41275000 0.77149000
0.47876000 0.38302000 0.84379000
0.43009000 0.46521000 0.93331000
0.36258000 0.37974000 0.99520000
0.35321000 0.26672000 0.74724000
0.29817000 0.46347000 0.67779000
0.45970000 0.39180000 0.96498000
0.40940000 0.31408000 0.80143000
0.37365000 0.41138000 0.90986000
0.32412000 0.42785000 0.78583000
0.32719000 0.27557000 0.83582000
0.37933000 0.30511000 0.67603000
0.44928000 0.27452000 0.94189000
0.28955000 0.42803000 0.87668000
0.40367000 0.42052000 0.69796000
0.43717000 0.25779000 0.81252000
0.28479000 0.31298000 0.68885000
0.47459000 0.33393000 0.90190000
0.27262000 0.30275000 0.76819000
0.29103000 0.40937000 0.97724000
0.35052000 0.36318000 0.69835000
0.49488000 0.36261000 0.75098000
0.46931000 0.49383000 0.99849000
0.25266000 0.48772000 0.81000000
0.46326000 0.34991000 0.66674000
0.29260000 0.62213000 0.19598000
0.27313000 0.55506000 0.22826000
0.32509000 0.52087000 0.20493000
0.49721000 0.66422000 0.17083000
0.41174000 0.69795000 0.06963000
0.35715000 0.60354000 0.13320000
0.32908000 0.60054000 0.05377000
0.43817000 0.65753000 0.23700000
0.29013000 0.69019000 0.09915000
0.33949000 0.68081000 0.25071000
0.29046000 0.51626000 0.10033000
0.48125000 0.60405000 0.21922000
0.39407000 0.71267000 0.32523000
0.43793000 0.61536000 0.15344000
0.44842000 0.57958000 0.05231000
0.28670000 0.58391000 0.12217000
0.35431000 0.65980000 0.07412000
0.26003000 0.62675000 0.31920000
0.33270000 0.62292000 0.29682000
0.47996000 0.52981000 0.10754000
0.47994000 0.74718000 0.09127000
0.43345000 0.70074000 0.14598000
0.33511000 0.74005000 0.09545000
0.25974000 0.66652000 0.25203000
0.49675000 0.63387000 0.05400000
0.38232000 0.52842000 0.07050000
0.29260000 0.73160000 0.21298000
0.36265000 0.56753000 0.26929000
0.37516000 0.66309000 0.18465000
0.47474000 0.72743000 0.32296000
0.38566000 0.55826000 0.19812000
0.30965000 0.68492000 0.01148000
0.31874000 0.52369000 0.02033000
0.35050000 0.50528000 0.30446000
0.36145000 0.57667000 0.40850000
0.36653000 0.64448000 0.48418000
0.48943000 0.71645000 0.64991000
0.35022000 0.58156000 0.56708000
0.44669000 0.57679000 0.62738000
0.41323000 0.64759000 0.35415000
0.32985000 0.66124000 0.55886000
0.27053000 0.63172000 0.50184000
0.38933000 0.73656000 0.64156000
0.30510000 0.55560000 0.35700000
0.27842000 0.73167000 0.44925000
0.44118000 0.64758000 0.48635000
0.32214000 0.56569000 0.48104000
0.27061000 0.63484000 0.41033000
0.27835000 0.58143000 0.58253000
0.36473000 0.72318000 0.48189000
0.47999000 0.58532000 0.34441000
0.28725000 0.52334000 0.63515000
0.39691000 0.52952000 0.60910000
0.45150000 0.67058000 0.56239000
0.35634000 0.64369000 0.40489000
0.40247000 0.72960000 0.55137000
0.46639000 0.55124000 0.45648000
0.44085000 0.67250000 0.65814000
0.37869000 0.52638000 0.51762000
0.47746000 0.72824000 0.41142000
0.44813000 0.70834000 0.49459000
0.46240000 0.52432000 0.37566000
0.30825000 0.69117000 0.34493000
0.40681000 0.51158000 0.43260000
0.34865000 0.62201000 0.63102000
0.26764000 0.65240000 0.62479000
0.28101000 0.71597000 0.65087000
0.39455000 0.74429000 0.40236000
0.41650000 0.57134000 0.34442000
0.50000000 0.64432000 0.44161000
0.31719000 0.65207000 0.92221000
0.34577000 0.69497000 0.68638000
0.39679000 0.58996000 0.79427000
0.42707000 0.66199000 0.85350000
0.33877000 0.69320000 0.79040000
0.31617000 0.59176000 0.72759000
0.25538000 0.64015000 0.70665000
0.35507000 0.51439000 0.70115000
0.38506000 0.69872000 0.97672000
0.36420000 0.74323000 0.90457000
0.39680000 0.56518000 0.94670000
0.47848000 0.53665000 0.85365000
0.45951000 0.65991000 0.94861000
0.41588000 0.72533000 0.77086000
0.26478000 0.70857000 0.94432000
0.42295000 0.61559000 0.98549000
0.31047000 0.57380000 0.82283000
0.42553000 0.64025000 0.72367000
0.47440000 0.58738000 0.72107000
0.35880000 0.63391000 0.75014000
0.26437000 0.61589000 0.87153000
0.37581000 0.50737000 0.99109000
0.35974000 0.64516000 0.86505000
0.44150000 0.58766000 0.88082000
0.46603000 0.61827000 0.79201000
0.27831000 0.62403000 0.78732000
0.41872000 0.54023000 0.74223000
0.37753000 0.56953000 0.86836000
0.30900000 0.53118000 0.75294000
0.35184000 0.51287000 0.87868000
0.46117000 0.73942000 0.87824000
0.30523000 0.73481000 0.73171000
0.48987000 0.67930000 0.73126000
0.34915000 0.61334000 0.97534000
0.48745000 0.74870000 0.77777000
0.30348000 0.74885000 0.82135000
0.49904000 0.67156000 0.86976000
0.28262000 0.57464000 0.99996000
0.27592000 0.76887000 0.09227000
0.25119000 0.98142000 0.19310000
0.31339000 0.89962000 0.04557000
0.47990000 0.90425000 0.01105000
0.38996000 0.84536000 0.19216000
0.43314000 0.91643000 0.24880000
0.30859000 0.76238000 0.30575000
0.28550000 0.95925000 0.11158000
0.36154000 0.82639000 0.31440000
0.32090000 0.77756000 0.02019000
0.43763000 0.75152000 0.01862000
0.27302000 0.80337000 0.18901000
0.44104000 0.94448000 0.04593000
0.46613000 0.79566000 0.14972000
0.35593000 0.95472000 0.17985000
0.29998000 0.96620000 0.24654000
0.40955000 0.99200000 0.09898000
0.34681000 0.95145000 0.06444000
0.43771000 0.81631000 0.23559000
0.43248000 0.88734000 0.15195000
0.33975000 0.85799000 0.24083000
0.45589000 0.82140000 0.00288000
0.43641000 0.84473000 0.08415000
0.26218000 0.89093000 0.12782000
0.34013000 0.85828000 0.11036000
0.32882000 0.77519000 0.16346000
0.29239000 0.85126000 0.30683000
0.36316000 0.83369000 0.03095000
0.33488000 0.91173000 0.30281000
0.40168000 0.76059000 0.17067000
0.38218000 0.78318000 0.07115000
0.40476000 0.88913000 0.01816000
0.37418000 0.75104000 0.25837000
0.26074000 0.91318000 0.32271000
0.28805000 0.83536000 0.05775000
0.46155000 0.75114000 0.20837000
0.41348000 0.98173000 0.61495000
0.49745000 0.98445000 0.45514000
0.28474000 0.78199000 0.50264000
0.38642000 0.85520000 0.41077000
0.40102000 0.95445000 0.43624000
0.28908000 0.93799000 0.53488000
0.46024000 0.92230000 0.45188000
0.42584000 0.86234000 0.49606000
0.44475000 0.91725000 0.60747000
0.38480000 0.87559000 0.61254000
0.30463000 0.93752000 0.45628000
0.36409000 0.79345000 0.50876000
0.29104000 0.77387000 0.38959000
0.27464000 0.94113000 0.63851000
0.29568000 0.76644000 0.59001000
0.41427000 0.81046000 0.61487000
0.30793000 0.89140000 0.61320000
0.32044000 0.87144000 0.43557000
0.40033000 0.94633000 0.53009000
0.25698000 0.83796000 0.47692000
0.29578000 0.84473000 0.54619000
0.44220000 0.79203000 0.35599000
0.41876000 0.98582000 0.35092000
0.25670000 0.98236000 0.37898000
0.33434000 0.97688000 0.63092000
0.35323000 0.85804000 0.50407000
0.46654000 0.80669000 0.46991000
0.47378000 0.85278000 0.35272000
0.47618000 0.77144000 0.54670000
0.49251000 0.96446000 0.63309000
0.43217000 0.90213000 0.33691000
0.25129000 0.98087000 0.57167000
0.36389000 0.86552000 0.80771000
0.38837000 0.78345000 0.73712000
0.32902000 0.87621000 0.72935000
0.31402000 0.81350000 0.83896000
0.48863000 0.98177000 0.84423000
0.47683000 0.97752000 0.71089000
0.45526000 0.77424000 0.94011000
0.39491000 0.97597000 0.99260000
0.35472000 0.92343000 0.85243000
0.34842000 0.99928000 0.92628000
0.35863000 0.91872000 0.93876000
0.31905000 0.99550000 0.85189000
0.26482000 0.84493000 0.79661000
0.43648000 0.87501000 0.94954000
0.43441000 0.94800000 0.91335000
0.32032000 0.80836000 0.76414000
0.30455000 0.83852000 0.67209000
0.46262000 0.90579000 0.82352000
0.37387000 0.93310000 0.70273000
0.41574000 0.83376000 0.69476000
0.38174000 0.79950000 0.81475000
0.25183000 0.97872000 0.83890000
0.41618000 0.87060000 0.86485000
0.30112000 0.99675000 0.72203000
0.46529000 0.84739000 0.77314000
0.42832000 0.96715000 0.80822000
0.30099000 0.88709000 0.95794000
0.47616000 0.85923000 0.68016000
0.27470000 0.87647000 0.87886000
0.25809000 0.94512000 0.91907000
0.25067000 0.92843000 0.99885000
0.52169000 0.04992000 0.15000000
0.52564000 0.16867000 0.16801000
0.56866000 0.12840000 0.21486000
0.55775000 0.24140000 0.01547000
0.64932000 0.12846000 0.14730000
0.66093000 0.20492000 0.05677000
0.69109000 0.23006000 0.18311000
0.59853000 0.23524000 0.11993000
0.62517000 0.18808000 0.18588000
0.73310000 0.15537000 0.26571000
0.56499000 0.04406000 0.22319000
0.51276000 0.17483000 0.26122000
0.66940000 0.07248000 0.21250000
0.56552000 0.04500000 0.08542000
0.65436000 0.03487000 0.12980000
0.57721000 0.07610000 0.31295000
0.71690000 0.04455000 0.29307000
0.51809000 0.09152000 0.07463000
0.52455000 0.15819000 0.04308000
0.71985000 0.17220000 0.07239000
0.63453000 0.12335000 0.00573000
0.67400000 0.08597000 0.08612000
0.57167000 0.18641000 0.32145000
0.57249000 0.11508000 0.11966000
0.69532000 0.21689000 0.28827000
0.52227000 0.23583000 0.30491000
0.72438000 0.00629000 0.22827000
0.57984000 0.24462000 0.20986000
0.74869000 0.04032000 0.15217000
0.57452000 0.00002000 0.01367000
0.74341000 0.20657000 0.54237000
0.58995000 0.24264000 0.52354000
0.55918000 0.08088000 0.60170000
0.52971000 0.18010000 0.50057000
0.64555000 0.18320000 0.34419000
0.61919000 0.05247000 0.63087000
0.56466000 0.00558000 0.34915000
0.60201000 0.20487000 0.44847000
0.64009000 0.05105000 0.53946000
0.55266000 0.16315000 0.62779000
0.55813000 0.04995000 0.42797000
0.64016000 0.04415000 0.44143000
0.60923000 0.12383000 0.59294000
0.58873000 0.13027000 0.50737000
0.68144000 0.18935000 0.47743000
0.70736000 0.05903000 0.57274000
0.56791000 0.12659000 0.39665000
0.74615000 0.00233000 0.35524000
0.67437000 0.11978000 0.35004000
0.53686000 0.06687000 0.51501000
0.69395000 0.12221000 0.51884000
0.70394000 0.23755000 0.60336000
0.64257000 0.05843000 0.36234000
0.69607000 0.16680000 0.58662000
0.70850000 0.24813000 0.40978000
0.64044000 0.12322000 0.45413000
0.59907000 0.18249000 0.55703000
0.54010000 0.19024000 0.40371000
0.50616000 0.00993000 0.55992000
0.73167000 0.09310000 0.42420000
0.74733000 0.11727000 0.34203000
0.60772000 0.24312000 0.33955000
0.74909000 0.20550000 0.37881000
0.61250000 0.11464000 0.70296000
0.53416000 0.18688000 0.75104000
0.60949000 0.06913000 0.98043000
0.57874000 0.05140000 0.71063000
0.61799000 0.16563000 0.86452000
0.67510000 0.03877000 0.95377000
0.74025000 0.12097000 0.78061000
0.59918000 0.19618000 0.94017000
0.57476000 0.03623000 0.81772000
0.69816000 0.11397000 0.99323000
0.53164000 0.04701000 0.91204000
0.69686000 0.06475000 0.89240000
0.65302000 0.11668000 0.91955000
0.64376000 0.12714000 0.80005000
0.52217000 0.19316000 0.82630000
0.69565000 0.18471000 0.76926000
0.53059000 0.10906000 0.83579000
0.60328000 0.08932000 0.84829000
0.64504000 0.19605000 0.71398000
0.55964000 0.12360000 0.97848000
0.51771000 0.02627000 0.74621000
0.66449000 0.05473000 0.74492000
0.69604000 0.17152000 0.87955000
0.54059000 0.11493000 0.72179000
0.57832000 0.14675000 0.79547000
0.73450000 0.21982000 0.84538000
0.65232000 0.22138000 0.86622000
0.67858000 0.00431000 0.83866000
0.71806000 0.09871000 0.68969000
0.70739000 0.21620000 0.94005000
0.56927000 0.21541000 0.69120000
0.72704000 0.01698000 0.68174000
0.67142000 0.14756000 0.66704000
0.64074000 0.40264000 0.24903000
0.70115000 0.37534000 0.05311000
0.63546000 0.37534000 0.08451000
0.51407000 0.34409000 0.23358000
0.62647000 0.46673000 0.04864000
0.59159000 0.34500000 0.02790000
0.70563000 0.33481000 0.12318000
0.56622000 0.47348000 0.27542000
0.59970000 0.31582000 0.09378000
0.58436000 0.41069000 0.03960000
0.59293000 0.33744000 0.27605000
0.72522000 0.42840000 0.17106000
0.53583000 0.32633000 0.06098000
0.65666000 0.48287000 0.32329000
0.60579000 0.43260000 0.19277000
0.71868000 0.29647000 0.20926000
0.67662000 0.43463000 0.09289000
0.51257000 0.49270000 0.18716000
0.51866000 0.43821000 0.01887000
0.62555000 0.37076000 0.16106000
0.72980000 0.27775000 0.10899000
0.58471000 0.30217000 0.17377000
0.56882000 0.38891000 0.32229000
0.66034000 0.30640000 0.26925000
0.71553000 0.41442000 0.27519000
0.70694000 0.30719000 0.02931000
0.55471000 0.38536000 0.17637000
0.62598000 0.26769000 0.04921000
0.53284000 0.25515000 0.09186000
0.67351000 0.45599000 0.20850000
0.65904000 0.27864000 0.14550000
0.73521000 0.26722000 0.32647000
0.56169000 0.36416000 0.45083000
0.66824000 0.48570000 0.63659000
0.62541000 0.32967000 0.57145000
0.71165000 0.36255000 0.51401000
0.64429000 0.29142000 0.50431000
0.55206000 0.44323000 0.38050000
0.73419000 0.45930000 0.62518000
0.50944000 0.29744000 0.39251000
0.73065000 0.42461000 0.55727000
0.55151000 0.32741000 0.66384000
0.60201000 0.39005000 0.52639000
0.74311000 0.42840000 0.46373000
0.62482000 0.43088000 0.61408000
0.56539000 0.44698000 0.49244000
0.51474000 0.42134000 0.62788000
0.63282000 0.38491000 0.42967000
0.65684000 0.45439000 0.52285000
0.73296000 0.35115000 0.43734000
0.66949000 0.38045000 0.59236000
0.66874000 0.32199000 0.64069000
0.52293000 0.36989000 0.56278000
0.65416000 0.28491000 0.36393000
0.70516000 0.33835000 0.36279000
0.54943000 0.28008000 0.56857000
0.62986000 0.45287000 0.41087000
0.64002000 0.36882000 0.34376000
0.56531000 0.29444000 0.47185000
0.71418000 0.43630000 0.34766000
0.69710000 0.30057000 0.56179000
0.58315000 0.31696000 0.34999000
0.74616000 0.34706000 0.59131000
0.71955000 0.49780000 0.41021000
0.74780000 0.28158000 0.47628000
0.56563000 0.25056000 0.40573000
0.73880000 0.46562000 0.95634000
0.50778000 0.47348000 0.84801000
0.74428000 0.29027000 0.83928000
0.56181000 0.42839000 0.81392000
0.72629000 0.34640000 0.68355000
0.57661000 0.48988000 0.92698000
0.73413000 0.28024000 0.91720000
0.69231000 0.36871000 0.75127000
0.61940000 0.34959000 0.84585000
0.61573000 0.40705000 0.96612000
0.59893000 0.40981000 0.69771000
0.70795000 0.43447000 0.88217000
0.71380000 0.27703000 0.69371000
0.61067000 0.33897000 0.95164000
0.54831000 0.37651000 0.85638000
0.51952000 0.35556000 0.98993000
0.61216000 0.41536000 0.87044000
0.53462000 0.28637000 0.90998000
0.62555000 0.40395000 0.77988000
0.63844000 0.30840000 0.71646000
0.63926000 0.46557000 0.73503000
0.67251000 0.44262000 0.97977000
0.52489000 0.28565000 0.82282000
0.65201000 0.46701000 0.86193000
0.62366000 0.26762000 0.80745000
0.68096000 0.31808000 0.81472000
0.74093000 0.44512000 0.74647000
0.51472000 0.27107000 0.68832000
0.58618000 0.35111000 0.72751000
0.66405000 0.39681000 0.68852000
0.50287000 0.42132000 0.70845000
0.66086000 0.35432000 0.99297000
0.50217000 0.44790000 0.93564000
0.62879000 0.54037000 0.04351000
0.59522000 0.60262000 0.15180000
0.66047000 0.72118000 0.28736000
0.63027000 0.51296000 0.22267000
0.73424000 0.68959000 0.14003000
0.73427000 0.54275000 0.22614000
0.57946000 0.68652000 0.13276000
0.61453000 0.68409000 0.05736000
0.53511000 0.70915000 0.22965000
0.55781000 0.53767000 0.04018000
0.59999000 0.55682000 0.30260000
0.62088000 0.52237000 0.13456000
0.71892000 0.62472000 0.03223000
0.55478000 0.60376000 0.21899000
0.67123000 0.56291000 0.16715000
0.68300000 0.67745000 0.07253000
0.66702000 0.63299000 0.23699000
0.64925000 0.62693000 0.10571000
0.65216000 0.73615000 0.19695000
0.53208000 0.74166000 0.15218000
0.71660000 0.62938000 0.16012000
0.64698000 0.73314000 0.11721000
0.53662000 0.70296000 0.06714000
0.52664000 0.60360000 0.29545000
0.53777000 0.58240000 0.11777000
0.51224000 0.53267000 0.29810000
0.60738000 0.69784000 0.23779000
0.72014000 0.57423000 0.11329000
0.73632000 0.66076000 0.25707000
0.69665000 0.53195000 0.04506000
0.73543000 0.73808000 0.06669000
0.72675000 0.52123000 0.32581000
0.56237000 0.61353000 0.02888000
0.72991000 0.69677000 0.32576000
0.65830000 0.74776000 0.00406000
0.50764000 0.67218000 0.32191000
0.68769000 0.50068000 0.12039000
0.56507000 0.59783000 0.63183000
0.54820000 0.53356000 0.47654000
0.57484000 0.50599000 0.65329000
0.66415000 0.64574000 0.41420000
0.51643000 0.71137000 0.56277000
0.66389000 0.58059000 0.47396000
0.57712000 0.59309000 0.37593000
0.51429000 0.64877000 0.64025000
0.74819000 0.73439000 0.43526000
0.53454000 0.63165000 0.55635000
0.65859000 0.73815000 0.42846000
0.59293000 0.68005000 0.34620000
0.56062000 0.66574000 0.49640000
0.61555000 0.69705000 0.53339000
0.70174000 0.62926000 0.62581000
0.63404000 0.64117000 0.57091000
0.64555000 0.51767000 0.40854000
0.56937000 0.50930000 0.35312000
0.68996000 0.69331000 0.54100000
0.56482000 0.53220000 0.57105000
0.73940000 0.58980000 0.36150000
0.56869000 0.73404000 0.61540000
0.71754000 0.59898000 0.52225000
0.66495000 0.56199000 0.60565000
0.62754000 0.53670000 0.52799000
0.50568000 0.51277000 0.66575000
0.50873000 0.57622000 0.52095000
0.73911000 0.51019000 0.54524000
0.64192000 0.71900000 0.60035000
0.61508000 0.65113000 0.65497000
0.65831000 0.59280000 0.33896000
0.55749000 0.74500000 0.50891000
0.70878000 0.51292000 0.84362000
0.51130000 0.70501000 0.99315000
0.55432000 0.70773000 0.92811000
0.50576000 0.60965000 0.91814000
0.69430000 0.68395000 0.96616000
0.61268000 0.56253000 0.77384000
0.58498000 0.65535000 0.74995000
0.73741000 0.52615000 0.93505000
0.52301000 0.53315000 0.79037000
0.51768000 0.52192000 0.95037000
0.55534000 0.70094000 0.68630000
0.57462000 0.51937000 0.84384000
0.70534000 0.69692000 0.89046000
0.57849000 0.59652000 0.89115000
0.55157000 0.73694000 0.85150000
0.67767000 0.69152000 0.76658000
0.74605000 0.65618000 0.69897000
0.64253000 0.62758000 0.77871000
0.70716000 0.55989000 0.71118000
0.61086000 0.70607000 0.96366000
0.65910000 0.73397000 0.84886000
0.61770000 0.65195000 0.88824000
0.53717000 0.62608000 0.83949000
0.67012000 0.69605000 0.67192000
0.70225000 0.60770000 0.82759000
0.61336000 0.58926000 0.97731000
0.63895000 0.54366000 0.68486000
0.64368000 0.51174000 0.92036000
0.50247000 0.57606000 0.99822000
0.73746000 0.72333000 0.66680000
0.71298000 0.98135000 0.12833000
0.60220000 0.98981000 0.16214000
0.64243000 0.80026000 0.06964000
0.74631000 0.91958000 0.08554000
0.56392000 0.95635000 0.29880000
0.56516000 0.76365000 0.26388000
0.54914000 0.85841000 0.17293000
0.50380000 0.95391000 0.16293000
0.68103000 0.93189000 0.03281000
0.57073000 0.93475000 0.06279000
0.64853000 0.85241000 0.01407000
0.68291000 0.89553000 0.28792000
0.73688000 0.80476000 0.24975000
0.60915000 0.88257000 0.23459000
0.53609000 0.82862000 0.08507000
0.51304000 0.80406000 0.23439000
0.56602000 0.94094000 0.20696000
0.54045000 0.86107000 0.25739000
0.58375000 0.78089000 0.12768000
0.51469000 0.89687000 0.11995000
0.71247000 0.90541000 0.19112000
0.73442000 0.84651000 0.09281000
0.60533000 0.80514000 0.21478000
0.67891000 0.82504000 0.19530000
0.61706000 0.90665000 0.31229000
0.70843000 0.76868000 0.15615000
0.71877000 0.76235000 0.32411000
0.62772000 0.88661000 0.10944000
0.59281000 0.75112000 0.02279000
0.65971000 0.94459000 0.13245000
0.65937000 0.98787000 0.06833000
0.64076000 0.83796000 0.31786000
0.65490000 0.99417000 0.24934000
0.74929000 0.86609000 0.29332000
0.50395000 0.98480000 0.00960000
0.50598000 0.93102000 0.28770000
0.51822000 0.78020000 0.33234000
0.50003000 0.99873000 0.10325000
0.57756000 0.75861000 0.43161000
0.58868000 0.81551000 0.47430000
0.63475000 0.97917000 0.51091000
0.66501000 0.78998000 0.60452000
0.71950000 0.85806000 0.58519000
0.70564000 0.93704000 0.52518000
0.52871000 0.86117000 0.49022000
0.69797000 0.95235000 0.61573000
0.56861000 0.97166000 0.45681000
0.63910000 0.96296000 0.34977000
0.52158000 0.94836000 0.39060000
0.52507000 0.93491000 0.51817000
0.60451000 0.86587000 0.57841000
0.65576000 0.84871000 0.47215000
0.52117000 0.81936000 0.42317000
0.57881000 0.94802000 0.61409000
0.60760000 0.91371000 0.47657000
0.56901000 0.79968000 0.58546000
0.72022000 0.93637000 0.34286000
0.66448000 0.95081000 0.42885000
0.59652000 0.85078000 0.37494000
0.65698000 0.76749000 0.34565000
0.72256000 0.86413000 0.44442000
0.53088000 0.90779000 0.60855000
0.69611000 0.84073000 0.65103000
0.63468000 0.87462000 0.65941000
0.52913000 0.83756000 0.63358000
0.53778000 0.88429000 0.39417000
0.73918000 0.83017000 0.37423000
0.61891000 0.99900000 0.58330000
0.73123000 0.99903000 0.48505000
0.54640000 0.80613000 0.98496000
0.65873000 0.95236000 0.88284000
0.53628000 0.86119000 0.77755000
0.62241000 0.91159000 0.96726000
0.73843000 0.94697000 0.99400000
0.63343000 0.77718000 0.70227000
0.65917000 0.88108000 0.90932000
0.66318000 0.93727000 0.73533000
0.59686000 0.85475000 0.87053000
0.56794000 0.80137000 0.71581000
0.72825000 0.91559000 0.70944000
0.60904000 0.82757000 0.94517000
0.61734000 0.78582000 0.83280000
0.74279000 0.83225000 0.99506000
0.64105000 0.98512000 0.95669000
0.63661000 0.90700000 0.80032000
0.71735000 0.84634000 0.74375000
0.70362000 0.82068000 0.82943000
0.58210000 0.94756000 0.77351000
0.63949000 0.84109000 0.75830000
0.74287000 0.89712000 0.79551000
0.68675000 0.80191000 0.90520000
0.71767000 0.91592000 0.92184000
0.51653000 0.87198000 0.89917000
0.61666000 0.97985000 0.70285000
0.70598000 0.95915000 0.79435000
0.56601000 0.91434000 0.84490000
0.51892000 0.90912000 0.70518000
0.51429000 0.94271000 0.93097000
0.72676000 0.75525000 0.86539000
0.58930000 0.96505000 0.90113000
0.56293000 0.75916000 0.77878000
0.54591000 0.91185000 0.97906000
0.70279000 0.77637000 0.74763000
0.59731000 0.75739000 0.91466000
0.74662000 0.96401000 0.86738000
0.50886000 0.77632000 0.67753000
0.54044000 0.99240000 0.67312000
0.50747000 0.80615000 0.86530000
0.77107000 0.22063000 0.06313000
0.83197000 0.03762000 0.31935000
0.94647000 0.04103000 0.20353000
0.86679000 0.03430000 0.13930000
0.81400000 0.12661000 0.08482000
0.87585000 0.20038000 0.08174000
0.90839000 0.10762000 0.03034000
0.90747000 0.08541000 0.25131000
0.85146000 0.07213000 0.06554000
0.92388000 0.21816000 0.26408000
0.86899000 0.16383000 0.01659000
0.84003000 0.15899000 0.20012000
0.94831000 0.17149000 0.06145000
0.76623000 0.08542000 0.26849000
0.99599000 0.10366000 0.03822000
0.90056000 0.15365000 0.25211000
0.93078000 0.01116000 0.05565000
0.85762000 0.10318000 0.14633000
0.75935000 0.24493000 0.23167000
0.81390000 0.22274000 0.29799000
0.81910000 0.09708000 0.21893000
0.76371000 0.10389000 0.15734000
0.97968000 0.10393000 0.22182000
0.88117000 0.22354000 0.20341000
0.77358000 0.17402000 0.18630000
0.96728000 0.20765000 0.17524000
0.84382000 0.00615000 0.22955000
0.80039000 0.00793000 0.11995000
0.78978000 0.05657000 0.00203000
0.96085000 0.16457000 0.65443000
0.96748000 0.00881000 0.46308000
0.80324000 0.10020000 0.47663000
0.82956000 0.15282000 0.35793000
0.80537000 0.07500000 0.39524000
0.91193000 0.00666000 0.63884000
0.93111000 0.21081000 0.34231000
0.84638000 0.08840000 0.57215000
0.93908000 0.09661000 0.38061000
0.81510000 0.02409000 0.49359000
0.89229000 0.11557000 0.62955000
0.91770000 0.19167000 0.54110000
0.87731000 0.07115000 0.49290000
0.78741000 0.14081000 0.60377000
0.93813000 0.09845000 0.51817000
0.95179000 0.05187000 0.58134000
0.99811000 0.14264000 0.58238000
0.82148000 0.24639000 0.38234000
0.84406000 0.07005000 0.65684000
0.97728000 0.13588000 0.43269000
0.82166000 0.20301000 0.60162000
0.76285000 0.10164000 0.54051000
0.89034000 0.02163000 0.42442000
0.88914000 0.22611000 0.40061000
0.85539000 0.23189000 0.50625000
0.97532000 0.24777000 0.57040000
0.89194000 0.13886000 0.44180000
0.83976000 0.16337000 0.48583000
0.89149000 0.01976000 0.55185000
0.97933000 0.14440000 0.34314000
0.77767000 0.18673000 0.46963000
0.97652000 0.07233000 0.46919000
0.76099000 0.06509000 0.63558000
0.77204000 0.18838000 0.66587000
0.93618000 0.03992000 0.33482000
0.89210000 0.14657000 0.33747000
0.92398000 0.12900000 0.71774000
0.89396000 0.16125000 0.91577000
0.95803000 0.03333000 0.93845000
0.92117000 0.04706000 0.86109000
0.85913000 0.07170000 0.75011000
0.84350000 0.24289000 0.96691000
0.75879000 0.03512000 0.75365000
0.80425000 0.05761000 0.86631000
0.99685000 0.13443000 0.91294000
0.90688000 0.21227000 0.85850000
0.98980000 0.07686000 0.86902000
0.83180000 0.24471000 0.72160000
0.97149000 0.10730000 0.78784000
0.91544000 0.14008000 0.83498000
0.81385000 0.17099000 0.78743000
0.86759000 0.09848000 0.84539000
0.83410000 0.16153000 0.87376000
0.87300000 0.17967000 0.73565000
0.95343000 0.09677000 0.96539000
0.97250000 0.04469000 0.79271000
0.79687000 0.09237000 0.73836000
0.95592000 0.18034000 0.94632000
0.87782000 0.09504000 0.92214000
0.91894000 0.22526000 0.67312000
0.84065000 0.00686000 0.68271000
0.87556000 0.01919000 0.95507000
0.95237000 0.07293000 0.67098000
0.97929000 0.20962000 0.75987000
0.77351000 0.10626000 0.90767000
0.76810000 0.02271000 0.91643000
0.82985000 0.22570000 0.84646000
0.77744000 0.22806000 0.96168000
0.76281000 0.15415000 0.84470000
0.97192000 0.24261000 0.91926000
0.99787000 0.12979000 0.70697000
0.97483000 0.24938000 0.82867000
0.82794000 0.14610000 0.67086000
0.95913000 0.36405000 0.27110000
0.97725000 0.26614000 0.05268000
0.84907000 0.49574000 0.28338000
0.81950000 0.34079000 0.25016000
0.86183000 0.46968000 0.06847000
0.75350000 0.34240000 0.30330000
0.89544000 0.38038000 0.13493000
0.94618000 0.30326000 0.21631000
0.98523000 0.46026000 0.12502000
0.93521000 0.27077000 0.12833000
0.91595000 0.47954000 0.30649000
0.81811000 0.26676000 0.23958000
0.92976000 0.47649000 0.04762000
0.75091000 0.49330000 0.16389000
0.86692000 0.38649000 0.27158000
0.84311000 0.31750000 0.17411000
0.77970000 0.34390000 0.17899000
0.87919000 0.30960000 0.10911000
0.86272000 0.32488000 0.31808000
0.96882000 0.43850000 0.25719000
0.92778000 0.48819000 0.12871000
0.90851000 0.40332000 0.05629000
0.92109000 0.40356000 0.21460000
0.81195000 0.32296000 0.05169000
0.81295000 0.41441000 0.20423000
0.97409000 0.33911000 0.11829000
0.81173000 0.41992000 0.10101000
0.97218000 0.30026000 0.32492000
0.80371000 0.25801000 0.15898000
0.77247000 0.37944000 0.04973000
0.88937000 0.26196000 0.32155000
0.83173000 0.25972000 0.06088000
0.77967000 0.48795000 0.25152000
0.79547000 0.40319000 0.29689000
0.89937000 0.25859000 0.02597000
0.84911000 0.37141000 0.00572000
0.75203000 0.48723000 0.04859000
0.85919000 0.49911000 0.20111000
0.97128000 0.35469000 0.62948000
0.97771000 0.48394000 0.47436000
0.76373000 0.28232000 0.57385000
0.96016000 0.27838000 0.41621000
0.78348000 0.38812000 0.53748000
0.82202000 0.38449000 0.63354000
0.81475000 0.46116000 0.35775000
0.78207000 0.45967000 0.53271000
0.90907000 0.43517000 0.58068000
0.89384000 0.42385000 0.35747000
0.94333000 0.30817000 0.54048000
0.85758000 0.43081000 0.52725000
0.90454000 0.37087000 0.55032000
0.86687000 0.29864000 0.47925000
0.80859000 0.31715000 0.38337000
0.94505000 0.43149000 0.44939000
0.89956000 0.38807000 0.64059000
0.86763000 0.37022000 0.47347000
0.80549000 0.32597000 0.52363000
0.97920000 0.42699000 0.59235000
0.93968000 0.36993000 0.47276000
0.79719000 0.39814000 0.42423000
0.99367000 0.47359000 0.33855000
0.98025000 0.27189000 0.65146000
0.88043000 0.30929000 0.56654000
0.90842000 0.32721000 0.41972000
0.96576000 0.36741000 0.36628000
0.83419000 0.45966000 0.59836000
0.93921000 0.48715000 0.63989000
0.85581000 0.25722000 0.63593000
0.77581000 0.29428000 0.64751000
0.75945000 0.39845000 0.63809000
0.92376000 0.25372000 0.49743000
0.89740000 0.39175000 0.79217000
0.92393000 0.28055000 0.79108000
0.96602000 0.33336000 0.86336000
0.84714000 0.48214000 0.71033000
0.84406000 0.48275000 0.80487000
0.92903000 0.43514000 0.97495000
0.93602000 0.37897000 0.90965000
0.92367000 0.47005000 0.71744000
0.80507000 0.44271000 0.88759000
0.90884000 0.32191000 0.97159000
0.77473000 0.39367000 0.96539000
0.97546000 0.40752000 0.77983000
0.97139000 0.47645000 0.92153000
0.80907000 0.41666000 0.76872000
0.84523000 0.40846000 0.70336000
0.80578000 0.34608000 0.71472000
0.98230000 0.39162000 0.98876000
0.90408000 0.35856000 0.71224000
0.83287000 0.47253000 0.94822000
0.85588000 0.30415000 0.90730000
0.84954000 0.37822000 0.89668000
0.85326000 0.29906000 0.80191000
0.79373000 0.29593000 0.95559000
0.81067000 0.33502000 0.85121000
0.91250000 0.45277000 0.81719000
0.76120000 0.49661000 0.69553000
0.99364000 0.32436000 0.99962000
0.75069000 0.31960000 0.76411000
0.89066000 0.72145000 0.21871000
0.91357000 0.62497000 0.04967000
0.82387000 0.56694000 0.20762000
0.85555000 0.56921000 0.29681000
0.97484000 0.56861000 0.26732000
0.97697000 0.64051000 0.18781000
0.82792000 0.71884000 0.29579000
0.84226000 0.66128000 0.12607000
0.93854000 0.52848000 0.22708000
0.76599000 0.59185000 0.18094000
0.79391000 0.55491000 0.12518000
0.80527000 0.71541000 0.10934000
0.91543000 0.70092000 0.14716000
0.88204000 0.69034000 0.01935000
0.81357000 0.72080000 0.02330000
0.92389000 0.66628000 0.24828000
0.81145000 0.66640000 0.20721000
0.98762000 0.64976000 0.31761000
0.99030000 0.62109000 0.05918000
0.98594000 0.74415000 0.12675000
0.86630000 0.56513000 0.10350000
0.80442000 0.53145000 0.03663000
0.98836000 0.66399000 0.11728000
0.95675000 0.71797000 0.06638000
0.79072000 0.63335000 0.05682000
0.76859000 0.58527000 0.26257000
0.95182000 0.54710000 0.13928000
0.76390000 0.72664000 0.26021000
0.94169000 0.70329000 0.32021000
0.81213000 0.73545000 0.18906000
0.99367000 0.73262000 0.26494000
0.97637000 0.53733000 0.04062000
0.88162000 0.53028000 0.01855000
0.80421000 0.53829000 0.33024000
0.89937000 0.60256000 0.56508000
0.87217000 0.60664000 0.47943000
0.79533000 0.66777000 0.51160000
0.92852000 0.52052000 0.36791000
0.81718000 0.52702000 0.41396000
0.85687000 0.71799000 0.61258000
0.81745000 0.58440000 0.51691000
0.93860000 0.65618000 0.60184000
0.98075000 0.58137000 0.62824000
0.87646000 0.69628000 0.52076000
0.93195000 0.53410000 0.44724000
0.88767000 0.60999000 0.39442000
0.94165000 0.73357000 0.59594000
0.86338000 0.66636000 0.33882000
0.81052000 0.72657000 0.47918000
0.99693000 0.59212000 0.52103000
0.86627000 0.71748000 0.40999000
0.93612000 0.51150000 0.53883000
0.77124000 0.67789000 0.60461000
0.83047000 0.62371000 0.58553000
0.96673000 0.60394000 0.43524000
0.75828000 0.53765000 0.62111000
0.80449000 0.52932000 0.55866000
0.91748000 0.54799000 0.61546000
0.77530000 0.59005000 0.44315000
0.96477000 0.74414000 0.49385000
0.88920000 0.74769000 0.47958000
0.80011000 0.74275000 0.55825000
0.99971000 0.53868000 0.36217000
0.85636000 0.58414000 0.85157000
0.78628000 0.52130000 0.82696000
0.90709000 0.54795000 0.73297000
0.88126000 0.62106000 0.68252000
0.91824000 0.65736000 0.96752000
0.82074000 0.62703000 0.73181000
0.93084000 0.62192000 0.75193000
0.90414000 0.50893000 0.92775000
0.79059000 0.57184000 0.76181000
0.89824000 0.59590000 0.91371000
0.94890000 0.58372000 0.98757000
0.77864000 0.63904000 0.81136000
0.79986000 0.71812000 0.93514000
0.83461000 0.58809000 0.99387000
0.85398000 0.65373000 0.92715000
0.91738000 0.54083000 0.86095000
0.78579000 0.64914000 0.91229000
0.96224000 0.57692000 0.81678000
0.93761000 0.68681000 0.87494000
0.80855000 0.72725000 0.67958000
0.94961000 0.51137000 0.79361000
0.83248000 0.67979000 0.80745000
0.94930000 0.74119000 0.92665000
0.76509000 0.70171000 0.78729000
0.89430000 0.64660000 0.83414000
0.96983000 0.53644000 0.70221000
0.84632000 0.74168000 0.85585000
0.79737000 0.56502000 0.88910000
0.99853000 0.68488000 0.73546000
0.99837000 0.64563000 0.80406000
0.87537000 0.73887000 0.96155000
0.90338000 0.71966000 0.79356000
0.97066000 0.71790000 0.67532000
0.99942000 0.66635000 0.89976000
0.80822000 0.58328000 0.66717000
0.75102000 0.56394000 0.99736000
0.76562000 0.85747000 0.19200000
0.87221000 0.77891000 0.28520000
0.91029000 0.96946000 0.30444000
0.94288000 0.76967000 0.00912000
0.89119000 0.90662000 0.32393000
0.82539000 0.85425000 0.08914000
0.98195000 0.94996000 0.28937000
0.79757000 0.90932000 0.28812000
0.77467000 0.77898000 0.11844000
0.98781000 0.88534000 0.02011000
0.81896000 0.92395000 0.11493000
0.85147000 0.96054000 0.06010000
0.94076000 0.90838000 0.10398000
0.86216000 0.93386000 0.19603000
0.94459000 0.97124000 0.22763000
0.81327000 0.82058000 0.29272000
0.79963000 0.96824000 0.18469000
0.92916000 0.87318000 0.18762000
0.96004000 0.84497000 0.26144000
0.95360000 0.95208000 0.00950000
0.90976000 0.85587000 0.06873000
0.82810000 0.87188000 0.22042000
0.82272000 0.80787000 0.20369000
0.75539000 0.95837000 0.26849000
0.86816000 0.78093000 0.16000000
0.93190000 0.77948000 0.23103000
0.85204000 0.78804000 0.02519000
0.78308000 0.98603000 0.42269000
0.83139000 0.81672000 0.63594000
0.79550000 0.92899000 0.51817000
0.78270000 0.87801000 0.41125000
0.85906000 0.88872000 0.60504000
0.92294000 0.79609000 0.45009000
0.83280000 0.82326000 0.43998000
0.94124000 0.86591000 0.34639000
0.89276000 0.88353000 0.53542000
0.78761000 0.97133000 0.58041000
0.93366000 0.85307000 0.61292000
0.96789000 0.94739000 0.42832000
0.77335000 0.80594000 0.59311000
0.80447000 0.97340000 0.34551000
0.94934000 0.85704000 0.47565000
0.98152000 0.97818000 0.59459000
0.90840000 0.94729000 0.52447000
0.87101000 0.78270000 0.56676000
0.85253000 0.95771000 0.62134000
0.89702000 0.96226000 0.37867000
0.83653000 0.96777000 0.47115000
0.89021000 0.81168000 0.37280000
0.84730000 0.89745000 0.46684000
0.99564000 0.81478000 0.43202000
0.75555000 0.82334000 0.50709000
0.99497000 0.83189000 0.55125000
0.75504000 0.91037000 0.62946000
0.97776000 0.80837000 0.34031000
0.78927000 0.78055000 0.85478000
0.87159000 0.86072000 0.71415000
0.79625000 0.87900000 0.98988000
0.78076000 0.98234000 0.70120000
0.95967000 0.83627000 0.76390000
0.97829000 0.83933000 0.89270000
0.86916000 0.77020000 0.75772000
0.96047000 0.93450000 0.82387000
0.88400000 0.94810000 0.86218000
0.82465000 0.82556000 0.78670000
0.88987000 0.86728000 0.89121000
0.91162000 0.92731000 0.68929000
0.91934000 0.79685000 0.86876000
0.78296000 0.83852000 0.90256000
0.87486000 0.99092000 0.78151000
0.77845000 0.98201000 0.78315000
0.85069000 0.81970000 0.95517000
0.92405000 0.95855000 0.93446000
0.96237000 0.77072000 0.80042000
0.80412000 0.84142000 0.71213000
0.89408000 0.89223000 0.80093000
0.89375000 0.78212000 0.68960000
0.79654000 0.90100000 0.84826000
0.79506000 0.76806000 0.73659000
0.98838000 0.87402000 0.71425000
0.81405000 0.91928000 0.70787000
0.88332000 0.92873000 0.98775000
0.81927000 0.92871000 0.92431000
0.94197000 0.86297000 0.95984000
0.94121000 0.98318000 0.75914000
0.81693000 0.97469000 0.98231000
0.77389000 0.76907000 0.98716000
0.82911000 0.99535000 0.89399000
0.99133000 0.90367000 0.93969000
0.99609000 0.96745000 0.89459000
0.99784000 0.94505000 0.71184000
