1 2
1 14
1 22
1 34
1 78
1 1223
1 1233
2 9
2 14
2 16
2 34
2 1223
2 1236
2 1250
3 19
3 39
3 45
3 1250
3 1253
4 6
4 10
4 17
4 28
4 30
4 33
4 36
5 6
5 30
5 36
5 37
5 50
5 57
5 424
5 445
5 457
6 20
6 30
6 36
6 37
6 47
6 57
7 16
7 17
7 25
7 33
7 330
7 352
7 1228
7 1247
8 9
8 10
8 18
8 20
8 24
8 26
9 22
9 122
9 1241
9 1250
10 13
10 18
10 23
10 24
10 28
10 413
11 18
11 23
11 31
11 99
11 101
11 126
11 136
11 194
12 13
12 14
12 15
12 21
12 35
12 78
12 82
12 98
12 102
13 14
13 15
14 17
14 21
14 34
15 21
15 82
15 92
15 346
15 426
15 511
16 17
16 19
16 1228
17 21
17 33
17 34
17 352
18 23
18 31
18 121
18 133
19 44
19 47
19 58
19 1228
19 1280
20 24
20 26
20 27
20 36
20 37
20 45
20 445
21 33
21 328
21 346
22 31
22 116
22 1233
22 1241
23 24
23 29
23 32
23 413
24 26
24 36
24 135
24 413
24 419
24 445
25 322
25 330
25 1228
25 1539
26 27
26 125
26 133
26 135
27 45
27 55
27 135
27 174
27 445
28 413
28 426
28 440
29 90
29 426
29 431
29 480
29 505
30 33
30 57
30 321
30 330
30 763
31 99
31 116
31 121
31 136
32 126
32 133
32 421
32 431
33 321
33 327
33 330
33 340
33 352
34 35
34 352
34 1223
34 1247
35 78
35 102
35 1223
35 1549
36 413
36 419
36 445
37 43
37 45
37 445
37 457
38 64
38 68
38 176
38 1264
39 45
39 64
39 141
39 143
39 148
39 1253
40 43
40 46
40 49
40 52
40 54
40 60
41 48
41 54
41 59
41 69
41 452
41 461
41 471
41 475
42 46
42 49
42 53
42 71
42 96
42 472
43 45
43 55
43 65
43 66
44 45
44 47
44 58
45 55
45 148
46 49
46 52
46 63
46 65
46 66
47 57
47 58
47 67
48 51
48 62
48 69
48 107
48 360
49 53
49 60
50 57
50 366
50 424
50 452
50 465
51 54
51 61
51 67
51 69
51 357
51 371
52 59
52 464
52 467
52 469
53 70
53 71
53 73
53 86
53 96
53 100
54 57
54 69
54 452
55 174
55 459
55 552
56 61
56 62
56 68
56 87
56 100
56 379
56 1275
57 67
58 67
58 357
58 1280
59 88
59 464
59 475
60 61
60 68
61 68
61 357
61 379
61 1257
61 1275
62 87
62 107
62 377
62 379
62 394
63 70
63 71
63 144
63 157
64 143
64 147
64 176
64 1253
65 66
65 152
65 166
65 467
66 143
66 157
66 166
67 357
67 367
67 371
68 1264
68 1274
69 360
69 371
69 452
70 104
70 1274
70 1301
71 96
71 205
72 75
72 83
72 94
72 508
73 76
73 79
73 81
73 86
73 96
73 104
73 1286
74 83
74 91
74 95
74 98
74 99
74 101
75 90
75 101
75 480
75 497
76 85
76 86
76 91
76 100
76 1286
76 1305
77 83
77 88
77 94
77 485
77 502
78 98
78 102
78 1288
78 1310
79 86
79 95
79 96
79 201
79 205
80 85
80 98
80 102
80 103
80 1288
80 1304
80 1308
81 84
81 89
81 95
81 201
81 1286
81 1295
81 1411
82 98
82 102
82 103
82 346
82 351
82 409
83 90
83 91
83 92
83 94
83 97
84 89
84 91
84 1285
84 1304
85 87
85 91
85 97
85 386
85 1305
85 1308
86 91
86 94
86 96
87 100
87 107
87 394
88 106
88 107
88 496
89 116
89 187
89 210
89 1285
89 1293
89 1409
90 92
90 480
90 505
91 97
91 98
92 93
92 409
92 511
93 97
93 380
93 409
93 483
93 511
94 96
94 502
95 201
95 204
97 103
97 394
98 103
99 101
100 1274
100 1275
101 194
101 204
102 103
102 351
102 393
102 1288
102 1549
103 351
103 403
103 409
104 181
104 205
104 1286
104 1301
104 1411
105 153
105 179
105 472
105 508
105 603
106 107
106 380
106 496
106 821
107 377
107 394
108 112
108 123
108 169
108 174
108 548
109 118
109 128
109 131
109 136
109 194
109 208
110 112
110 113
110 114
110 130
110 137
110 140
110 160
110 1379
111 121
111 122
111 132
111 134
111 137
111 138
111 1316
111 1337
112 113
112 117
112 120
112 132
113 163
113 169
113 234
114 125
114 127
114 137
114 141
114 148
114 160
115 120
115 169
115 172
115 235
115 241
116 187
116 1316
116 1328
116 1409
117 119
117 120
117 219
117 227
117 234
117 245
118 123
118 133
118 518
118 535
118 545
119 124
119 129
119 130
119 139
119 211
120 241
120 245
120 629
121 122
121 132
121 133
121 136
122 125
122 127
122 137
122 1337
123 132
123 133
123 548
124 129
124 130
124 138
124 139
124 211
124 1319
124 1342
124 1443
125 148
126 194
126 425
126 480
126 535
127 137
127 141
127 1251
127 1325
127 1337
127 1338
128 131
128 238
128 245
128 539
128 545
129 132
129 134
129 138
129 180
130 137
130 139
130 1319
131 208
131 535
131 543
131 545
131 610
131 615
132 134
132 137
133 135
134 136
134 138
134 192
135 421
135 522
135 531
136 189
136 194
138 192
138 1315
138 1316
138 1319
138 1336
138 1342
139 140
139 211
139 219
139 1340
139 1437
140 159
140 1340
140 1347
140 1379
141 147
141 160
141 1251
141 1253
141 1325
141 1349
142 145
142 153
142 168
142 173
142 578
143 147
143 148
143 151
143 157
143 162
143 166
144 146
144 161
144 167
144 181
145 153
145 168
145 173
145 177
145 209
145 550
145 578
146 161
146 176
146 1346
146 1365
146 1373
146 1375
147 176
147 1349
147 1351
147 1374
148 151
148 174
149 150
149 156
149 158
149 164
149 167
149 177
149 185
149 249
149 279
150 177
150 185
150 206
150 249
150 297
150 581
150 693
151 162
151 165
151 166
151 169
151 174
152 166
152 168
152 553
152 562
152 571
152 578
153 209
153 472
153 550
153 578
153 580
154 155
154 156
154 159
154 175
154 252
154 265
154 279
154 280
154 1380
155 162
155 163
155 164
155 165
155 170
155 280
156 158
156 161
156 167
156 170
156 265
156 1356
157 166
157 170
158 171
158 249
158 265
158 277
158 279
158 312
159 252
159 263
159 1347
159 1380
160 162
160 1325
160 1379
161 167
161 171
161 183
161 1375
162 170
162 175
163 234
163 235
163 248
163 280
164 165
164 168
164 177
165 169
165 172
165 566
166 168
167 170
167 173
167 183
168 177
168 578
169 172
169 174
169 530
170 175
171 203
171 1377
171 1389
172 272
172 530
172 566
172 583
173 179
173 183
173 185
173 209
174 552
175 1351
175 1356
175 1372
176 1346
176 1365
176 1374
177 571
177 581
178 188
178 189
178 194
178 198
178 207
178 208
178 615
179 185
179 191
179 193
179 209
179 597
180 184
180 190
180 192
180 199
180 202
180 237
180 1342
181 205
181 1391
181 1392
181 1411
182 186
182 193
182 198
182 203
182 206
182 284
183 185
183 186
184 192
184 200
184 202
184 1342
184 1408
185 191
185 193
185 206
185 209
186 193
186 195
186 201
186 205
187 192
187 195
187 204
187 210
187 1409
188 189
188 193
188 204
189 194
189 202
189 204
189 208
190 197
190 199
190 208
190 237
190 238
191 193
191 196
191 206
191 207
191 209
191 597
191 612
192 202
192 1408
193 198
193 207
195 200
195 201
195 202
195 204
195 210
196 198
196 206
196 284
196 297
196 612
196 618
196 620
196 715
197 198
197 199
197 238
197 284
197 295
197 299
197 610
197 615
197 620
198 199
198 284
198 615
198 620
199 237
199 289
199 295
200 210
200 1388
200 1392
200 1408
201 204
201 205
201 210
201 1411
202 208
203 312
206 284
206 297
206 312
207 593
207 597
207 607
207 615
209 550
209 579
209 597
210 1392
210 1409
210 1411
211 215
211 219
211 231
211 1422
211 1443
212 213
212 221
212 224
212 226
212 240
212 245
212 645
212 659
213 214
213 227
213 228
213 229
213 233
213 240
213 659
214 220
214 223
214 240
214 623
214 645
214 651
215 226
215 231
215 1418
215 1421
215 1422
215 1429
215 1432
216 217
216 221
216 281
216 303
216 313
216 645
216 649
217 220
217 221
217 224
217 240
217 281
217 296
217 311
217 315
218 232
218 236
218 243
218 244
218 341
218 1417
218 1420
218 1429
218 1441
219 226
219 227
219 234
220 223
220 239
220 240
220 348
221 224
221 238
221 281
221 313
221 645
221 656
222 232
222 337
222 348
222 1446
222 1447
223 233
223 338
223 350
223 625
223 651
223 752
224 226
224 237
224 240
225 233
225 243
225 257
225 273
225 335
225 341
226 236
226 240
227 229
227 234
227 235
227 241
227 245
228 229
228 233
228 271
228 273
228 275
228 625
229 242
229 269
229 273
230 242
230 263
230 1417
230 1437
231 237
231 308
231 1418
231 1445
231 1486
232 236
232 244
232 337
232 1429
232 1441
233 335
234 235
235 241
235 248
235 269
236 242
236 243
236 1429
237 238
237 308
238 610
239 296
239 396
239 649
239 736
239 752
241 629
241 654
242 243
242 248
242 258
242 263
243 341
243 1417
243 1478
244 337
244 341
244 343
244 1441
244 1537
245 539
245 629
246 262
246 266
246 267
246 283
246 298
247 252
247 254
247 255
247 265
247 268
247 279
247 280
248 252
248 258
248 268
248 269
248 280
249 274
249 277
249 279
250 253
250 254
250 257
250 262
250 264
250 270
251 253
251 254
251 257
251 260
251 1476
251 1584
252 258
252 263
252 265
252 280
252 1467
253 254
253 257
253 262
253 355
253 378
254 258
254 262
255 259
255 261
255 268
255 670
255 689
256 1477
256 1480
257 355
257 362
257 364
258 263
258 273
259 261
259 667
259 670
259 675
259 686
260 1469
260 1478
260 1568
260 1575
260 1584
261 274
261 282
261 675
261 694
262 266
262 278
262 378
263 1467
263 1478
264 275
264 359
264 364
264 378
264 685
264 686
265 277
265 279
266 277
266 282
266 307
267 365
267 1474
267 1476
267 1572
268 269
268 270
268 272
268 280
269 270
269 271
269 273
270 271
270 273
270 670
271 273
271 654
271 661
271 678
272 279
272 280
272 678
274 282
274 297
274 300
274 693
275 318
275 338
275 356
275 364
275 648
276 278
276 314
276 378
276 686
276 694
276 768
277 310
277 312
278 307
278 314
278 365
278 397
278 406
279 280
281 295
281 303
281 311
281 313
281 315
282 307
282 694
283 293
283 298
283 309
283 310
283 1489
284 285
284 295
284 299
284 300
284 305
284 620
284 715
285 293
285 300
285 305
285 306
285 312
286 290
286 294
286 298
286 307
286 382
286 397
286 399
286 406
286 412
287 288
287 301
287 302
287 303
287 304
287 305
287 311
287 315
288 290
288 294
288 303
288 317
288 695
289 302
289 306
289 308
289 1493
289 1513
290 294
290 307
290 314
290 406
290 408
290 695
290 709
291 296
291 311
291 320
291 381
292 301
292 304
292 385
292 412
292 1502
292 1503
292 1504
292 1518
292 1520
293 298
293 304
293 306
293 307
293 310
294 296
294 381
294 382
294 390
294 408
294 412
295 299
295 305
295 313
296 303
296 311
296 316
296 396
297 300
297 693
297 708
297 715
298 304
298 307
298 309
299 305
299 313
299 317
299 620
299 699
299 715
300 305
300 715
301 302
301 304
301 311
301 315
301 1447
301 1518
302 304
302 306
302 308
302 315
302 1513
303 311
303 313
303 316
303 317
304 1489
305 317
306 310
306 1508
306 1513
308 315
308 1445
308 1486
309 399
309 1474
309 1502
309 1511
309 1611
310 1508
310 1519
311 315
313 317
314 406
314 694
314 709
314 720
314 799
316 396
316 649
316 695
316 716
316 727
317 704
317 715
317 717
318 323
318 325
318 338
318 356
318 364
319 323
319 325
319 327
319 329
319 342
319 345
320 332
320 334
320 347
320 381
320 390
321 330
321 340
321 345
321 763
322 330
322 345
322 367
322 1536
323 339
323 341
323 362
324 327
324 343
324 344
324 1529
324 1536
324 1538
325 342
325 345
325 353
325 376
325 730
326 333
326 340
326 732
326 756
327 340
327 344
327 352
328 331
328 346
328 351
329 332
329 335
329 342
329 343
330 345
331 332
331 344
331 347
331 395
331 1552
332 333
332 334
332 340
332 342
333 334
333 340
333 349
333 733
334 733
334 736
334 752
335 341
335 348
336 395
336 1446
336 1540
336 1548
336 1552
336 1589
337 343
337 348
337 1446
337 1548
338 350
338 356
338 625
338 730
339 1536
339 1555
339 1575
340 342
343 1538
343 1548
344 1526
344 1548
344 1552
345 367
345 376
346 349
346 409
346 511
346 756
347 389
347 395
349 405
349 818
350 730
350 752
351 389
351 393
352 1247
352 1529
353 356
353 376
353 730
353 770
353 781
354 355
354 358
354 363
354 369
354 370
355 362
355 364
355 370
356 359
356 364
356 777
357 363
357 379
357 1260
357 1563
358 363
358 368
358 1558
358 1572
359 364
359 375
359 685
359 777
359 779
359 785
360 371
360 373
360 377
361 377
361 461
361 496
361 821
362 364
363 369
363 374
363 1558
363 1577
365 368
365 397
366 371
366 376
366 770
367 369
367 371
367 376
368 411
368 1474
369 371
369 374
369 376
370 372
370 375
370 378
371 376
372 392
373 375
373 776
373 779
373 782
374 1554
374 1555
374 1563
375 376
375 779
377 394
377 407
378 686
379 1257
379 1275
379 1577
379 1619
380 387
380 404
380 409
380 483
380 796
380 806
381 390
381 402
382 383
382 390
382 400
382 402
382 406
382 408
382 410
383 392
383 404
383 406
383 408
383 410
383 799
383 801
383 809
384 385
384 402
384 403
384 1589
384 1617
385 412
385 1518
385 1520
385 1589
385 1617
386 388
386 391
386 394
386 1308
387 388
387 389
387 402
387 403
387 409
387 410
388 394
388 400
388 401
388 403
388 404
389 395
389 403
389 409
390 396
390 405
390 408
390 410
391 398
391 411
392 401
392 404
392 406
393 395
393 1525
393 1549
393 1552
393 1589
393 1598
394 407
395 1552
395 1589
396 405
396 727
396 736
396 800
397 399
397 400
397 401
397 406
398 407
398 411
398 1558
398 1619
398 1620
399 400
399 411
399 412
399 1617
400 401
400 402
400 411
401 407
402 403
402 410
404 410
404 821
405 736
405 800
405 804
406 408
406 799
408 410
408 695
408 809
409 511
411 1611
411 1617
413 419
413 431
413 439
413 440
414 417
414 424
414 757
414 758
415 420
415 422
415 427
415 435
416 434
416 441
416 442
416 443
416 740
416 754
417 429
417 444
417 735
417 742
417 758
417 790
418 421
418 422
418 425
418 435
418 518
418 525
418 544
419 421
419 422
419 439
419 445
420 428
420 443
420 481
420 486
420 488
420 494
421 518
421 531
422 427
422 433
422 435
422 439
423 433
423 444
423 448
423 457
423 465
424 451
424 465
424 757
424 758
424 763
425 431
425 480
425 481
425 486
425 587
426 440
426 505
426 511
426 756
427 429
427 433
427 435
427 438
427 442
427 851
428 486
428 547
428 852
428 858
428 912
428 919
429 433
429 442
429 735
429 742
430 435
430 437
430 521
430 544
430 547
430 830
430 852
430 941
430 963
431 440
431 480
431 481
431 505
432 433
432 438
432 444
432 466
432 468
432 829
432 830
432 861
432 878
433 438
433 439
433 444
434 732
434 735
434 740
434 749
434 754
435 544
435 547
435 852
436 437
436 448
436 459
436 522
436 552
437 448
437 468
437 540
437 544
437 576
438 829
438 830
438 851
439 440
440 505
441 443
441 491
441 740
441 850
441 1130
441 1202
442 844
442 851
443 488
443 491
443 740
444 453
444 465
444 466
444 790
445 457
445 459
446 454
446 456
446 458
446 475
446 478
446 501
446 506
447 449
447 454
447 460
447 463
447 470
447 473
447 872
448 459
448 462
448 468
449 450
449 451
449 453
449 471
449 473
449 787
450 466
450 473
450 793
450 867
450 891
451 453
451 465
451 471
451 758
451 790
452 465
452 469
452 471
453 465
453 466
453 470
454 458
454 473
454 477
454 478
454 864
454 872
455 460
455 462
455 474
455 584
455 585
456 460
456 463
456 464
456 476
456 499
456 510
457 459
457 465
458 477
458 766
458 787
458 791
459 552
459 585
460 464
460 469
460 475
461 475
461 496
461 782
462 468
462 470
462 584
463 474
463 510
464 472
464 475
466 790
466 861
466 891
467 469
467 553
467 585
468 576
468 830
470 473
470 878
470 891
470 892
471 475
471 782
471 787
472 476
472 580
473 864
473 872
473 875
473 891
474 476
474 549
474 567
474 580
474 584
476 509
476 510
476 580
476 606
477 766
477 822
477 864
477 1172
478 479
478 493
478 506
478 894
479 487
479 493
479 498
479 506
479 915
480 497
480 505
481 484
481 486
481 505
482 487
482 489
482 493
482 495
482 499
482 500
482 509
482 510
482 613
483 503
483 504
483 511
483 802
483 806
484 486
484 489
484 494
484 497
485 489
485 501
485 502
485 504
486 494
487 489
487 493
487 495
487 900
487 915
487 916
488 492
488 494
488 912
489 490
489 493
489 499
489 500
490 499
490 502
490 508
490 509
490 603
490 616
491 507
491 512
491 513
491 795
491 808
492 494
492 514
492 900
492 912
492 916
492 919
493 495
493 499
493 510
494 500
494 514
495 510
495 613
495 917
495 925
495 929
496 501
496 791
496 821
498 507
498 512
498 513
498 822
498 909
498 915
499 501
499 509
499 510
500 616
501 502
501 506
503 504
503 507
503 764
503 808
504 507
504 512
506 812
507 512
507 513
508 603
509 510
509 603
509 606
509 613
509 616
510 613
511 764
511 818
512 794
512 802
512 808
512 811
513 897
513 900
513 908
513 915
514 605
514 614
514 916
514 919
515 516
515 528
515 592
515 602
515 604
515 626
515 634
515 637
515 726
516 528
516 537
516 541
516 546
516 602
516 634
517 520
517 527
517 536
517 542
517 551
517 564
517 691
517 948
518 525
518 526
518 531
518 535
519 526
519 528
519 534
519 543
519 545
520 524
520 536
520 542
520 638
520 652
521 529
521 532
521 544
521 936
521 941
521 951
521 963
522 530
522 531
522 533
522 548
522 552
523 527
523 532
523 533
523 534
523 536
524 528
524 541
524 542
524 633
524 634
524 652
525 526
525 544
525 547
525 622
526 535
527 532
527 542
527 577
527 957
528 541
528 543
528 633
528 634
528 637
529 532
529 537
529 538
529 935
529 936
529 959
530 533
530 548
530 557
531 533
531 534
531 548
532 538
532 541
532 544
533 540
533 557
534 545
534 548
535 587
535 595
536 564
537 602
537 617
537 959
537 1011
538 541
538 542
538 931
538 945
538 957
539 543
539 545
539 610
539 629
539 633
539 656
540 554
540 576
541 542
541 634
542 948
542 957
542 1034
543 590
543 592
543 610
544 547
546 602
546 634
546 642
546 646
546 934
546 945
546 1034
546 1047
546 1064
547 852
547 858
547 936
549 556
549 560
549 563
549 567
549 569
549 584
550 571
550 575
550 578
550 579
550 580
550 606
551 564
551 568
551 574
551 577
551 691
552 562
552 585
553 560
553 562
553 571
553 578
553 580
553 585
554 557
554 569
554 576
554 584
554 585
555 568
555 570
555 572
555 677
555 965
555 975
555 991
556 563
556 568
556 569
556 975
556 991
557 564
558 565
558 567
558 572
558 609
558 975
558 995
559 570
559 572
559 573
559 586
559 589
559 662
560 563
560 571
560 575
561 563
561 566
561 571
561 573
561 574
561 582
561 673
562 566
562 585
563 568
563 569
564 574
564 691
565 570
565 572
565 586
565 609
565 975
565 993
565 1010
566 571
566 673
567 987
567 995
568 572
568 582
568 991
569 577
569 989
570 690
570 993
571 573
571 575
571 578
572 573
572 575
572 609
572 975
573 575
573 579
574 582
574 583
574 639
574 671
574 673
574 691
575 579
575 609
576 941
576 989
576 994
577 956
577 989
578 580
579 589
579 598
579 612
579 693
581 674
582 662
582 673
582 679
582 687
583 639
583 673
583 678
586 589
586 594
586 608
586 609
586 611
587 595
588 594
588 600
588 613
588 614
588 929
588 995
588 1010
588 1022
589 608
589 612
589 693
589 708
590 592
590 595
590 617
591 592
591 595
591 599
591 607
591 615
591 618
591 620
591 699
592 599
592 604
592 610
592 637
592 699
593 595
593 596
593 597
593 603
593 607
593 616
594 596
594 598
594 600
594 601
594 608
594 609
595 607
595 615
596 598
596 601
596 607
596 616
597 598
597 603
597 607
598 606
598 607
598 612
599 604
599 608
599 618
599 699
599 701
599 706
599 718
600 601
600 614
600 621
600 1007
600 1010
601 604
601 608
601 617
601 619
602 604
602 619
602 646
602 726
602 934
602 959
602 1005
603 606
603 616
604 617
604 619
604 718
604 726
605 614
605 622
605 919
605 999
606 609
607 612
608 611
608 621
608 706
608 718
609 995
610 615
610 637
610 656
610 699
611 621
611 706
611 721
611 1101
612 618
613 929
613 995
614 999
614 1007
614 1022
615 620
617 619
617 622
617 999
618 620
618 699
618 701
618 708
618 715
619 999
619 1005
619 1007
620 699
620 715
621 997
621 1007
621 1014
622 1011
623 624
623 625
623 635
623 645
623 651
623 659
624 631
624 632
624 635
624 643
624 652
625 630
625 648
625 651
626 637
626 642
626 643
626 655
626 658
626 705
626 726
627 638
627 682
627 948
627 1054
627 1055
627 1070
628 631
628 635
628 642
628 643
628 647
628 652
628 655
628 1036
628 1057
629 633
629 659
630 631
630 644
630 648
630 653
630 738
631 635
631 640
631 653
632 639
632 650
632 654
632 661
633 637
633 643
633 652
633 656
634 642
634 646
634 652
635 643
635 645
635 651
635 658
636 647
636 707
636 723
636 727
636 729
636 741
636 807
637 643
637 656
637 705
638 650
638 652
638 1036
638 1054
639 650
639 654
639 671
639 678
640 647
640 657
640 660
640 731
640 738
641 682
641 688
641 1040
641 1054
642 646
642 655
642 1036
642 1047
643 645
643 652
643 656
644 648
644 653
644 688
644 738
644 750
644 762
644 771
645 656
645 659
646 713
646 726
646 1047
646 1060
647 655
647 657
647 1066
648 661
649 651
649 658
649 727
650 671
650 682
650 691
651 660
651 752
653 688
653 738
653 762
653 1040
655 658
655 703
655 707
655 728
657 731
657 1057
657 1066
658 705
658 707
658 717
658 727
660 737
660 744
660 752
661 681
662 664
662 677
662 679
662 680
662 687
663 672
663 684
663 696
663 697
663 778
663 788
663 825
663 1076
663 1175
664 668
664 677
664 680
664 690
664 1068
664 1088
664 1090
665 666
665 667
665 692
665 771
665 778
666 672
666 688
666 771
666 778
666 783
666 1092
667 669
667 670
667 675
667 686
667 692
668 672
668 676
668 677
668 684
668 1068
668 1084
669 675
669 692
669 694
669 697
669 720
669 724
669 768
670 689
671 673
671 676
671 678
671 681
671 687
672 684
672 778
672 1069
672 1076
672 1092
672 1168
673 678
673 689
674 679
674 683
674 689
674 693
675 683
675 694
675 700
675 724
676 679
676 681
676 687
677 687
677 1071
677 1090
678 689
679 680
679 687
679 689
680 683
682 687
682 691
682 1071
683 693
683 700
683 725
684 698
684 1076
685 686
685 777
685 785
686 692
687 691
687 1071
688 762
688 1092
690 721
690 1088
690 1101
690 1107
692 768
692 775
692 785
693 708
694 709
694 720
695 716
696 697
696 698
696 702
696 711
696 817
696 825
696 1099
697 711
697 720
697 724
697 805
697 825
698 712
698 724
698 1099
699 701
699 705
700 704
700 708
700 709
700 715
700 725
701 704
701 708
701 714
701 715
701 722
702 711
702 712
702 719
702 827
702 1099
702 1108
702 1216
703 707
703 713
703 719
703 722
703 726
703 728
703 1104
704 709
704 714
704 717
704 722
705 717
705 722
706 714
706 718
706 721
706 725
706 1101
707 710
707 717
707 719
707 722
707 723
707 729
708 714
708 715
708 725
709 720
710 711
710 712
710 716
710 717
710 719
710 729
711 712
712 714
712 719
712 1099
712 1100
713 718
713 726
713 1100
713 1104
713 1109
713 1126
714 722
714 725
716 717
716 727
716 729
716 800
716 803
717 722
717 727
718 726
719 1100
719 1104
719 1108
720 724
720 799
720 803
721 725
721 1101
723 728
723 816
723 827
723 1066
723 1095
723 1114
724 725
727 729
727 800
728 1063
728 1104
728 1115
729 807
729 827
730 750
730 760
731 741
731 744
731 759
732 733
732 747
732 749
732 756
732 764
733 736
733 739
733 747
733 760
734 735
734 742
734 746
734 754
734 761
734 1143
735 742
735 745
735 748
735 749
736 737
736 752
736 800
736 826
737 739
737 752
737 826
738 744
738 750
738 755
738 762
739 744
739 745
739 747
739 760
740 754
740 808
740 810
741 751
741 759
741 807
741 816
741 1066
742 746
742 774
742 790
743 744
743 747
743 749
743 751
743 761
744 755
745 748
745 749
745 753
745 757
745 760
746 748
746 774
746 1132
746 1143
746 1151
746 1163
746 1165
747 749
747 751
747 826
748 753
748 755
748 765
749 754
750 753
750 765
750 781
751 759
751 761
751 807
751 810
753 758
753 770
753 781
754 761
754 1130
755 765
755 1147
755 1148
756 764
756 818
757 763
758 763
758 770
758 772
758 790
759 761
759 816
759 1066
759 1128
761 1128
761 1130
761 1140
762 1051
762 1147
762 1161
763 770
764 808
764 818
765 781
765 792
766 769
766 1181
767 780
767 782
767 791
767 798
768 775
768 780
769 773
769 784
769 786
769 792
769 793
770 776
770 779
770 781
770 789
771 777
771 783
772 774
772 784
772 789
772 790
772 792
773 775
773 778
773 783
773 786
773 788
774 790
774 792
774 793
774 1163
774 1165
775 780
775 786
775 825
776 779
776 782
776 784
776 789
777 779
777 781
777 785
778 783
778 1168
779 781
779 785
779 789
780 798
781 789
782 787
783 792
783 1159
783 1161
783 1168
784 786
784 787
784 789
785 786
786 789
788 825
788 1175
788 1219
791 812
791 823
792 1165
793 867
793 1163
793 1165
793 1180
794 796
794 797
794 802
794 804
794 808
794 811
795 815
795 1206
796 801
796 802
796 806
796 809
796 821
796 823
797 800
797 804
797 809
797 814
797 826
798 801
798 805
798 819
798 821
798 823
799 801
799 803
799 809
800 804
800 809
800 826
801 803
801 809
801 821
802 806
802 811
802 823
803 805
803 809
803 814
804 806
804 818
804 826
805 819
805 825
806 818
807 816
807 824
808 810
811 812
811 815
811 819
811 820
811 822
811 823
812 813
812 819
812 822
812 823
813 815
813 819
813 822
813 1215
813 1219
814 820
815 820
815 822
815 1197
815 1206
816 824
816 827
816 1066
816 1095
816 1192
817 820
817 1199
817 1212
817 1216
817 1219
819 823
820 824
820 1212
821 823
822 909
824 1212
825 1219
827 1216
828 834
828 836
828 840
828 853
829 830
829 854
829 861
829 878
829 887
830 831
830 851
831 833
831 838
831 846
831 854
831 880
831 941
832 841
832 844
832 847
832 851
832 853
833 838
833 840
833 846
833 950
833 955
833 963
834 961
834 1227
834 1242
835 839
835 841
835 843
835 845
835 847
835 1131
835 1136
836 858
836 921
836 937
836 950
836 953
836 1025
837 840
837 859
837 860
837 949
837 962
837 1240
837 1245
838 854
838 860
838 880
838 955
839 841
839 843
839 846
839 854
840 846
840 853
840 859
840 950
841 842
841 843
841 847
841 849
841 853
841 859
842 848
842 857
842 924
842 1135
843 849
843 859
844 852
844 855
845 847
845 861
845 885
845 1151
846 851
846 853
846 854
847 1131
848 855
848 924
848 927
849 857
849 1136
849 1141
850 855
850 924
850 1130
850 1202
851 852
852 858
853 859
854 866
854 880
855 924
856 884
856 1127
856 1136
856 1160
857 927
857 1135
857 1141
857 1158
857 1221
857 1229
857 1531
858 921
858 936
858 953
858 963
860 1237
860 1244
861 878
861 887
861 891
862 883
862 888
862 890
862 901
862 914
862 918
862 1252
863 876
863 880
863 971
863 983
863 994
864 872
864 875
864 1172
865 888
865 890
865 1028
865 1261
866 873
866 877
866 880
866 887
867 875
867 885
867 887
867 891
867 1163
867 1184
868 869
868 881
868 883
868 1184
868 1187
869 881
869 882
869 1265
869 1273
869 1277
870 872
870 883
870 886
870 888
870 918
870 925
871 873
871 876
871 879
871 882
871 890
871 983
871 986
872 875
872 891
872 892
873 877
873 879
873 882
874 914
874 1166
874 1209
874 1220
874 1282
875 877
875 887
875 891
876 888
876 978
876 983
877 882
878 887
878 891
878 892
879 969
879 983
879 985
879 986
879 1269
880 971
880 983
880 994
881 884
881 885
881 1169
881 1179
881 1184
882 1273
883 914
883 918
883 922
884 885
884 1169
884 1277
885 887
885 1127
885 1163
885 1179
886 889
886 925
886 978
887 891
888 889
888 890
888 918
889 917
889 925
889 978
889 1020
890 901
890 1252
890 1261
891 892
893 897
893 899
893 900
893 913
893 915
893 917
894 909
894 915
894 918
894 922
894 925
895 904
895 905
895 910
895 927
895 1284
895 1606
896 909
896 913
896 914
896 922
896 1191
896 1208
896 1220
897 899
897 900
897 905
897 908
897 920
898 901
898 910
898 914
898 928
898 1302
899 903
899 905
899 906
899 920
900 915
900 916
901 902
901 1252
901 1283
901 1287
902 903
902 911
902 1024
902 1287
903 906
903 907
903 923
903 1019
903 1024
903 1299
904 905
904 908
904 924
904 1196
904 1217
905 908
905 910
905 920
905 924
906 907
906 920
906 930
906 1002
906 1023
906 1025
907 926
907 961
907 1025
907 1299
907 1306
908 1202
909 913
909 915
909 922
909 1206
909 1208
910 1302
911 917
911 918
911 923
911 1024
912 919
912 921
913 915
914 918
914 922
914 1220
916 917
916 923
916 929
917 918
917 923
917 925
917 929
918 922
918 925
919 921
920 921
921 930
921 953
921 1025
922 1172
923 930
923 1001
923 1024
924 1158
926 1227
926 1290
927 1158
927 1221
927 1229
927 1606
928 1209
928 1217
928 1282
928 1284
928 1291
928 1302
928 1613
929 1020
929 1022
930 1002
931 933
931 945
931 947
931 951
931 952
931 957
932 944
932 958
932 998
932 1030
932 1344
933 944
933 946
933 951
933 952
933 954
934 940
934 943
934 945
934 959
934 1005
934 1126
935 936
935 940
935 953
935 959
935 1011
936 953
936 963
937 950
937 961
937 1025
937 1029
937 1345
938 947
938 948
938 956
938 957
938 981
938 988
938 1070
938 1073
939 949
939 960
939 964
939 1321
939 1329
939 1362
940 943
940 944
940 945
940 959
940 1006
941 951
941 956
941 963
942 952
942 960
942 1327
942 1332
942 1341
943 945
943 1030
943 1060
943 1064
943 1124
944 952
944 958
945 959
945 1034
945 1064
946 949
946 962
946 1327
947 954
947 960
947 970
947 988
948 957
948 1034
948 1055
948 1070
949 955
949 962
949 1339
950 962
950 963
951 954
951 956
951 963
952 1033
952 1046
952 1064
953 1011
953 1025
954 955
954 956
956 957
956 970
956 989
958 1327
958 1330
958 1341
958 1344
959 1011
960 964
960 974
960 979
960 1329
961 1025
961 1313
961 1345
962 1240
962 1312
962 1313
962 1345
964 968
964 969
964 970
964 979
964 985
964 1362
965 972
965 973
965 975
965 977
965 984
965 991
965 992
966 967
966 982
966 996
966 1017
966 1020
966 1028
967 968
967 982
967 1381
968 970
968 971
968 972
968 973
968 983
968 985
969 985
969 986
969 1269
969 1360
969 1362
969 1363
970 971
970 972
970 973
970 988
971 973
971 983
971 985
971 989
971 994
972 973
972 976
972 979
972 988
973 989
974 979
974 1058
974 1329
974 1332
974 1370
975 977
975 991
976 977
976 980
976 990
976 992
977 982
977 992
977 993
977 1017
978 982
978 987
978 995
979 988
980 990
980 996
980 1000
980 1012
980 1017
980 1027
981 988
981 991
981 1070
983 985
983 986
984 991
984 992
984 1067
984 1090
985 1362
988 1067
988 1073
989 994
990 1027
990 1348
990 1350
990 1381
992 993
992 1012
992 1078
992 1089
992 1090
993 1010
993 1014
993 1017
995 1010
995 1020
996 1000
996 1015
996 1027
996 1028
996 1400
997 1000
997 1008
997 1009
997 1014
997 1016
997 1109
997 1121
998 1006
998 1021
998 1029
998 1344
999 1007
999 1011
1000 1003
1000 1008
1000 1012
1000 1013
1000 1016
1000 1017
1000 1027
1001 1004
1001 1016
1001 1018
1001 1020
1001 1022
1001 1024
1002 1004
1002 1018
1002 1023
1002 1025
1003 1004
1003 1015
1003 1021
1003 1026
1003 1412
1004 1015
1004 1018
1004 1019
1004 1021
1004 1023
1005 1006
1005 1009
1005 1126
1006 1009
1006 1018
1006 1029
1007 1009
1007 1016
1007 1018
1007 1022
1008 1012
1008 1013
1008 1111
1008 1121
1008 1412
1009 1018
1010 1014
1010 1016
1010 1020
1012 1014
1012 1017
1012 1078
1012 1107
1013 1027
1013 1096
1013 1357
1013 1405
1013 1407
1013 1412
1013 1507
1014 1016
1014 1017
1015 1019
1015 1024
1015 1387
1015 1400
1015 1405
1016 1017
1016 1018
1016 1020
1016 1022
1018 1022
1019 1023
1019 1024
1019 1299
1019 1393
1020 1022
1021 1023
1021 1387
1021 1390
1021 1398
1023 1025
1023 1029
1024 1028
1024 1400
1025 1029
1026 1093
1026 1386
1026 1412
1026 1485
1027 1405
1028 1400
1030 1042
1030 1046
1030 1049
1030 1060
1030 1113
1030 1124
1030 1448
1031 1037
1031 1045
1031 1063
1031 1095
1031 1103
1031 1115
1031 1118
1031 1145
1032 1035
1032 1038
1032 1044
1032 1045
1032 1049
1032 1052
1032 1056
1032 1062
1033 1046
1033 1048
1033 1055
1033 1058
1034 1036
1034 1055
1034 1064
1035 1036
1035 1038
1035 1054
1035 1055
1036 1047
1036 1054
1036 1057
1037 1042
1037 1049
1037 1050
1037 1103
1037 1113
1037 1115
1037 1118
1037 1120
1038 1041
1038 1043
1038 1052
1038 1053
1039 1048
1039 1053
1039 1058
1039 1061
1039 1438
1039 1450
1040 1041
1040 1054
1040 1057
1041 1051
1041 1062
1041 1147
1041 1152
1042 1044
1042 1050
1042 1059
1042 1113
1042 1427
1042 1439
1042 1448
1043 1052
1043 1053
1043 1083
1043 1085
1043 1152
1043 1153
1043 1178
1044 1046
1044 1048
1044 1052
1044 1059
1044 1061
1044 1439
1045 1056
1045 1062
1045 1063
1045 1145
1045 1149
1046 1048
1046 1341
1046 1439
1047 1049
1047 1060
1047 1063
1047 1064
1047 1115
1048 1053
1048 1058
1048 1061
1049 1060
1049 1063
1049 1113
1049 1115
1050 1056
1050 1059
1050 1103
1050 1134
1050 1427
1051 1147
1051 1152
1051 1161
1051 1178
1052 1053
1052 1059
1052 1061
1052 1062
1052 1157
1052 1449
1053 1061
1053 1450
1054 1055
1054 1057
1055 1065
1055 1073
1056 1062
1056 1134
1056 1145
1056 1146
1056 1157
1056 1449
1057 1063
1058 1065
1058 1073
1059 1061
1059 1416
1059 1424
1059 1449
1060 1113
1060 1115
1060 1124
1061 1416
1061 1450
1062 1138
1062 1149
1062 1152
1062 1157
1063 1115
1065 1073
1065 1079
1066 1095
1067 1073
1067 1077
1067 1081
1067 1082
1068 1069
1068 1088
1068 1089
1068 1090
1069 1076
1069 1080
1069 1084
1069 1168
1070 1071
1070 1073
1072 1074
1072 1075
1072 1082
1072 1091
1072 1453
1074 1075
1074 1077
1074 1086
1074 1087
1074 1454
1074 1472
1075 1097
1075 1189
1075 1454
1076 1175
1077 1081
1077 1082
1077 1087
1077 1089
1078 1086
1078 1087
1078 1089
1078 1096
1078 1111
1079 1081
1079 1082
1079 1083
1080 1083
1080 1167
1081 1082
1081 1462
1083 1085
1083 1178
1084 1092
1085 1173
1085 1185
1085 1450
1085 1456
1086 1096
1086 1097
1086 1488
1086 1499
1087 1457
1087 1461
1087 1472
1088 1089
1088 1107
1089 1090
1089 1107
1091 1453
1091 1456
1091 1471
1091 1472
1092 1161
1092 1168
1093 1113
1093 1124
1093 1386
1094 1097
1094 1099
1094 1105
1094 1108
1094 1116
1094 1117
1094 1119
1094 1122
1095 1114
1095 1125
1095 1145
1095 1192
1096 1098
1096 1111
1096 1457
1096 1499
1096 1507
1098 1112
1098 1488
1098 1490
1098 1499
1098 1507
1099 1116
1100 1101
1100 1104
1100 1108
1100 1109
1101 1107
1101 1109
1102 1105
1102 1110
1102 1112
1102 1211
1102 1496
1103 1110
1103 1117
1103 1118
1103 1120
1103 1125
1103 1134
1104 1108
1105 1122
1105 1123
1105 1218
1106 1109
1106 1117
1106 1118
1106 1126
1107 1119
1108 1114
1108 1117
1109 1121
1109 1126
1110 1112
1110 1120
1110 1211
1110 1427
1110 1496
1110 1517
1111 1119
1111 1121
1112 1117
1112 1120
1112 1514
1113 1118
1113 1120
1113 1124
1113 1448
1114 1117
1114 1125
1114 1214
1114 1216
1115 1118
1116 1122
1116 1170
1116 1199
1117 1118
1118 1120
1120 1427
1122 1198
1122 1199
1122 1214
1123 1170
1123 1189
1123 1195
1123 1205
1123 1218
1125 1134
1125 1192
1125 1204
1125 1214
1127 1129
1127 1136
1127 1139
1127 1151
1127 1160
1127 1179
1128 1140
1128 1142
1128 1143
1128 1148
1128 1149
1129 1136
1129 1144
1129 1160
1129 1523
1129 1528
1129 1551
1130 1156
1131 1135
1131 1136
1131 1140
1131 1150
1132 1139
1132 1143
1132 1148
1133 1135
1133 1137
1133 1138
1133 1140
1133 1142
1133 1154
1133 1155
1134 1145
1134 1146
1134 1194
1134 1204
1134 1517
1135 1137
1135 1141
1135 1155
1135 1158
1136 1141
1136 1160
1137 1142
1137 1156
1137 1158
1137 1190
1137 1193
1138 1149
1138 1150
1138 1152
1138 1154
1138 1157
1139 1144
1139 1150
1139 1151
1139 1180
1139 1182
1139 1188
1140 1142
1140 1143
1140 1150
1141 1155
1141 1523
1141 1531
1142 1156
1143 1148
1143 1150
1143 1151
1144 1150
1144 1182
1144 1188
1144 1551
1145 1149
1145 1192
1145 1204
1146 1194
1147 1148
1147 1152
1151 1163
1152 1178
1153 1157
1153 1173
1153 1527
1153 1544
1154 1155
1154 1527
1155 1522
1155 1531
1155 1546
1156 1193
1156 1202
1157 1449
1158 1200
1158 1546
1158 1606
1159 1164
1159 1167
1159 1168
1159 1174
1159 1177
1160 1169
1160 1182
1160 1583
1161 1165
1161 1167
1162 1176
1162 1183
1162 1195
1162 1571
1163 1179
1163 1180
1164 1174
1164 1177
1164 1180
1165 1180
1166 1187
1166 1209
1166 1220
1166 1561
1167 1177
1167 1178
1168 1175
1169 1186
1169 1277
1169 1585
1170 1175
1170 1176
1170 1189
1170 1199
1170 1205
1171 1174
1171 1176
1171 1181
1171 1215
1172 1181
1172 1187
1172 1208
1172 1220
1173 1185
1173 1188
1173 1544
1173 1551
1173 1559
1174 1181
1176 1183
1176 1189
1176 1205
1177 1180
1177 1182
1177 1183
1177 1185
1177 1188
1178 1188
1179 1180
1179 1182
1179 1184
1181 1215
1182 1186
1182 1188
1182 1551
1183 1185
1183 1189
1185 1188
1185 1580
1186 1556
1186 1561
1187 1220
1188 1551
1190 1193
1190 1194
1190 1204
1190 1599
1191 1196
1191 1203
1191 1206
1191 1208
1191 1210
1191 1217
1192 1204
1193 1196
1193 1201
1193 1202
1194 1204
1194 1517
1194 1599
1195 1205
1195 1207
1195 1218
1195 1571
1195 1590
1196 1200
1196 1210
1197 1199
1197 1206
1197 1208
1197 1212
1197 1215
1197 1219
1198 1199
1198 1205
1198 1207
1198 1214
1199 1205
1199 1212
1199 1214
1199 1219
1200 1210
1200 1599
1200 1606
1200 1614
1201 1212
1201 1214
1203 1208
1203 1209
1203 1220
1206 1208
1207 1210
1207 1213
1207 1590
1207 1605
1207 1609
1208 1215
1208 1220
1209 1213
1209 1220
1209 1282
1209 1590
1210 1213
1210 1609
1210 1614
1211 1605
1211 1616
1212 1214
1212 1216
1213 1217
1213 1590
1213 1602
1213 1609
1213 1613
1213 1614
1214 1216
1215 1219
1217 1284
1217 1614
1218 1488
1218 1571
1218 1605
1221 1229
1221 1531
1221 1546
1222 1224
1222 1225
1222 1521
1222 1523
1222 1583
1223 1231
1223 1234
1224 1225
1224 1226
1224 1234
1224 1238
1224 1245
1225 1226
1225 1234
1225 1534
1226 1229
1226 1234
1226 1238
1227 1229
1227 1300
1227 1306
1228 1236
1228 1247
1228 1258
1230 1232
1230 1245
1230 1246
1230 1248
1230 1255
1230 1256
1230 1354
1231 1233
1231 1235
1231 1238
1231 1239
1231 1243
1231 1300
1232 1236
1232 1238
1232 1241
1232 1245
1232 1246
1232 1248
1233 1239
1233 1241
1233 1243
1233 1285
1233 1293
1234 1238
1234 1247
1235 1300
1235 1309
1235 1310
1235 1549
1235 1618
1236 1246
1236 1250
1237 1244
1237 1256
1237 1269
1237 1339
1238 1239
1238 1242
1239 1241
1239 1242
1239 1243
1239 1343
1240 1242
1240 1245
1240 1248
1240 1312
1240 1313
1241 1250
1241 1251
1241 1324
1241 1337
1242 1313
1242 1343
1243 1293
1243 1294
1243 1306
1243 1334
1243 1343
1243 1401
1244 1245
1244 1256
1244 1276
1246 1250
1246 1251
1246 1253
1246 1255
1247 1529
1248 1251
1248 1312
1248 1318
1248 1324
1249 1256
1249 1258
1249 1268
1250 1251
1250 1253
1250 1337
1251 1253
1251 1318
1251 1337
1251 1338
1252 1270
1252 1283
1253 1280
1254 1267
1254 1281
1254 1301
1254 1307
1254 1352
1254 1365
1254 1391
1254 1397
1255 1256
1255 1266
1255 1271
1255 1354
1256 1266
1256 1276
1257 1260
1257 1262
1257 1264
1257 1275
1257 1577
1258 1280
1259 1262
1259 1263
1259 1266
1259 1267
1259 1270
1259 1273
1259 1278
1260 1563
1260 1577
1260 1579
1261 1272
1261 1287
1261 1352
1262 1268
1262 1278
1262 1579
1263 1264
1263 1266
1263 1267
1263 1271
1263 1281
1264 1271
1265 1270
1265 1273
1265 1277
1265 1570
1265 1585
1266 1268
1266 1271
1267 1272
1267 1279
1267 1281
1267 1307
1268 1276
1268 1573
1269 1272
1269 1369
1270 1278
1270 1282
1270 1283
1270 1289
1270 1570
1271 1280
1272 1369
1273 1276
1273 1277
1274 1275
1274 1301
1275 1619
1276 1277
1277 1585
1278 1279
1278 1289
1278 1570
1279 1289
1281 1352
1281 1365
1281 1369
1281 1371
1281 1374
1282 1289
1282 1570
1283 1303
1284 1291
1284 1302
1284 1593
1284 1606
1284 1614
1285 1293
1285 1304
1285 1310
1286 1295
1286 1301
1286 1411
1287 1307
1287 1400
1288 1296
1288 1304
1288 1310
1288 1549
1288 1618
1289 1570
1289 1610
1290 1300
1290 1302
1290 1309
1291 1302
1291 1303
1291 1593
1291 1601
1291 1613
1292 1296
1292 1303
1292 1305
1293 1328
1293 1401
1293 1409
1294 1297
1294 1298
1294 1299
1294 1306
1294 1394
1294 1396
1294 1401
1295 1394
1295 1404
1295 1411
1296 1297
1296 1304
1296 1309
1296 1310
1297 1300
1297 1304
1297 1310
1298 1299
1298 1307
1298 1393
1299 1306
1299 1393
1299 1396
1300 1309
1301 1307
1302 1303
1304 1310
1305 1308
1306 1343
1306 1401
1307 1404
1308 1607
1309 1593
1309 1618
1311 1321
1311 1329
1311 1331
1311 1332
1311 1333
1311 1370
1311 1415
1311 1465
1312 1313
1312 1314
1312 1324
1313 1343
1313 1345
1314 1324
1314 1331
1314 1333
1314 1335
1314 1336
1314 1338
1315 1319
1315 1322
1315 1335
1315 1336
1315 1342
1315 1395
1315 1408
1316 1324
1316 1328
1316 1336
1316 1337
1317 1325
1317 1333
1317 1338
1317 1340
1317 1361
1317 1379
1318 1338
1318 1339
1318 1376
1319 1335
1319 1336
1319 1443
1320 1323
1320 1330
1320 1331
1320 1333
1320 1335
1320 1341
1320 1434
1320 1442
1321 1329
1321 1331
1321 1339
1321 1355
1321 1376
1322 1323
1322 1335
1322 1342
1322 1425
1322 1443
1322 1445
1322 1515
1323 1330
1323 1335
1323 1425
1323 1434
1323 1443
1324 1336
1324 1337
1324 1338
1325 1338
1325 1361
1325 1379
1326 1334
1326 1345
1326 1395
1326 1398
1327 1331
1327 1341
1328 1334
1328 1409
1329 1332
1329 1355
1329 1370
1330 1335
1330 1341
1330 1344
1330 1433
1330 1510
1331 1333
1332 1370
1332 1438
1332 1442
1332 1465
1333 1340
1334 1343
1334 1395
1334 1401
1335 1336
1337 1338
1339 1354
1339 1362
1339 1376
1340 1415
1340 1437
1341 1433
1341 1439
1342 1445
1344 1386
1344 1398
1344 1399
1346 1351
1346 1359
1346 1364
1346 1365
1346 1371
1346 1372
1346 1373
1346 1374
1347 1353
1347 1379
1347 1415
1347 1479
1347 1482
1348 1363
1348 1381
1349 1351
1349 1354
1349 1359
1349 1361
1349 1374
1350 1357
1350 1367
1350 1461
1351 1359
1351 1361
1351 1372
1352 1371
1352 1378
1352 1397
1353 1358
1353 1479
1354 1360
1354 1374
1355 1358
1355 1360
1355 1362
1355 1376
1356 1372
1356 1375
1356 1377
1356 1380
1357 1407
1357 1457
1357 1484
1358 1364
1358 1370
1358 1481
1359 1360
1359 1361
1359 1364
1359 1374
1359 1376
1360 1362
1360 1363
1360 1364
1360 1376
1361 1376
1361 1379
1363 1364
1363 1367
1363 1369
1363 1371
1363 1381
1364 1367
1364 1368
1364 1372
1364 1373
1365 1373
1365 1375
1365 1391
1366 1367
1366 1373
1366 1375
1367 1371
1367 1373
1367 1378
1367 1381
1368 1372
1368 1451
1368 1481
1369 1371
1369 1374
1370 1462
1370 1465
1371 1373
1372 1373
1373 1375
1375 1391
1377 1389
1377 1519
1378 1381
1378 1397
1378 1400
1378 1403
1380 1451
1380 1467
1382 1384
1382 1391
1382 1392
1382 1397
1382 1403
1383 1384
1383 1387
1383 1390
1383 1395
1383 1396
1383 1398
1383 1401
1384 1388
1384 1394
1385 1388
1385 1390
1385 1402
1385 1406
1385 1410
1385 1413
1386 1399
1386 1448
1386 1501
1386 1510
1387 1390
1387 1396
1387 1403
1388 1402
1388 1406
1388 1408
1389 1406
1389 1413
1389 1508
1389 1519
1390 1399
1390 1402
1391 1397
1392 1411
1393 1394
1393 1396
1393 1404
1394 1396
1394 1401
1394 1404
1395 1398
1395 1399
1395 1408
1396 1401
1397 1403
1397 1404
1398 1399
1399 1510
1402 1493
1402 1515
1403 1405
1403 1410
1404 1411
1405 1407
1405 1410
1405 1412
1406 1413
1406 1493
1406 1508
1407 1410
1407 1412
1407 1413
1407 1507
1408 1409
1410 1413
1412 1507
1413 1484
1414 1417
1414 1419
1414 1420
1414 1421
1414 1423
1414 1430
1414 1441
1414 1553
1415 1430
1415 1438
1415 1442
1415 1465
1415 1482
1416 1423
1416 1424
1416 1430
1416 1439
1417 1420
1417 1429
1417 1478
1417 1483
1418 1422
1418 1425
1418 1426
1418 1432
1418 1443
1418 1447
1418 1486
1418 1512
1419 1423
1419 1430
1419 1438
1419 1444
1419 1450
1419 1460
1419 1464
1419 1483
1420 1460
1420 1478
1420 1537
1420 1553
1420 1568
1420 1575
1421 1422
1421 1426
1421 1429
1421 1430
1421 1432
1421 1437
1421 1441
1422 1434
1422 1437
1422 1443
1423 1430
1423 1444
1423 1450
1424 1426
1424 1427
1424 1431
1424 1436
1424 1440
1424 1495
1425 1431
1425 1434
1425 1443
1425 1498
1425 1510
1425 1515
1426 1432
1426 1436
1426 1440
1427 1495
1427 1517
1428 1440
1428 1449
1428 1517
1428 1524
1428 1530
1428 1541
1429 1437
1430 1438
1430 1442
1430 1483
1431 1433
1431 1434
1431 1439
1431 1448
1431 1501
1432 1441
1432 1446
1432 1447
1433 1434
1433 1439
1433 1448
1434 1439
1434 1442
1435 1436
1435 1495
1435 1509
1435 1524
1435 1530
1435 1540
1436 1495
1436 1498
1436 1512
1438 1442
1438 1465
1439 1442
1440 1449
1440 1550
1441 1550
1443 1445
1444 1450
1444 1456
1444 1544
1444 1553
1445 1486
1445 1515
1446 1447
1446 1548
1447 1486
1447 1503
1447 1512
1447 1518
1448 1501
1449 1541
1450 1456
1451 1458
1451 1466
1451 1473
1451 1481
1452 1453
1452 1456
1452 1464
1452 1470
1452 1576
1453 1454
1453 1456
1453 1569
1453 1580
1454 1475
1455 1458
1455 1459
1455 1463
1455 1474
1455 1476
1455 1477
1455 1516
1456 1464
1457 1468
1457 1487
1457 1499
1458 1459
1458 1466
1458 1473
1458 1477
1458 1480
1459 1463
1459 1468
1459 1475
1459 1516
1460 1464
1460 1470
1460 1483
1460 1553
1460 1568
1461 1462
1461 1472
1461 1481
1462 1471
1462 1472
1463 1476
1463 1566
1463 1569
1463 1572
1463 1576
1464 1470
1464 1471
1464 1483
1465 1471
1465 1479
1465 1482
1466 1468
1466 1477
1466 1484
1466 1487
1466 1519
1467 1473
1467 1480
1468 1472
1469 1470
1469 1476
1469 1478
1469 1480
1470 1568
1470 1576
1471 1472
1471 1473
1471 1479
1473 1479
1473 1481
1474 1566
1474 1572
1474 1611
1475 1491
1475 1569
1475 1571
1475 1586
1476 1480
1476 1572
1476 1584
1477 1516
1477 1519
1478 1483
1479 1481
1479 1482
1482 1483
1485 1501
1485 1507
1485 1514
1486 1498
1486 1512
1486 1515
1487 1494
1487 1499
1488 1491
1488 1499
1489 1500
1489 1502
1489 1504
1489 1513
1490 1494
1490 1496
1490 1497
1490 1505
1490 1514
1491 1586
1492 1493
1492 1500
1492 1506
1492 1513
1493 1508
1493 1513
1493 1515
1494 1500
1494 1505
1494 1516
1495 1496
1495 1497
1495 1517
1495 1524
1496 1497
1496 1514
1496 1615
1497 1503
1497 1504
1497 1505
1497 1506
1497 1509
1497 1514
1498 1501
1498 1506
1498 1512
1498 1515
1500 1508
1500 1513
1500 1519
1501 1510
1501 1514
1502 1504
1502 1505
1502 1511
1502 1520
1503 1504
1503 1509
1503 1512
1503 1518
1503 1520
1504 1505
1504 1506
1504 1513
1505 1511
1505 1520
1506 1514
1508 1513
1508 1519
1509 1518
1509 1520
1509 1592
1509 1597
1509 1603
1510 1515
1511 1516
1511 1520
1511 1611
1517 1524
1518 1520
1520 1591
1520 1592
1520 1617
1521 1523
1521 1528
1521 1532
1521 1573
1521 1583
1522 1523
1522 1531
1522 1534
1522 1535
1522 1543
1522 1545
1523 1528
1524 1530
1524 1603
1525 1533
1525 1549
1525 1552
1525 1589
1525 1596
1526 1533
1526 1534
1526 1538
1526 1543
1526 1545
1526 1548
1526 1552
1527 1541
1527 1544
1528 1532
1528 1551
1528 1557
1529 1533
1529 1534
1530 1540
1530 1541
1530 1543
1530 1545
1530 1547
1530 1550
1531 1535
1531 1546
1532 1534
1532 1536
1532 1538
1532 1542
1533 1534
1533 1535
1533 1549
1535 1543
1535 1546
1535 1547
1535 1600
1536 1539
1536 1542
1536 1555
1536 1563
1537 1538
1537 1553
1537 1575
1538 1542
1538 1545
1539 1563
1540 1543
1540 1548
1540 1597
1541 1545
1542 1555
1542 1557
1543 1545
1543 1547
1544 1553
1545 1550
1546 1547
1546 1599
1546 1600
1547 1594
1548 1552
1549 1618
1551 1557
1554 1555
1554 1564
1554 1565
1554 1568
1554 1575
1554 1584
1555 1563
1556 1561
1556 1567
1557 1559
1558 1565
1558 1577
1558 1620
1559 1576
1559 1580
1560 1562
1560 1570
1560 1581
1560 1582
1560 1588
1560 1612
1560 1620
1561 1567
1561 1570
1561 1582
1562 1564
1562 1565
1562 1567
1562 1578
1562 1579
1564 1565
1564 1576
1564 1578
1565 1574
1565 1577
1565 1579
1566 1572
1566 1578
1566 1586
1567 1574
1567 1579
1567 1585
1568 1575
1568 1576
1568 1584
1569 1571
1569 1576
1569 1578
1569 1580
1571 1586
1572 1584
1573 1574
1573 1583
1573 1585
1574 1579
1575 1584
1577 1579
1577 1581
1578 1582
1578 1586
1579 1581
1581 1610
1581 1612
1581 1619
1581 1620
1582 1588
1582 1590
1583 1585
1586 1604
1587 1589
1587 1591
1587 1592
1587 1596
1587 1597
1587 1598
1587 1608
1587 1617
1588 1590
1588 1602
1588 1604
1588 1608
1588 1612
1588 1620
1589 1597
1589 1598
1591 1592
1591 1604
1591 1608
1591 1611
1591 1617
1592 1603
1592 1604
1592 1615
1592 1616
1593 1595
1593 1601
1593 1607
1593 1618
1594 1595
1594 1596
1594 1597
1594 1603
1595 1596
1595 1600
1595 1601
1595 1602
1596 1598
1596 1600
1596 1618
1598 1607
1599 1600
1599 1609
1600 1606
1600 1618
1601 1602
1601 1607
1601 1608
1601 1612
1601 1613
1602 1609
1602 1613
1602 1614
1603 1616
1604 1605
1604 1615
1605 1609
1605 1615
1605 1616
1606 1614
1607 1610
1608 1612
1608 1620
1609 1614
1609 1616
1610 1612
1610 1619
1611 1617
1612 1613
1612 1620
1613 1614
1615 1616
