0.01040000 0.13103000 0.06937000
0.00938000 0.13393000 0.16319000
0.05827000 0.20019000 0.30062000
0.16537000 0.08536000 0.19370000
0.22846000 0.07899000 0.30230000
0.15954000 0.10275000 0.28015000
0.06565000 0.03834000 0.23414000
0.12109000 0.18823000 0.18924000
0.05139000 0.20322000 0.16942000
0.16694000 0.12886000 0.13446000
0.16064000 0.21969000 0.02349000
0.09041000 0.06292000 0.03146000
0.12270000 0.12268000 0.04755000
0.07254000 0.10713000 0.10340000
0.17279000 0.05825000 0.01570000
0.05154000 0.10122000 0.22500000
0.08820000 0.06229000 0.15532000
0.14027000 0.20979000 0.10478000
0.05205000 0.12787000 0.32403000
0.17150000 0.17345000 0.27355000
0.12217000 0.02991000 0.09571000
0.02973000 0.20563000 0.08198000
0.20892000 0.17546000 0.09920000
0.21587000 0.17090000 0.18226000
0.02607000 0.01112000 0.29532000
0.16929000 0.23062000 0.23179000
0.21377000 0.23027000 0.29258000
0.22345000 0.07173000 0.11777000
0.22903000 0.14376000 0.02623000
0.19033000 0.02698000 0.25691000
0.08711000 0.22753000 0.05005000
0.24986000 0.22818000 0.09248000
0.13755000 0.01016000 0.19500000
0.01557000 0.05824000 0.11949000
0.00575000 0.03132000 0.04522000
0.23310000 0.11626000 0.22215000
0.20867000 0.13610000 0.36182000
0.00910000 0.18813000 0.49883000
0.07841000 0.23998000 0.36630000
0.16175000 0.13576000 0.48521000
0.23749000 0.05991000 0.55063000
0.17480000 0.19003000 0.63823000
0.18437000 0.18917000 0.41657000
0.09410000 0.13756000 0.39922000
0.13752000 0.19780000 0.33926000
0.15604000 0.21342000 0.53934000
0.09678000 0.07521000 0.36218000
0.16193000 0.03511000 0.55659000
0.14127000 0.14479000 0.58807000
0.24666000 0.02450000 0.38235000
0.12298000 0.03563000 0.47501000
0.23240000 0.15726000 0.52507000
0.09257000 0.16363000 0.65628000
0.18883000 0.08218000 0.45939000
0.22164000 0.23166000 0.36969000
0.06183000 0.07299000 0.60423000
0.18023000 0.04186000 0.36279000
0.04080000 0.06890000 0.41000000
0.24904000 0.10274000 0.60495000
0.09925000 0.12916000 0.51628000
0.04386000 0.05869000 0.52553000
0.10395000 0.00553000 0.61206000
0.08397000 0.23811000 0.56720000
0.02093000 0.22871000 0.42837000
0.19808000 0.24651000 0.49364000
0.13698000 0.23794000 0.46127000
0.10684000 0.00781000 0.39981000
0.03233000 0.12739000 0.54573000
0.21003000 0.00891000 0.49630000
0.01010000 0.21245000 0.63537000
0.12444000 0.24072000 0.66411000
0.21021000 0.18150000 0.81960000
0.04742000 0.18797000 0.74614000
0.12825000 0.14667000 0.90747000
0.21932000 0.19815000 0.90082000
0.02312000 0.12361000 0.76458000
0.23176000 0.08835000 0.78897000
0.02565000 0.07784000 0.98897000
0.12926000 0.22775000 0.78055000
0.02956000 0.04294000 0.87027000
0.02003000 0.20793000 0.84753000
0.11939000 0.02631000 0.97666000
0.18156000 0.10792000 0.84700000
0.02493000 0.14955000 0.87722000
0.06191000 0.05885000 0.79592000
0.09791000 0.14528000 0.76836000
0.08986000 0.05345000 0.70634000
0.22309000 0.07126000 0.70679000
0.00725000 0.22956000 0.92962000
0.22908000 0.12721000 0.92751000
0.09144000 0.12119000 0.84502000
0.19549000 0.07161000 0.92640000
0.20343000 0.01619000 0.86372000
0.18401000 0.15129000 0.75259000
0.08881000 0.21942000 0.85435000
0.13197000 0.18600000 0.71562000
0.12981000 0.04047000 0.81488000
0.08892000 0.08982000 0.93856000
0.09904000 0.20518000 0.98074000
0.04001000 0.09960000 0.67834000
0.15835000 0.22464000 0.94422000
0.03034000 0.01734000 0.97267000
0.08563000 0.01301000 0.90797000
0.00827000 0.23536000 0.71321000
0.22361000 0.24814000 0.71463000
0.22651000 0.00174000 0.74135000
0.17123000 0.02897000 0.66760000
0.17965000 0.35518000 0.26821000
0.18427000 0.35252000 0.04859000
0.05722000 0.39065000 0.28222000
0.05196000 0.32212000 0.13740000
0.13913000 0.40537000 0.22683000
0.10631000 0.43179000 0.29591000
0.07964000 0.32988000 0.29437000
0.21421000 0.45584000 0.29547000
0.02434000 0.26081000 0.01625000
0.13519000 0.49420000 0.18782000
0.22988000 0.33297000 0.10862000
0.08805000 0.45896000 0.14192000
0.20364000 0.45559000 0.21981000
0.12055000 0.28240000 0.13151000
0.05639000 0.27611000 0.18818000
0.20171000 0.33837000 0.18459000
0.01998000 0.45386000 0.10669000
0.12075000 0.27519000 0.24933000
0.24659000 0.25437000 0.01674000
0.00831000 0.30233000 0.25363000
0.19609000 0.43529000 0.09648000
0.08071000 0.40976000 0.07902000
0.03662000 0.42781000 0.19296000
0.23924000 0.41349000 0.01932000
0.11442000 0.35799000 0.13767000
0.19631000 0.27184000 0.13366000
0.07626000 0.34925000 0.03852000
0.24087000 0.25603000 0.22013000
0.12861000 0.29608000 0.02879000
0.04281000 0.35243000 0.20694000
0.00730000 0.38630000 0.07426000
0.02748000 0.49440000 0.20429000
0.00733000 0.46799000 0.29292000
0.01241000 0.28488000 0.33309000
0.18285000 0.29412000 0.59636000
0.09864000 0.28117000 0.42043000
0.06254000 0.31082000 0.61854000
0.23157000 0.35098000 0.61372000
0.00750000 0.33928000 0.57273000
0.00737000 0.29143000 0.43317000
0.13096000 0.29203000 0.33382000
0.15110000 0.43757000 0.60242000
0.21003000 0.47230000 0.64256000
0.15541000 0.34106000 0.39416000
0.23908000 0.32303000 0.48831000
0.24789000 0.28437000 0.63812000
0.06709000 0.48133000 0.48203000
0.11504000 0.43699000 0.43300000
0.07219000 0.43633000 0.55715000
0.10157000 0.31235000 0.50182000
0.10527000 0.49337000 0.60756000
0.01731000 0.49419000 0.39030000
0.03092000 0.35171000 0.34842000
0.04153000 0.39382000 0.63957000
0.08721000 0.37447000 0.41252000
0.13930000 0.46984000 0.36925000
0.17357000 0.40739000 0.49832000
0.19343000 0.39928000 0.42214000
0.16577000 0.30552000 0.47380000
0.10791000 0.38151000 0.58876000
0.20136000 0.35595000 0.54070000
0.18396000 0.38599000 0.33928000
0.06240000 0.37991000 0.48864000
0.03413000 0.45546000 0.66359000
0.24412000 0.44155000 0.38380000
0.16171000 0.33614000 0.66376000
0.20622000 0.30569000 0.34327000
0.00689000 0.41047000 0.45305000
0.00306000 0.28174000 0.50850000
0.23694000 0.41819000 0.57229000
0.20720000 0.36838000 0.91788000
0.19658000 0.32265000 0.73258000
0.07195000 0.44354000 0.99112000
0.01799000 0.30695000 0.70480000
0.12880000 0.42790000 0.80031000
0.11078000 0.37981000 0.68289000
0.02302000 0.42476000 0.93201000
0.17988000 0.39998000 0.69986000
0.09866000 0.35780000 0.76879000
0.03732000 0.29496000 0.94319000
0.17251000 0.30035000 0.84892000
0.14668000 0.33502000 0.94419000
0.13649000 0.46576000 0.98583000
0.23075000 0.40389000 0.75650000
0.04436000 0.36947000 0.97156000
0.16471000 0.36759000 0.80088000
0.18949000 0.29230000 0.98094000
0.07768000 0.34028000 0.85585000
0.23763000 0.46738000 0.78565000
0.19029000 0.47876000 0.92519000
0.17935000 0.44551000 0.86176000
0.10723000 0.48584000 0.90776000
0.01278000 0.37617000 0.85906000
0.07093000 0.28080000 0.82333000
0.10034000 0.38515000 0.92172000
0.06528000 0.44887000 0.74896000
0.10476000 0.27893000 0.90361000
0.08874000 0.28551000 0.73407000
0.18496000 0.46887000 0.72553000
0.23784000 0.37039000 0.82784000
0.16183000 0.39494000 0.98474000
0.24689000 0.36197000 0.69138000
0.00029000 0.30629000 0.86918000
0.02432000 0.52650000 0.13267000
0.18678000 0.58064000 0.12999000
0.17839000 0.62977000 0.20375000
0.23374000 0.66805000 0.14213000
0.00195000 0.60742000 0.13161000
0.22644000 0.63562000 0.02329000
0.14941000 0.64208000 0.02907000
0.00701000 0.69161000 0.25519000
0.08963000 0.55154000 0.20414000
0.17364000 0.70947000 0.10209000
0.20509000 0.56615000 0.04896000
0.06805000 0.69206000 0.07870000
0.22506000 0.73031000 0.17600000
0.12768000 0.56765000 0.09057000
0.11782000 0.70403000 0.30250000
0.09378000 0.60458000 0.15003000
0.17059000 0.54404000 0.23771000
0.21480000 0.66615000 0.29146000
0.14938000 0.61003000 0.28883000
0.01181000 0.56750000 0.31346000
0.02418000 0.56952000 0.05900000
0.03919000 0.69833000 0.16566000
0.15097000 0.69853000 0.23634000
0.11769000 0.51934000 0.27887000
0.18221000 0.51011000 0.33183000
0.05610000 0.65306000 0.23123000
0.09013000 0.51122000 0.01543000
0.18250000 0.50218000 0.02628000
0.22958000 0.73868000 0.04099000
0.15128000 0.63720000 0.12695000
0.24544000 0.51248000 0.25956000
0.07239000 0.60107000 0.32128000
0.04933000 0.66910000 0.31015000
0.00780000 0.74987000 0.20813000
0.19068000 0.50081000 0.14190000
0.07445000 0.68481000 0.64909000
0.12416000 0.56914000 0.51437000
0.11671000 0.55157000 0.39542000
0.17674000 0.52691000 0.61888000
0.16438000 0.68648000 0.46831000
0.05042000 0.70809000 0.46757000
0.06219000 0.54545000 0.44991000
0.12147000 0.73553000 0.51171000
0.10040000 0.65565000 0.49857000
0.20013000 0.59992000 0.53694000
0.02812000 0.60802000 0.56750000
0.11094000 0.73325000 0.41153000
0.08366000 0.62536000 0.41312000
0.24152000 0.65708000 0.53737000
0.00241000 0.71701000 0.40419000
0.23407000 0.62224000 0.60320000
0.13666000 0.68529000 0.57604000
0.01435000 0.57704000 0.39960000
0.21595000 0.72914000 0.46003000
0.07351000 0.52338000 0.55492000
0.12761000 0.63355000 0.63172000
0.03903000 0.72495000 0.59731000
0.18034000 0.57711000 0.45316000
0.17249000 0.57495000 0.35088000
0.20656000 0.63744000 0.42603000
0.23844000 0.61878000 0.34582000
0.20606000 0.50343000 0.45644000
0.15924000 0.64962000 0.36189000
0.22706000 0.56793000 0.66557000
0.22176000 0.72434000 0.36228000
0.23273000 0.73592000 0.61887000
0.08850000 0.55812000 0.64985000
0.16052000 0.73351000 0.65715000
0.14050000 0.50293000 0.53425000
0.13827000 0.50337000 0.44316000
0.15967000 0.58879000 0.97813000
0.18793000 0.63434000 0.66954000
0.03054000 0.63961000 0.70135000
0.17889000 0.50522000 0.81812000
0.11783000 0.54544000 0.78954000
0.11996000 0.73660000 0.78888000
0.12521000 0.63879000 0.88787000
0.19079000 0.66623000 0.84322000
0.04452000 0.51602000 0.89971000
0.19430000 0.70993000 0.78118000
0.12609000 0.74264000 0.99283000
0.01871000 0.70274000 0.85313000
0.09853000 0.60131000 0.75248000
0.15873000 0.74225000 0.86502000
0.15118000 0.53857000 0.90733000
0.18348000 0.70756000 0.96016000
0.23813000 0.51900000 0.72417000
0.08683000 0.68285000 0.74985000
0.22486000 0.54371000 0.88552000
0.20259000 0.56870000 0.75616000
0.04341000 0.66761000 0.92984000
0.05483000 0.58629000 0.89506000
0.20859000 0.65305000 0.92877000
0.07414000 0.63760000 0.82677000
0.16714000 0.56819000 0.84222000
0.05131000 0.54428000 0.81558000
0.15706000 0.67105000 0.72489000
0.04188000 0.56268000 0.98052000
0.01169000 0.72924000 0.72260000
0.03015000 0.55391000 0.71997000
0.11739000 0.67082000 0.95970000
0.11633000 0.50099000 0.71044000
0.22623000 0.58601000 0.95241000
0.24171000 0.73223000 0.72210000
0.08576000 0.61493000 0.97476000
0.24753000 0.71536000 0.92244000
0.24895000 0.60972000 0.87541000
0.17444000 0.79335000 0.31725000
0.11959000 0.86687000 0.24684000
0.15386000 0.81539000 0.01540000
0.18260000 0.95656000 0.25155000
0.05149000 0.94306000 0.31151000
0.09989000 0.82593000 0.31243000
0.00926000 0.89203000 0.20929000
0.19915000 0.86329000 0.28640000
0.22781000 0.95831000 0.12483000
0.08860000 0.93294000 0.18704000
0.11753000 0.96141000 0.07589000
0.09381000 0.82822000 0.18776000
0.10821000 0.99462000 0.27730000
0.08063000 0.87432000 0.08147000
0.14740000 0.85385000 0.11092000
0.20199000 0.90174000 0.08878000
0.20607000 0.82825000 0.07542000
0.11501000 0.75838000 0.21091000
0.00277000 0.80475000 0.02954000
0.02945000 0.75642000 0.13043000
0.22556000 0.77107000 0.27573000
0.01786000 0.84713000 0.31953000
0.16394000 0.92449000 0.16929000
0.07102000 0.75225000 0.28353000
0.16203000 0.84977000 0.19054000
0.02741000 0.80728000 0.18145000
0.02377000 0.89935000 0.12333000
0.14611000 0.92075000 0.29568000
0.18254000 0.98660000 0.02502000
0.11920000 0.87833000 0.00434000
0.11453000 0.75555000 0.11473000
0.21079000 0.91948000 0.00038000
0.24812000 0.79513000 0.19132000
0.07901000 0.96962000 0.00326000
0.04402000 0.99712000 0.16513000
0.24499000 0.85869000 0.34229000
0.08218000 0.87735000 0.53986000
0.10859000 0.80133000 0.48073000
0.24123000 0.79295000 0.37416000
0.05019000 0.99368000 0.46545000
0.01982000 0.84083000 0.55589000
0.24131000 0.80204000 0.46023000
0.16411000 0.94442000 0.55691000
0.24155000 0.94493000 0.64890000
0.09659000 0.80931000 0.39711000
0.02899000 0.91067000 0.50443000
0.16933000 0.77728000 0.39751000
0.09111000 0.78135000 0.61115000
0.20828000 0.95146000 0.40160000
0.10656000 0.92193000 0.37789000
0.02750000 0.81681000 0.64849000
0.10346000 0.89606000 0.45539000
0.15811000 0.82479000 0.52789000
0.15133000 0.94787000 0.47211000
0.18306000 0.84299000 0.60462000
0.23571000 0.90409000 0.50745000
0.02323000 0.87611000 0.43008000
0.20707000 0.85723000 0.45530000
0.17944000 0.88848000 0.39354000
0.15122000 0.94561000 0.64206000
0.19030000 0.75622000 0.54200000
0.03936000 0.99270000 0.56826000
0.21372000 0.95899000 0.83723000
0.11662000 0.79483000 0.93878000
0.15082000 0.80509000 0.81864000
0.21403000 0.83828000 0.77759000
0.04192000 0.85046000 0.87264000
0.01027000 0.78489000 0.89349000
0.05940000 0.97472000 0.77724000
0.14576000 0.91442000 0.87363000
0.11556000 0.91970000 0.77911000
0.11232000 0.92072000 0.95099000
0.18470000 0.80744000 0.92405000
0.01213000 0.91609000 0.77965000
0.18881000 0.85500000 0.70432000
0.01310000 0.94070000 0.98034000
0.11513000 0.98904000 0.72170000
0.04639000 0.86181000 0.99510000
0.24417000 0.77118000 0.96866000
0.10815000 0.78016000 0.71805000
0.00597000 0.91501000 0.67200000
0.05549000 0.79839000 0.76639000
0.10193000 0.84900000 0.76662000
0.12140000 0.86571000 0.69555000
0.10671000 0.84054000 0.85525000
0.07853000 0.92357000 0.87188000
0.19256000 0.91400000 0.76867000
0.23247000 0.85582000 0.94864000
0.17639000 0.78022000 0.74034000
0.07978000 0.92238000 0.67066000
0.21540000 0.78197000 0.84417000
0.16651000 0.99068000 0.92205000
0.17992000 0.86668000 0.83934000
0.00985000 0.85174000 0.74261000
0.06340000 0.75332000 0.85103000
0.26195000 0.12764000 0.14046000
0.32115000 0.03102000 0.25505000
0.42304000 0.14634000 0.09653000
0.42810000 0.03858000 0.08085000
0.38375000 0.01213000 0.27675000
0.36508000 0.22866000 0.11549000
0.28822000 0.17285000 0.19845000
0.41949000 0.15198000 0.01098000
0.30257000 0.24020000 0.16596000
0.37485000 0.16455000 0.16464000
0.34063000 0.12214000 0.28388000
0.28717000 0.01981000 0.32421000
0.32988000 0.23112000 0.01199000
0.25073000 0.05578000 0.03124000
0.45076000 0.12170000 0.18071000
0.48048000 0.21665000 0.03939000
0.43602000 0.04190000 0.21430000
0.49897000 0.23796000 0.20554000
0.30971000 0.15996000 0.05535000
0.46182000 0.11738000 0.32444000
0.39825000 0.10354000 0.23844000
0.37108000 0.00265000 0.13178000
0.44340000 0.19143000 0.15094000
0.32865000 0.23037000 0.28904000
0.42020000 0.23127000 0.26994000
0.46451000 0.13525000 0.25556000
0.33751000 0.10797000 0.15403000
0.30423000 0.08158000 0.06850000
0.49764000 0.02539000 0.00196000
0.48957000 0.07690000 0.14618000
0.42092000 0.07311000 0.00642000
0.38998000 0.07186000 0.32671000
0.25086000 0.16823000 0.28073000
0.37853000 0.07236000 0.63984000
0.42017000 0.11240000 0.53140000
0.37212000 0.17756000 0.33930000
0.39032000 0.04844000 0.48060000
0.46224000 0.00490000 0.45570000
0.34654000 0.00914000 0.40458000
0.26973000 0.06793000 0.45862000
0.37755000 0.08939000 0.40707000
0.45461000 0.05044000 0.58750000
0.36649000 0.21834000 0.48393000
0.36597000 0.15792000 0.61467000
0.28136000 0.12677000 0.34228000
0.40777000 0.00937000 0.60112000
0.30029000 0.20046000 0.36644000
0.34597000 0.14766000 0.50757000
0.25838000 0.00035000 0.59640000
0.39223000 0.18441000 0.41190000
0.43330000 0.16907000 0.58289000
0.30101000 0.15326000 0.58743000
0.31579000 0.06843000 0.37311000
0.44747000 0.04332000 0.37783000
0.26683000 0.21259000 0.47687000
0.45862000 0.19922000 0.34685000
0.28772000 0.13945000 0.46876000
0.43441000 0.12850000 0.44083000
0.31690000 0.03588000 0.49874000
0.26287000 0.21421000 0.62869000
0.46161000 0.05539000 0.49784000
0.39834000 0.24679000 0.55597000
0.30683000 0.07630000 0.56555000
0.33626000 0.24230000 0.64436000
0.48070000 0.00016000 0.64309000
0.45492000 0.09668000 0.66619000
0.44065000 0.07863000 0.75594000
0.26499000 0.19428000 0.97562000
0.35651000 0.15077000 0.99636000
0.42760000 0.21537000 0.75821000
0.29009000 0.01294000 0.86624000
0.36451000 0.14987000 0.91017000
0.30887000 0.11519000 0.80712000
0.40431000 0.21149000 0.98167000
0.46926000 0.14501000 0.78815000
0.46677000 0.12028000 0.96129000
0.37764000 0.16126000 0.80254000
0.32341000 0.21131000 0.76525000
0.45018000 0.02240000 0.92480000
0.49704000 0.18485000 0.91780000
0.43241000 0.14984000 0.71044000
0.42978000 0.17843000 0.91297000
0.48558000 0.18668000 0.72387000
0.29065000 0.01239000 0.69520000
0.30595000 0.20427000 0.89512000
0.47942000 0.02637000 0.79260000
0.37300000 0.16406000 0.71795000
0.39396000 0.22351000 0.84555000
0.32185000 0.09254000 0.70045000
0.27063000 0.15365000 0.72193000
0.34741000 0.04456000 0.92180000
0.34559000 0.06811000 0.84065000
0.28043000 0.11528000 0.98530000
0.38335000 0.04353000 0.70900000
0.42856000 0.06476000 0.87200000
0.25096000 0.23339000 0.80051000
0.37217000 0.24560000 0.72816000
0.41846000 0.21214000 0.66690000
0.25106000 0.02281000 0.96111000
0.40165000 0.00234000 0.83147000
0.49390000 0.07254000 0.86334000
0.49431000 0.24162000 0.87582000
0.40496000 0.49649000 0.00475000
0.43359000 0.45642000 0.06414000
0.43206000 0.46698000 0.29698000
0.31705000 0.30081000 0.12635000
0.32130000 0.40384000 0.10222000
0.40149000 0.49783000 0.23540000
0.49160000 0.31371000 0.19933000
0.29138000 0.29408000 0.26335000
0.36292000 0.39233000 0.23492000
0.38540000 0.48110000 0.16271000
0.40213000 0.28463000 0.08632000
0.36202000 0.35162000 0.07419000
0.43431000 0.39274000 0.26529000
0.36296000 0.45767000 0.08098000
0.48005000 0.36009000 0.11408000
0.27854000 0.37451000 0.31558000
0.30381000 0.32184000 0.19630000
0.41926000 0.35266000 0.19401000
0.35273000 0.33589000 0.27997000
0.30379000 0.39979000 0.18713000
0.29120000 0.33321000 0.02570000
0.34881000 0.45746000 0.26720000
0.46284000 0.39817000 0.04782000
0.49502000 0.40608000 0.16320000
0.26485000 0.48277000 0.09631000
0.41063000 0.30080000 0.29486000
0.42473000 0.43674000 0.14906000
0.45910000 0.46893000 0.20577000
0.30538000 0.43799000 0.03098000
0.41690000 0.26691000 0.16945000
0.25324000 0.40786000 0.12168000
0.49658000 0.49508000 0.08429000
0.46674000 0.25576000 0.11086000
0.25430000 0.35245000 0.24277000
0.42191000 0.31079000 0.49961000
0.30204000 0.33452000 0.63076000
0.43763000 0.45116000 0.38861000
0.29471000 0.26981000 0.35125000
0.30025000 0.29436000 0.49862000
0.40168000 0.29004000 0.38434000
0.48225000 0.45863000 0.53352000
0.45862000 0.37279000 0.48078000
0.35360000 0.36652000 0.34804000
0.45975000 0.35110000 0.60316000
0.40110000 0.48905000 0.62462000
0.36239000 0.33976000 0.51077000
0.34241000 0.45320000 0.48773000
0.27515000 0.33244000 0.42628000
0.38357000 0.38473000 0.46288000
0.36347000 0.43324000 0.34861000
0.47140000 0.41602000 0.63704000
0.27879000 0.42540000 0.44872000
0.45551000 0.28222000 0.57672000
0.43985000 0.43940000 0.47466000
0.43711000 0.35237000 0.40661000
0.48810000 0.47881000 0.62065000
0.30693000 0.37569000 0.53444000
0.41870000 0.41174000 0.57971000
0.34085000 0.43634000 0.56450000
0.36225000 0.48701000 0.39665000
0.34919000 0.37408000 0.59778000
0.47786000 0.27199000 0.33664000
0.47097000 0.37276000 0.34566000
0.26037000 0.30485000 0.56350000
0.31550000 0.41693000 0.66441000
0.32054000 0.27475000 0.57915000
0.25297000 0.48171000 0.55674000
0.38657000 0.49895000 0.49613000
0.28718000 0.49580000 0.36638000
0.43155000 0.25211000 0.46344000
0.32465000 0.25559000 0.42972000
0.42604000 0.43040000 0.70614000
0.33038000 0.29334000 0.96945000
0.48448000 0.31302000 0.76733000
0.35798000 0.47170000 0.70386000
0.36630000 0.40750000 0.97812000
0.31338000 0.44462000 0.87923000
0.35095000 0.47849000 0.94534000
0.29422000 0.31829000 0.84822000
0.41446000 0.37918000 0.77390000
0.31689000 0.37174000 0.93408000
0.38624000 0.33071000 0.82870000
0.25942000 0.33649000 0.77087000
0.34336000 0.37319000 0.74279000
0.37688000 0.48867000 0.86630000
0.47465000 0.37916000 0.79610000
0.42281000 0.40228000 0.86909000
0.49276000 0.46395000 0.99520000
0.29496000 0.27854000 0.74421000
0.44059000 0.45514000 0.92899000
0.46146000 0.28660000 0.91932000
0.34918000 0.31141000 0.69961000
0.32489000 0.38069000 0.83175000
0.41138000 0.45707000 0.79369000
0.42252000 0.36056000 0.66769000
0.27060000 0.49348000 0.98301000
0.46168000 0.47922000 0.74421000
0.30365000 0.43610000 0.76421000
0.46554000 0.26141000 0.69915000
0.48342000 0.30991000 0.84834000
0.25042000 0.42251000 0.92162000
0.35352000 0.26857000 0.81397000
0.42366000 0.38477000 0.94862000
0.31141000 0.48665000 0.82037000
0.49206000 0.41233000 0.91251000
0.25131000 0.47285000 0.86610000
0.49956000 0.44442000 0.80155000
0.44117000 0.31181000 0.99868000
0.28703000 0.62995000 0.19429000
0.34936000 0.59468000 0.20071000
0.26882000 0.70020000 0.24598000
0.38626000 0.57329000 0.01524000
0.49717000 0.54686000 0.29504000
0.42199000 0.61780000 0.12118000
0.27203000 0.50938000 0.16927000
0.36046000 0.70132000 0.25956000
0.38769000 0.65949000 0.17779000
0.34155000 0.60985000 0.29361000
0.33429000 0.50886000 0.13017000
0.43431000 0.51627000 0.09266000
0.34076000 0.64289000 0.11248000
0.40013000 0.73665000 0.01190000
0.34518000 0.52786000 0.04275000
0.44238000 0.56856000 0.24360000
0.33209000 0.54197000 0.32237000
0.40192000 0.72381000 0.13538000
0.48884000 0.64525000 0.32414000
0.46796000 0.58308000 0.07591000
0.34046000 0.57470000 0.09215000
0.37930000 0.73939000 0.32666000
0.26321000 0.59636000 0.09372000
0.49695000 0.54660000 0.01241000
0.43753000 0.68769000 0.06790000
0.29680000 0.71599000 0.31944000
0.28375000 0.68910000 0.02445000
0.40309000 0.57774000 0.32389000
0.28769000 0.70271000 0.13396000
0.40261000 0.54955000 0.17133000
0.43224000 0.70424000 0.25131000
0.27199000 0.57678000 0.28797000
0.42558000 0.62722000 0.01242000
0.27518000 0.53980000 0.05676000
0.47580000 0.72443000 0.13263000
0.35586000 0.64474000 0.00337000
0.25130000 0.57755000 0.17288000
0.33675000 0.74933000 0.12974000
0.30512000 0.65285000 0.36283000
0.42435000 0.53893000 0.54907000
0.45391000 0.74759000 0.61546000
0.47849000 0.58661000 0.58507000
0.38387000 0.71766000 0.51179000
0.44129000 0.73731000 0.44559000
0.32712000 0.66998000 0.55544000
0.49006000 0.62658000 0.51729000
0.33436000 0.71582000 0.64666000
0.27621000 0.62715000 0.48123000
0.35816000 0.57827000 0.40513000
0.48826000 0.69677000 0.52980000
0.31405000 0.51389000 0.45162000
0.30409000 0.52771000 0.57413000
0.29609000 0.64014000 0.63058000
0.42153000 0.62287000 0.47217000
0.48552000 0.53599000 0.51368000
0.26752000 0.55371000 0.40118000
0.37378000 0.57879000 0.52276000
0.40409000 0.59084000 0.59324000
0.36595000 0.65013000 0.41881000
0.46773000 0.57907000 0.37559000
0.33492000 0.56559000 0.63311000
0.46275000 0.68021000 0.60307000
0.28902000 0.73344000 0.45545000
0.25377000 0.72330000 0.54121000
0.43106000 0.54686000 0.46680000
0.44494000 0.69967000 0.35234000
0.28509000 0.56489000 0.49975000
0.49311000 0.54219000 0.65324000
0.42519000 0.50601000 0.36319000
0.34401000 0.74509000 0.57465000
0.29303000 0.50703000 0.66083000
0.25412000 0.68543000 0.66277000
0.26276000 0.72039000 0.83889000
0.46086000 0.73739000 0.71061000
0.39268000 0.73803000 0.69632000
0.45224000 0.64555000 0.68804000
0.30345000 0.52362000 0.91525000
0.30588000 0.59538000 0.72706000
0.32904000 0.55930000 0.83980000
0.49057000 0.70649000 0.80266000
0.44363000 0.60628000 0.92243000
0.31770000 0.62800000 0.82119000
0.33230000 0.58130000 0.95842000
0.42191000 0.53819000 0.79933000
0.40145000 0.67169000 0.93866000
0.32475000 0.53693000 0.76246000
0.26533000 0.65143000 0.74589000
0.39661000 0.69718000 0.85696000
0.41769000 0.72107000 0.78072000
0.44541000 0.64682000 0.78673000
0.49018000 0.53729000 0.89889000
0.38710000 0.59660000 0.80895000
0.26004000 0.54305000 0.80291000
0.32255000 0.73029000 0.87771000
0.32924000 0.65210000 0.91442000
0.43907000 0.51246000 0.86949000
0.46305000 0.66047000 0.85939000
0.31246000 0.71317000 0.72307000
0.44353000 0.54348000 0.71739000
0.37301000 0.60719000 0.89309000
0.48449000 0.71668000 0.95955000
0.37391000 0.65857000 0.68580000
0.38188000 0.58529000 0.72387000
0.44301000 0.53221000 0.95727000
0.31826000 0.72033000 0.96010000
0.49876000 0.64255000 0.98569000
0.38014000 0.74714000 0.93084000
0.27493000 0.82318000 0.26473000
0.44605000 0.78814000 0.12874000
0.32147000 0.94717000 0.09926000
0.26571000 0.87451000 0.08722000
0.48864000 0.95662000 0.20207000
0.39782000 0.96350000 0.22461000
0.26193000 0.82051000 0.02231000
0.32878000 0.79565000 0.05932000
0.39624000 0.75995000 0.23788000
0.32033000 0.85108000 0.13124000
0.42069000 0.98197000 0.03822000
0.43136000 0.79144000 0.04975000
0.45417000 0.98594000 0.27861000
0.43148000 0.88528000 0.13641000
0.38588000 0.82334000 0.17294000
0.34767000 0.91466000 0.20444000
0.49205000 0.91537000 0.29866000
0.35798000 0.89804000 0.07333000
0.42108000 0.89387000 0.26584000
0.38676000 0.93409000 0.13256000
0.33552000 0.81328000 0.28704000
0.45044000 0.87517000 0.04544000
0.26618000 0.76938000 0.11232000
0.33475000 0.90389000 0.28463000
0.46502000 0.98597000 0.12001000
0.43700000 0.82434000 0.24020000
0.26852000 0.99165000 0.07510000
0.28295000 0.98186000 0.22527000
0.33667000 0.96919000 0.32229000
0.49776000 0.82336000 0.07137000
0.26520000 0.89079000 0.19297000
0.49290000 0.90796000 0.10459000
0.46986000 0.75381000 0.31066000
0.25185000 0.96084000 0.29588000
0.32288000 0.99450000 0.00474000
0.40776000 0.84272000 0.33112000
0.44650000 0.93412000 0.58594000
0.32953000 0.90768000 0.60345000
0.28289000 0.78679000 0.62896000
0.45251000 0.90027000 0.49687000
0.28106000 0.91251000 0.37353000
0.39095000 0.77978000 0.42942000
0.40258000 0.92987000 0.37771000
0.42059000 0.82967000 0.55450000
0.47678000 0.94552000 0.36331000
0.36688000 0.81893000 0.60767000
0.30760000 0.93150000 0.47319000
0.31497000 0.78808000 0.40030000
0.44149000 0.76192000 0.53155000
0.28554000 0.86263000 0.45627000
0.28856000 0.85346000 0.63746000
0.33168000 0.85119000 0.36148000
0.28958000 0.95635000 0.54738000
0.47600000 0.80383000 0.47275000
0.38812000 0.93774000 0.48379000
0.30697000 0.80848000 0.50823000
0.38379000 0.86596000 0.51042000
0.37244000 0.99711000 0.53234000
0.48311000 0.82881000 0.60321000
0.34214000 0.89274000 0.41877000
0.40460000 0.99637000 0.34860000
0.35177000 0.96171000 0.64978000
0.44125000 0.86880000 0.41354000
0.49990000 0.94627000 0.44487000
0.36689000 0.92130000 0.87338000
0.48955000 0.95503000 0.87435000
0.29125000 0.90985000 0.81366000
0.35122000 0.84892000 0.89441000
0.34080000 0.87294000 0.70737000
0.26496000 0.79388000 0.74308000
0.29766000 0.80604000 0.92911000
0.27975000 0.85658000 0.76080000
0.32732000 0.96293000 0.82980000
0.32830000 0.78767000 0.79085000
0.30743000 0.90028000 0.93460000
0.37762000 0.80958000 0.72397000
0.27203000 0.95094000 0.88878000
0.41730000 0.81195000 0.97063000
0.39132000 0.98042000 0.93600000
0.27462000 0.82874000 0.84245000
0.43493000 0.92533000 0.97966000
0.41567000 0.93328000 0.80020000
0.39745000 0.95721000 0.72626000
0.46019000 0.90426000 0.69774000
0.39700000 0.82086000 0.83675000
0.49136000 0.92338000 0.77965000
0.49783000 0.80089000 0.96569000
0.48364000 0.80700000 0.78263000
0.26466000 0.95299000 0.97166000
0.40115000 0.88560000 0.74345000
0.46626000 0.85951000 0.82963000
0.26624000 0.93118000 0.73181000
0.46606000 0.98736000 0.72853000
0.33656000 0.94048000 0.75256000
0.48201000 0.85749000 0.91783000
0.43841000 0.80799000 0.67242000
0.33869000 0.86901000 0.99280000
0.47173000 0.75456000 0.89553000
0.65467000 0.17521000 0.07229000
0.54460000 0.12067000 0.31484000
0.50846000 0.18027000 0.27134000
0.57677000 0.22190000 0.30007000
0.58545000 0.09916000 0.14640000
0.63996000 0.24623000 0.23035000
0.73680000 0.19414000 0.06889000
0.62489000 0.04601000 0.23964000
0.62896000 0.23916000 0.06445000
0.74246000 0.21940000 0.21510000
0.65198000 0.22455000 0.30598000
0.64240000 0.10487000 0.26837000
0.66442000 0.19992000 0.17462000
0.64850000 0.07017000 0.16576000
0.66809000 0.04382000 0.09990000
0.70308000 0.09117000 0.23487000
0.53362000 0.11439000 0.07222000
0.56154000 0.02770000 0.27399000
0.61748000 0.16579000 0.22184000
0.58080000 0.01400000 0.18368000
0.66844000 0.08659000 0.03137000
0.72662000 0.03219000 0.19193000
0.57186000 0.00877000 0.06223000
0.53682000 0.12946000 0.20002000
0.52473000 0.18331000 0.12553000
0.63786000 0.14492000 0.13938000
0.60315000 0.15966000 0.31934000
0.58503000 0.07533000 0.02500000
0.70905000 0.03026000 0.32354000
0.72596000 0.01418000 0.08177000
0.55372000 0.23135000 0.07959000
0.71916000 0.13281000 0.17773000
0.71690000 0.17733000 0.30148000
0.50748000 0.05359000 0.33285000
0.66845000 0.12462000 0.61892000
0.57934000 0.21550000 0.44884000
0.52267000 0.03245000 0.56394000
0.67800000 0.24939000 0.61954000
0.62521000 0.14304000 0.38998000
0.54147000 0.01630000 0.43379000
0.63909000 0.02488000 0.55017000
0.70062000 0.06298000 0.51419000
0.55798000 0.14248000 0.58985000
0.69168000 0.20223000 0.49768000
0.50834000 0.11095000 0.53999000
0.69244000 0.16236000 0.41483000
0.70675000 0.01829000 0.64357000
0.55399000 0.07683000 0.48553000
0.61552000 0.21871000 0.53178000
0.62329000 0.12239000 0.46603000
0.51643000 0.13205000 0.39617000
0.70512000 0.23217000 0.42277000
0.60404000 0.22500000 0.37458000
0.64624000 0.01100000 0.46163000
0.69547000 0.12969000 0.49078000
0.62102000 0.08121000 0.61450000
0.67965000 0.05227000 0.39009000
0.60846000 0.02405000 0.37325000
0.52672000 0.21230000 0.61609000
0.56840000 0.07739000 0.38728000
0.63010000 0.19947000 0.61253000
0.57923000 0.23355000 0.66001000
0.70574000 0.18267000 0.59566000
0.50401000 0.08009000 0.43520000
0.50073000 0.15538000 0.46769000
0.58482000 0.12436000 0.80130000
0.52696000 0.08599000 0.68761000
0.72232000 0.04983000 0.90145000
0.63029000 0.00402000 0.74043000
0.57782000 0.11444000 0.89293000
0.70724000 0.07863000 0.73759000
0.63658000 0.16010000 0.87774000
0.51799000 0.14002000 0.85797000
0.72780000 0.13702000 0.68781000
0.72620000 0.19999000 0.74413000
0.70124000 0.20507000 0.85051000
0.65480000 0.01416000 0.89177000
0.64828000 0.07856000 0.91470000
0.66149000 0.21972000 0.92151000
0.73097000 0.20701000 0.94110000
0.56202000 0.03733000 0.91171000
0.54069000 0.02338000 0.74745000
0.68556000 0.08586000 0.81239000
0.65050000 0.19547000 0.74078000
0.52989000 0.17995000 0.98645000
0.59090000 0.04939000 0.79639000
0.65212000 0.05986000 0.68685000
0.51602000 0.08858000 0.76619000
0.53666000 0.20860000 0.81896000
0.58057000 0.17519000 0.74901000
0.60934000 0.13222000 0.67871000
0.50854000 0.24051000 0.96276000
0.62432000 0.15772000 0.95428000
0.58118000 0.22911000 0.99216000
0.58268000 0.04589000 0.67050000
0.62362000 0.23410000 0.79803000
0.64589000 0.02679000 0.99408000
0.53571000 0.16909000 0.67512000
0.73429000 0.13548000 0.95001000
0.74499000 0.03986000 0.99837000
0.74753000 0.01284000 0.74910000
0.52442000 0.24997000 0.75808000
0.59367000 0.24831000 0.90367000
0.58062000 0.41956000 0.19571000
0.70248000 0.45617000 0.05999000
0.64196000 0.36981000 0.19048000
0.55851000 0.45573000 0.01053000
0.56677000 0.34085000 0.08820000
0.52825000 0.29316000 0.10195000
0.67993000 0.28419000 0.05805000
0.55478000 0.43622000 0.31192000
0.73443000 0.36557000 0.29976000
0.61845000 0.40657000 0.05282000
0.54528000 0.28614000 0.28080000
0.72278000 0.45084000 0.22134000
0.61306000 0.49721000 0.06006000
0.66792000 0.40601000 0.11640000
0.55041000 0.44749000 0.11475000
0.72508000 0.33826000 0.18717000
0.63109000 0.41590000 0.29198000
0.50856000 0.47464000 0.27138000
0.73739000 0.29878000 0.25389000
0.64885000 0.26338000 0.13747000
0.57326000 0.32881000 0.21154000
0.64205000 0.45839000 0.17282000
0.58210000 0.29212000 0.02533000
0.62474000 0.34383000 0.26569000
0.66502000 0.29390000 0.28180000
0.54320000 0.35702000 0.31084000
0.52351000 0.41161000 0.23993000
0.74862000 0.41182000 0.10842000
0.53770000 0.39652000 0.05266000
0.69523000 0.42215000 0.32493000
0.74250000 0.26087000 0.02012000
0.72978000 0.27261000 0.16304000
0.56867000 0.25656000 0.18724000
0.70879000 0.35982000 0.40319000
0.56609000 0.42235000 0.51231000
0.63317000 0.33043000 0.64937000
0.67618000 0.34224000 0.56539000
0.64278000 0.33903000 0.46362000
0.73959000 0.30637000 0.45144000
0.61408000 0.37211000 0.37951000
0.60255000 0.29231000 0.40213000
0.63052000 0.40012000 0.46810000
0.56959000 0.34734000 0.45104000
0.72354000 0.48711000 0.34635000
0.50187000 0.38220000 0.54318000
0.65667000 0.44419000 0.55169000
0.56969000 0.41512000 0.58679000
0.55968000 0.27361000 0.59425000
0.68830000 0.43760000 0.40875000
0.68549000 0.43039000 0.64628000
0.53764000 0.44891000 0.39616000
0.59840000 0.35286000 0.58263000
0.63712000 0.25834000 0.45217000
0.57939000 0.49083000 0.48945000
0.67774000 0.29796000 0.39629000
0.70975000 0.26718000 0.49955000
0.51622000 0.28221000 0.52301000
0.61636000 0.44133000 0.39392000
0.51254000 0.31974000 0.40328000
0.73649000 0.42184000 0.59379000
0.51386000 0.43896000 0.46606000
0.59112000 0.48434000 0.59351000
0.54073000 0.43390000 0.65384000
0.52772000 0.25436000 0.39799000
0.50722000 0.31649000 0.65790000
0.70092000 0.35125000 0.69178000
0.58994000 0.45741000 0.78724000
0.68882000 0.40899000 0.96322000
0.50551000 0.34513000 0.91312000
0.66751000 0.41652000 0.73879000
0.62567000 0.32005000 0.77522000
0.64726000 0.29468000 0.89334000
0.70257000 0.42088000 0.83015000
0.68420000 0.34703000 0.85968000
0.55837000 0.44021000 0.92034000
0.62000000 0.38757000 0.94316000
0.53169000 0.37153000 0.84036000
0.67153000 0.48625000 0.74757000
0.60716000 0.41770000 0.86129000
0.51882000 0.37724000 0.70261000
0.52957000 0.34943000 0.99750000
0.62426000 0.48192000 0.67886000
0.73518000 0.48197000 0.72432000
0.55392000 0.43171000 0.73141000
0.72602000 0.34370000 0.77898000
0.58831000 0.37634000 0.75860000
0.61002000 0.41592000 0.67245000
0.60176000 0.34909000 0.86674000
0.73753000 0.27976000 0.83567000
0.57819000 0.30374000 0.70873000
0.74507000 0.37110000 0.90908000
0.54986000 0.30866000 0.80644000
0.70664000 0.30326000 0.91558000
0.70123000 0.26548000 0.77355000
0.66406000 0.25421000 0.98652000
0.74065000 0.47335000 0.88166000
0.73572000 0.41407000 0.69245000
0.68860000 0.28646000 0.69439000
0.67734000 0.34298000 0.98787000
0.67608000 0.54098000 0.04986000
0.59374000 0.68205000 0.01874000
0.62616000 0.66884000 0.14572000
0.65324000 0.52799000 0.23876000
0.51492000 0.51535000 0.18018000
0.59378000 0.60068000 0.20345000
0.50557000 0.58579000 0.16451000
0.65106000 0.64401000 0.02319000
0.61930000 0.65456000 0.24521000
0.74399000 0.59650000 0.32775000
0.50000000 0.67486000 0.24426000
0.56556000 0.71166000 0.23716000
0.71508000 0.61011000 0.06771000
0.65793000 0.72245000 0.29169000
0.69757000 0.60844000 0.16461000
0.59281000 0.71375000 0.10717000
0.69021000 0.53914000 0.16141000
0.54411000 0.57712000 0.08050000
0.70749000 0.56702000 0.24268000
0.61359000 0.59751000 0.07394000
0.70407000 0.67447000 0.06111000
0.54687000 0.74481000 0.32600000
0.68655000 0.68630000 0.19929000
0.67553000 0.64224000 0.28589000
0.52721000 0.61316000 0.24622000
0.57135000 0.54161000 0.25524000
0.67542000 0.72807000 0.09610000
0.50184000 0.65211000 0.16431000
0.67408000 0.53238000 0.31809000
0.73984000 0.66612000 0.14082000
0.59065000 0.55421000 0.02104000
0.72874000 0.63305000 0.22636000
0.62295000 0.74038000 0.18233000
0.54453000 0.64554000 0.06295000
0.57908000 0.50576000 0.13485000
0.61293000 0.57324000 0.33082000
0.50039000 0.73869000 0.04814000
0.62967000 0.51250000 0.44059000
0.55847000 0.61100000 0.55189000
0.57379000 0.69000000 0.51780000
0.53891000 0.50957000 0.35987000
0.50964000 0.55266000 0.43554000
0.68663000 0.66155000 0.48708000
0.60896000 0.50617000 0.34674000
0.68843000 0.61855000 0.56206000
0.66524000 0.67720000 0.57516000
0.53248000 0.69423000 0.61567000
0.65772000 0.55421000 0.52861000
0.66115000 0.53751000 0.64211000
0.63611000 0.62195000 0.39164000
0.60854000 0.71670000 0.45891000
0.68424000 0.56323000 0.42663000
0.62739000 0.60122000 0.46878000
0.63849000 0.70926000 0.37252000
0.52686000 0.65012000 0.43766000
0.71361000 0.71482000 0.36848000
0.69253000 0.62129000 0.66305000
0.72555000 0.55871000 0.57094000
0.53528000 0.59418000 0.65047000
0.59200000 0.56815000 0.60932000
0.54854000 0.53181000 0.54302000
0.74478000 0.64639000 0.44367000
0.50132000 0.71218000 0.43351000
0.69751000 0.52663000 0.92186000
0.59062000 0.67770000 0.77021000
0.54911000 0.73098000 0.98579000
0.73064000 0.55671000 0.71251000
0.61696000 0.66567000 0.67301000
0.74285000 0.60779000 0.77254000
0.51782000 0.67976000 0.73525000
0.50024000 0.59746000 0.81441000
0.50546000 0.54287000 0.76024000
0.72433000 0.69450000 0.82969000
0.65775000 0.69739000 0.97128000
0.50814000 0.61712000 0.89266000
0.67733000 0.71695000 0.76199000
0.59885000 0.58031000 0.87903000
0.56263000 0.54373000 0.71220000
0.54686000 0.65761000 0.84276000
0.55724000 0.52627000 0.83244000
0.72616000 0.69514000 0.91667000
0.66159000 0.54833000 0.75609000
0.71552000 0.61742000 0.85949000
0.66652000 0.57709000 0.98203000
0.56722000 0.70911000 0.90330000
0.56998000 0.61736000 0.98865000
0.56198000 0.73771000 0.71888000
0.63159000 0.66460000 0.87213000
0.62373000 0.63341000 0.94470000
0.60985000 0.59590000 0.75705000
0.71952000 0.62879000 0.95065000
0.63381000 0.50687000 0.81016000
0.61717000 0.74493000 0.77937000
0.67158000 0.74741000 0.67472000
0.64547000 0.50325000 0.97817000
0.61799000 0.74908000 0.93899000
0.55654000 0.50108000 0.91003000
0.64318000 0.96723000 0.31131000
0.54743000 0.85495000 0.12709000
0.72432000 0.93111000 0.28104000
0.51885000 0.96026000 0.06285000
0.63887000 0.96934000 0.19096000
0.53361000 0.85263000 0.28385000
0.66348000 0.89424000 0.11305000
0.68199000 0.75323000 0.00713000
0.67075000 0.96604000 0.10906000
0.68733000 0.98190000 0.24997000
0.64025000 0.92479000 0.03581000
0.64613000 0.82858000 0.18488000
0.59929000 0.88371000 0.31911000
0.58456000 0.91278000 0.14369000
0.74209000 0.96825000 0.16821000
0.60714000 0.86825000 0.08161000
0.54251000 0.91288000 0.21532000
0.66458000 0.87395000 0.28412000
0.61315000 0.76799000 0.05296000
0.71586000 0.80930000 0.06873000
0.51714000 0.77193000 0.22182000
0.51182000 0.84350000 0.21051000
0.58372000 0.77963000 0.13335000
0.61545000 0.88609000 0.23077000
0.56401000 0.95909000 0.27976000
0.60593000 0.78396000 0.26128000
0.71816000 0.77744000 0.26342000
0.71420000 0.87219000 0.18035000
0.74429000 0.90370000 0.10460000
0.55981000 0.90979000 0.00622000
0.68599000 0.75276000 0.17691000
0.70403000 0.97393000 0.00337000
0.57106000 0.81810000 0.49472000
0.73165000 0.96708000 0.34858000
0.50589000 0.79638000 0.39040000
0.72596000 0.83497000 0.57145000
0.54620000 0.97035000 0.36754000
0.60013000 0.88772000 0.48323000
0.50767000 0.87764000 0.40009000
0.71250000 0.93810000 0.60159000
0.57727000 0.79774000 0.42334000
0.53244000 0.76300000 0.52146000
0.72571000 0.98485000 0.44041000
0.58934000 0.77709000 0.65119000
0.58445000 0.88045000 0.61502000
0.56123000 0.99148000 0.62872000
0.74029000 0.78527000 0.36089000
0.54631000 0.87781000 0.53020000
0.53225000 0.77713000 0.60204000
0.63325000 0.82545000 0.58516000
0.64228000 0.85026000 0.43190000
0.61252000 0.76584000 0.34061000
0.62117000 0.95527000 0.40106000
0.57553000 0.90317000 0.40042000
0.53929000 0.92575000 0.59237000
0.68161000 0.89236000 0.38136000
0.67262000 0.80418000 0.52259000
0.58963000 0.98493000 0.48696000
0.69832000 0.77840000 0.43481000
0.71706000 0.92088000 0.47645000
0.64299000 0.96606000 0.58171000
0.66990000 0.82535000 0.34909000
0.65969000 0.75179000 0.57852000
0.66508000 0.86819000 0.97504000
0.62727000 0.94413000 0.78547000
0.56467000 0.79543000 0.97129000
0.62649000 0.91846000 0.96097000
0.71911000 0.82535000 0.97114000
0.71333000 0.80798000 0.67581000
0.65878000 0.93797000 0.89418000
0.56034000 0.87722000 0.74697000
0.64444000 0.82051000 0.78736000
0.56980000 0.80645000 0.75706000
0.72273000 0.94590000 0.92708000
0.59264000 0.86497000 0.88521000
0.56479000 0.97658000 0.95574000
0.64868000 0.91276000 0.70186000
0.64284000 0.81091000 0.97035000
0.63822000 0.80440000 0.68515000
0.55439000 0.95536000 0.79110000
0.71913000 0.84850000 0.77941000
0.58121000 0.94810000 0.71234000
0.73366000 0.94745000 0.68017000
0.69016000 0.89343000 0.84329000
0.70621000 0.75544000 0.86203000
0.53420000 0.84185000 0.83536000
0.74522000 0.91571000 0.78429000
0.59201000 0.77474000 0.86177000
0.53725000 0.89958000 0.67019000
0.52110000 0.76061000 0.84112000
0.70867000 0.98848000 0.80981000
0.72609000 0.75363000 0.73145000
0.50513000 0.82500000 0.70481000
0.64693000 0.97028000 0.66891000
0.78709000 0.01511000 0.05434000
0.81624000 0.02143000 0.25888000
0.95844000 0.09270000 0.08953000
0.82621000 0.07585000 0.20373000
0.85928000 0.00773000 0.18488000
0.85488000 0.05588000 0.13318000
0.79345000 0.13078000 0.02268000
0.99454000 0.07113000 0.27274000
0.77018000 0.07375000 0.08644000
0.86194000 0.20506000 0.29184000
0.89970000 0.13122000 0.04789000
0.89576000 0.18197000 0.20673000
0.95639000 0.18603000 0.05207000
0.91317000 0.08000000 0.17099000
0.89784000 0.04142000 0.02095000
0.96435000 0.14126000 0.25179000
0.77068000 0.22355000 0.33047000
0.85587000 0.12642000 0.13065000
0.88269000 0.18412000 0.09201000
0.80967000 0.23267000 0.18036000
0.95821000 0.21828000 0.15261000
0.80955000 0.19550000 0.11186000
0.89678000 0.20941000 0.00809000
0.77430000 0.13770000 0.29176000
0.81658000 0.16460000 0.22853000
0.92861000 0.18423000 0.29458000
0.97418000 0.04491000 0.19902000
0.86904000 0.24980000 0.20599000
0.86137000 0.10491000 0.33140000
0.99586000 0.19895000 0.22676000
0.95731000 0.24931000 0.24924000
0.75214000 0.11734000 0.61515000
0.99920000 0.21728000 0.33700000
0.90861000 0.23517000 0.64853000
0.88625000 0.19160000 0.36936000
0.80788000 0.16377000 0.35629000
0.96802000 0.04247000 0.54390000
0.95245000 0.07915000 0.34774000
0.84571000 0.11582000 0.54072000
0.96675000 0.00549000 0.46818000
0.77001000 0.24759000 0.59062000
0.88031000 0.03639000 0.50911000
0.89849000 0.16739000 0.52675000
0.95705000 0.12658000 0.50008000
0.78316000 0.04115000 0.53289000
0.85929000 0.15200000 0.44226000
0.87023000 0.17656000 0.61167000
0.86143000 0.07809000 0.42976000
0.78775000 0.23172000 0.44324000
0.79523000 0.06833000 0.60750000
0.93200000 0.16382000 0.42353000
0.80070000 0.20232000 0.54747000
0.77071000 0.11326000 0.49974000
0.98368000 0.14042000 0.64122000
0.98864000 0.05547000 0.61956000
0.77504000 0.10083000 0.39149000
0.75411000 0.04671000 0.45498000
0.86419000 0.05143000 0.60182000
0.89654000 0.09535000 0.64559000
0.99573000 0.13507000 0.37193000
0.90511000 0.23538000 0.56064000
0.77326000 0.01960000 0.66566000
0.79947000 0.11510000 0.67304000
0.77360000 0.02141000 0.84933000
0.99617000 0.16913000 0.95440000
0.97792000 0.18554000 0.77215000
0.78156000 0.21584000 0.69071000
0.96746000 0.03988000 0.91698000
0.85667000 0.02636000 0.67292000
0.79621000 0.11971000 0.89297000
0.83077000 0.01724000 0.80199000
0.91160000 0.09477000 0.77038000
0.94127000 0.22848000 0.95570000
0.85430000 0.21115000 0.90457000
0.94481000 0.21244000 0.83541000
0.89261000 0.08049000 0.86423000
0.90690000 0.14505000 0.91289000
0.82250000 0.19272000 0.81807000
0.77730000 0.22628000 0.87473000
0.84817000 0.10688000 0.98679000
0.94061000 0.18338000 0.69343000
0.76892000 0.08813000 0.80634000
0.82804000 0.09080000 0.76937000
0.97879000 0.10314000 0.87624000
0.97029000 0.06703000 0.76115000
0.81651000 0.20301000 0.96588000
0.86909000 0.20348000 0.72118000
0.99215000 0.01259000 0.80507000
0.84422000 0.05728000 0.93506000
0.94658000 0.09581000 0.95244000
0.85313000 0.45978000 0.29895000
0.82205000 0.29796000 0.17220000
0.79782000 0.26257000 0.10956000
0.86991000 0.36104000 0.16736000
0.94513000 0.39618000 0.03768000
0.97759000 0.30486000 0.10047000
0.94422000 0.39328000 0.26905000
0.89090000 0.29466000 0.26306000
0.96605000 0.43102000 0.14012000
0.84678000 0.46058000 0.16450000
0.81352000 0.37520000 0.29476000
0.92451000 0.46016000 0.02533000
0.88298000 0.48920000 0.09177000
0.90963000 0.28740000 0.13719000
0.97094000 0.33905000 0.30382000
0.82841000 0.35928000 0.04420000
0.76107000 0.39145000 0.17835000
0.95121000 0.28910000 0.02182000
0.77817000 0.42877000 0.31614000
0.82034000 0.46543000 0.07873000
0.82287000 0.39633000 0.22116000
0.78254000 0.49034000 0.27326000
0.88232000 0.42509000 0.22633000
0.88082000 0.30211000 0.00894000
0.89521000 0.41984000 0.09125000
0.92660000 0.35731000 0.11415000
0.97778000 0.28289000 0.18307000
0.93501000 0.33453000 0.22654000
0.80656000 0.28490000 0.31694000
0.94721000 0.48178000 0.23517000
0.75735000 0.47755000 0.15318000
0.99578000 0.45070000 0.01352000
0.84606000 0.25482000 0.04692000
0.75365000 0.43498000 0.00402000
0.75303000 0.31269000 0.08089000
0.92735000 0.32490000 0.51049000
0.95078000 0.49030000 0.35369000
0.75791000 0.40842000 0.50152000
0.93330000 0.28515000 0.39094000
0.80670000 0.44441000 0.60037000
0.96082000 0.35288000 0.44091000
0.84468000 0.27274000 0.63293000
0.90263000 0.45646000 0.40988000
0.86490000 0.25575000 0.37212000
0.81377000 0.38381000 0.37908000
0.99623000 0.44196000 0.55323000
0.79497000 0.49033000 0.65925000
0.83978000 0.44045000 0.43307000
0.89641000 0.33789000 0.42996000
0.82729000 0.33003000 0.42748000
0.93136000 0.36341000 0.36964000
0.76866000 0.31869000 0.38349000
0.80044000 0.34029000 0.50070000
0.86205000 0.39006000 0.50433000
0.95211000 0.29282000 0.59522000
0.90786000 0.40805000 0.64857000
0.83574000 0.38145000 0.59013000
0.89087000 0.46077000 0.53679000
0.84484000 0.25850000 0.50261000
0.79017000 0.48767000 0.37281000
0.85375000 0.30601000 0.55740000
0.93843000 0.40454000 0.51086000
0.91858000 0.36197000 0.58017000
0.91710000 0.26502000 0.46172000
0.97896000 0.37662000 0.63096000
0.86857000 0.35068000 0.34145000
0.97818000 0.49133000 0.61358000
0.80868000 0.33432000 0.65766000
0.97425000 0.41795000 0.33425000
0.98061000 0.49872000 0.48839000
0.75078000 0.35499000 0.58375000
0.92554000 0.35450000 0.75247000
0.85268000 0.35175000 0.90344000
0.90539000 0.33857000 0.84110000
0.87350000 0.43002000 0.82645000
0.76605000 0.49567000 0.96919000
0.79949000 0.36484000 0.84667000
0.94683000 0.40656000 0.85226000
0.96911000 0.47314000 0.69882000
0.82624000 0.41917000 0.88987000
0.94056000 0.31114000 0.67451000
0.99087000 0.34464000 0.77623000
0.80582000 0.26450000 0.81094000
0.89534000 0.26646000 0.85268000
0.88172000 0.37570000 0.97570000
0.82865000 0.28057000 0.88572000
0.86615000 0.30381000 0.69638000
0.78882000 0.36399000 0.97788000
0.82367000 0.44820000 0.96370000
0.75642000 0.29492000 0.69429000
0.87912000 0.26841000 0.93705000
0.90740000 0.46238000 0.89239000
0.83324000 0.35365000 0.73991000
0.89245000 0.25973000 0.76600000
0.78164000 0.41071000 0.74724000
0.95180000 0.46061000 0.78574000
0.81070000 0.48838000 0.73353000
0.96301000 0.37561000 0.94955000
0.97150000 0.30519000 0.94615000
0.85308000 0.43002000 0.75230000
0.98662000 0.27569000 0.78904000
0.75428000 0.46811000 0.80428000
0.89136000 0.48322000 0.74487000
0.90033000 0.67350000 0.22593000
0.88930000 0.52803000 0.27677000
0.80018000 0.61916000 0.16907000
0.96859000 0.64469000 0.29148000
0.95369000 0.59278000 0.06674000
0.84213000 0.63460000 0.29798000
0.95228000 0.71838000 0.30420000
0.93243000 0.61945000 0.17908000
0.94338000 0.55281000 0.15642000
0.82697000 0.66513000 0.21954000
0.81663000 0.65050000 0.08063000
0.88473000 0.53632000 0.03696000
0.89190000 0.64333000 0.11184000
0.76612000 0.66240000 0.00941000
0.79240000 0.74858000 0.08033000
0.99602000 0.63416000 0.21088000
0.87440000 0.59726000 0.23408000
0.81307000 0.58027000 0.04905000
0.96748000 0.65767000 0.08434000
0.78419000 0.52650000 0.08610000
0.86116000 0.54406000 0.13333000
0.89333000 0.73403000 0.01823000
0.87968000 0.65961000 0.02170000
0.97976000 0.55359000 0.23360000
0.81148000 0.56555000 0.27914000
0.76877000 0.57011000 0.14665000
0.83920000 0.71701000 0.12336000
0.94467000 0.70957000 0.16942000
0.83523000 0.53154000 0.21632000
0.95231000 0.50809000 0.09764000
0.79902000 0.70594000 0.28805000
0.97879000 0.51096000 0.00040000
0.99133000 0.73058000 0.05629000
0.99223000 0.66694000 0.01239000
0.75012000 0.54644000 0.01770000
0.75659000 0.73608000 0.15410000
0.75797000 0.65897000 0.29686000
0.91410000 0.53925000 0.53991000
0.84373000 0.66985000 0.46953000
0.77519000 0.69922000 0.47962000
0.75591000 0.67611000 0.56894000
0.95509000 0.67316000 0.60392000
0.78675000 0.68094000 0.38272000
0.77077000 0.55441000 0.63898000
0.92510000 0.61078000 0.55675000
0.87784000 0.67063000 0.61200000
0.89104000 0.70176000 0.34451000
0.79305000 0.50258000 0.52817000
0.75298000 0.53631000 0.45650000
0.91103000 0.72741000 0.54759000
0.86218000 0.64219000 0.38229000
0.84963000 0.52834000 0.34162000
0.89194000 0.56651000 0.64104000
0.99334000 0.56415000 0.47333000
0.81925000 0.60115000 0.58430000
0.94735000 0.67382000 0.45483000
0.88991000 0.70452000 0.43271000
0.81277000 0.58321000 0.42018000
0.76781000 0.58277000 0.51355000
0.89955000 0.57464000 0.46578000
0.97844000 0.74502000 0.63666000
0.81538000 0.71882000 0.60768000
0.97720000 0.70504000 0.53017000
0.95462000 0.60968000 0.62957000
0.97391000 0.64397000 0.36667000
0.88713000 0.52381000 0.40980000
0.99672000 0.62881000 0.49771000
0.85730000 0.51321000 0.48786000
0.91001000 0.55199000 0.34224000
0.90921000 0.61763000 0.33843000
0.88317000 0.50465000 0.65159000
0.79327000 0.55021000 0.87066000
0.97450000 0.58488000 0.96859000
0.83230000 0.58339000 0.70916000
0.75766000 0.68090000 0.70216000
0.99031000 0.62524000 0.78922000
0.81885000 0.65130000 0.80109000
0.82561000 0.71440000 0.71141000
0.90334000 0.55753000 0.82640000
0.97069000 0.50213000 0.86602000
0.88598000 0.63345000 0.73975000
0.82753000 0.68571000 0.97621000
0.79500000 0.69314000 0.89132000
0.86990000 0.67232000 0.89457000
0.90218000 0.58619000 0.95584000
0.76318000 0.61428000 0.68588000
0.94323000 0.58429000 0.76294000
0.80912000 0.57783000 0.96821000
0.97360000 0.69232000 0.79239000
0.94601000 0.68409000 0.91901000
0.94479000 0.64933000 0.85817000
0.90204000 0.69174000 0.79877000
0.88377000 0.60547000 0.86978000
0.77131000 0.54289000 0.79196000
0.98845000 0.51354000 0.77048000
0.89597000 0.74356000 0.91307000
0.83433000 0.50688000 0.97983000
0.92614000 0.72465000 0.73687000
0.93515000 0.64470000 0.97506000
0.97634000 0.57059000 0.85206000
0.80482000 0.62592000 0.88199000
0.91780000 0.51631000 0.95940000
0.93032000 0.65644000 0.68257000
0.75115000 0.74388000 0.99183000
0.98698000 0.73258000 0.93698000
0.97878000 0.54980000 0.67064000
0.94602000 0.74904000 0.84101000
0.86291000 0.96028000 0.30012000
0.83112000 0.90010000 0.15071000
0.78487000 0.93504000 0.24175000
0.83001000 0.75349000 0.01160000
0.94620000 0.91132000 0.00943000
0.93190000 0.87443000 0.12822000
0.75561000 0.82379000 0.21365000
0.81287000 0.89700000 0.30912000
0.97185000 0.97611000 0.20150000
0.86491000 0.79983000 0.07366000
0.79347000 0.95501000 0.11409000
0.89273000 0.91120000 0.24779000
0.93493000 0.96165000 0.09833000
0.90788000 0.94676000 0.16912000
0.85729000 0.93160000 0.06921000
0.97182000 0.91442000 0.30475000
0.95292000 0.77418000 0.26053000
0.94354000 0.83793000 0.21587000
0.95671000 0.98331000 0.32897000
0.93070000 0.80318000 0.03024000
0.79942000 0.80523000 0.15665000
0.91225000 0.85782000 0.32213000
0.87547000 0.86640000 0.08491000
0.78929000 0.77510000 0.29419000
0.87215000 0.82164000 0.16296000
0.77935000 0.92595000 0.03547000
0.81957000 0.84775000 0.03890000
0.98660000 0.81367000 0.11043000
0.95148000 0.99296000 0.00819000
0.89491000 0.75965000 0.13531000
0.75190000 0.86169000 0.33004000
0.99843000 0.88236000 0.05681000
0.87887000 0.75159000 0.27594000
0.95740000 0.82851000 0.44151000
0.95992000 0.87756000 0.37773000
0.78412000 0.88488000 0.46134000
0.84468000 0.84852000 0.36496000
0.96878000 0.88223000 0.58667000
0.80092000 0.79631000 0.42313000
0.86368000 0.92359000 0.63466000
0.76818000 0.92656000 0.55130000
0.86744000 0.90899000 0.55194000
0.98527000 0.95811000 0.39623000
0.88962000 0.83623000 0.49783000
0.92256000 0.88844000 0.51986000
0.90467000 0.77664000 0.60838000
0.82516000 0.93762000 0.49536000
0.92438000 0.77164000 0.39207000
0.82059000 0.76216000 0.54147000
0.80646000 0.97852000 0.60517000
0.76351000 0.77521000 0.62934000
0.97031000 0.76607000 0.55723000
0.87832000 0.99889000 0.39906000
0.89036000 0.93260000 0.44319000
0.98614000 0.78154000 0.36374000
0.86945000 0.75490000 0.48216000
0.96133000 0.96120000 0.53376000
0.83975000 0.83171000 0.57748000
0.89867000 0.96942000 0.51334000
0.76428000 0.76434000 0.48564000
0.93009000 0.96600000 0.62148000
0.80671000 0.88180000 0.64152000
0.80923000 0.99610000 0.34725000
0.98849000 0.76559000 0.45588000
0.79618000 0.99598000 0.44046000
0.85316000 0.77812000 0.66194000
0.93004000 0.85730000 0.86565000
0.83914000 0.86836000 0.71415000
0.99052000 0.85406000 0.94448000
0.75634000 0.86746000 0.70774000
0.91545000 0.80966000 0.79342000
0.86496000 0.79345000 0.84691000
0.86279000 0.98921000 0.85940000
0.86471000 0.85359000 0.96379000
0.85496000 0.92089000 0.88411000
0.90220000 0.92232000 0.94268000
0.92428000 0.81864000 0.93448000
0.96252000 0.93585000 0.89830000
0.75700000 0.88412000 0.96018000
0.82940000 0.94540000 0.97380000
0.86203000 0.94163000 0.79938000
0.81009000 0.89751000 0.80389000
0.82357000 0.79351000 0.93842000
0.83475000 0.80247000 0.76332000
0.75312000 0.79464000 0.79277000
0.77218000 0.99080000 0.92908000
0.93366000 0.97094000 0.81744000
0.90357000 0.88135000 0.76573000
0.75467000 0.85884000 0.85350000
0.91607000 0.99804000 0.71325000
0.95834000 0.78549000 0.73394000
0.88947000 0.93375000 0.71486000
0.80554000 0.95357000 0.76583000
0.76467000 0.94968000 0.84729000
0.81002000 0.75530000 0.81594000
0.77084000 0.79569000 0.87784000
0.98844000 0.82213000 0.81067000
0.89426000 0.99987000 0.93382000
0.98899000 0.99422000 0.66675000
0.92492000 0.88132000 0.66838000
