0.81662734 0.52633963 0.47488723
0.07006475 0.50591733 0.70751368
0.29036068 0.48762150 0.93108089
0.76866359 0.55068356 0.93726236
0.40040749 0.53802016 0.22281081
0.11526127 0.25600150 0.68591449
0.52218253 0.92117213 0.56579182
0.95923272 0.48822956 0.56604019
0.77493322 0.36469201 0.93094709
0.83281954 0.82679372 0.15807744
0.84620128 -0.00706617 0.06704830
0.57506781 0.99858688 0.97086299
0.56617050 0.17009338 0.95772520
0.11608796 -0.05560514 0.77045197
0.50870924 0.83226228 0.06251767
0.91830686 0.92161159 0.13207390
0.51360530 0.53260945 0.68319755
0.29561667 0.02779484 0.43411214
0.72105136 0.32219413 0.44333748
0.43975083 1.00144690 0.78596433
0.45452383 0.65928198 0.77516504
-0.01013558 0.15473048 0.66004409
0.85720368 0.70368326 0.53914652
0.84457542 0.11792664 0.95172130
0.58630955 0.33595893 0.26846133
0.13151037 0.58857155 0.08978319
0.05629730 1.01159563 0.94599119
0.49648158 0.08885842 0.77076639
0.26475909 0.64104498 0.30365838
0.45338049 0.45063293 0.16247453
0.25371334 0.52886448 -0.02316038
0.82733971 0.05248214 0.45324099
0.85518887 0.50877576 0.39825035
0.59771178 0.80785908 0.29633791
0.30085329 0.38055123 0.78427398
0.79895887 0.98673202 0.33519656
0.20721524 0.72192062 0.24497153
0.88832022 0.15526666 0.34610521
1.04879042 0.81397933 0.29330075
0.13335609 0.51216636 0.95634900
0.94502525 0.99183141 0.23964712
0.41819692 0.60363401 0.18566896
0.27025437 0.33960960 0.24566776
0.54588284 0.51711220 0.95060125
0.77877622 0.42213191 0.00336875
0.83194180 0.85838772 0.28658057
0.89228652 0.82540801 0.27759022
0.78327460 0.25011168 0.30560509
0.15475168 0.73138038 0.50437531
0.33211134 0.56126397 0.86871467
0.67945126 0.92091692 0.61172222
0.85893474 0.26945994 0.41926531
0.38969490 0.80907395 0.50837303
0.68807368 0.88839366 0.07065529
0.23408394 0.63998249 0.58081837
0.95817268 0.85221703 0.28036922
0.93417684 0.57917409 0.40450710
0.41780051 0.95774855 0.89152298
0.63457995 0.55255259 0.00061497
0.06354832 0.18281460 0.80046369
0.18132872 0.75478979 0.85006832
0.39051641 0.74688752 0.45831682
0.59006054 0.39565173 0.49435435
0.03313113 0.80251838 0.02393561
0.91769138 0.14576112 0.43010676
0.96316215 0.35517558 0.36690416
0.42805420 0.83653493 0.78527823
0.78636335 0.07154387 0.32191783
0.87130870 0.95183265 0.47649985
0.93566448 0.62883237 0.01038134
0.75453689 0.86950429 0.91519749
0.59216882 0.74334126 0.41454873
0.94989929 0.28317898 0.20949225
0.23011584 -0.00821939 0.01156776
0.50948752 0.48128467 0.63462580
0.82166306 0.34508918 0.38667607
0.40774723 0.65652658 0.43375691
0.64239588 0.22961729 0.21006713
0.53763037 0.30899560 0.46352643
0.44190707 0.10661568 0.83682466
0.92622095 0.91219640 0.76769990
0.51757607 0.37002295 0.55599744
0.58537701 0.60352704 0.84711441
0.56872747 0.42442092 -0.02832069
0.33865128 0.90807739 0.49398301
0.67217723 0.30189066 0.83734408
0.20919185 0.40119624 0.61057185
0.32077821 1.00192989 0.50295741
0.48941995 0.21488571 0.45459247
0.29452544 0.42954643 0.55933197
0.39327765 0.55525387 0.36101400
0.23169862 0.07905622 0.19052694
0.49599906 0.62911284 0.44382516
0.31639310 0.50732187 0.04029772
0.09068012 0.18900211 0.59710337
0.44003909 0.28484459 0.26291983
0.99326040 0.67676132 0.63899046
0.12220824 0.53449385 0.59824982
0.24024254 0.10010427 0.61451692
0.13372066 0.04214684 0.86517137
0.48491481 0.71065236 0.83811861
0.89881623 1.01340225 0.72244151
0.54781785 0.13880605 0.75313350
0.51532443 0.31639403 0.35520623
0.01147103 0.42607905 0.48440028
0.86811386 0.92877947 0.80870336
0.61092247 0.86801995 0.05002709
0.32766972 0.75090262 0.20680353
0.97497581 0.28676955 0.37121303
0.69245022 0.13820843 0.09669822
0.68512024 0.08278430 0.56385130
0.27481049 0.04539938 0.82934904
0.53793501 0.93953895 0.48524747
0.62710147 0.41335156 0.85293561
0.66878447 0.05345974 0.31727980
0.39691721 0.38542029 0.82012093
0.20378696 0.48693352 0.93476776
0.39218550 0.56243986 0.50052070
0.40388338 -0.04796002 0.97043098
0.13924755 0.31906363 0.76828156
0.58948020 0.53658183 0.87136661
0.02399049 0.18186686 0.05943227
0.18280891 0.07812911 0.72603799
0.42797254 0.77669272 0.27595206
0.35263683 0.44431225 0.06130210
0.55581730 0.63756576 0.78763407
0.39103771 0.58596171 -0.01543425
0.22185977 0.02575640 0.53608394
0.47114940 0.12513904 0.22555326
0.36644430 0.47332823 0.56680013
0.09972732 0.95613467 0.92527578
0.06644957 0.87961761 0.32650166
0.58619839 0.66073202 0.33745919
0.12014153 0.35560443 0.64159700
0.15015125 0.98173600 0.08591701
0.00112549 0.70140497 0.06119143
0.73688578 0.91610812 0.16526204
0.44661176 0.40156709 0.05543115
0.08011486 0.24257931 0.89158287
0.38296293 0.70771421 0.20057176
0.19772458 0.26039424 0.08960027
0.87103723 0.68500191 0.68839584
0.95112139 0.55670101 0.50432586
0.89091859 0.66298722 0.79075468
0.45567216 0.51448601 0.35237114
0.89503465 0.49080299 0.33078119
0.23203351 0.42481991 0.21364038
0.09267215 0.03805340 0.31025083
0.20827585 0.84837650 0.13962311
0.40260729 0.67962687 0.71775627
0.23649851 0.91895271 0.05609829
0.17075735 0.95323877 0.53691859
0.87756441 0.48582362 0.69827008
0.54295981 1.06280912 0.51367370
0.37205658 0.37906497 0.47568966
0.03857444 0.47759827 0.43832019
0.11300713 0.32819789 0.25631385
0.70832341 0.43627789 0.50727141
0.32757865 0.34000370 0.43411298
0.29640783 0.14884034 0.31084203
0.24337214 0.86526099 0.98407907
0.25241838 0.78481688 0.02675579
0.16221567 0.40972148 0.99889098
0.09408091 0.84717278 0.04555435
0.52927465 0.12152794 0.85221621
0.97140599 0.88507260 0.65633944
0.88955166 0.48699771 0.46836579
0.33412672 0.67693275 0.91365591
0.93390983 0.46622992 0.16845130
0.21253762 0.05527714 0.34691739
0.02434337 0.21166566 0.63056885
0.76831762 0.88361802 0.67415968
0.42970500 0.12989301 0.72266355
0.46907289 0.70353185 0.36464043
0.76050194 0.81773284 0.18326960
0.71507314 0.02224981 0.88423623
0.85741019 0.42966047 0.13745966
0.84585247 0.91389765 0.59004049
0.22585093 0.46018179 0.57382559
0.05296241 0.36781672 0.79169688
0.48517079 0.42044177 0.51476125
0.78540041 0.15620764 0.91414976
0.47029330 0.52414209 0.99354973
-0.00269298 0.48866827 0.37436173
0.84191594 0.40489889 0.93004457
0.26997823 0.62305482 0.84795063
0.35058102 0.26620514 0.12426970
0.72397149 0.62625325 0.00715865
0.63885379 0.66453659 0.49150580
0.66537522 0.58266175 0.27748719
0.12742568 0.09870236 0.30222463
0.51894234 0.12681207 0.04999803
0.84838731 0.44223116 0.39169734
0.15696431 0.38562015 0.44536877
1.04196494 0.56075140 0.45518716
0.76530517 0.41457562 0.38928305
0.85689630 0.90383048 0.68140365
0.95147142 0.86216744 0.08793610
0.04748672 0.04000238 0.47970962
0.18553173 0.65720937 0.68505391
0.47745576 0.03065918 0.85387319
0.80740960 0.92214230 0.88804068
0.65899190 0.78816657 0.58724191
0.28133621 0.96280646 0.25397772
0.91852053 0.85990940 0.41322861
0.60128799 0.09546925 0.14384506
0.36074870 0.84643426 0.56528999
0.31366012 0.11816119 0.65578262
0.19732528 0.19625625 0.07075225
0.08318305 0.12382414 0.74857881
0.07707652 0.31348798 0.51880466
0.35176643 0.04820410 0.37575938
0.35451122 0.67141244 0.06538779
0.32400010 0.84227082 0.45888181
0.77100135 0.16181481 0.40163880
0.04003243 0.41812246 0.56006519
0.37755331 0.18262997 0.23330081
0.85903437 0.83362061 0.80513275
0.06578285 0.61509127 0.87704105
0.21246791 0.47297351 0.02877233
1.00008038 0.33116847 1.02939528
0.11167132 0.51562399 0.04450404
0.41950252 0.34332119 0.21239493
0.08668749 0.22187257 0.36195258
1.03794491 0.12615831 0.20114048
0.91618535 0.28052452 0.01178297
0.46866606 0.00017002 0.10875778
0.01730275 0.62589497 0.04186100
0.49114442 0.21607353 0.67753279
0.09655039 0.15469325 0.23227838
0.86355259 0.54471881 0.05250062
0.98872288 0.27993289 0.45043712
0.82154955 1.00271072 0.97437831
0.42802940 0.09681076 0.54150352
0.18349209 0.51235832 0.41446843
0.01661003 0.92693237 0.46968949
0.83202750 0.22160061 0.50092311
0.83092887 0.38500989 0.64716634
0.05085391 0.45966759 0.30840228
0.77720350 0.46262172 0.30645484
-0.00947979 0.90078205 0.55466490
0.70437061 0.55179632 0.90233374
0.03074945 0.29399945 0.77061620
0.39154438 0.83061578 0.17647273
0.54265735 0.18638465 0.83182223
0.68850300 0.58105728 0.52122046
0.64678951 0.66310087 0.09061110
0.21632683 1.00743342 0.45129491
0.24499564 0.97045153 0.67012321
0.99231615 0.74622851 0.63830931
0.32845027 0.33930818 0.08866917
0.32695604 0.93328081 0.81531316
0.76884879 0.84974954 0.82656244
0.34409718 0.61732221 0.10767709
0.63624807 0.78065865 0.84082129
0.81046319 0.52298651 0.33360984
0.13821579 0.02925836 0.55952651
0.06227181 0.74180090 0.55308205
0.72851022 0.14108939 0.78821688
0.61640040 0.05650723 0.80830997
0.86040215 0.15245476 0.47345797
0.80213520 0.68845514 0.37787615
0.44959912 0.54153919 0.77893631
0.14780139 0.42811802 0.77576517
0.73452508 0.18336588 0.33389409
0.83235906 0.19909393 0.32438849
0.13347335 0.60011156 0.71798596
0.51656851 0.29287589 0.78543601
0.76726737 0.97032672 0.26370770
0.74403358 0.75068434 0.42521641
0.28129264 0.20475280 0.25119063
0.94234088 0.43890907 0.49274781
0.80821986 0.90992782 0.36125759
0.35492599 0.88483705 0.76224811
0.63414733 0.67075661 0.82456505
0.17548437 1.02295227 0.98103556
0.89984143 1.02140158 0.52923085
0.83636347 0.59322264 0.32065799
0.22135601 0.18320590 0.87692020
0.86888985 0.49325700 0.94709798
0.66429967 0.39764276 0.26380427
0.41184659 0.72116053 0.11995735
0.88474732 0.18303026 0.86623003
0.67437183 0.76684151 0.24402881
0.87350340 0.26547109 0.32400289
0.97186642 0.38365515 0.83195532
0.64725484 0.63731177 0.56989468
0.74639467 -0.02613556 0.94736170
0.28171205 0.29282967 0.31281005
0.57248894 0.79723319 0.75465423
0.81737306 0.62714984 0.44182095
0.27779361 0.56308661 0.33950057
0.69658893 0.69255782 0.34186192
0.17013917 -0.01172900 0.82258332
0.81336290 0.01638350 0.64135791
0.46221242 0.59313893 0.72217477
0.25052815 0.30394487 0.07815937
0.94930618 0.71754410 0.34513655
0.53550917 0.31813727 -0.02773214
0.58045087 0.11907458 0.53151531
0.85535465 0.65053969 0.01484027
0.44659977 0.66764932 0.50341252
0.93148389 0.69631769 0.08616225
0.11166428 0.40209274 0.16809463
0.69584863 0.88314751 0.69523946
0.62853066 0.41733965 0.71622394
0.84165641 0.15431406 0.70353302
0.93312062 0.24898588 0.91437446
0.79689053 0.06357456 0.83792779
0.20622181 0.50976500 0.76067913
0.20833555 0.22489250 0.35206887
0.62249877 0.18737287 0.30091738
0.99019895 0.03633929 0.89796740
0.36648025 0.87073590 0.07203804
0.52073504 0.44492029 0.12311797
0.69775991 0.61900099 0.33304172
0.45178090 0.28500824 0.68319348
0.04962717 0.28641716 0.63015683
0.74652162 0.92340337 0.77704624
0.57229368 0.86856793 0.17806290
0.82567103 0.68979190 0.93440837
0.61821717 0.03758073 0.10815148
0.68414621 0.85905765 0.35124595
0.49385171 0.88061537 0.18544720
0.28409987 0.52632170 0.76547355
0.38889847 0.33766957 0.61725029
0.18999744 0.22912819 0.68624538
0.31836157 0.71100388 0.78073144
0.34316647 0.22476309 -0.03563668
0.36093096 0.29893717 0.93338683
0.11776174 0.04091454 0.70104360
0.73065683 0.75648928 0.32346130
0.14086381 0.16351875 0.46451104
0.53520119 0.86308308 0.26386579
0.18711041 0.78142837 0.98036665
0.22039413 0.13583035 0.33198295
0.98510484 0.14250472 0.77248850
0.82729022 0.43494683 0.48965358
0.99953007 0.56808098 0.90029726
0.43470260 0.83266672 1.01185612
0.25874960 0.93883804 0.74230308
0.44211907 0.01337065 0.53987392
0.07206814 0.95948485 0.30343647
0.10595604 0.25662880 0.30069256
0.65103301 -0.03287657 0.32953500
0.02627107 0.02614448 0.19455080
0.86916800 0.36799937 0.57768515
0.76488453 0.74418558 0.61769669
0.50237923 0.24667789 0.52660163
0.28590350 0.44709100 0.69819143
0.08951931 0.21690964 0.45059240
0.70799874 0.56420932 0.44140796
0.27625654 0.19501908 0.67031366
0.32488516 0.61406333 0.35067949
0.47095734 0.37510759 0.83984493
0.72313542 0.14163757 0.68547668
0.89998241 0.40840826 0.68412921
0.55166756 0.65612454 0.57015396
0.51757608 0.35361217 0.04498188
0.11894565 0.99425032 0.48599308
0.22856813 0.35097651 0.84454226
0.52656668 0.41797686 0.85669638
0.12270919 0.85441550 0.28583002
0.58908077 0.97337612 0.56312088
0.50584094 0.47558015 0.55124763
0.68943872 0.38278954 0.83913626
0.55059493 0.19029709 0.16700175
0.76898953 0.84407984 0.37204487
0.21059167 0.58080345 0.33831308
0.04078752 0.51545505 0.20272238
0.81119788 0.36840990 0.75205336
0.68149012 0.45129381 0.67224867
0.04327588 0.80342145 0.57853087
0.75103438 0.47540376 0.69183680
0.71954301 0.30014123 0.68152956
0.88641460 0.77163750 0.71160026
0.17581347 0.19143466 0.55326408
0.67147447 0.99279199 0.62544003
0.30001977 0.86901567 0.69371018
0.63719908 0.49765831 0.81784059
0.25147846 0.47784372 0.37788347
0.50757596 0.54225022 0.19707714
0.66819407 0.64438994 0.21998907
0.28228803 0.71481700 0.27811740
0.46626320 0.22411449 0.37005864
0.49879387 0.09447955 0.95203306
0.93133768 0.45709813 0.41067815
0.37958105 0.14039508 0.65035722
0.27378913 0.22923239 0.59326372
0.96892121 0.14260083 0.15623932
0.65250113 0.29286233 0.55219647
0.45475138 0.81128922 0.14099835
0.27783390 0.12884093 1.02222913
0.62171139 0.79417743 0.03523728
0.20881087 0.89957606 0.76738498
0.30283928 0.69379841 0.48549707
0.39527113 0.14897803 0.41573820
0.49175617 -0.05269426 0.89190415
0.82317939 0.85970404 0.02596384
0.04994805 0.73717507 0.69671659
0.58848348 0.23161077 0.63198173
0.17124697 0.28737288 0.35454485
0.54081399 0.05566662 1.00419739
0.40911121 0.34603080 0.10189907
0.72829580 0.22414471 0.89016337
0.27113024 0.23914156 0.11206347
0.98793464 0.75977404 0.09608789
0.75054187 0.21488224 0.58544438
0.71003601 0.78290869 0.66582174
0.98753881 0.60279732 0.54487213
0.72262720 0.86370457 0.24107032
0.39859570 0.60349814 0.85446843
0.30212642 0.78565657 0.88330003
0.97107902 0.77410475 -0.00196026
0.45493744 0.78620159 0.94569757
0.27149319 0.97033386 0.35829845
0.60506046 0.86713116 0.53284116
0.09777457 0.64183722 0.37851637
0.61524710 0.57925141 0.49998739
0.79200321 0.57757577 0.37973581
0.12384639 0.28915294 0.59587436
-0.02892974 0.25606644 0.67672236
0.95687027 1.00555619 0.05211789
0.63240722 0.70466640 0.29005337
0.81172345 0.74522215 0.67884987
0.16388132 0.89144842 0.56526537
0.56622493 0.88860679 0.92614454
0.97809296 0.47573422 0.68520662
0.61070596 0.40162554 0.21100741
0.10166430 0.48258549 0.39988762
0.16128490 0.05401952 0.47075102
0.23476941 0.96891732 0.59150313
0.05175375 0.31910397 0.22144595
0.04069487 0.41570267 0.15516119
0.73929327 0.37299370 0.18942257
0.62901327 0.74442536 0.71069647
0.30917842 0.49582342 0.32763355
0.79273377 0.12932618 0.17621241
0.99322757 0.22931814 0.86633177
0.20113473 0.50110784 0.12122656
0.26245486 0.62496193 0.03787867
0.35288916 0.24696930 0.78846453
0.12675456 0.48630075 0.74252551
0.66158065 0.73428091 0.11701033
0.16398616 0.79543623 0.20612259
0.72204324 0.44577005 0.09147092
0.74822246 0.06100379 0.98682045
0.12714480 0.91486142 0.13844326
1.07901956 0.08883927 0.43300060
0.22157355 0.96723415 0.12290266
0.88474543 0.79121195 0.89863914
0.72261061 0.98498839 0.12515309
0.20201756 0.67449929 0.35029699
0.31526284 0.31329849 0.99542959
0.92267140 0.33245986 0.25735097
0.56648816 0.93888870 0.23538541
0.72957170 0.08504638 0.85368760
0.90735524 0.91980128 0.54807472
0.93783892 0.85596760 0.73640829
0.38457090 0.74259031 0.53518855
0.63794009 0.33003517 0.43079626
0.38590770 0.65697141 0.32295477
0.35943549 0.79935643 0.25314000
0.02688700 0.36090159 0.33761769
0.40923797 0.33466551 0.40145863
0.00427784 0.63701453 0.90564763
0.66359710 0.20005668 0.71973317
0.88011537 0.27757391 0.23542466
0.88159695 0.77074825 0.34056332
0.41296260 0.34247199 -0.00281091
0.32296149 0.24926138 0.70772445
0.07605350 0.91189083 0.51994867
0.01502034 0.01554651 0.76670692
0.78226759 0.82588332 0.09424618
0.32444541 0.90753037 0.62744785
0.92444692 0.20246295 0.10862554
0.95474922 0.53953247 0.68153141
0.32915780 0.00234032 0.81299081
0.66333221 0.88203104 -0.00920486
0.61355696 0.89520920 0.83050459
0.68402437 0.50240455 0.47222717
0.74421175 0.86542834 0.46785330
0.83664313 0.10625900 0.03264026
0.15232771 0.78942503 0.58774980
0.50536392 0.59797188 0.37322135
0.50943877 0.23628212 0.31283801
0.68652501 0.31185687 0.37083444
0.92558809 0.07931553 0.32366298
0.83372479 0.75166398 0.06664028
0.36076533 0.12532257 0.95837858
0.25852022 0.67581667 0.64144606
0.63502264 0.33048708 0.64827760
0.79356674 0.28287914 0.15785640
0.09431907 0.71296669 0.23369275
0.07614919 0.97316609 0.56857750
0.47245564 0.83180716 0.23558873
0.66006951 -0.03297168 0.92670829
0.20863432 0.65147080 0.92562753
0.71154691 0.29183101 0.91349721
0.21799683 0.11067657 0.92801926
0.58047374 0.47689418 0.21870883
0.49772040 0.87234599 0.47313593
0.58100286 0.07224518 0.71486842
0.74350707 0.35083576 0.04169418
0.51889300 0.80176577 0.69058206
0.51794086 0.46375193 0.91453278
0.49826723 0.71726864 0.61217705
0.44434438 0.91901645 0.56456123
0.84517924 0.28026295 0.95187541
0.22360762 0.38384072 0.69848466
0.01818830 0.81318981 0.79164036
0.59663387 0.29201002 0.96758690
0.08259976 0.70503138 0.03516991
0.36887146 0.93545955 0.57854432
0.79926969 0.04962481 0.04718295
0.81035405 0.96262096 0.41326772
0.40755162 0.18591883 0.75712284
0.06667796 0.23001943 0.52998717
0.53366458 0.36938166 0.12739583
0.76867308 0.18909131 1.05952084
0.54160782 0.98912582 0.37432278
0.47498734 0.89780371 0.39363906
0.79368779 0.30900423 0.62128824
0.56227973 0.94095874 0.83815507
0.41824138 0.76571033 0.36471561
0.78277312 0.40420180 0.12861154
0.71643701 0.54753244 0.59620750
0.48507504 0.38647809 0.62119097
0.07974202 0.92252404 0.22108553
0.33880310 0.04277658 0.61540451
0.78843362 0.07592506 0.92238030
0.45843927 0.59686743 0.50969351
0.87774139 0.79200870 0.51464686
0.37526384 0.46793507 0.30899197
0.82486527 0.52957025 0.65693482
0.57715065 0.37832780 0.89159709
0.55722170 0.75166098 -0.02004844
0.94201052 0.15284195 0.84026093
0.33668741 0.58917131 0.02998463
0.19992872 0.82418716 0.29589164
0.08330797 0.18441162 0.11587937
0.74389740 0.94930576 0.70081096
0.84719934 0.13541216 0.81993549
0.36605140 0.18591335 0.04312967
0.58962859 0.75844268 0.50277941
0.11549597 0.09547783 0.51319887
0.24486168 0.27726101 0.69490098
0.61725762 0.56734537 0.35338815
0.83552785 0.26790816 0.02969019
0.10940756 0.87702739 0.79384159
0.18916588 1.02568791 0.28703382
0.42213134 0.81486198 0.69382485
0.98021043 0.74759004 0.74338677
0.88142346 0.59082660 0.91377136
0.57082546 0.15115512 0.08880491
0.30574036 -0.02942205 0.97275066
0.46673736 0.15424337 0.42357324
0.25349472 0.71277053 0.81672158
0.55101690 0.34649986 0.71444367
0.42182550 0.77963763 0.59348626
0.90962024 0.53267810 0.58922652
0.06400513 0.42752222 -0.00333972
0.93459143 0.69338504 0.71828012
0.87410283 0.06524351 0.83283747
0.96719580 0.18391281 0.99199869
0.79091066 0.17808815 0.63990757
0.78586496 0.08421815 0.11595779
0.28182843 0.16180778 0.94847850
0.33430582 0.46522874 0.14864234
0.64626477 0.53027409 0.55595761
0.97345224 0.99411744 0.13621829
0.68935467 0.09046272 0.17709003
0.61930090 0.28996412 0.17166108
0.41416600 0.37495674 0.33162163
0.58192718 0.37741590 0.58351714
0.72284844 0.59744139 0.19128042
0.26524926 0.51835869 0.51241313
0.08903289 0.79581163 0.77892511
0.67305228 0.18347834 0.54966350
0.97311907 0.82248535 0.57717535
0.57037809 0.41041387 0.66219624
0.24931344 0.55647326 0.85409839
0.15385900 0.84675661 0.62137019
0.97201335 0.40872640 0.66014341
0.18615548 0.58221025 0.13560212
0.92043701 0.77329705 0.80572776
0.54774378 0.93417638 -0.01265923
0.33452734 0.19525289 0.13818352
0.37600109 0.27818686 0.43169642
0.30491695 0.94784083 0.55261079
0.58123769 0.02905941 0.18746580
0.08718886 0.85683850 0.41702220
0.57648146 0.46702185 0.53409463
0.51072875 0.65486218 0.88494474
0.82818017 0.88428366 0.76185237
0.50059688 0.45143867 0.29063377
0.93820216 0.92621455 0.44631313
0.01999840 0.80280179 0.68523667
0.91411182 1.01930137 0.88282881
0.34149933 0.57494481 0.74021289
0.53933536 0.53392960 0.57388095
0.92678936 0.82774276 0.34806589
0.29384023 0.55340104 0.67475324
0.55491576 0.56515764 0.32082134
0.24895845 0.59556189 0.94684408
0.10595147 0.82158289 0.70448456
0.29425708 0.87063445 0.87023565
0.86409882 0.60134814 0.75675874
0.50418483 0.65801364 0.02563989
0.45963439 0.17293615 0.63146047
0.07284066 0.85819206 0.65531422
0.78495319 0.02986724 0.51533902
0.98846877 0.80825730 0.44879868
0.80076846 0.28987337 0.70732134
0.20014335 0.43193584 0.86727002
0.61959097 0.74457860 0.92015625
0.61480105 0.81452358 0.67873660
0.37446301 0.86454013 0.89593884
0.20138248 0.17827295 0.41291906
0.98019864 0.45914146 -0.03952760
0.28402269 0.28016057 0.78879118
0.34129369 0.64312662 0.51862719
0.86287332 0.38193605 0.50419046
0.31014233 0.38173789 0.21024749
0.32948265 0.18484300 0.76950974
0.43413376 0.41184396 0.45150127
0.58360881 0.99063133 0.43548283
0.48113165 0.36070815 0.48218247
0.06107705 0.62491806 0.56199797
0.43182378 0.86411499 0.61723751
0.43288739 0.64276306 0.03872783
0.22502342 0.31672344 0.95625782
0.26649086 0.41159125 0.02749931
0.87002904 0.10504619 0.23563022
0.30349862 0.84196010 0.01035029
0.48535808 0.69071655 0.27876611
0.76586346 0.08985869 0.56178489
0.13512211 0.48707523 0.14019514
0.41625730 0.90454639 0.67790665
0.66054378 0.72053141 0.77650079
0.51526221 0.60168531 0.67157783
0.42282646 0.75115034 0.73291514
0.86281105 0.35464028 0.09817121
0.08519554 0.63332358 0.46695860
0.94089256 0.42576249 0.30657196
0.45601898 0.61756150 0.63010037
0.77453549 0.75487193 0.20005199
0.06071305 0.52624737 0.98476105
0.96104852 0.65876895 0.48669511
0.32127776 0.75498667 0.65635948
0.32298349 0.33073610 0.58723957
0.79064342 0.03598541 0.23495157
0.86539992 0.64011112 0.22137059
0.40341789 -0.00983930 0.20383081
0.26578420 0.33877154 0.14497370
0.65885265 0.14357333 0.78020080
0.45851589 0.07102585 0.46888150
0.17829530 0.53691053 0.50604219
0.69909741 0.63881554 0.67960421
0.91858494 0.23501667 0.39436808
0.70809195 0.27157332 0.01479802
0.14554792 0.42739532 0.35122459
0.63487495 0.92436586 0.50046599
0.32335923 0.60773566 -0.05716998
0.90399634 0.53527873 0.83608842
0.14793265 0.12625753 0.15239403
0.93557412 0.50472599 0.24780735
0.08625483 0.87832879 0.92853855
0.08874911 0.14185014 0.34054520
0.42501652 0.06163985 0.67326800
0.16470196 0.13899297 0.84415440
0.54402645 0.03490458 0.80342664
0.93460805 0.32377219 0.46394580
0.07734985 0.40235550 0.36299878
0.46381993 0.96506675 0.43697175
0.62768209 0.55223901 0.68476640
0.33485842 0.63093088 0.80622152
0.89584492 0.86559258 0.17694013
0.77098373 0.26383761 -0.03323997
0.46280044 0.45187330 0.39417761
-0.01445967 0.71093610 -0.02165699
0.25828076 0.82172866 0.61798462
0.07943383 0.07989295 0.23196221
0.48032905 0.26794529 0.12382950
0.06909429 0.34376105 -0.00075898
0.47751261 1.02582224 0.40377935
0.92710165 0.73645292 0.27124587
0.39175083 0.98639690 0.63989322
0.37977263 0.46966039 0.74198833
1.02477472 0.58433728 0.38568925
0.92411798 0.44950016 0.06737449
0.08136808 0.72137526 0.62111166
0.89385180 0.33212503 0.34566126
0.20675612 0.72184130 0.67611127
0.80581151 0.11557742 0.64488693
0.35461799 0.81536734 0.69478266
0.64697978 0.01486841 0.85933829
0.51016890 0.47192984 0.19603494
0.59105066 0.57873780 -0.05398449
0.59603507 0.11616799 0.01428872
0.10954249 0.26761083 0.04125469
0.62805081 0.13431228 0.59674092
0.27437841 0.59418246 0.49504195
0.48184689 0.38011714 0.21928128
0.50597165 0.58674962 0.01514677
0.21178245 0.15590058 0.70314373
0.42975230 0.24154618 0.47122949
0.75183182 0.19672071 0.72585058
0.22028389 0.64416288 0.76324485
0.38054855 0.55139405 0.09658864
1.00955699 0.17838943 0.93129389
0.70460374 0.77425825 0.52482853
1.00092329 0.34893833 0.68486762
0.40859572 0.04686659 0.14443214
0.59222805 0.37868172 0.03480159
0.47547600 0.37918471 0.39236525
0.29727200 0.69767052 0.56525356
0.59554231 0.04525388 0.91319677
0.47428734 0.29786593 0.42316033
0.88851960 0.14903163 0.59073972
0.59723170 0.36475335 0.79140639
0.34827498 0.51356038 0.49031800
0.07644180 0.04089558 0.58128654
0.97899722 0.79975727 0.91439127
0.17768814 0.77361680 0.70575108
0.76449591 0.01606782 0.42023939
0.57432728 0.44913622 0.04969984
0.64576669 0.43345625 0.05906810
0.36808378 0.36736158 0.26723583
0.80217748 0.96042862 0.52200588
0.32537138 0.76125268 0.34272649
0.41675204 0.21761630 0.10819313
0.68520653 0.48429264 0.60122422
0.12951152 0.70771254 0.71804699
0.78064373 0.59816725 0.82675610
0.62311986 0.51355186 0.29691958
0.55924868 0.82748230 -0.00697525
0.62438729 0.60102153 0.63462437
0.17989448 0.65053610 0.18201523
0.08796617 0.38932091 0.45574788
0.88846862 0.04455487 0.64036572
0.08103729 1.00091184 0.23430437
0.06993221 1.00368614 0.03483351
0.32189999 0.21573749 0.34190458
0.59489996 0.31728721 0.85997070
0.87328890 0.33747023 0.78769060
0.72573537 0.37050218 0.51589208
0.58118421 0.73635233 0.64721350
0.69634158 0.13303617 0.27338679
0.22677432 0.61417860 0.22434623
0.80593883 0.47632201 0.61636272
0.32856965 0.01444924 0.03563752
0.82075496 0.35845931 0.87225196
0.49840128 0.82188746 0.89695621
0.89851138 0.91228209 0.89570902
0.37661594 0.39959233 0.00412182
0.79712923 0.17247238 0.78677846
0.48252659 0.91889022 0.73585878
0.75951930 0.93546367 0.60644232
0.20751024 0.32066442 0.20000131
0.57596156 0.59163446 0.57267826
0.71866106 0.71859228 0.23794114
0.51217797 0.18993152 0.01838766
0.19883653 0.43303865 0.40390276
0.17228535 0.19511930 0.78165313
0.15393631 0.14482681 0.96241294
0.19713835 0.11601181 0.55854812
0.75293703 0.50133423 0.50562201
0.70632523 0.94684917 0.53435916
0.30152229 0.07899182 0.27556792
0.13649662 0.33256210 0.07696001
0.73692207 0.85156002 0.74846203
0.07426965 0.38033659 0.71361721
0.98582037 0.90792622 0.31574866
0.20303295 0.24316599 0.89243355
0.25769913 0.77596449 0.29751346
0.34152072 0.82933271 0.32837109
0.50903046 0.94081162 0.06924646
0.54089508 0.40877501 0.43243956
0.32142599 0.29034157 0.20920735
0.97579628 0.23635592 0.07272040
0.61977508 0.58867324 0.76341298
0.80569496 0.86191504 0.51735168
0.51859866 0.84623307 0.62998810
0.24249831 0.23914273 0.19214982
0.63036228 0.37846146 -0.04093021
0.65004097 0.26444433 0.05912375
0.75876949 0.52522863 0.39172979
0.20993238 0.15083584 0.13229017
0.36517417 0.15769904 0.57655213
0.54940813 0.24587711 0.70311824
0.12604495 0.19709678 0.17143949
0.30481402 0.62896446 0.69117756
0.57138340 0.67710265 0.43948240
0.29780613 0.07761473 0.52004071
0.59101399 0.55396157 0.20353377
0.02130463 0.32791462 0.93354189
0.68011862 0.77714713 0.43286272
0.61365214 0.44357852 0.29292217
0.31348599 0.41206865 0.37950124
0.15743105 0.14054098 0.05924987
0.21814150 0.38827546 0.48541365
0.71192963 0.65956735 0.58587081
0.73523916 0.95179482 0.45539413
0.32620461 0.39964584 0.10866179
0.50729760 0.48376508 0.04382758
0.77901894 0.46103146 0.44261153
0.35771483 0.11592653 0.77307145
0.29647565 0.05417343 0.12290843
0.86803950 0.84250655 0.71424543
0.74740303 0.66686214 0.06884043
0.33075570 0.89712830 0.32575093
0.43119871 0.97274552 0.28210317
0.27940257 0.39554571 0.86757949
0.14527443 0.58384836 0.37467782
0.91140792 0.97587613 0.34780718
1.03169024 0.68857956 0.74781175
0.74888907 0.24565056 0.44887494
0.94068705 0.51329981 -0.01047577
0.73798008 -0.02321822 0.82229724
0.75647895 0.29503313 0.09174231
0.25998715 0.75505629 0.94315795
0.87773717 0.55357541 0.52327485
0.44964449 0.61533950 0.11671044
0.37959664 0.14748911 0.84615406
0.58307446 0.11608970 0.26531922
0.94626449 0.37992706 0.05597733
0.48294898 0.20135223 0.19335553
0.21786478 0.36437291 1.05701464
0.97570067 0.52151251 0.16283494
0.50107460 0.02642865 0.58152294
0.96661350 0.94378741 0.82001914
0.28214354 0.44751118 0.78478043
0.66760141 0.20186488 0.36989715
0.20992166 0.67104565 0.11432278
0.93683025 0.59551543 0.74112119
0.89918473 0.65505955 0.60237594
0.79091566 0.56754024 0.04843653
0.24009564 0.21080007 0.51382913
0.94485000 1.01691152 -0.02904966
0.76674005 0.93905886 0.08729494
0.57949287 0.99343229 0.70853949
0.06604789 0.11047799 0.12512836
0.81566733 0.33104514 0.03282104
0.91472869 0.58921264 0.63098208
0.71699933 0.15886041 0.87284013
0.91485468 0.32602035 0.89196009
0.16564355 0.89036793 0.07755794
0.00138346 0.67728148 0.35160848
0.08112880 0.84811947 0.13000113
0.65374793 0.15725607 0.91628097
0.14286889 0.36302715 0.31541623
0.27503732 0.65169428 0.16114123
0.28082861 0.03939232 0.34534699
0.70529029 0.44885699 0.31179438
0.30973616 0.27576139 0.45819094
0.21743315 0.81381866 0.45442135
0.10751810 0.19506480 0.72449312
0.94588708 0.38088565 0.57865686
0.55710250 0.77996022 0.09408149
0.12626670 0.94534168 1.01417866
0.39932045 0.24381801 0.55687120
0.94113101 -0.00288104 0.44035756
0.17189385 0.81931619 -0.09198032
0.21295143 0.93695297 0.84089624
0.23195111 0.76789682 0.57735844
0.10145668 0.64285365 0.18768052
0.47183832 0.80100326 0.54129604
0.87303098 0.40392869 0.77266817
0.35973182 0.92030129 0.13660065
0.42884936 0.80879295 0.44410714
0.38686141 0.53167476 0.90344954
0.05775427 0.69391033 0.94569340
0.25397503 0.36498542 0.36655027
0.54190879 0.29333762 0.15441514
0.37242440 0.45418094 0.47336373
0.54863554 0.50858934 0.81639927
1.06915794 0.29540160 0.43938430
0.29407158 0.31456845 0.66491280
0.16198775 0.56901074 0.23212016
0.17875324 0.72150400 0.93292191
0.68674706 0.94293481 0.26444748
0.52423268 0.11131374 0.16685103
0.72771094 0.65194030 0.93197913
0.02551292 0.69393603 0.48230134
0.80112829 0.49093408 0.88910346
0.49794576 0.77265093 0.18575316
0.73926258 -0.02179876 0.02965690
0.78519681 0.64601631 0.57029508
0.14266163 0.65685294 0.87396770
0.86452640 0.76393913 0.21942092
0.85342071 0.07584836 0.74649092
0.22436997 0.25884518 0.26947329
0.30406456 0.39064160 0.29701917
0.78360758 0.74726310 0.54156609
0.21349949 0.02997207 0.09187902
0.93135008 0.72080668 0.85594708
0.06599134 0.91276910 0.60181999
0.43093710 0.18029245 0.85777336
0.40424612 0.39077687 0.57200433
0.15797761 0.08316127 0.62801958
-0.00591966 0.97594810 0.58033779
0.95154544 0.95433652 0.63590604
0.57424259 0.29984167 0.05408600
0.71970085 0.74753764 0.82790135
0.46712219 0.26847240 0.59904462
0.69398106 0.52401625 0.32454705
0.60137073 0.66520469 0.18379338
0.84892384 0.39531694 0.03398192
0.41954562 0.07319160 0.39025002
0.35588583 0.11706698 0.04040851
1.01647636 0.05000274 0.07908398
0.70124171 0.70959102 0.66436507
0.52344922 0.25590197 0.94998433
0.95590864 0.98175693 0.73604231
0.87013211 0.62449833 0.84645954
0.12209721 0.56073102 0.47200498
0.32391740 0.95562392 0.68552738
0.26613554 0.89053737 0.58803761
0.84623999 0.90367435 0.12054362
0.78461942 0.35874282 0.55736588
0.56919243 0.54154416 0.02685690
0.46481920 0.03730355 0.31972799
0.05601493 0.23329567 0.22272617
0.35232466 0.32636065 0.34223203
0.23526259 0.10426907 0.75145058
0.21124783 0.89191508 0.42838641
0.48822970 0.61022293 0.21284799
0.83684602 0.22604777 0.20291110
0.95048016 0.22194643 0.26273144
0.28209402 0.23743978 0.88687293
0.75428583 0.08714929 0.23795835
0.34359843 0.12285508 0.22429162
0.46650205 0.62345050 0.29356711
0.56123966 0.20114597 0.41652885
0.92616908 0.65857122 0.37150806
0.94874357 0.30781898 0.08695906
0.83037715 0.88071940 0.43167744
0.90936535 0.45913889 0.61552983
0.42939497 0.56405092 0.28393686
0.41220069 0.52350193 0.66862120
0.15593597 0.73206953 0.00949382
0.72344151 0.70204214 0.50052818
0.39919475 0.99071199 0.47497629
0.02849972 0.86345232 0.23490846
0.53042414 0.11233570 0.45184969
0.30067457 0.78677720 0.73682845
0.27546107 0.03440209 0.58527864
0.47300880 0.00375154 0.70944258
0.82003061 0.30074771 0.27776023
0.01865291 0.68990371 0.56343437
0.18247244 0.54775160 0.65245342
0.92646686 0.03677405 0.16974792
0.99868271 0.53998097 0.02606005
0.52152315 0.38102508 0.77416720
0.10821240 0.65001460 0.94466505
0.01429802 0.37088310 0.23833492
0.35780670 0.06426112 0.48539392
0.35542904 0.81920019 0.97436727
0.44875688 0.29106403 0.76359578
0.38993406 0.26240673 0.64931147
0.88742841 0.33679874 0.96600470
0.62920946 0.25236180 0.75707530
0.50987633 0.87597802 0.83780879
0.29516920 0.11801321 0.15685526
0.85937311 0.89570074 0.23523621
0.27535009 0.92269562 0.92276073
0.48727899 0.29083330 0.04573641
0.88578490 0.93412370 1.04335695
0.86341381 0.65758139 0.33329648
0.11586069 0.39536081 0.57027439
0.54613002 0.89904262 0.36143253
0.01956890 0.28285700 0.55469584
0.49163238 0.71821538 0.95119904
1.00818502 0.49954429 0.86088504
0.07071482 0.30891413 0.32818739
0.30914299 0.18308692 0.47538792
0.53741637 0.00080991 0.89078427
0.01953014 0.26131787 0.29504171
0.17914760 0.32119442 0.65594132
0.81707423 0.21584240 0.41029019
0.44036011 0.13550199 0.96599882
0.71973580 0.35499370 0.74535899
0.80380843 0.48196027 0.76668367
0.42258141 0.32769821 0.50952100
0.83032664 0.59909939 0.10372774
0.05290070 0.92137615 0.10707968
0.08885981 0.57671286 0.15641160
0.87652158 0.28692444 0.08352203
0.39058346 0.02607329 0.84215718
0.11492943 0.01978940 0.13287054
0.10678586 0.19400912 1.03025783
0.78551180 0.49160951 -0.02868753
0.78577743 0.86532397 0.59853778
0.89605090 0.62685192 0.13602938
0.64161774 0.84582890 0.24947432
0.05330609 0.75379218 0.41714672
0.33307118 0.77486510 0.11969248
0.38740144 0.22101789 0.38318106
0.11543838 0.39709637 0.84470915
0.35048461 0.29414836 0.52837747
0.33415407 0.11795461 0.43115800
0.07436189 0.69113926 0.81729051
0.27241883 0.91960274 0.43297364
0.79101953 0.67193723 0.13361093
0.91620446 0.92646276 0.23371738
0.26995775 0.05348204 1.05047411
0.07042005 0.52669710 0.52362973
0.79479889 0.99544702 0.88797123
0.66152163 0.81850819 -0.02555484
0.62495211 0.47707111 0.98100966
0.90487934 0.19842283 0.02356470
0.73322244 0.90934808 0.97939443
0.89049166 0.71664547 0.39731005
0.01142895 0.05570063 0.64131725
0.83725666 0.56960758 0.98096873
0.02184189 0.61543096 0.12562678
0.72378116 0.73088220 0.73848025
0.27154309 0.68873535 0.88934713
0.21524417 0.55397306 0.04453556
0.10799781 0.73595373 0.30894128
0.20263554 0.60708542 0.82644257
0.95447906 0.51980932 0.43658289
0.71113677 0.38746169 0.97340161
0.35526254 0.69781525 0.60922557
0.46289282 0.12323084 0.10398813
0.64678831 0.18861844 0.08137380
0.41618828 0.77168254 0.88269854
0.23855594 0.95384017 0.19401818
0.71855676 0.18394481 0.46558277
0.81331438 0.39525526 0.20700516
0.86669448 0.82410073 0.07059699
0.80953994 0.39525367 0.30822573
0.39911044 0.05370760 0.58945664
0.54444889 0.69887654 0.21421101
0.60690474 0.25344935 0.86350745
0.45129815 -0.07049578 0.02196912
0.03874959 0.24987861 0.05081706
0.49915543 0.83637190 0.35032150
0.89601732 0.85133875 0.58033274
0.85643319 0.97581024 0.15631662
0.14677699 0.28707350 0.91421926
0.02992227 0.41887736 0.89127323
0.09745284 0.82623571 0.21529070
0.48332385 0.75102599 0.42945446
0.80994044 0.76802249 0.33615623
0.98096494 0.22561973 0.15519220
0.94842772 0.47140348 0.77264677
0.40725790 0.23109399 0.92223691
0.33944996 0.20560529 0.87522230
0.38768276 0.70794633 0.00662321
0.49110225 0.67874933 0.13786675
0.96163088 0.38070089 0.97690196
0.43627338 0.29030037 0.34261741
0.76935256 0.67950835 0.68587938
0.39618277 -0.01561257 0.11064624
0.95298291 0.51239106 0.07050385
0.90499047 0.76348693 0.09116741
0.69244669 0.80281536 0.05423284
0.26890238 0.07856926 0.97092055
0.13678103 0.68741097 0.12064079
0.68640679 0.89729088 0.86879614
0.90179119 0.73663453 0.01368830
0.66742614 0.72807075 -0.01739171
0.23495912 0.68542872 -0.00457612
0.26528241 0.29727632 0.52300522
0.25784311 0.46990656 0.14701416
1.00924864 0.07988322 0.29142143
0.50513960 0.97128007 0.78493218
0.57217555 0.69237357 0.92344375
0.17869713 0.14312196 0.27365385
0.42658140 0.87305391 0.50578425
0.68780053 0.48153286 0.38841393
0.82029268 0.69440451 0.62493272
0.68969632 0.07724706 0.78364881
0.15509520 0.86038371 0.48622787
0.45290252 0.52484851 0.89890033
0.51218408 0.36869818 0.92807394
0.85960207 0.67565719 0.10485336
0.19613922 0.75189275 0.39340356
0.75109518 0.57245488 0.74439433
0.47183657 0.34661805 0.28944649
0.86839592 0.02565189 0.31448951
0.95951385 0.61424928 0.26870511
0.04106800 0.77121129 0.84461489
1.00050283 0.57551311 0.62221303
0.74111926 0.14567118 0.00464120
0.80319282 0.15278294 0.25152728
0.61654972 0.85480398 0.76602612
0.80683439 0.61013620 0.21215232
0.95115564 0.95658497 0.91716683
0.16206319 -0.00152686 0.21819492
0.65476168 0.82081608 0.48504548
0.29106037 0.85971195 0.38668546
0.91015595 0.17163491 0.22677814
0.17697448 0.69078457 0.80388775
0.57162067 0.67100979 0.04732860
0.55623572 0.18716647 0.28125317
0.88334654 0.37141638 0.17824546
0.66724029 0.54639744 0.20937911
0.46612061 0.95422002 0.17750222
0.79793556 0.14695686 0.51840297
0.28225829 0.44102753 0.44031585
0.85370253 1.00962404 0.23652026
0.44064282 0.86337989 0.87181379
0.57419262 0.25405149 0.52216856
0.63305388 0.08975799 0.94403322
0.69626750 0.34437524 0.11498492
0.21286407 0.10282878 0.07074703
0.51606483 0.30794848 0.24462051
0.88435156 0.27744490 0.15917923
0.82296101 0.28138578 0.53733863
0.76287809 0.03265994 0.77202544
0.91010439 0.22806863 0.51289976
0.64487941 0.89542378 0.30662803
0.14072191 0.54992505 0.76624881
0.56066819 0.80109109 0.17930616
0.88518679 0.85841519 0.49044250
0.33343928 0.63125667 0.26811941
0.26187429 0.57700251 0.11396053
0.99466292 0.35276545 0.47831237
0.51457753 -0.00366173 0.19503451
0.74257704 0.64112283 0.38941346
0.38578326 0.33574014 0.73980510
0.23244802 0.62543737 0.42859591
0.64428045 0.50225299 0.90551515
0.24931142 0.28647516 0.39388748
0.64300175 0.71909341 0.59640568
0.55026622 0.77506471 0.35011345
0.60572228 0.51205857 0.46828083
0.54109188 0.17576594 0.51610518
0.86147759 0.94801206 0.96348801
0.86274430 0.57169708 0.42478056
0.69930593 0.81946676 0.81156379
0.07383070 0.27090623 0.95822872
0.69967847 0.52262345 0.14868842
0.07890636 0.60645598 0.00591960
0.04571870 0.56438046 0.25603456
0.61468029 0.04796443 0.60312632
0.82451976 0.10921749 0.38601757
0.00026164 0.69860687 0.83764490
0.07167308 0.63289599 0.27866563
0.86380523 0.85714513 0.95422378
0.89739621 0.05792961 0.10448949
0.21909203 0.46281073 0.48085527
0.23045918 0.56372131 0.58200025
0.71042814 0.96935642 0.36938741
0.41289946 0.67465644 0.88644860
0.13098408 0.59170204 0.83015663
0.29907147 0.22001291 1.02784746
0.16699722 0.76384462 0.29328017
0.68623958 0.90257771 0.43749912
0.74163265 0.65947124 0.24660737
0.88045863 0.08945858 0.49227001
0.41878191 0.71049559 0.65113083
0.04855865 0.37598746 0.62075716
0.45282927 0.67340594 0.58031913
0.03571468 0.88235202 0.77881749
0.99033472 0.17026754 0.35602049
0.17275581 0.36104844 0.55595776
0.76114955 0.08491557 0.46643126
0.74118734 0.50902567 0.77874489
0.30045761 0.51842687 0.40780035
0.61148865 0.64656259 0.69036098
0.24077231 0.82416105 0.85963378
0.50303807 0.52479267 0.46019780
0.69652377 0.16331605 0.18575650
0.71013888 0.38566810 0.34291036
0.17789043 0.90555218 0.97777467
0.38181875 0.41136732 0.19505624
0.64742878 0.85646418 0.61652386
0.93207753 0.83919442 0.83348377
0.57347352 0.60686966 0.25462034
0.82925877 0.33023495 0.20026268
0.54984246 0.27552728 0.59410494
0.93468296 0.08822233 0.81112805
0.22767499 0.78733849 0.78413041
0.46519325 0.36774154 0.14125440
0.94556840 0.67292305 0.92725950
0.38036653 0.38198463 0.68654632
0.77284957 0.41710127 0.59502365
0.84717537 0.19180025 0.13346457
0.47910769 0.57201470 0.84516627
0.60055463 0.50023019 0.62718210
0.04000145 0.45060482 0.80439093
0.87267838 0.49715200 0.10983664
0.50180238 0.07208626 0.64865636
0.15566822 0.39047167 0.90597188
0.98359397 0.07078057 0.47302461
0.60630682 0.20584184 0.80813135
0.83898514 0.09086469 0.57293367
0.59244659 0.51763057 0.10552365
0.56746523 0.09674556 0.34356691
0.61631103 0.58059006 0.13823773
0.55783237 0.54533701 0.74775765
0.70380182 0.57318367 0.67601320
0.95143197 0.20820966 0.78491241
0.73463761 0.73849158 -0.00318712
0.78012266 0.52632801 0.56782513
0.52590943 0.50474423 0.36306543
0.93665376 0.71112334 0.58285510
0.39389956 0.49877592 1.02440725
0.70833374 0.23012775 0.08197014
0.25326733 0.00606587 0.76148762
0.80811927 0.43047058 0.71622904
1.00473792 1.00211237 0.27553921
0.95903153 0.58196142 0.10296036
0.67061124 0.90860112 0.77765760
0.54430922 0.62886534 0.97013462
0.01850377 0.21740945 0.39467343
0.76405852 0.09820339 0.72782157
0.37055222 0.44049225 0.38201151
0.02042641 0.96561653 0.87598936
0.59590377 0.18551889 0.70689592
0.21642005 0.24961205 0.76435828
0.94833675 0.56976119 0.95605722
0.19956544 0.90860770 0.63281936
0.29515302 0.49065488 0.85091672
0.33281962 0.87070339 0.19910044
0.18515255 0.94308990 0.27255556
0.08503574 0.55286172 0.37971495
0.05062508 0.83232006 0.47797782
0.62946476 0.17113022 0.17291018
0.02566932 0.11250887 0.04492563
0.03347469 0.86851831 0.85824580
0.34795745 0.24286364 0.25893254
0.19456405 0.00071105 0.73009382
0.39605193 0.79338658 0.07512785
0.13514266 0.41946026 0.09121782
0.79948844 0.76407031 0.76736723
0.02952309 0.69006590 0.16658220
0.87881663 0.12360274 0.11448141
0.58613303 1.07807868 0.41653006
0.53380896 0.97959113 0.65708525
0.23331599 0.69543137 0.44821594
0.37388103 0.52855408 0.79501301
0.18569720 0.87110401 0.84444277
0.26238953 0.88188320 0.27346948
0.55462613 0.92035254 0.75571529
0.49849958 0.01578828 0.49274135
0.49889948 0.95085378 0.31615144
0.60752982 0.98925568 0.79826495
0.85107823 0.20609106 0.93238543
0.19611720 0.37828972 0.24817843
0.27110830 0.36953394 0.62725340
0.51128989 0.45255025 0.73571593
0.68107837 0.41789009 0.57879289
0.60330993 0.30123000 0.71492951
0.26129599 0.02747212 0.24777441
0.95675560 0.29881956 0.57519070
0.57119660 0.75215079 0.26770167
0.13618374 0.61123220 0.57436234
0.27591569 0.79541117 0.50316543
0.40106560 0.89451623 0.30882957
0.01485658 0.08470088 0.76365315
0.97543569 0.64349037 0.71204054
0.09501092 0.69113117 0.50335756
0.81203347 0.93137976 0.18659005
0.30856708 0.71280312 0.13330534
0.14824696 0.47091576 0.28345937
0.82883304 0.59777737 0.61075366
0.34640992 0.61193387 0.18918427
0.74246794 0.19929704 0.14441771
0.07846905 0.07591479 0.79888111
0.49612412 0.41199321 -0.00157775
0.19354422 0.66082309 0.52080262
0.93068537 0.84281276 0.00302442
0.78831506 0.28243852 0.80222286
0.80705750 0.79611877 0.88272477
0.12911018 0.51911119 0.84128078
0.24055667 0.25375662 0.97918302
0.58201865 0.32600867 0.52559698
0.64089052 0.08500396 0.48484935
0.23431076 0.40020464 0.13615593
0.70245579 0.01484983 0.53641139
0.21489537 0.04569732 0.86058467
0.45361435 0.71855624 0.21799655
0.96632956 0.21098627 0.47575313
0.03770645 0.05320272 0.36753714
0.24335843 0.07955714 0.41242314
0.66282977 0.20839156 0.85712539
0.13907369 0.96128390 0.40111301
0.94514287 0.71881805 0.17574342
0.72926428 1.04836645 0.36308730
0.60525332 0.97170672 0.04646502
0.92689306 0.72117432 0.47990091
0.08737082 0.64319981 0.65637194
0.52383241 0.74359043 0.52766057
0.36204562 0.10266337 0.12533303
0.80264680 0.62616982 0.93392197
0.85064848 0.46344819 0.02631545
0.12090557 0.44300586 0.47939847
0.57526505 0.26373734 0.38794554
1.01906673 0.89155325 0.38747121
0.81862166 0.70327874 0.82504004
0.42633082 0.28176655 0.17303293
0.63324993 0.33243796 0.09126311
0.74703384 0.44032676 0.88600057
0.76632096 0.61414769 0.30765328
0.71333023 0.54998070 0.99196982
0.62545238 0.19411102 0.99172766
0.58078897 0.35665798 0.37642219
0.70846191 0.48568813 0.85707186
0.51279401 0.58915080 0.91485635
0.16700061 0.29946114 0.14266533
0.08815175 0.09194931 0.92348823
0.16188845 0.23383009 0.97930191
0.06137125 0.47406405 0.59007131
0.46646982 0.46854238 0.82549874
1.03962878 0.92484600 0.68025111
0.02393437 0.54824829 0.73473877
0.72117280 0.25066059 0.35345595
0.69704870 0.47172960 -0.03499600
0.95532404 0.78253011 0.51769595
0.65493192 0.99890594 0.41197352
0.53725636 0.77264466 0.59833312
0.82806472 0.81204356 0.40076318
0.21568575 0.39311997 0.78415423
0.81899963 0.76041370 -0.01150417
0.49092585 0.16986401 0.92408397
0.76822407 0.38580045 0.81220519
0.19933103 0.50172224 0.85205669
0.45871086 0.54138310 0.61083160
0.21942123 0.76970412 0.12339405
0.72148836 0.60433078 0.09656986
0.27405493 -0.02268210 0.86892570
0.73187773 0.30846486 0.22545846
0.90758715 0.61763580 0.50965927
0.33761136 0.30577090 0.84490509
0.09008426 0.39846040 0.26291698
0.64799339 0.42148772 0.38474131
0.06654543 0.97312765 0.42040955
0.26955953 0.36862458 0.53445882
0.58308371 0.82078998 0.59087889
0.37665492 0.73177220 0.29938500
0.68366161 -0.00488953 0.21148818
0.58794106 0.23232458 0.11404336
0.77655389 0.80638121 0.49127286
1.04019252 0.58710959 0.80310132
0.45600458 0.53165722 0.08123942
0.02389450 0.17587688 0.26309609
0.13223442 0.82468182 0.83508996
0.58969907 0.80609554 0.91488048
0.71263946 0.34644297 0.61716812
0.63173674 0.64096273 0.38836895
0.25164765 0.82359494 0.70176551
0.13003082 0.45587801 0.62603740
0.50013187 0.69262813 0.73787854
0.33751612 0.42486572 0.63111842
-0.03004346 0.42532485 0.21028537
0.80518633 0.80359125 0.25134010
0.19760719 0.83677317 0.04116389
0.59898367 0.90655211 0.60654287
1.01195906 0.30158117 0.85772099
0.14079904 0.57783638 -0.07046507
0.18677903 0.71430095 0.57684556
0.88466624 0.71989395 0.92439396
0.35778599 0.05785028 0.70865747
0.08584737 0.14700546 0.87052389
0.33654123 0.59059661 0.57289329
0.68211541 0.69862809 0.43238562
0.35121420 0.94532342 0.21904692
0.35126393 0.55477698 0.28956282
1.01294937 0.90269163 0.92568590
0.63562954 0.06919750 1.03419067
0.64955201 0.06212898 0.69026351
0.32997828 0.68316896 0.39238182
0.07076862 0.34891489 0.87584693
0.96477992 0.11938009 0.24779986
0.11700407 0.95435357 0.68350425
0.97214617 0.78002162 0.22916472
0.60604819 0.12602983 0.83323971
0.54708452 0.47518803 0.43655290
0.68295752 0.21499291 0.27706729
0.46863279 0.14179015 0.50756407
0.74214231 0.32169688 0.84824533
0.13577412 0.79568782 0.50399519
0.55430624 0.58015279 0.44392216
0.77878973 0.47323954 0.13373636
1.05328487 0.07841923 0.98331478
0.64266337 0.12143356 0.22993190
0.52136810 0.22284654 0.08094454
0.73567538 0.44296204 0.78164088
0.56641779 0.70055393 0.78452955
0.34191983 0.41655263 0.93043402
0.88760199 0.43734989 0.87038021
0.42710857 0.91523308 0.09603683
0.13680967 0.11421210 0.38814228
0.06613164 0.34725288 0.13753620
0.74816898 0.72629510 0.91989377
0.29246668 0.03055289 0.68134614
0.55329311 0.36943485 0.21459200
0.59475989 0.44425700 0.79190925
0.43463643 0.84236073 0.36044013
0.00410636 0.88308694 0.04504052
0.83536889 0.31916212 0.45645941
0.62333459 0.02914213 0.24987076
0.44833553 0.30347117 0.89562231
0.07233590 0.18725290 0.95923664
0.87479030 0.28707740 0.60201727
0.17449786 0.96071275 0.92426223
0.74727742 0.65746823 0.84321933
0.53670074 1.00208490 0.08218298
0.12304848 0.73709180 0.42033795
0.31744525 0.79049281 0.59035411
1.00576457 0.88237004 0.14824249
0.26780314 0.50955977 0.60066659
0.72012180 0.27585438 0.57516352
0.52197550 0.30735776 0.86212043
1.00355514 0.25249865 0.94835970
0.46583883 0.78113522 0.78840944
0.67305924 0.50843369 0.73887616
0.47787200 0.93022337 0.63480728
0.19584341 0.50615594 0.32787092
0.43895868 0.61086490 0.92661482
0.51288529 0.21877924 0.76054007
0.13972632 0.65837514 0.31124754
0.36990293 0.35936375 0.88172260
0.72124337 0.23081004 0.79583710
0.86669135 0.47561661 0.22693509
0.06973786 0.49008455 0.10130330
0.24985014 0.44645520 0.30359408
0.67314585 0.11321219 0.35769247
0.60792412 0.16957313 0.46300365
0.42559984 0.42363713 0.28355373
0.60865060 0.27015643 0.32143251
0.34081567 0.53402795 0.62004110
0.41247687 0.50494575 0.14718773
0.35797275 0.48331325 0.22111756
1.01451865 0.15990315 0.51684558
0.09358163 0.84361737 0.55434111
0.81965852 -0.01168950 0.73584237
0.55863446 1.02144310 0.31115448
0.96941755 0.23219492 0.57551033
0.46554856 0.04378201 0.20939215
0.63592082 0.99749033 0.50656032
0.28852868 0.52258153 0.25375554
0.42239037 0.07321762 0.91336249
0.45550747 0.00580032 0.92828491
0.94332603 0.07241100 0.54411286
0.15901731 0.16873379 0.64940618
0.22694385 0.29514302 0.60676006
0.06959137 0.44649015 0.67549348
0.33835999 0.69145087 0.69596336
0.56594252 0.16992984 0.59802663
0.17362207 0.61463715 0.46551760
0.86590122 0.69936437 0.26319579
0.11883792 0.23079076 0.81608720
0.54801989 0.12158297 0.66442588
0.61578980 0.92811583 0.17292610
0.10453254 0.93820872 0.84814101
0.35721497 0.90342124 0.39936452
0.43171228 0.44085333 -0.08569487
0.89032209 0.54643148 0.16519849
0.68296313 0.25465290 0.48181748
0.70139981 -0.01399785 0.75106020
0.44830947 0.44359588 0.63045638
0.38564342 0.07221083 0.25106219
0.34996236 0.49038898 0.95859324
0.90683247 0.18469806 0.73330956
0.95605234 0.11841023 0.04157204
0.79401406 0.62833576 0.74546228
0.28258251 0.14028072 0.53544844
0.17677996 0.29235272 0.02056682
0.87377510 0.41949313 0.28299474
0.14322004 0.19078735 0.90281646
0.83891491 0.54216278 0.79394550
0.38582428 0.15440659 0.49967114
0.21429818 0.46688992 0.67330480
0.64217499 0.72381998 0.36355445
0.70631475 0.20266213 0.98283936
0.98685678 0.78968579 0.33012282
0.70156116 0.10194007 0.93600816
0.87735368 0.91858615 0.37525670
0.30326447 0.82968743 0.12345950
0.93510046 0.31005089 0.70727771
0.61810980 0.74882143 0.18095466
0.69868681 0.27897554 0.16555980
0.39773096 0.72285648 0.81045151
0.11496687 0.75631067 0.11794400
0.86317182 0.75925860 0.60095135
0.78282666 0.80914647 0.66693371
0.74887634 0.06388735 0.64268086
0.10313556 0.65016311 0.75259362
0.40048286 0.59280223 0.68445239
0.96253629 0.27074519 0.77438060
0.23658899 0.60204819 0.65326188
0.59892473 0.88917214 0.69478477
0.14079667 0.03978227 0.37659165
0.16064641 0.47142911 0.54735059
0.87891212 1.03554249 0.95355337
0.25221728 0.80051040 0.20164710
0.91112364 0.57387751 0.25079455
0.77338931 0.49049837 0.05279984
0.44988359 0.42644634 0.74418472
0.87642336 -0.01146068 0.59921563
0.73753181 0.15031634 0.58636037
0.96818818 1.02056062 0.37157103
0.30300606 0.68790655 0.00007204
0.18443689 0.86190310 0.70590820
0.64059763 0.44177984 0.49663820
0.72395500 0.05919939 0.11103261
0.60567806 0.47702607 0.36885594
0.62851048 0.48069998 0.16066713
0.41659654 0.27370953 0.82080060
0.22251587 0.90957540 0.50663609
0.43536218 0.50988294 0.46404825
0.28412488 0.36793654 0.97642630
0.21355925 0.51071337 0.24119656
0.53705221 0.24144700 0.22581880
0.76156615 0.35586557 0.27409739
0.44259018 0.37738811 0.93625930
0.77906682 0.47606031 0.22299647
0.37048411 -0.01981397 0.38988770
0.03898483 0.70945746 0.29568592
0.04998291 0.11298851 0.57724850
0.69365209 0.45678662 0.17968006
0.41792197 0.27733369 0.04360052
0.19876613 0.11422954 0.46274471
0.20841145 0.57011479 0.72394762
0.13878206 0.66178226 1.04191381
0.39560989 0.10013820 0.32337882
0.06820279 0.55845094 0.65036975
0.64586901 0.35192416 0.51514109
0.12069217 0.76832134 0.65366725
0.28744400 0.55755598 0.19186628
1.00539022 0.98021524 0.99435396
0.65820326 0.60788964 0.91235591
1.03842566 0.96369033 0.16756583
0.08639655 0.75242911 -0.02796625
0.42313019 0.12337474 0.03840874
0.37219137 0.16255408 0.33282055
0.69171167 0.86628299 0.53557626
0.70247693 0.81234552 0.89865425
0.44367738 -0.06125992 0.81877949
0.68906234 1.02404333 -0.01933276
0.96203243 0.35803967 0.75594595
0.24549309 0.81567477 0.36294068
0.43015004 0.45762174 0.54225363
0.66201708 0.68142608 0.90386725
0.32381573 0.12394360 0.88777304
0.31597129 -0.02972625 0.09624481
0.73137060 0.43136057 0.23523699
0.97121346 0.09518448 0.68505980
0.65430248 0.94573338 0.69736434
0.81511788 0.43491246 0.84214834
0.90447286 0.11186964 0.72460376
0.00583395 0.51456240 0.49913116
0.52401673 0.52131912 0.11641492
0.35587120 0.75017866 0.95712124
0.15819158 0.43508060 0.21575378
0.64991274 0.65423734 0.01140646
0.39881119 -0.04282188 0.71957464
0.54515643 0.40190869 0.32679656
0.50510980 0.23971418 0.87538021
0.65083870 0.35091714 0.73955217
0.89194268 0.38952246 0.39337122
0.45542147 0.23676273 -0.00842054
0.11288203 0.91122029 0.44793332
0.18744709 0.62966146 0.99857834
0.48380750 0.76633271 0.01400213
0.39523369 0.04279483 0.04094308
0.24166824 0.72125473 0.06892492
0.89192485 0.34448835 0.65827126
0.66235862 0.64663628 0.75215992
0.18079184 0.89245888 0.34838884
-0.02778693 0.13616612 0.58438716
0.38409265 0.88588628 0.99652611
0.46804127 0.03230076 1.01217674
0.33811656 0.98589282 0.30884713
0.48322057 0.85069079 0.73624312
0.50491228 0.87136616 0.96628455
0.28386263 0.88199357 0.78312999
0.17856624 0.01544036 0.62549484
1.00257508 0.10183627 0.91635017
0.19648469 0.28756739 0.52101942
0.44424156 0.14844154 0.31286788
0.63293590 0.89165730 0.91519411
0.75000373 0.99711943 0.64334230
0.47327212 0.73435156 0.08675467
0.79158928 0.21888943 0.85578425
0.39319690 0.46162809 0.84737177
0.83729115 0.73788144 0.14650304
0.49471366 0.11439551 0.35199864
0.99211500 0.07730953 0.15428819
0.39535618 0.61763805 0.77184244
0.08292737 0.09507181 0.65247859
0.73338329 0.72702682 0.13578709
0.76922351 0.37579734 0.67927966
0.13281758 0.32252180 0.47097241
0.95697018 0.35890646 0.15289346
0.38898407 0.62063207 0.60680445
-0.00412838 0.51997539 0.28557537
0.57421863 0.71276020 0.11301702
0.88095644 0.20398414 0.65980333
0.35963945 0.60631299 0.42202001
0.34690599 0.77499273 0.82365093
0.97730064 0.63204647 0.80911488
0.21948587 0.18329686 0.98502783
0.08144248 0.46721323 0.92460149
0.65921882 0.93965826 0.11388602
0.62638760 0.84749731 0.42073747
0.30126738 0.44857272 0.23843968
0.74274943 0.53740391 0.26708704
0.67729039 0.80783259 0.73008917
0.16358514 0.24093006 0.46497565
0.27066688 0.17950831 0.81079024
0.05440006 0.15381442 0.67175502
0.15109593 0.07137224 0.22956305
0.84653381 0.22707090 0.79863938
0.55985248 0.82633477 0.83966315
0.40806706 0.14627764 0.15951856
0.91267776 0.10985071 0.90833399
0.75593597 0.80965523 1.01585820
0.65880771 0.23722296 0.61525584
0.32747422 0.02444119 0.95191528
0.31209666 0.52622221 0.12735909
0.31284269 0.77049253 0.43094823
0.04642051 0.26462662 0.13628637
0.51613367 0.80723915 0.47278292
