1 3
1 46
1 63
1 695
1 813
1 839
1 863
1 880
1 882
2 3
2 44
2 619
2 646
2 666
3 46
3 57
3 63
3 66
3 85
4 17
4 65
4 73
4 98
4 633
4 730
4 817
4 1501
5 41
5 53
5 78
5 603
5 604
5 632
5 643
6 21
6 22
6 51
6 55
6 62
6 606
6 636
7 34
7 35
7 49
7 75
7 96
7 219
7 245
7 248
7 1094
8 27
8 38
8 51
8 52
8 65
8 633
9 15
9 21
9 32
9 43
9 48
9 62
9 68
10 18
10 24
10 47
10 77
10 125
11 13
11 29
11 47
11 54
11 76
12 40
12 90
12 303
12 1036
13 31
13 202
13 206
13 212
13 284
14 38
14 52
14 58
14 620
14 639
14 654
14 659
15 21
15 27
15 52
15 72
15 80
15 86
16 37
16 45
16 70
16 78
16 89
16 800
17 50
17 197
17 633
17 636
18 37
18 45
18 128
18 203
18 681
19 35
19 43
19 54
19 76
19 81
19 206
19 221
19 245
20 35
20 54
20 75
20 84
20 904
21 32
21 51
21 52
21 649
21 650
22 62
22 85
22 606
23 37
23 56
23 67
23 83
23 117
23 166
23 203
24 77
24 125
24 601
24 620
24 681
24 755
24 791
25 28
25 39
25 40
25 87
25 93
25 239
25 270
26 33
26 41
26 82
26 89
26 150
26 161
26 173
27 35
27 43
27 76
27 94
28 30
28 79
28 87
28 92
28 204
28 270
28 289
29 47
29 64
29 861
29 904
30 36
30 62
30 85
30 87
31 166
31 202
31 212
31 217
31 284
31 321
32 53
32 68
32 646
32 650
33 41
33 60
33 67
33 74
33 82
33 100
33 249
34 35
34 49
34 50
34 65
34 69
34 71
34 94
35 54
35 76
35 94
35 245
36 55
36 66
36 79
36 193
37 45
37 56
37 70
37 203
38 52
38 58
38 84
38 639
38 659
39 40
39 48
39 68
39 85
39 87
39 90
39 93
40 93
40 239
40 270
41 74
41 82
41 89
41 101
42 202
42 284
42 298
42 861
42 1016
43 48
43 59
43 62
43 87
43 94
44 91
44 619
44 695
44 839
44 1436
45 70
45 629
45 663
45 681
45 800
46 85
46 90
46 863
47 77
47 182
47 202
47 861
48 68
48 80
48 81
48 87
48 95
49 248
49 256
49 304
49 878
49 1094
50 65
50 71
50 122
51 52
51 636
51 649
52 72
52 86
52 617
53 68
53 90
53 632
53 646
54 76
54 245
54 904
55 120
55 122
55 197
55 606
56 67
56 68
56 70
56 74
56 89
57 63
57 66
57 177
57 666
57 687
58 76
58 84
58 844
59 87
59 94
59 96
59 221
59 241
60 74
60 83
60 93
60 237
60 249
61 171
61 625
61 898
61 1476
62 87
63 66
63 99
63 174
63 177
63 687
63 813
63 938
64 838
64 861
64 904
64 1022
65 69
65 84
65 98
65 633
66 79
66 153
66 177
67 83
67 100
67 117
67 150
67 355
68 74
69 84
69 98
69 824
69 845
69 878
69 897
70 72
70 603
71 94
71 199
72 80
72 86
72 650
73 118
73 194
73 817
73 824
75 257
75 848
75 878
75 1094
77 125
77 143
77 149
77 791
78 89
78 603
78 604
78 625
78 680
78 800
79 97
79 192
80 81
81 95
82 811
82 828
82 899
83 166
83 224
84 844
85 90
86 681
88 100
88 249
88 260
88 899
88 1140
89 124
89 150
90 880
91 101
91 643
91 806
91 807
91 836
91 868
92 97
92 220
92 244
92 270
92 289
92 357
92 1095
93 237
93 239
94 96
95 221
95 290
96 241
96 248
97 99
97 158
97 357
98 692
98 817
98 824
98 846
98 897
98 1501
99 174
99 822
99 863
99 938
99 948
99 954
100 130
100 224
100 249
100 355
101 806
101 807
101 828
101 868
101 880
102 105
102 133
102 137
102 162
102 175
102 186
102 196
103 108
103 129
103 151
103 182
103 203
104 142
104 147
104 156
104 158
104 170
104 186
104 192
104 386
105 127
105 133
105 162
105 172
105 185
105 186
105 187
105 196
106 109
106 123
106 124
106 126
106 155
106 159
106 173
106 184
106 185
107 108
107 133
107 144
107 151
107 164
107 172
107 179
108 151
108 200
108 321
108 390
109 159
109 172
109 178
109 185
110 160
110 320
110 348
110 393
110 1164
111 126
111 147
111 156
111 185
111 188
111 195
111 201
112 121
112 125
112 143
112 768
112 785
112 791
113 138
113 190
113 304
113 320
113 933
113 976
113 982
114 116
114 121
114 132
114 785
115 117
115 130
115 188
115 355
115 359
116 140
116 154
116 773
116 789
116 947
116 1000
116 1618
117 150
117 166
117 355
118 140
118 154
118 190
118 194
118 941
119 121
119 131
119 149
119 965
119 970
119 988
120 137
120 153
120 606
120 762
120 782
121 132
121 146
121 149
122 175
122 189
122 194
122 197
123 124
123 159
123 171
123 184
123 198
123 754
123 788
124 150
124 159
124 161
124 171
124 173
125 128
125 149
125 182
125 791
126 141
126 155
126 173
126 920
126 991
127 159
127 172
127 176
127 185
127 196
128 129
128 191
128 203
128 755
129 178
129 181
129 191
130 173
130 188
130 308
130 364
131 146
131 160
131 167
131 326
131 972
132 136
132 947
133 162
133 163
133 164
133 172
133 181
134 165
134 707
134 714
134 801
134 952
134 957
134 974
134 1523
135 136
135 138
135 145
135 157
135 175
135 190
135 194
136 144
136 157
136 160
136 163
136 190
137 189
137 196
137 698
137 782
138 139
138 145
138 190
138 320
139 145
139 199
139 215
139 248
139 320
139 335
140 152
140 154
140 194
140 765
141 156
141 169
141 184
141 908
141 974
141 992
142 158
142 192
142 333
142 370
142 386
143 149
143 768
143 791
143 970
144 146
144 160
144 164
144 200
144 312
145 157
145 160
145 312
145 320
145 335
145 367
146 163
147 156
147 170
147 195
147 384
148 157
148 162
148 164
148 180
148 323
148 335
149 183
150 173
151 359
151 390
152 163
152 175
152 181
152 189
152 765
153 165
153 174
153 177
153 186
154 194
154 730
154 744
154 773
155 161
155 184
155 956
155 991
156 195
156 992
157 162
157 164
157 175
157 199
158 168
158 174
158 192
159 178
160 312
160 348
161 173
161 898
161 991
162 164
162 170
162 180
163 164
163 181
164 175
164 180
165 174
165 177
165 187
166 321
166 355
167 200
167 326
167 369
167 374
168 948
168 949
168 954
169 184
169 187
169 198
169 801
170 179
170 180
170 323
170 386
171 754
171 788
172 178
172 179
172 181
172 185
174 177
174 957
175 189
176 178
176 181
176 191
176 709
176 784
176 797
176 802
177 687
177 714
177 749
177 813
177 952
178 191
179 185
179 359
180 312
180 322
180 323
181 802
182 183
182 202
182 203
183 202
184 198
184 754
184 908
186 187
186 192
188 201
188 310
188 328
188 364
189 197
189 765
189 782
190 961
191 737
191 797
192 193
192 333
193 199
195 201
195 328
195 920
195 934
195 992
195 1134
196 798
197 775
197 782
198 738
198 754
198 778
198 779
198 801
199 335
200 374
200 390
201 328
201 364
201 920
201 1003
202 284
204 241
204 268
204 404
205 235
205 244
205 403
205 1075
206 212
206 252
206 281
206 290
207 218
207 246
207 272
207 481
207 1090
208 223
208 231
208 240
208 243
208 263
208 300
208 488
208 500
209 226
209 301
209 305
209 366
209 1008
209 1331
210 222
210 227
210 239
210 240
210 251
210 290
210 293
211 229
211 247
211 344
211 405
211 437
211 1030
212 217
212 274
212 290
213 218
213 246
213 300
213 1052
213 1058
213 1064
214 219
214 242
214 257
214 273
214 1028
214 1046
214 1092
214 1094
215 241
215 248
215 253
215 269
215 315
215 335
215 349
215 404
216 236
216 262
216 275
216 293
216 464
217 258
217 274
217 284
217 321
217 329
217 395
218 225
218 272
218 277
218 1064
219 248
219 253
219 256
219 287
219 1094
220 244
220 259
220 270
220 819
220 1088
220 1095
221 252
221 290
222 227
222 240
222 250
222 277
223 235
223 240
223 243
223 259
223 263
223 299
223 300
224 225
224 227
224 274
224 332
224 355
225 249
225 260
226 232
226 234
226 253
226 256
226 305
226 315
227 237
227 251
227 290
228 262
228 265
228 275
228 464
228 471
228 487
229 233
229 247
229 405
229 437
229 1030
229 1287
230 234
230 242
230 255
230 273
230 278
230 292
231 235
231 263
231 267
231 449
231 451
231 460
231 500
232 234
232 296
232 307
232 324
232 349
232 360
233 242
233 247
233 255
233 266
233 283
233 1046
234 253
234 275
235 263
235 267
235 279
235 449
235 1062
236 251
236 252
237 239
237 249
237 277
237 303
238 254
238 261
238 264
238 280
238 295
238 302
238 462
239 240
239 259
239 270
239 277
239 299
240 243
240 277
240 299
241 269
241 291
241 404
242 255
242 278
242 283
242 1046
243 263
243 268
243 271
243 293
243 299
244 289
244 299
244 357
244 403
244 1095
245 252
245 257
245 287
246 276
246 465
246 1060
246 1090
247 266
247 286
247 1096
248 253
249 260
249 303
250 262
250 502
251 252
251 290
252 287
253 256
253 315
254 264
254 272
254 274
254 285
254 295
254 302
254 332
254 373
255 278
255 297
255 409
256 304
256 305
256 1014
256 1094
256 1097
257 283
257 848
257 1005
258 281
258 286
258 302
259 277
259 1058
260 303
260 1087
261 262
261 280
261 297
261 407
261 462
262 438
262 464
263 282
263 403
263 449
264 272
264 285
264 408
264 416
264 462
265 271
265 275
265 282
265 296
265 471
265 599
266 280
266 297
266 405
266 407
267 300
267 1026
267 1062
267 1273
268 269
268 271
268 291
268 293
268 294
268 299
269 271
269 291
269 382
269 404
270 289
270 299
271 282
271 293
271 294
271 382
272 285
272 502
273 278
273 301
273 1008
273 1028
274 302
274 329
274 332
275 293
275 296
275 464
276 300
276 488
276 497
276 502
278 301
278 1046
278 1047
279 449
279 1062
279 1107
279 1389
280 295
280 407
280 446
280 560
281 283
281 284
281 286
282 460
282 471
283 1005
283 1046
283 1057
284 286
284 321
284 394
285 313
285 398
286 288
286 298
286 336
286 394
287 291
288 295
288 336
288 338
288 395
289 294
289 299
289 357
289 370
291 293
292 296
292 301
292 307
292 409
292 447
292 496
294 372
294 382
294 403
295 302
295 338
296 307
296 360
296 447
296 464
296 599
297 405
297 407
297 412
298 394
298 1016
298 1022
298 1096
298 1110
300 1052
301 426
301 496
301 1008
301 1248
303 1036
304 320
304 976
304 1094
304 1097
305 315
305 393
305 1014
305 1196
306 309
306 342
306 372
306 378
306 399
307 324
307 360
307 401
307 496
307 510
308 332
308 352
308 361
308 364
309 319
309 449
309 542
309 569
310 328
310 347
310 352
310 359
310 361
311 314
311 322
311 339
311 361
311 362
311 373
311 375
311 392
312 327
312 348
312 367
312 387
313 314
313 377
313 380
313 398
314 345
314 361
314 373
314 388
315 320
315 330
315 349
315 367
316 327
316 356
316 375
316 383
316 387
317 339
317 343
317 388
317 559
317 593
317 597
318 319
318 363
318 370
318 384
318 391
318 1143
319 368
319 372
319 391
319 403
320 393
321 329
321 390
321 395
322 323
322 356
322 359
322 390
323 354
323 386
324 353
324 360
324 401
324 509
325 331
325 334
325 336
325 374
325 379
325 394
325 395
326 331
326 337
326 348
326 997
326 1159
326 1164
326 1173
327 334
327 348
327 387
328 347
328 352
328 365
328 1174
329 332
329 373
329 392
329 395
330 348
330 349
330 367
330 387
330 389
330 393
331 351
331 369
331 376
331 1159
331 1162
331 1173
332 355
332 373
332 392
333 386
334 375
334 379
334 390
335 367
335 404
336 344
336 394
336 1110
336 1162
337 348
337 389
337 1159
337 1164
337 1169
338 379
338 560
338 590
339 354
339 356
339 383
340 352
340 358
340 365
340 380
340 388
340 1120
340 1174
340 1177
341 380
341 402
341 505
341 593
341 1177
341 1359
341 1405
342 343
342 350
342 368
342 378
342 542
343 358
343 368
343 402
343 542
344 346
344 1030
344 1112
345 362
345 373
345 400
345 559
346 376
346 515
346 536
346 590
346 1112
346 1313
347 354
347 365
347 384
348 387
348 389
349 367
350 383
351 376
351 385
351 389
352 361
352 364
352 1174
353 387
353 509
354 368
354 386
354 391
355 392
356 378
356 387
357 370
357 948
357 1095
358 363
358 365
358 368
358 388
358 402
358 1177
359 361
359 392
360 509
360 510
360 595
360 599
361 392
362 373
362 375
362 379
362 383
362 400
363 365
363 368
363 1143
363 1161
364 1003
364 1140
365 1143
365 1174
365 1177
365 1183
366 396
366 401
366 1148
366 1196
367 387
368 391
369 374
369 394
369 1100
369 1105
369 1110
369 1173
370 391
370 403
371 383
371 385
371 536
371 549
371 586
372 378
372 382
372 403
373 392
374 394
375 379
376 385
376 508
376 1104
376 1112
376 1162
377 397
377 1185
378 382
379 385
379 395
380 388
380 397
380 503
381 402
381 569
381 1138
381 1161
381 1391
382 404
384 386
384 391
385 536
386 391
387 389
389 396
393 1101
393 1196
394 395
394 1110
396 401
396 539
396 1335
397 565
397 1192
397 1359
398 489
398 503
398 561
399 542
399 581
399 595
399 599
400 408
400 558
400 560
401 509
401 510
401 1331
401 1335
402 521
402 593
405 407
405 424
405 437
405 1287
406 426
406 444
406 479
406 480
406 1217
406 1263
406 1274
406 1290
407 435
408 416
408 446
408 535
408 587
409 412
409 420
409 447
409 464
410 459
410 480
410 493
410 648
410 685
410 690
411 448
411 459
411 478
411 543
411 544
411 547
412 435
412 468
412 479
412 480
413 424
413 437
413 444
413 463
413 479
413 490
413 1274
413 1287
414 418
414 445
414 446
414 452
414 485
414 589
415 465
415 494
415 1214
415 1216
415 1243
415 1297
416 441
416 462
416 481
416 489
417 448
417 460
417 471
417 486
417 487
418 424
418 445
418 515
418 560
419 430
419 463
419 490
419 622
419 1260
420 426
420 442
420 447
420 454
420 496
421 429
421 433
421 436
421 438
421 441
421 462
421 491
421 502
422 428
422 451
422 466
422 492
422 495
423 442
423 447
423 468
423 480
423 487
424 430
424 435
424 463
424 470
424 479
425 434
425 436
425 456
425 469
425 472
425 473
425 477
426 1047
426 1217
426 1248
427 466
427 472
427 473
427 475
427 495
427 627
427 678
428 443
428 492
428 501
428 575
429 436
429 439
429 441
429 457
429 475
429 491
429 494
430 445
430 463
430 470
430 485
430 490
431 452
431 485
431 506
431 568
431 693
431 696
432 435
432 474
432 479
432 480
432 493
433 435
433 456
433 468
433 491
434 456
434 469
434 472
434 658
434 693
435 479
436 441
436 456
437 1030
437 1231
437 1235
437 1287
438 457
438 468
438 487
438 491
438 500
439 451
439 457
439 475
439 488
439 497
439 498
440 477
440 482
440 605
440 736
440 786
440 1243
441 481
441 497
441 502
442 447
442 454
442 461
442 476
443 451
443 501
443 580
443 1241
443 1273
443 1389
444 458
444 470
444 479
444 490
444 691
444 1274
445 529
445 568
445 573
445 589
446 462
447 461
447 464
447 496
448 459
448 483
449 460
450 467
450 469
450 477
450 571
450 587
450 696
451 457
451 1273
452 469
452 485
453 455
453 501
453 1300
453 1435
454 461
454 496
454 510
454 537
454 598
454 1289
455 492
455 495
455 501
455 553
455 804
456 474
456 485
457 466
457 488
457 500
458 484
458 615
458 1225
458 1290
458 1460
458 1502
458 1509
459 544
460 471
460 486
460 500
461 510
461 567
461 595
461 599
462 502
463 490
463 1231
463 1272
464 468
464 487
465 481
465 497
465 498
465 1230
465 1295
466 475
466 492
466 495
467 477
467 582
467 587
468 487
468 491
469 477
469 656
469 696
470 485
470 490
470 653
470 691
471 486
471 487
471 599
472 473
472 474
472 638
473 475
473 482
473 602
474 483
474 491
474 685
475 494
476 484
476 537
476 690
476 1263
478 492
478 547
478 671
478 689
479 480
479 1274
481 489
482 494
482 1208
482 1243
482 1472
483 627
484 690
484 1236
484 1263
484 1301
484 1509
485 693
486 575
486 581
487 491
488 500
488 502
489 565
489 582
489 1216
490 622
490 691
490 1272
490 1274
492 495
493 611
493 615
493 685
493 690
494 497
494 1297
495 678
496 510
496 1331
497 498
498 1291
499 661
499 678
499 1208
499 1242
499 1470
499 1472
501 553
501 580
501 1241
501 1346
503 559
503 561
503 565
503 593
504 506
504 514
504 546
504 563
504 728
505 531
505 538
505 562
505 593
505 1358
506 568
506 696
506 708
506 728
507 509
507 516
507 551
507 552
507 578
507 586
507 595
508 536
508 539
508 579
508 592
508 1313
509 510
509 552
509 595
510 595
511 534
511 570
511 588
511 593
511 597
512 525
512 544
512 551
512 556
512 567
512 576
512 745
513 541
513 557
513 576
513 598
513 1323
513 1348
514 526
514 530
514 546
514 554
514 563
514 577
515 529
515 564
515 573
515 590
516 534
516 542
516 570
516 578
516 581
516 583
517 528
517 550
517 758
517 760
517 1309
518 527
518 548
518 551
518 552
518 557
518 586
519 522
519 526
519 570
519 572
519 577
519 583
519 588
519 727
519 774
520 529
520 533
520 555
520 564
520 573
520 574
520 579
521 584
521 1361
521 1379
521 1391
522 534
522 570
522 572
522 583
522 585
522 588
523 532
523 711
523 761
523 1309
523 1356
524 526
524 548
524 556
524 764
525 537
525 576
525 631
525 702
525 792
526 554
526 556
526 570
526 577
526 578
526 583
526 588
527 536
527 548
527 549
527 558
527 573
527 586
527 590
528 550
528 563
528 577
528 588
528 760
528 774
529 533
529 564
529 573
530 538
530 554
530 561
531 538
531 540
531 565
531 566
531 1325
531 1353
531 1358
532 553
532 761
532 795
532 1312
532 1346
532 1356
533 555
533 568
533 574
533 591
533 766
534 542
534 569
534 570
534 575
534 585
535 558
535 561
535 587
536 590
537 576
537 598
537 1327
538 540
538 550
538 562
539 541
539 552
539 592
539 1335
540 550
540 566
540 571
540 786
540 1350
540 1406
541 552
541 557
541 592
541 1335
541 1381
542 569
543 544
543 556
543 572
543 583
543 720
543 727
543 740
543 769
544 567
544 769
545 557
545 574
545 594
545 745
546 548
546 574
547 575
547 581
547 583
548 578
548 586
549 558
549 586
550 563
550 571
550 758
551 552
551 556
551 567
551 578
552 557
554 578
554 597
555 574
555 591
555 756
555 759
556 583
556 727
557 592
557 596
558 573
558 589
558 590
559 593
559 597
560 590
561 565
561 582
561 587
562 584
562 1309
562 1358
562 1379
563 577
563 704
563 728
564 579
564 1313
564 1315
564 1387
564 1397
565 582
565 1325
566 582
566 1216
566 1268
566 1406
567 576
567 595
568 589
568 708
568 766
569 585
570 578
570 583
570 588
571 736
572 583
572 720
572 727
573 589
573 590
574 759
575 585
577 704
577 774
578 586
578 597
579 592
579 1313
579 1367
580 585
580 1241
580 1312
580 1319
580 1346
581 599
582 1216
584 585
584 1312
584 1379
591 756
591 766
591 1529
592 596
592 1381
593 597
594 745
594 746
594 792
594 1348
595 599
596 1336
596 1348
596 1367
596 1399
598 1289
598 1327
598 1338
598 1339
600 610
600 614
600 628
600 645
600 666
600 749
601 621
601 676
601 700
601 755
601 783
601 791
602 609
602 655
602 673
602 678
603 604
603 624
603 629
603 632
603 650
603 680
604 624
604 625
604 632
604 641
604 643
604 652
604 669
604 680
604 688
605 608
605 668
605 688
605 786
605 1449
606 636
606 666
606 803
607 630
607 631
607 648
607 660
607 665
607 675
607 690
607 710
608 656
608 668
608 688
608 729
608 736
608 770
608 787
609 641
609 674
609 1472
610 645
610 647
610 661
610 674
611 615
611 623
611 653
611 691
612 629
612 650
612 657
612 663
612 667
612 681
613 662
613 672
613 683
613 1413
613 1450
613 1480
614 628
614 645
614 689
614 723
614 751
614 772
614 803
614 804
615 662
615 690
616 620
616 783
616 791
616 805
616 1487
617 637
617 644
617 649
618 637
618 638
618 682
619 632
619 643
619 646
619 647
619 652
620 654
621 642
621 657
621 663
621 741
622 634
622 691
622 1260
622 1502
623 644
623 654
623 677
623 683
624 629
624 652
624 655
624 657
624 680
624 684
625 669
625 680
625 721
625 1476
626 640
626 665
626 706
626 710
626 730
627 648
627 671
627 685
628 645
628 651
628 666
628 803
629 657
629 663
629 680
629 800
630 640
630 648
630 651
630 660
630 665
630 686
631 660
631 675
631 690
631 710
631 794
632 643
632 646
632 652
633 686
633 692
634 664
634 670
634 676
634 691
634 694
635 646
635 649
635 684
636 649
636 686
637 644
637 682
638 673
638 682
638 685
639 659
639 884
639 1446
639 1450
640 665
640 686
640 750
640 775
641 652
641 669
641 688
641 1447
642 658
642 664
642 676
642 677
642 693
642 724
642 741
643 669
643 868
643 1506
643 1510
644 654
644 659
644 662
644 672
646 652
646 684
647 652
647 674
648 660
648 671
650 684
651 723
651 803
652 684
653 677
653 693
654 667
654 683
654 1450
655 656
655 673
655 688
656 658
656 696
657 679
658 679
658 693
658 696
658 741
659 672
659 692
660 710
660 769
661 674
661 678
661 1435
661 1470
662 672
662 683
662 1480
662 1509
663 681
663 739
663 755
664 693
664 724
664 766
665 672
665 686
665 710
667 677
667 681
668 669
668 688
668 721
668 1415
668 1574
669 688
669 1415
669 1447
669 1476
670 676
670 683
670 1459
670 1491
671 689
671 720
671 723
671 769
672 686
672 692
672 1413
673 679
673 682
674 678
674 1444
674 1470
675 794
675 1301
675 1413
675 1424
675 1509
676 715
676 783
677 679
677 682
679 682
680 688
680 729
680 800
681 755
683 1450
683 1480
683 1491
683 1502
687 695
687 749
687 813
689 720
689 751
689 804
691 1502
692 1446
692 1501
694 715
695 813
695 839
695 882
695 1458
695 1496
696 728
696 741
697 699
697 706
697 712
697 719
697 746
697 763
697 773
697 789
697 1547
698 718
698 725
698 738
698 753
698 762
698 782
698 798
699 731
699 746
699 757
699 789
699 793
700 715
700 737
700 752
700 755
700 771
700 783
700 791
701 711
701 726
701 727
701 748
701 774
701 780
702 710
702 740
702 745
702 746
702 750
702 757
702 792
703 716
703 732
703 747
703 767
703 780
703 793
704 732
704 748
704 764
704 780
705 743
705 1569
705 1578
705 1600
706 710
706 730
706 744
706 763
706 773
707 714
707 718
707 738
707 777
707 779
707 801
708 724
708 732
708 766
709 737
709 784
709 802
710 763
710 794
711 726
711 751
711 761
711 774
711 795
712 716
712 722
712 746
712 1532
712 1544
712 1602
713 729
713 739
713 741
714 718
714 749
714 762
714 777
714 952
714 1525
715 752
715 783
715 799
716 722
716 747
716 759
716 771
716 781
716 793
717 720
717 723
717 725
717 740
717 750
717 757
717 772
718 738
718 762
718 772
718 777
719 722
719 773
719 785
719 789
719 1618
720 723
720 727
720 740
720 751
720 769
720 772
721 754
721 790
721 1476
721 1574
721 1597
722 747
722 771
722 781
722 1585
722 1602
723 750
723 769
723 775
723 803
724 741
724 752
724 766
725 731
725 750
725 757
725 775
725 782
726 734
726 743
726 748
726 760
726 779
727 740
727 764
728 787
729 770
729 787
730 773
730 817
730 1521
731 753
731 757
731 798
732 759
732 767
732 793
733 743
733 754
733 778
733 779
733 790
733 1515
733 1591
734 738
734 742
734 753
734 779
734 784
735 758
735 786
735 790
735 1550
735 1574
735 1596
736 786
736 787
737 747
737 802
738 779
738 801
739 767
739 797
740 745
740 757
740 764
740 769
742 770
742 776
742 778
742 784
742 788
743 758
743 760
743 778
743 779
743 790
744 765
744 789
745 746
745 764
745 793
746 763
746 792
746 1532
747 771
748 760
748 774
748 776
748 780
749 762
750 757
750 775
751 772
751 777
751 795
751 804
752 767
752 771
752 781
753 780
753 798
754 778
754 788
755 791
756 759
756 781
756 799
756 1529
756 1602
757 793
758 760
758 787
759 781
760 774
761 795
761 1356
761 1564
761 1578
761 1600
763 794
763 1547
763 1617
764 780
764 793
765 789
765 798
768 783
768 785
768 791
768 1546
770 776
770 778
770 787
770 788
770 790
771 781
771 799
771 1546
773 789
773 1000
773 1521
773 1535
773 1547
775 782
775 803
776 787
777 795
777 1525
778 779
778 788
778 790
779 801
781 799
782 803
783 791
783 1487
784 797
785 1618
786 1406
786 1418
786 1519
788 800
790 1550
792 794
794 1403
795 804
795 1564
796 804
796 1435
796 1469
796 1507
796 1525
796 1609
797 800
798 802
799 1537
799 1546
799 1585
799 1602
805 832
805 847
805 864
805 1511
806 807
806 828
806 836
806 868
806 881
806 888
806 890
807 816
807 836
807 839
807 875
807 880
807 881
807 1436
808 819
808 822
808 853
808 865
808 892
809 833
809 847
809 850
809 856
809 871
809 937
810 816
810 821
810 858
810 881
810 894
811 828
811 843
811 867
811 898
811 899
811 994
812 823
812 837
812 840
812 879
812 887
812 900
812 1067
813 831
813 882
813 938
813 952
813 1496
814 851
814 862
814 874
814 889
814 1430
814 1454
814 1484
815 823
815 829
815 855
815 894
816 836
816 858
816 875
816 881
816 901
816 1416
816 1436
817 824
817 941
817 1501
817 1521
818 838
818 852
818 877
818 904
819 863
819 883
819 1095
820 825
820 857
820 859
820 1021
820 1029
820 1041
820 1061
821 862
821 885
821 888
821 1417
821 1484
822 853
822 863
822 865
822 954
822 986
823 855
823 894
824 845
824 897
824 941
825 829
825 859
825 873
825 1029
825 1044
825 1078
826 842
826 846
826 854
826 874
826 891
826 897
826 1439
827 842
827 844
827 846
827 851
827 884
827 1421
827 1446
828 870
829 866
829 870
829 873
830 841
830 843
830 859
830 870
830 890
831 869
831 882
831 901
831 905
831 1496
831 1613
832 847
832 850
832 851
832 862
832 910
832 1511
833 850
833 856
833 859
833 876
833 885
833 978
834 868
834 888
834 890
834 1506
834 1543
835 856
835 879
835 1098
836 868
836 1436
836 1471
836 1506
836 1510
837 845
837 878
837 976
837 1013
837 1067
837 1097
838 852
838 861
838 871
838 877
838 895
838 1016
838 1022
839 880
839 882
839 1436
840 855
840 900
840 902
840 983
840 998
840 1013
840 1122
841 843
841 857
841 859
841 860
841 978
842 846
842 874
842 887
842 889
842 897
843 867
843 890
843 945
843 994
844 884
844 904
845 854
845 878
845 897
845 982
846 891
846 897
846 1421
846 1446
846 1468
847 852
848 887
848 1005
848 1092
848 1098
849 867
849 873
849 1036
849 1087
849 1089
850 885
850 907
850 910
850 978
851 862
851 884
851 1451
851 1454
851 1511
852 861
852 876
852 877
853 865
853 875
853 883
853 892
854 891
854 893
854 897
854 923
855 865
855 872
855 902
856 859
856 876
856 877
857 859
857 860
857 937
857 978
857 1001
857 1041
858 894
858 901
858 1452
860 867
860 953
860 1041
860 1115
861 895
861 1016
862 1417
862 1454
862 1484
862 1503
862 1511
863 883
864 884
865 872
865 909
866 870
866 873
866 892
866 1044
867 873
867 899
867 953
868 898
868 1506
869 903
869 986
869 999
870 873
870 881
871 877
871 895
871 1021
871 1160
872 892
872 1045
872 1059
872 1065
873 1029
874 889
874 1421
874 1430
874 1504
875 881
875 883
876 877
876 889
877 1069
878 887
878 897
878 1094
879 900
879 1048
879 1065
879 1098
880 883
882 901
882 938
882 1496
884 1451
885 886
885 890
885 907
886 907
886 932
886 1565
888 890
891 929
891 1439
891 1562
893 896
893 902
893 928
893 989
893 999
895 944
895 988
895 1016
895 1105
896 903
896 999
896 1504
898 945
899 953
899 994
900 1013
900 1059
900 1067
901 905
901 1436
901 1496
902 909
902 958
902 983
902 989
902 998
902 999
903 905
903 999
903 1438
903 1513
905 1438
906 959
906 960
906 981
906 984
906 986
907 936
907 962
907 978
908 916
908 955
908 956
908 974
908 975
909 914
909 919
909 998
909 999
910 911
910 918
910 936
911 918
911 922
911 970
911 993
912 921
912 922
912 947
912 993
912 995
912 1559
912 1592
912 1618
913 916
913 920
913 956
913 963
913 966
913 967
913 991
914 919
914 958
914 959
914 969
914 989
915 921
915 924
915 931
915 969
915 996
916 967
916 975
916 981
916 990
917 925
917 967
917 969
917 990
918 936
918 944
918 950
918 962
918 968
918 996
919 958
919 987
919 998
919 1113
919 1133
919 1184
920 934
920 991
920 992
921 993
921 995
921 996
921 1559
921 1592
922 970
922 993
922 1601
922 1618
923 928
923 929
923 941
923 982
924 930
924 990
924 1554
924 1577
924 1594
925 930
925 962
925 967
925 980
925 1001
925 1129
926 943
926 946
926 947
926 950
926 965
926 972
927 941
927 946
927 947
927 961
927 1000
928 929
928 946
928 964
928 989
929 941
929 964
929 1000
929 1562
929 1589
930 962
930 963
930 990
930 996
931 940
931 959
931 964
931 1599
932 963
932 1554
932 1556
932 1565
932 1603
933 961
933 976
933 982
933 1101
933 1156
934 951
934 967
934 977
934 1002
934 1129
934 1134
935 943
935 946
936 939
936 962
936 996
936 1603
937 968
937 978
937 1160
938 952
938 954
938 957
938 960
939 993
939 1534
939 1555
939 1594
939 1603
939 1608
940 959
940 1567
940 1577
941 1000
942 971
942 977
942 987
942 1124
942 1155
943 946
943 950
943 969
944 965
944 985
944 988
944 1105
945 956
945 994
945 1597
946 995
947 1000
947 1618
948 954
948 1145
948 1200
949 954
949 957
949 974
949 981
949 992
950 965
950 996
951 973
951 977
951 981
951 984
951 987
952 957
952 960
953 994
953 1002
953 1003
953 1115
954 957
954 986
955 956
955 1556
955 1591
956 1597
957 960
957 974
958 983
958 989
958 998
958 1122
958 1184
959 999
960 1567
960 1613
961 972
962 968
962 978
962 996
962 1001
963 966
964 1540
964 1551
964 1599
965 972
965 997
966 967
966 1001
966 1002
966 1129
967 977
967 990
968 980
968 985
968 1160
968 1167
968 1187
969 971
971 979
971 1155
971 1184
972 997
972 1164
973 987
973 1109
973 1134
973 1145
974 975
975 981
976 982
976 1013
976 1097
976 1156
976 1201
977 987
977 1129
977 1186
979 997
979 1128
979 1155
979 1187
980 1124
980 1167
980 1187
981 984
983 1013
983 1122
983 1156
984 986
984 987
985 1100
985 1125
985 1160
985 1187
987 1109
988 1105
989 999
990 1577
991 994
991 1002
991 1003
993 1559
993 1601
995 1592
997 1100
997 1128
997 1164
998 1081
998 1113
998 1122
998 1133
1000 1521
1000 1535
1001 1129
1001 1153
1002 1003
1002 1115
1002 1129
1002 1168
1003 1140
1004 1020
1004 1033
1004 1070
1004 1211
1004 1220
1004 1304
1005 1022
1005 1056
1005 1057
1005 1069
1006 1046
1006 1057
1006 1063
1006 1077
1006 1079
1007 1020
1007 1033
1007 1054
1007 1055
1007 1068
1007 1220
1008 1014
1008 1027
1008 1028
1008 1034
1008 1248
1009 1042
1009 1084
1009 1190
1009 1195
1010 1035
1010 1045
1010 1050
1010 1075
1010 1088
1010 1111
1011 1020
1011 1063
1011 1077
1011 1205
1011 1220
1011 1227
1012 1015
1012 1039
1012 1064
1012 1076
1012 1090
1013 1067
1013 1072
1013 1097
1013 1122
1013 1156
1013 1201
1014 1027
1014 1097
1014 1106
1014 1201
1015 1023
1015 1037
1015 1070
1015 1076
1015 1123
1015 1132
1015 1137
1016 1022
1016 1105
1016 1110
1017 1027
1017 1034
1017 1072
1017 1106
1017 1188
1018 1040
1018 1054
1019 1077
1019 1084
1019 1190
1019 1193
1019 1299
1020 1068
1020 1220
1021 1032
1021 1061
1021 1195
1022 1042
1022 1057
1022 1069
1023 1029
1023 1037
1023 1061
1023 1068
1023 1080
1024 1061
1024 1073
1024 1084
1024 1121
1024 1195
1025 1034
1025 1204
1025 1248
1025 1256
1025 1271
1026 1031
1026 1051
1026 1052
1026 1062
1026 1091
1026 1221
1027 1028
1027 1040
1027 1072
1028 1040
1029 1037
1029 1044
1029 1061
1029 1080
1030 1077
1030 1096
1031 1038
1031 1049
1031 1051
1031 1052
1031 1058
1032 1042
1032 1061
1032 1068
1032 1078
1032 1082
1033 1038
1033 1039
1033 1247
1033 1267
1033 1304
1034 1148
1034 1202
1034 1204
1034 1331
1035 1050
1035 1075
1035 1083
1035 1086
1036 1085
1036 1089
1037 1041
1037 1093
1037 1137
1038 1039
1038 1060
1038 1091
1039 1060
1039 1304
1040 1056
1040 1066
1040 1079
1041 1061
1041 1137
1042 1057
1042 1069
1042 1082
1043 1053
1043 1108
1043 1222
1043 1271
1043 1302
1044 1049
1044 1065
1044 1071
1044 1080
1045 1059
1045 1065
1045 1071
1046 1057
1047 1210
1047 1217
1047 1248
1048 1065
1048 1066
1048 1078
1048 1098
1049 1071
1049 1080
1049 1085
1049 1089
1050 1075
1050 1086
1050 1111
1051 1052
1051 1058
1051 1088
1052 1058
1052 1060
1053 1074
1053 1086
1053 1103
1053 1108
1053 1171
1053 1302
1054 1055
1054 1222
1054 1271
1055 1063
1055 1227
1056 1066
1056 1079
1056 1082
1056 1092
1056 1098
1057 1096
1058 1089
1059 1065
1059 1071
1059 1081
1060 1221
1060 1295
1061 1195
1062 1107
1062 1273
1062 1389
1063 1077
1063 1079
1063 1227
1064 1087
1064 1090
1065 1071
1066 1079
1066 1082
1067 1092
1067 1097
1067 1098
1069 1078
1069 1082
1069 1098
1070 1076
1070 1123
1070 1211
1070 1223
1070 1304
1072 1081
1072 1106
1072 1188
1072 1201
1073 1119
1073 1121
1073 1189
1073 1224
1074 1081
1074 1103
1074 1188
1075 1088
1075 1163
1076 1090
1076 1123
1076 1132
1076 1185
1076 1192
1078 1082
1079 1082
1080 1087
1080 1089
1081 1113
1081 1122
1081 1150
1081 1188
1083 1086
1083 1091
1083 1222
1084 1193
1085 1088
1085 1089
1086 1281
1086 1302
1087 1089
1087 1093
1088 1095
1090 1230
1091 1221
1091 1222
1091 1281
1091 1285
1092 1094
1092 1097
1093 1115
1093 1140
1094 1097
1096 1190
1097 1201
1099 1116
1099 1153
1099 1167
1099 1178
1099 1195
1100 1105
1100 1125
1100 1173
1100 1187
1101 1156
1101 1164
1101 1169
1101 1194
1102 1138
1102 1171
1102 1179
1102 1180
1102 1316
1103 1108
1103 1144
1103 1171
1103 1180
1103 1188
1104 1112
1104 1146
1104 1157
1104 1162
1104 1181
1104 1313
1104 1326
1105 1110
1106 1148
1106 1188
1106 1196
1106 1201
1107 1138
1107 1389
1108 1118
1108 1171
1108 1202
1108 1342
1109 1111
1109 1133
1109 1145
1109 1154
1109 1200
1110 1190
1111 1133
1111 1180
1112 1136
1112 1146
1112 1158
1112 1162
1112 1313
1113 1133
1113 1150
1113 1184
1114 1116
1114 1117
1114 1151
1114 1165
1114 1175
1115 1137
1115 1140
1115 1153
1116 1117
1116 1121
1116 1125
1116 1193
1116 1195
1117 1142
1117 1146
1117 1149
1117 1151
1117 1158
1117 1181
1117 1199
1118 1144
1118 1147
1118 1148
1118 1188
1118 1362
1119 1121
1119 1149
1119 1193
1119 1224
1119 1299
1119 1322
1119 1401
1120 1135
1120 1170
1120 1174
1120 1177
1120 1183
1120 1192
1120 1197
1121 1149
1121 1189
1121 1193
1122 1150
1122 1156
1123 1132
1123 1135
1123 1189
1123 1198
1123 1344
1124 1129
1124 1155
1124 1165
1124 1167
1125 1160
1125 1187
1126 1163
1127 1142
1127 1147
1127 1157
1127 1181
1127 1352
1127 1408
1128 1151
1128 1159
1128 1164
1128 1182
1129 1153
1129 1168
1129 1186
1130 1135
1130 1141
1130 1152
1130 1178
1130 1198
1131 1144
1131 1150
1131 1182
1131 1188
1131 1194
1132 1135
1132 1137
1132 1170
1132 1185
1133 1200
1134 1143
1134 1174
1134 1186
1135 1141
1135 1192
1135 1197
1136 1146
1136 1158
1136 1299
1136 1401
1137 1153
1137 1178
1138 1161
1138 1316
1138 1361
1138 1391
1139 1161
1139 1172
1139 1177
1139 1183
1139 1191
1139 1197
1139 1316
1139 1361
1139 1405
1141 1168
1141 1170
1141 1178
1141 1183
1141 1186
1142 1149
1142 1152
1142 1175
1142 1199
1142 1352
1144 1166
1144 1175
1144 1176
1144 1188
1145 1163
1145 1200
1146 1158
1146 1181
1146 1199
1146 1326
1146 1328
1147 1148
1147 1335
1147 1408
1148 1196
1149 1189
1149 1198
1149 1199
1150 1156
1150 1184
1150 1188
1150 1194
1151 1181
1151 1182
1151 1187
1152 1175
1152 1179
1152 1191
1153 1168
1153 1178
1154 1172
1154 1180
1154 1186
1155 1182
1155 1184
1155 1194
1156 1194
1156 1201
1157 1159
1157 1169
1157 1181
1158 1181
1158 1193
1159 1162
1159 1173
1160 1187
1160 1195
1161 1177
1161 1361
1162 1173
1163 1200
1165 1176
1165 1178
1165 1186
1166 1175
1166 1179
1166 1306
1166 1352
1167 1187
1168 1170
1168 1174
1168 1186
1169 1196
1170 1174
1170 1185
1171 1180
1171 1302
1171 1357
1172 1179
1172 1183
1172 1191
1174 1183
1175 1176
1176 1179
1177 1183
1177 1405
1179 1191
1179 1341
1182 1194
1184 1194
1185 1192
1189 1198
1191 1197
1191 1341
1191 1383
1192 1314
1192 1359
1197 1344
1197 1359
1197 1405
1198 1344
1198 1369
1199 1330
1199 1371
1202 1204
1202 1251
1202 1271
1202 1337
1202 1372
1203 1204
1203 1252
1203 1261
1203 1263
1203 1289
1204 1248
1204 1251
1204 1271
1205 1227
1205 1235
1205 1259
1205 1286
1206 1215
1206 1242
1206 1282
1206 1300
1206 1434
1207 1226
1207 1232
1207 1234
1207 1238
1207 1244
1207 1254
1207 1255
1207 1269
1207 1283
1208 1242
1208 1277
1208 1297
1208 1472
1209 1245
1209 1246
1209 1250
1209 1255
1209 1269
1209 1270
1209 1279
1209 1475
1210 1217
1210 1229
1210 1235
1210 1252
1210 1256
1210 1274
1210 1287
1211 1220
1211 1249
1211 1280
1211 1304
1212 1234
1212 1247
1212 1253
1212 1267
1212 1278
1212 1286
1212 1293
1213 1233
1213 1281
1213 1282
1213 1298
1213 1398
1214 1230
1214 1243
1214 1268
1214 1280
1214 1295
1214 1297
1215 1239
1215 1240
1215 1242
1215 1244
1216 1230
1216 1268
1216 1402
1217 1252
1217 1274
1217 1287
1218 1253
1218 1264
1218 1292
1218 1321
1218 1437
1218 1440
1218 1492
1219 1257
1219 1262
1219 1296
1219 1429
1219 1490
1219 1500
1220 1227
1220 1267
1220 1286
1221 1273
1221 1281
1221 1285
1221 1291
1222 1226
1222 1281
1222 1285
1223 1230
1223 1266
1223 1280
1223 1314
1223 1365
1223 1402
1224 1249
1224 1299
1224 1322
1224 1324
1224 1404
1225 1257
1225 1272
1225 1290
1225 1460
1226 1254
1226 1269
1226 1298
1227 1229
1227 1256
1227 1258
1227 1267
1227 1286
1228 1273
1228 1282
1228 1291
1229 1252
1229 1255
1229 1256
1229 1257
1229 1258
1229 1259
1229 1283
1230 1295
1230 1314
1231 1235
1231 1237
1231 1294
1231 1315
1231 1397
1232 1234
1232 1244
1232 1254
1232 1267
1232 1285
1233 1241
1233 1298
1233 1375
1233 1398
1234 1238
1234 1240
1234 1244
1234 1258
1234 1262
1234 1267
1234 1286
1235 1259
1235 1287
1236 1250
1236 1261
1236 1263
1236 1290
1236 1301
1236 1488
1237 1260
1237 1272
1237 1275
1237 1294
1237 1315
1238 1239
1238 1240
1238 1255
1238 1262
1238 1279
1239 1240
1239 1276
1239 1464
1239 1467
1240 1244
1240 1262
1240 1278
1240 1288
1240 1464
1241 1319
1241 1389
1242 1434
1242 1470
1242 1472
1243 1268
1243 1277
1243 1297
1243 1418
1243 1422
1244 1254
1244 1284
1244 1285
1245 1269
1245 1270
1245 1276
1245 1329
1245 1376
1245 1377
1245 1475
1245 1568
1246 1251
1246 1261
1246 1337
1246 1409
1247 1267
1247 1280
1247 1284
1247 1295
1247 1304
1249 1264
1249 1266
1249 1324
1250 1255
1250 1261
1250 1270
1250 1488
1250 1493
1250 1505
1251 1271
1251 1283
1252 1256
1252 1257
1252 1263
1252 1274
1252 1290
1253 1264
1253 1266
1253 1278
1254 1282
1254 1285
1255 1257
1255 1283
1256 1283
1257 1258
1257 1259
1257 1290
1257 1296
1258 1259
1258 1262
1258 1283
1258 1286
1258 1296
1259 1272
1259 1286
1259 1296
1260 1265
1260 1396
1260 1477
1261 1263
1261 1289
1261 1301
1261 1327
1261 1409
1262 1288
1262 1296
1263 1290
1264 1293
1264 1321
1264 1324
1264 1400
1265 1396
1265 1437
1265 1477
1265 1500
1266 1280
1266 1303
1266 1365
1266 1400
1266 1402
1267 1286
1268 1303
1268 1402
1268 1406
1268 1418
1269 1276
1269 1298
1269 1329
1270 1377
1270 1453
1270 1475
1270 1493
1272 1274
1274 1287
1274 1290
1275 1293
1275 1404
1276 1279
1276 1376
1276 1419
1276 1442
1276 1467
1276 1475
1277 1278
1277 1422
1277 1465
1279 1432
1279 1442
1279 1475
1279 1505
1280 1295
1280 1304
1281 1285
1281 1302
1282 1285
1282 1291
1284 1285
1284 1291
1284 1295
1285 1291
1286 1293
1288 1292
1288 1464
1288 1490
1289 1327
1289 1338
1289 1409
1292 1293
1292 1296
1292 1437
1292 1440
1292 1490
1293 1296
1294 1299
1294 1315
1294 1397
1294 1401
1294 1404
1295 1304
1298 1329
1298 1342
1298 1375
1298 1376
1299 1401
1299 1404
1300 1434
1300 1435
1300 1566
1301 1327
1301 1403
1301 1424
1302 1342
1302 1398
1303 1393
1303 1406
1303 1418
1303 1492
1303 1519
1305 1332
1305 1336
1305 1364
1305 1385
1305 1387
1305 1396
1305 1529
1305 1582
1306 1341
1306 1352
1306 1357
1306 1362
1306 1366
1306 1383
1306 1384
1307 1337
1307 1339
1307 1343
1307 1362
1307 1372
1307 1390
1307 1392
1307 1394
1308 1312
1308 1319
1308 1340
1308 1346
1308 1351
1308 1360
1308 1375
1308 1378
1309 1312
1309 1350
1309 1356
1309 1378
1309 1379
1309 1600
1310 1354
1310 1366
1310 1369
1310 1371
1310 1383
1311 1317
1311 1334
1311 1374
1311 1383
1312 1319
1312 1346
1312 1356
1312 1378
1312 1379
1313 1326
1313 1328
1314 1325
1314 1344
1314 1359
1314 1402
1315 1328
1315 1332
1315 1387
1315 1397
1315 1404
1316 1341
1316 1361
1316 1373
1317 1340
1317 1358
1317 1378
1317 1379
1317 1388
1318 1353
1318 1368
1318 1393
1318 1400
1318 1407
1319 1340
1319 1346
1319 1375
1319 1391
1320 1343
1320 1347
1320 1354
1320 1363
1320 1366
1320 1380
1320 1385
1320 1386
1321 1382
1321 1437
1321 1440
1321 1541
1322 1324
1322 1349
1322 1355
1322 1371
1322 1395
1323 1343
1323 1348
1323 1394
1323 1403
1323 1520
1324 1349
1324 1355
1324 1395
1324 1400
1324 1404
1325 1353
1325 1358
1325 1359
1325 1402
1326 1328
1326 1330
1326 1408
1327 1394
1327 1403
1327 1409
1328 1330
1328 1332
1328 1355
1328 1401
1329 1342
1329 1377
1329 1390
1330 1347
1330 1355
1330 1371
1330 1385
1331 1338
1332 1355
1332 1364
1332 1385
1332 1387
1332 1404
1333 1349
1333 1354
1333 1364
1333 1385
1333 1541
1333 1542
1333 1571
1334 1340
1334 1370
1334 1383
1334 1386
1335 1339
1335 1381
1336 1348
1336 1363
1336 1367
1336 1536
1336 1544
1337 1362
1337 1372
1337 1384
1337 1390
1337 1394
1337 1409
1338 1339
1338 1372
1338 1394
1338 1409
1339 1372
1339 1381
1339 1392
1339 1394
1339 1399
1340 1373
1340 1375
1340 1378
1341 1357
1341 1373
1341 1383
1342 1357
1342 1384
1343 1345
1343 1363
1343 1394
1343 1399
1344 1365
1344 1368
1345 1363
1345 1553
1345 1586
1345 1593
1345 1616
1346 1356
1346 1360
1346 1566
1347 1367
1347 1385
1347 1392
1347 1399
1348 1532
1348 1544
1349 1354
1349 1355
1349 1364
1349 1371
1349 1385
1349 1395
1350 1353
1350 1596
1351 1360
1351 1370
1351 1376
1351 1539
1351 1568
1351 1612
1351 1614
1352 1362
1352 1366
1352 1408
1353 1368
1353 1402
1353 1406
1354 1366
1354 1380
1354 1385
1355 1364
1355 1371
1355 1385
1355 1401
1355 1404
1356 1378
1356 1564
1356 1600
1357 1373
1357 1384
1358 1359
1358 1379
1358 1388
1358 1405
1359 1405
1360 1376
1360 1566
1361 1388
1361 1405
1362 1372
1362 1384
1362 1390
1362 1392
1363 1536
1363 1553
1363 1571
1364 1385
1364 1396
1364 1404
1365 1368
1365 1395
1365 1402
1366 1386
1366 1390
1367 1399
1368 1369
1368 1395
1368 1402
1369 1395
1370 1374
1370 1377
1370 1386
1370 1539
1370 1586
1373 1375
1373 1398
1374 1380
1374 1527
1374 1586
1374 1614
1375 1398
1376 1419
1376 1568
1377 1386
1377 1390
1377 1539
1377 1616
1378 1614
1378 1620
1379 1388
1380 1386
1380 1586
1381 1392
1381 1399
1381 1408
1382 1393
1382 1400
1382 1407
1382 1541
1382 1542
1384 1390
1386 1390
1387 1529
1388 1405
1389 1391
1391 1398
1392 1399
1392 1408
1393 1407
1393 1519
1393 1538
1393 1548
1394 1409
1395 1400
1396 1437
1396 1477
1396 1512
1401 1404
1403 1520
1403 1615
1406 1418
1406 1519
1407 1558
1407 1620
1410 1419
1410 1420
1410 1442
1410 1461
1410 1463
1410 1522
1410 1524
1410 1530
1410 1568
1410 1605
1411 1440
1411 1478
1411 1548
1411 1619
1412 1433
1412 1442
1412 1456
1412 1463
1412 1467
1412 1479
1412 1499
1413 1445
1413 1466
1413 1468
1413 1509
1414 1431
1414 1443
1414 1452
1414 1473
1414 1479
1414 1484
1415 1447
1415 1449
1415 1471
1415 1476
1415 1482
1415 1483
1415 1574
1416 1425
1416 1436
1416 1452
1416 1456
1416 1479
1417 1427
1417 1478
1417 1484
1417 1489
1417 1503
1418 1422
1418 1449
1418 1519
1418 1595
1419 1420
1419 1442
1419 1467
1419 1568
1420 1435
1420 1448
1420 1455
1420 1463
1420 1530
1420 1609
1421 1430
1421 1441
1421 1454
1421 1457
1421 1481
1422 1423
1422 1449
1422 1465
1422 1472
1423 1425
1423 1428
1423 1444
1423 1447
1423 1449
1423 1472
1424 1466
1424 1488
1424 1493
1424 1495
1424 1509
1424 1615
1425 1447
1425 1471
1425 1482
1425 1499
1426 1429
1426 1431
1426 1473
1426 1474
1426 1481
1426 1498
1426 1500
1427 1478
1427 1534
1427 1565
1427 1607
1427 1608
1428 1434
1428 1444
1428 1455
1428 1470
1428 1499
1429 1460
1429 1490
1429 1500
1430 1441
1430 1452
1430 1454
1430 1484
1431 1443
1431 1473
1431 1478
1431 1490
1431 1503
1432 1473
1432 1474
1432 1497
1432 1505
1433 1438
1433 1441
1433 1461
1433 1463
1433 1486
1434 1435
1434 1455
1434 1467
1434 1470
1435 1455
1435 1507
1435 1566
1435 1609
1436 1444
1436 1458
1436 1510
1437 1440
1437 1512
1438 1486
1438 1504
1438 1524
1438 1551
1439 1485
1439 1504
1439 1551
1439 1562
1440 1478
1440 1490
1441 1457
1441 1473
1441 1504
1442 1461
1442 1467
1442 1475
1442 1568
1443 1464
1443 1478
1444 1458
1444 1510
1445 1466
1445 1485
1445 1495
1445 1508
1445 1606
1445 1615
1445 1617
1446 1468
1447 1449
1447 1471
1447 1482
1447 1510
1448 1455
1448 1456
1448 1463
1448 1469
1448 1496
1448 1507
1448 1522
1449 1482
1449 1595
1450 1451
1450 1491
1450 1494
1451 1459
1451 1494
1451 1498
1451 1511
1452 1479
1452 1484
1453 1461
1453 1475
1453 1493
1453 1495
1453 1570
1454 1494
1454 1498
1454 1503
1455 1456
1455 1467
1455 1470
1455 1507
1456 1463
1456 1479
1456 1499
1457 1474
1457 1481
1457 1485
1458 1507
1459 1462
1459 1487
1459 1491
1459 1498
1460 1480
1460 1488
1460 1502
1460 1509
1461 1475
1461 1486
1461 1568
1461 1605
1462 1498
1462 1503
1462 1590
1462 1607
1464 1465
1464 1497
1464 1499
1466 1474
1466 1480
1466 1488
1466 1495
1466 1509
1467 1499
1468 1481
1468 1485
1468 1501
1468 1508
1469 1496
1469 1507
1469 1525
1469 1557
1471 1482
1471 1483
1471 1506
1471 1510
1473 1479
1473 1497
1474 1481
1475 1568
1476 1506
1477 1590
1478 1503
1479 1499
1480 1491
1480 1502
1480 1509
1481 1494
1482 1483
1482 1489
1483 1489
1483 1543
1483 1619
1484 1503
1485 1486
1485 1508
1485 1551
1485 1562
1485 1606
1486 1524
1486 1551
1486 1581
1487 1537
1488 1505
1488 1509
1490 1497
1490 1500
1491 1494
1491 1498
1491 1502
1492 1548
1493 1495
1493 1615
1494 1498
1495 1615
1496 1613
1498 1503
1501 1508
1503 1511
1506 1510
1508 1521
1508 1562
1508 1606
1508 1617
1512 1514
1512 1541
1512 1582
1512 1590
1512 1607
1513 1524
1513 1533
1513 1545
1513 1583
1513 1599
1514 1526
1514 1541
1514 1561
1514 1579
1514 1582
1515 1550
1515 1556
1515 1597
1515 1598
1516 1528
1516 1530
1516 1564
1516 1576
1516 1612
1516 1614
1517 1549
1517 1554
1517 1556
1517 1565
1517 1572
1517 1575
1517 1598
1517 1603
1517 1619
1518 1563
1518 1575
1518 1576
1518 1577
1518 1591
1519 1538
1519 1595
1519 1596
1520 1531
1520 1532
1520 1593
1520 1615
1521 1547
1521 1589
1521 1617
1522 1524
1522 1528
1522 1530
1522 1545
1522 1557
1522 1613
1523 1557
1523 1567
1523 1576
1523 1591
1524 1533
1524 1545
1524 1583
1524 1605
1525 1557
1525 1564
1525 1576
1525 1609
1526 1536
1526 1579
1526 1582
1526 1585
1526 1610
1526 1611
1527 1558
1527 1584
1527 1587
1527 1612
1527 1614
1527 1620
1528 1530
1528 1545
1528 1557
1528 1576
1528 1583
1528 1612
1529 1582
1530 1564
1530 1609
1530 1612
1531 1547
1531 1589
1531 1593
1531 1604
1531 1606
1531 1615
1531 1617
1532 1544
1532 1553
1533 1552
1533 1570
1533 1580
1533 1581
1533 1583
1533 1599
1533 1605
1534 1555
1534 1603
1534 1608
1535 1547
1535 1589
1535 1592
1535 1604
1535 1610
1536 1544
1536 1553
1536 1571
1536 1582
1536 1602
1537 1546
1537 1579
1537 1582
1537 1585
1537 1590
1538 1550
1538 1569
1538 1572
1538 1595
1538 1596
1538 1598
1539 1568
1539 1570
1539 1580
1539 1586
1539 1605
1539 1612
1539 1616
1540 1588
1540 1589
1540 1592
1540 1599
1540 1604
1541 1542
1541 1561
1542 1571
1542 1587
1543 1556
1543 1565
1543 1597
1544 1553
1544 1602
1545 1567
1545 1583
1545 1613
1546 1585
1546 1601
1547 1589
1547 1610
1548 1572
1548 1595
1548 1619
1549 1554
1549 1573
1549 1575
1549 1594
1549 1603
1550 1569
1550 1574
1550 1596
1551 1562
1551 1581
1551 1606
1552 1560
1552 1563
1552 1573
1552 1580
1552 1583
1552 1588
1552 1599
1552 1611
1553 1593
1553 1611
1554 1556
1554 1575
1554 1577
1554 1594
1554 1603
1555 1579
1555 1590
1555 1607
1555 1608
1556 1565
1556 1575
1556 1597
1556 1598
1557 1567
1557 1576
1557 1613
1558 1572
1558 1575
1558 1584
1558 1587
1559 1573
1559 1579
1559 1592
1559 1601
1560 1571
1560 1573
1560 1586
1560 1587
1560 1611
1561 1607
1561 1608
1562 1589
1562 1606
1563 1583
1564 1566
1564 1578
1564 1609
1565 1603
1566 1609
1567 1613
1568 1605
1569 1578
1569 1584
1569 1600
1570 1580
1570 1581
1570 1593
1570 1605
1570 1616
1571 1611
1572 1598
1572 1619
1573 1588
1573 1611
1574 1595
1575 1584
1575 1598
1576 1578
1576 1591
1578 1600
1579 1590
1579 1601
1579 1608
1580 1583
1580 1586
1580 1605
1580 1612
1581 1606
1582 1602
1583 1599
1584 1620
1585 1601
1585 1602
1585 1610
1586 1616
1588 1592
1588 1599
1589 1604
1589 1606
1590 1607
1592 1604
1593 1604
1593 1611
1593 1616
1594 1603
1594 1608
1595 1619
1598 1619
1600 1620
1601 1618
1603 1608
1604 1610
1604 1611
1605 1612
1606 1617
1607 1608
1612 1614
1614 1620
1615 1617
