0.48146000 0.07448000 0.38896000
0.39270000 0.00798000 0.32051000
0.41137000 0.07680000 0.39064000
0.06135000 0.03122000 0.46355000
0.39536000 0.03449000 0.15123000
0.22925000 0.05666000 0.39280000
0.07251000 0.23064000 0.35082000
0.13303000 0.03219000 0.34250000
0.27301000 0.09197000 0.26950000
0.12264000 0.07634000 0.05826000
0.09706000 0.16709000 0.13029000
0.45289000 0.19045000 0.22579000
0.14530000 0.21710000 0.08531000
0.08021000 0.00044000 0.20497000
0.20377000 0.06997000 0.24970000
0.31215000 0.04962000 0.01390000
0.14133000 0.01431000 0.47356000
0.19865000 0.07117000 0.05786000
0.17292000 0.20248000 0.22005000
0.04434000 0.15448000 0.26705000
0.24381000 0.02309000 0.29105000
0.31046000 0.05386000 0.36718000
0.25523000 0.17837000 0.04874000
0.10768000 0.01230000 0.05099000
0.33299000 0.24305000 0.30456000
0.44380000 0.14437000 0.02396000
0.15480000 0.11221000 0.29582000
0.35466000 0.22353000 0.39096000
0.02142000 0.15268000 0.12665000
0.30655000 0.14802000 0.38302000
0.17899000 0.23494000 0.01481000
0.31040000 0.03719000 0.25214000
0.41546000 0.19028000 0.10746000
0.08979000 0.15787000 0.38613000
0.11859000 0.17268000 0.29400000
0.30725000 0.12200000 0.47952000
0.27308000 0.09600000 0.06119000
0.09280000 0.03488000 0.26976000
0.35530000 0.17347000 0.27614000
0.41379000 0.22347000 0.28530000
0.42835000 0.11569000 0.11880000
0.04200000 0.23709000 0.02761000
0.23485000 0.16066000 0.29096000
0.46637000 0.01153000 0.28049000
0.25930000 0.01363000 0.04606000
0.44130000 0.14188000 0.36936000
0.07763000 0.14437000 0.04430000
0.29061000 0.16064000 0.22491000
0.03595000 0.22142000 0.43870000
0.14744000 0.09772000 0.43605000
0.19156000 0.00881000 0.34589000
0.15863000 0.01206000 0.24456000
0.37288000 0.06082000 0.22156000
0.08627000 0.20238000 0.20979000
0.25060000 0.07264000 0.46914000
0.31968000 0.13307000 0.10760000
0.39357000 0.02098000 0.43449000
0.06385000 0.07163000 0.20403000
0.21567000 0.21702000 0.32679000
0.37374000 0.21668000 0.16081000
0.47469000 0.03387000 0.01461000
0.25387000 0.11336000 0.36112000
0.46391000 0.07479000 0.46584000
0.00009000 0.23392000 0.13686000
0.09205000 0.07578000 0.38022000
0.38394000 0.10403000 0.46619000
0.34610000 0.20267000 0.04070000
0.32677000 0.10892000 0.21277000
0.01580000 0.13447000 0.38740000
0.29225000 0.05353000 0.12286000
0.17924000 0.15475000 0.42542000
0.23045000 0.04406000 0.17790000
0.05123000 0.09544000 0.49487000
0.37882000 0.14510000 0.16300000
0.01645000 0.22496000 0.30119000
0.12484000 0.13013000 0.19564000
0.05963000 0.06217000 0.00026000
0.38742000 0.01219000 0.06665000
0.35728000 0.17156000 0.48698000
0.22455000 0.11438000 0.16971000
0.23075000 0.17947000 0.16937000
0.48054000 0.16985000 0.10762000
0.30238000 0.22955000 0.08505000
0.04025000 0.09010000 0.30079000
0.36297000 0.11126000 0.34390000
0.16465000 0.03581000 0.16028000
0.28678000 0.19579000 0.32278000
0.47771000 0.24477000 0.03678000
0.39015000 0.09541000 0.04467000
0.42823000 0.11561000 0.28743000
0.49880000 0.02811000 0.20431000
0.43958000 0.24182000 0.43158000
0.36754000 0.23988000 0.23810000
0.16913000 0.17510000 0.35279000
0.27008000 0.22671000 0.19951000
0.16002000 0.24190000 0.38095000
0.42708000 0.19037000 0.48793000
0.00081000 0.05507000 0.40023000
0.49507000 0.15079000 0.47948000
0.39267000 0.24457000 0.01988000
0.49288000 0.09693000 0.19096000
0.26553000 0.11090000 0.64776000
0.19931000 0.16360000 0.93586000
0.37237000 0.19045000 0.64929000
0.32780000 0.11810000 0.71846000
0.40462000 0.10311000 0.86025000
0.21587000 0.18386000 0.80751000
0.18066000 0.21716000 0.89299000
0.33331000 0.13471000 0.85882000
0.02373000 0.24901000 0.65763000
0.42401000 0.19086000 0.79382000
0.08370000 0.02306000 0.88437000
0.01086000 0.19685000 0.54605000
0.07965000 0.03876000 0.75770000
0.34191000 0.22328000 0.90759000
0.03060000 0.01591000 0.68268000
0.31007000 0.18888000 0.97391000
0.04924000 0.08733000 0.58053000
0.01503000 0.13585000 0.84620000
0.31243000 0.01711000 0.50615000
0.05421000 0.08249000 0.82584000
0.20367000 0.09172000 0.52059000
0.38732000 0.02321000 0.86022000
0.38934000 0.07871000 0.94397000
0.11842000 0.07095000 0.96369000
0.47376000 0.14352000 0.84359000
0.32486000 0.05953000 0.77411000
0.19005000 0.05047000 0.96103000
0.17681000 0.09420000 0.87451000
0.41081000 0.24153000 0.93352000
0.03830000 0.19882000 0.76653000
0.05116000 0.11009000 0.71972000
0.23879000 0.13784000 0.73609000
0.48603000 0.01321000 0.64552000
0.12645000 0.15183000 0.61013000
0.09801000 0.16124000 0.68238000
0.28801000 0.03527000 0.60206000
0.08682000 0.18935000 0.55339000
0.13664000 0.23645000 0.52237000
0.10917000 0.05075000 0.63652000
0.48131000 0.10910000 0.75758000
0.38604000 0.23451000 0.59540000
0.02329000 0.03898000 0.93977000
0.14608000 0.20835000 0.76403000
0.12701000 0.23723000 0.61252000
0.11298000 0.14850000 0.79761000
0.40506000 0.21886000 0.72347000
0.23164000 0.22904000 0.62488000
0.06676000 0.11721000 0.92732000
0.36451000 0.13880000 0.98427000
0.24612000 0.21989000 0.87459000
0.17339000 0.06586000 0.67838000
0.37844000 0.07113000 0.55072000
0.06915000 0.00909000 0.58793000
0.49439000 0.08323000 0.88670000
0.44526000 0.16431000 0.71078000
0.17551000 0.19203000 0.63115000
0.42838000 0.17405000 0.59596000
0.34264000 0.06896000 0.88506000
0.08716000 0.23377000 0.70121000
0.47277000 0.11555000 0.95500000
0.26141000 0.17649000 0.67520000
0.15434000 0.11253000 0.74457000
0.19433000 0.18791000 0.70254000
0.42494000 0.05711000 0.59825000
0.26226000 0.23942000 0.98613000
0.04299000 0.23297000 0.84202000
0.48736000 0.19997000 0.61316000
0.42600000 0.06371000 0.73851000
0.32680000 0.22594000 0.71175000
0.43569000 0.02305000 0.95174000
0.27790000 0.11871000 0.79850000
0.42356000 0.16539000 0.92351000
0.44717000 0.10890000 0.56294000
0.18921000 0.11911000 0.62791000
0.25374000 0.02718000 0.81605000
0.43401000 0.03553000 0.51360000
0.25353000 0.08432000 0.88283000
0.30846000 0.20356000 0.78199000
0.23710000 0.24692000 0.71128000
0.20625000 0.07881000 0.77832000
0.15138000 0.14300000 0.97907000
0.09212000 0.17773000 0.92814000
0.45493000 0.05052000 0.82451000
0.36753000 0.13793000 0.78589000
0.33900000 0.12339000 0.60668000
0.39356000 0.08455000 0.67374000
0.41453000 0.24478000 0.85023000
0.21526000 0.03244000 0.59399000
0.03864000 0.15477000 0.59108000
0.20941000 0.01735000 0.88661000
0.34207000 0.17880000 0.56319000
0.26100000 0.17415000 0.52303000
0.11997000 0.07606000 0.56003000
0.49411000 0.23156000 0.76401000
0.28576000 0.05819000 0.69837000
0.20714000 0.00897000 0.52301000
0.40663000 0.00338000 0.78653000
0.18302000 0.18492000 0.52096000
0.10544000 0.24641000 0.83141000
0.48506000 0.24475000 0.84639000
0.09890000 0.20721000 0.99927000
0.22442000 0.11191000 0.99669000
0.28538000 0.25728000 0.43525000
0.48531000 0.38541000 0.46718000
0.15274000 0.25764000 0.15159000
0.44693000 0.45496000 0.08945000
0.37347000 0.44194000 0.32739000
0.00834000 0.43133000 0.48323000
0.29345000 0.32027000 0.25541000
0.05590000 0.48431000 0.05225000
0.20842000 0.26601000 0.09423000
0.49938000 0.41218000 0.19676000
0.00554000 0.33539000 0.31866000
0.15159000 0.30201000 0.48853000
0.17964000 0.42601000 0.27799000
0.17688000 0.30170000 0.02452000
0.42061000 0.38333000 0.13812000
0.06259000 0.31475000 0.36292000
0.48514000 0.29209000 0.36831000
0.20515000 0.26288000 0.25175000
0.34524000 0.39745000 0.22906000
0.42003000 0.38536000 0.35392000
0.31866000 0.29820000 0.05831000
0.40519000 0.33945000 0.08101000
0.07377000 0.38909000 0.46383000
0.31173000 0.34306000 0.15038000
0.24285000 0.47844000 0.37034000
0.01542000 0.47974000 0.15325000
0.07670000 0.40816000 0.32820000
0.40429000 0.49507000 0.37760000
0.15038000 0.41798000 0.48985000
0.05967000 0.40916000 0.17713000
0.13123000 0.38466000 0.41904000
0.46963000 0.43549000 0.41659000
0.17179000 0.39656000 0.20559000
0.38221000 0.29509000 0.18405000
0.23890000 0.43445000 0.11958000
0.38260000 0.29190000 0.27916000
0.36602000 0.35824000 0.29819000
0.20923000 0.25552000 0.43143000
0.07694000 0.37018000 0.25740000
0.33171000 0.37275000 0.36620000
0.45238000 0.33097000 0.44068000
0.10576000 0.25935000 0.26047000
0.49791000 0.47045000 0.15995000
0.05870000 0.41895000 0.09389000
0.10768000 0.25535000 0.42964000
0.41030000 0.26770000 0.11270000
0.29839000 0.45595000 0.21831000
0.24195000 0.36276000 0.20401000
0.16403000 0.31570000 0.24115000
0.09363000 0.31833000 0.44511000
0.28905000 0.40440000 0.03862000
0.07823000 0.46257000 0.26214000
0.02364000 0.31187000 0.44475000
0.01919000 0.27673000 0.24005000
0.14180000 0.34760000 0.11334000
0.46178000 0.32946000 0.28610000
0.47628000 0.29218000 0.09660000
0.20583000 0.49461000 0.18808000
0.23963000 0.47333000 0.26536000
0.37933000 0.42425000 0.41302000
0.29550000 0.46558000 0.05124000
0.23443000 0.45955000 0.44285000
0.12636000 0.45316000 0.12359000
0.48209000 0.48392000 0.34600000
0.28353000 0.32188000 0.38956000
0.20980000 0.33206000 0.44783000
0.40853000 0.26362000 0.36034000
0.28330000 0.37966000 0.42722000
0.35113000 0.43800000 0.10352000
0.00932000 0.40389000 0.35089000
0.24095000 0.32271000 0.05440000
0.19216000 0.42775000 0.36973000
0.41306000 0.47985000 0.20500000
0.40059000 0.36313000 0.20745000
0.02185000 0.44015000 0.29460000
0.46797000 0.47938000 0.48276000
0.17916000 0.49417000 0.07843000
0.09268000 0.29755000 0.13577000
0.31347000 0.44544000 0.44317000
0.02348000 0.33832000 0.17773000
0.10924000 0.28124000 0.03131000
0.36341000 0.44240000 0.02045000
0.08543000 0.36135000 0.05701000
0.14790000 0.32606000 0.32161000
0.12315000 0.40543000 0.00265000
0.38337000 0.28477000 0.45349000
0.24426000 0.28203000 0.16774000
0.21871000 0.31775000 0.35308000
0.08673000 0.47083000 0.40701000
0.25055000 0.37934000 0.32120000
0.32550000 0.33642000 0.48431000
0.20436000 0.42650000 0.03023000
0.16555000 0.48666000 0.45292000
0.11550000 0.49645000 0.21561000
0.00878000 0.31625000 0.06249000
0.38077000 0.31898000 0.38274000
0.44418000 0.43573000 0.26797000
0.01503000 0.47428000 0.39401000
0.21327000 0.37931000 0.08464000
0.46364000 0.26345000 0.18520000
0.00915000 0.25234000 0.49973000
0.01743000 0.35437000 0.50664000
0.29491000 0.43812000 0.56557000
0.08616000 0.48810000 0.50624000
0.39369000 0.32010000 0.94198000
0.36870000 0.47998000 0.54730000
0.38578000 0.30543000 0.81175000
0.28526000 0.37210000 0.83532000
0.16547000 0.27917000 0.69629000
0.39451000 0.42660000 0.94510000
0.34550000 0.41088000 0.87851000
0.09385000 0.32275000 0.53886000
0.18914000 0.38715000 0.74322000
0.33538000 0.47382000 0.74910000
0.44883000 0.34356000 0.61409000
0.38361000 0.39590000 0.58412000
0.05873000 0.25361000 0.55845000
0.17852000 0.27197000 0.95102000
0.24878000 0.30467000 0.76862000
0.28688000 0.28457000 0.67842000
0.10871000 0.44045000 0.56466000
0.10277000 0.35016000 0.90513000
0.01271000 0.28729000 0.78139000
0.12778000 0.33537000 0.75927000
0.46941000 0.29212000 0.79060000
0.22883000 0.34207000 0.95226000
0.08937000 0.33842000 0.62529000
0.03904000 0.35741000 0.83914000
0.31384000 0.33627000 0.99264000
0.32538000 0.26031000 0.56347000
0.15494000 0.33516000 0.83712000
0.20858000 0.26174000 0.55833000
0.05003000 0.38972000 0.95895000
0.00977000 0.33814000 0.71821000
0.14770000 0.45703000 0.96732000
0.29207000 0.39345000 0.75791000
0.46054000 0.39430000 0.83210000
0.48250000 0.49426000 0.79844000
0.30255000 0.43546000 0.64509000
0.37457000 0.46249000 0.67782000
0.02870000 0.46824000 0.97623000
0.29824000 0.46375000 0.90322000
0.06036000 0.49793000 0.91049000
0.41879000 0.32856000 0.74396000
0.08739000 0.30075000 0.71676000
0.15135000 0.35485000 0.54550000
0.25104000 0.47536000 0.67720000
0.05952000 0.41597000 0.76195000
0.43830000 0.34561000 0.87411000
0.14180000 0.45871000 0.65691000
0.33507000 0.33054000 0.71309000
0.31176000 0.26882000 0.96972000
0.23113000 0.36389000 0.68239000
0.45240000 0.26589000 0.51770000
0.43852000 0.42640000 0.72839000
0.31289000 0.27337000 0.82629000
0.15435000 0.48506000 0.53697000
0.34476000 0.33058000 0.86433000
0.23692000 0.43775000 0.85201000
0.46807000 0.40214000 0.65316000
0.46461000 0.29527000 0.91127000
0.48147000 0.37201000 0.75604000
0.00116000 0.43521000 0.58510000
0.16153000 0.30909000 0.61199000
0.37958000 0.39686000 0.67058000
0.01277000 0.29679000 0.91311000
0.41117000 0.30586000 0.55085000
0.17356000 0.48374000 0.76376000
0.32702000 0.38192000 0.54388000
0.27593000 0.40334000 0.93386000
0.07605000 0.28077000 0.90168000
0.20940000 0.37238000 0.83540000
0.03416000 0.44380000 0.84480000
0.46120000 0.42065000 0.97403000
0.28133000 0.37406000 0.60979000
0.16898000 0.41305000 0.89810000
0.43183000 0.45619000 0.85900000
0.46293000 0.48709000 0.59925000
0.24957000 0.34933000 0.51774000
0.23466000 0.44634000 0.75441000
0.43325000 0.29032000 0.67777000
0.11752000 0.43656000 0.82844000
0.34705000 0.27297000 0.64958000
0.14884000 0.36606000 0.67544000
0.39465000 0.42037000 0.80559000
0.05879000 0.37711000 0.68121000
0.18837000 0.27412000 0.84196000
0.38332000 0.33418000 0.63128000
0.27708000 0.31570000 0.89889000
0.00225000 0.30940000 0.59347000
0.07391000 0.31883000 0.97714000
0.14924000 0.35489000 0.96278000
0.02675000 0.45329000 0.65964000
0.48124000 0.48169000 0.94856000
0.37927000 0.49906000 0.95619000
0.25640000 0.49426000 0.56314000
0.24079000 0.49544000 0.94314000
0.04408000 0.49743000 0.57774000
0.43622000 0.49482000 0.70765000
0.41049000 0.37443000 0.50192000
0.24243000 0.27914000 0.50181000
0.07480000 0.52200000 0.14594000
0.03943000 0.61811000 0.28534000
0.14700000 0.52347000 0.14442000
0.28697000 0.54856000 0.00041000
0.11388000 0.50667000 0.34113000
0.15103000 0.71664000 0.35076000
0.25175000 0.68096000 0.49096000
0.11535000 0.55541000 0.26173000
0.03351000 0.60781000 0.15965000
0.18316000 0.60441000 0.04669000
0.47062000 0.62639000 0.10917000
0.34949000 0.53010000 0.07346000
0.28700000 0.58163000 0.42365000
0.10680000 0.56609000 0.03021000
0.04134000 0.70877000 0.04681000
0.06618000 0.56240000 0.37897000
0.28257000 0.55453000 0.19167000
0.41771000 0.65131000 0.36813000
0.15648000 0.61215000 0.35991000
0.09824000 0.61103000 0.12934000
0.33328000 0.69179000 0.15220000
0.00915000 0.55038000 0.34302000
0.34168000 0.72745000 0.29789000
0.39978000 0.63734000 0.44613000
0.34574000 0.60633000 0.21797000
0.10025000 0.66742000 0.07097000
0.20599000 0.70423000 0.03052000
0.14841000 0.65869000 0.23639000
0.22295000 0.59663000 0.18538000
0.25295000 0.73763000 0.13980000
0.15384000 0.59086000 0.16641000
0.31208000 0.61151000 0.13800000
0.00655000 0.53383000 0.09891000
0.27109000 0.53766000 0.27986000
0.40434000 0.58834000 0.27178000
0.44676000 0.72367000 0.05850000
0.37214000 0.56179000 0.16138000
0.10722000 0.61200000 0.41495000
0.45970000 0.59512000 0.46223000
0.04985000 0.68262000 0.20794000
0.12787000 0.62756000 0.00245000
0.24603000 0.55542000 0.06814000
0.13309000 0.53363000 0.41453000
0.23524000 0.63804000 0.43408000
0.41128000 0.50219000 0.45833000
0.33319000 0.69198000 0.01399000
0.42586000 0.57598000 0.36201000
0.24509000 0.65476000 0.04897000
0.48777000 0.71022000 0.42674000
0.05676000 0.59555000 0.47688000
0.41244000 0.74290000 0.44521000
0.23956000 0.66738000 0.16613000
0.34086000 0.57589000 0.31710000
0.00497000 0.73121000 0.27231000
0.17285000 0.68616000 0.45103000
0.33327000 0.51038000 0.41433000
0.14888000 0.58375000 0.47843000
0.27147000 0.50897000 0.12394000
0.02824000 0.62902000 0.08171000
0.18447000 0.50376000 0.34273000
0.49160000 0.55139000 0.14465000
0.33858000 0.65724000 0.32334000
0.37757000 0.63121000 0.03894000
0.19621000 0.56492000 0.27209000
0.30012000 0.71972000 0.07787000
0.11680000 0.70195000 0.13772000
0.26707000 0.52202000 0.44384000
0.30933000 0.72143000 0.21893000
0.37774000 0.72631000 0.21809000
0.23213000 0.68089000 0.25985000
0.38347000 0.65104000 0.25569000
0.06386000 0.67207000 0.40879000
0.38418000 0.69807000 0.07690000
0.30456000 0.71067000 0.47819000
0.08505000 0.62440000 0.21553000
0.11835000 0.64083000 0.30269000
0.43046000 0.52050000 0.09488000
0.46159000 0.71738000 0.16445000
0.24950000 0.68852000 0.36897000
0.02489000 0.71986000 0.36514000
0.16837000 0.68660000 0.09981000
0.32167000 0.55746000 0.48866000
0.23196000 0.56067000 0.35042000
0.37915000 0.52180000 0.26614000
0.42930000 0.54632000 0.01395000
0.02571000 0.68066000 0.12996000
0.25661000 0.61202000 0.26251000
0.34900000 0.67832000 0.41572000
0.12814000 0.73963000 0.28067000
0.43043000 0.64150000 0.17821000
0.38443000 0.71858000 0.36360000
0.04382000 0.52098000 0.45724000
0.44516000 0.56637000 0.19784000
0.49814000 0.56565000 0.25651000
0.46664000 0.74121000 0.28879000
0.33452000 0.50817000 0.32771000
0.46580000 0.67219000 0.48201000
0.34787000 0.50028000 0.18683000
0.40115000 0.51674000 0.86382000
0.29051000 0.69394000 0.89399000
0.46909000 0.57388000 0.80313000
0.24892000 0.71706000 0.95040000
0.19929000 0.55711000 0.64413000
0.05560000 0.52475000 0.79367000
0.11646000 0.51852000 0.61156000
0.09504000 0.55862000 0.54117000
0.37081000 0.57184000 0.70869000
0.16763000 0.69781000 0.59776000
0.02326000 0.65617000 0.62629000
0.28512000 0.66951000 0.82182000
0.07776000 0.55954000 0.93593000
0.29292000 0.57960000 0.62311000
0.44355000 0.74678000 0.79544000
0.13990000 0.59660000 0.74246000
0.33616000 0.71147000 0.67724000
0.09476000 0.63823000 0.86158000
0.49253000 0.54378000 0.68771000
0.36069000 0.66360000 0.62697000
0.44288000 0.72551000 0.67699000
0.20593000 0.70250000 0.74394000
0.10371000 0.72757000 0.55143000
0.28111000 0.66808000 0.72616000
0.15139000 0.56438000 0.82263000
0.38187000 0.71681000 0.78138000
0.07065000 0.63719000 0.95439000
0.34718000 0.62572000 0.84558000
0.49090000 0.62526000 0.88735000
0.47924000 0.72678000 0.61092000
0.10610000 0.69858000 0.91552000
0.36384000 0.58706000 0.61159000
0.27675000 0.58765000 0.91732000
0.12237000 0.51047000 0.82275000
0.06679000 0.66224000 0.51530000
0.43558000 0.63987000 0.84433000
0.05133000 0.51822000 0.70412000
0.46539000 0.69752000 0.90827000
0.04182000 0.58453000 0.66160000
0.32792000 0.51436000 0.62254000
0.26031000 0.73353000 0.58074000
0.20788000 0.71743000 0.53147000
0.10788000 0.69800000 0.72864000
0.20929000 0.65674000 0.85967000
0.30460000 0.65112000 0.52482000
0.19178000 0.63027000 0.77694000
0.21790000 0.53147000 0.81057000
0.39930000 0.71258000 0.85948000
0.18786000 0.63724000 0.65873000
0.11338000 0.57698000 0.66540000
0.42022000 0.71827000 0.52000000
0.29083000 0.60387000 0.80215000
0.04906000 0.71534000 0.84169000
0.22506000 0.69018000 0.64658000
0.08352000 0.63298000 0.71207000
0.20799000 0.55602000 0.89997000
0.32720000 0.51467000 0.82955000
0.16509000 0.51444000 0.99155000
0.36449000 0.58016000 0.91480000
0.46844000 0.65433000 0.77125000
0.32740000 0.74515000 0.85412000
0.01063000 0.61616000 0.90840000
0.44773000 0.56141000 0.92163000
0.48692000 0.65602000 0.96811000
0.17679000 0.63489000 0.56653000
0.16347000 0.69625000 0.96764000
0.41242000 0.53780000 0.58692000
0.31029000 0.62444000 0.67747000
0.38724000 0.69791000 0.94154000
0.32406000 0.72979000 0.59860000
0.13241000 0.59110000 0.89942000
0.12592000 0.70028000 0.83442000
0.37243000 0.61435000 0.52445000
0.10069000 0.66200000 0.58726000
0.31559000 0.71959000 0.77503000
0.24780000 0.59508000 0.70246000
0.04871000 0.59371000 0.82315000
0.48049000 0.63406000 0.55246000
0.26576000 0.58722000 0.54557000
0.43067000 0.61247000 0.97976000
0.29096000 0.66125000 0.61243000
0.46359000 0.60963000 0.68235000
0.42431000 0.61554000 0.60026000
0.19346000 0.54844000 0.73271000
0.32257000 0.61891000 0.98103000
0.37312000 0.65532000 0.70493000
0.18060000 0.60495000 0.95693000
0.14473000 0.51502000 0.89642000
0.05587000 0.74260000 0.92874000
0.03898000 0.58220000 0.74208000
0.39714000 0.53007000 0.78174000
0.07452000 0.74824000 0.68872000
0.17624000 0.54328000 0.57239000
0.00452000 0.66833000 0.73989000
0.30600000 0.54845000 0.74663000
0.00882000 0.60665000 0.54455000
0.21298000 0.52159000 0.50555000
0.39138000 0.90414000 0.43631000
0.11985000 0.92810000 0.01953000
0.37260000 0.80327000 0.21164000
0.34448000 0.99447000 0.12436000
0.39986000 0.94415000 0.12293000
0.46724000 0.81367000 0.07853000
0.28567000 0.99321000 0.43845000
0.09748000 0.82126000 0.42447000
0.40209000 0.83754000 0.00986000
0.44673000 0.80588000 0.20255000
0.42014000 0.86009000 0.38218000
0.11003000 0.80076000 0.21883000
0.23361000 0.94793000 0.12672000
0.00704000 0.89705000 0.29963000
0.34183000 0.85655000 0.49332000
0.06229000 0.77747000 0.27746000
0.00276000 0.97239000 0.03373000
0.17394000 0.94445000 0.25702000
0.25073000 0.85595000 0.30954000
0.43168000 0.95981000 0.26503000
0.04750000 0.97003000 0.10644000
0.19777000 0.89292000 0.02779000
0.00032000 0.75759000 0.11563000
0.10370000 0.86441000 0.18988000
0.33836000 0.91962000 0.13037000
0.43375000 0.95291000 0.03917000
0.07141000 0.92794000 0.48649000
0.26981000 0.75510000 0.36856000
0.32234000 0.90355000 0.42088000
0.29099000 0.96024000 0.07335000
0.15585000 0.86643000 0.42406000
0.07015000 0.77782000 0.47482000
0.40327000 0.97690000 0.19035000
0.09094000 0.99277000 0.40532000
0.06867000 0.80258000 0.08804000
0.31023000 0.93279000 0.29342000
0.19783000 0.97232000 0.40598000
0.18111000 0.87003000 0.29092000
0.27481000 0.78661000 0.24450000
0.01060000 0.99405000 0.23376000
0.14733000 0.91214000 0.48820000
0.44910000 0.87311000 0.17292000
0.16103000 0.84042000 0.06440000
0.46572000 0.98646000 0.16202000
0.10786000 0.89722000 0.27305000
0.34532000 0.83392000 0.39397000
0.35523000 0.98466000 0.26146000
0.41272000 0.89760000 0.27976000
0.18801000 0.78631000 0.41117000
0.24133000 0.95934000 0.32947000
0.27119000 0.98368000 0.19994000
0.24910000 0.88791000 0.43098000
0.38482000 0.90580000 0.20820000
0.16616000 0.77501000 0.17303000
0.07772000 0.92565000 0.18418000
0.35836000 0.83142000 0.12394000
0.32673000 0.79378000 0.05645000
0.27043000 0.90002000 0.09534000
0.23859000 0.80599000 0.06960000
0.06502000 0.97976000 0.28142000
0.14958000 0.80419000 0.47736000
0.46608000 0.80219000 0.37420000
0.04886000 0.83712000 0.30951000
0.22285000 0.95918000 0.01779000
0.12626000 0.77249000 0.04408000
0.09343000 0.88703000 0.42553000
0.36698000 0.96611000 0.39388000
0.14566000 0.94341000 0.14518000
0.46997000 0.86605000 0.01197000
0.46546000 0.91128000 0.09526000
0.02354000 0.85989000 0.11312000
0.25225000 0.78427000 0.45762000
0.06450000 0.91051000 0.35453000
0.30493000 0.81627000 0.18262000
0.46155000 0.84863000 0.28717000
0.00110000 0.81392000 0.43510000
0.08663000 0.87996000 0.06636000
0.16758000 0.86212000 0.15078000
0.39768000 0.78424000 0.30834000
0.23708000 0.84743000 0.14705000
0.36378000 0.92812000 0.04529000
0.17774000 0.99730000 0.07688000
0.23456000 0.84885000 0.22400000
0.01885000 0.86230000 0.21649000
0.31907000 0.91872000 0.21461000
0.21347000 0.76384000 0.29218000
0.13891000 0.93544000 0.39594000
0.45721000 0.99403000 0.44930000
0.41957000 0.86215000 0.09086000
0.33293000 0.78035000 0.49723000
0.08744000 0.75662000 0.36854000
0.06688000 0.76012000 0.16030000
0.03325000 0.97867000 0.35483000
0.18545000 0.75978000 0.08597000
0.03005000 0.80499000 0.01047000
0.49166000 0.99937000 0.38309000
0.27324000 0.75076000 0.01689000
0.05590000 0.88902000 0.66995000
0.30908000 0.95937000 0.63355000
0.13732000 0.88166000 0.67227000
0.11980000 0.91668000 0.93318000
0.31703000 0.81739000 0.69081000
0.13126000 0.81217000 0.59103000
0.18703000 0.85119000 0.79815000
0.26703000 0.77952000 0.79256000
0.49351000 0.84033000 0.76776000
0.07696000 0.89734000 0.58220000
0.44741000 0.93661000 0.67576000
0.19357000 0.75331000 0.92197000
0.22923000 0.94585000 0.80957000
0.08711000 0.83834000 0.51769000
0.38896000 0.79158000 0.65892000
0.03277000 0.82541000 0.73795000
0.29431000 0.87441000 0.96614000
0.45355000 0.95949000 0.57817000
0.06408000 0.85102000 0.97710000
0.09818000 0.84623000 0.78086000
0.26560000 0.85825000 0.60363000
0.38381000 0.91698000 0.63384000
0.04090000 0.92771000 0.74152000
0.28552000 0.79940000 0.56058000
0.48690000 0.93668000 0.96449000
0.04159000 0.88081000 0.79139000
0.24868000 0.85550000 0.51631000
0.17196000 0.79529000 0.98032000
0.23297000 0.92229000 0.60646000
0.39783000 0.85759000 0.73141000
0.26566000 0.76252000 0.65584000
0.30511000 0.76088000 0.93987000
0.35161000 0.88365000 0.99287000
0.03505000 0.97438000 0.54079000
0.19956000 0.90631000 0.68789000
0.18286000 0.78602000 0.82378000
0.49921000 0.94164000 0.83562000
0.35286000 0.91593000 0.75506000
0.48491000 0.80044000 0.91744000
0.41168000 0.76906000 0.99071000
0.16306000 0.95461000 0.84556000
0.38222000 0.96913000 0.69523000
0.24210000 0.93101000 0.92888000
0.21000000 0.79437000 0.60811000
0.23656000 0.83207000 0.99394000
0.35467000 0.93352000 0.86778000
0.44366000 0.86780000 0.81028000
0.12746000 0.96368000 0.58561000
0.15112000 0.76568000 0.66765000
0.07264000 0.81643000 0.65532000
0.13473000 0.89537000 0.80534000
0.33118000 0.82180000 0.77081000
0.42282000 0.94171000 0.50620000
0.18770000 0.87904000 0.55098000
0.38051000 0.80979000 0.57729000
0.13295000 0.84823000 0.93209000
0.28929000 0.90982000 0.70196000
0.45594000 0.98503000 0.87642000
0.15566000 0.98457000 0.98750000
0.03395000 0.78297000 0.86713000
0.20172000 0.85664000 0.64150000
0.42297000 0.79043000 0.86555000
0.09613000 0.75866000 0.82362000
0.39348000 0.79612000 0.77555000
0.47446000 0.78956000 0.66886000
0.37087000 0.96511000 0.56491000
0.02025000 0.85404000 0.57518000
0.22830000 0.77687000 0.71448000
0.15805000 0.99192000 0.66718000
0.12196000 0.75231000 0.95868000
0.20433000 0.85442000 0.88442000
0.03117000 0.98028000 0.89959000
0.22146000 0.78492000 0.53046000
0.38805000 0.90320000 0.92912000
0.07051000 0.89576000 0.86954000
0.33821000 0.86134000 0.57962000
0.02029000 0.95047000 0.64567000
0.35061000 0.76534000 0.72421000
0.21200000 0.94101000 0.51699000
0.34341000 0.85308000 0.85834000
0.43376000 0.87520000 0.60848000
0.42701000 0.92753000 0.84638000
0.43870000 0.92434000 0.76605000
0.25601000 0.84940000 0.76691000
0.08825000 0.82404000 0.86396000
0.26777000 0.97357000 0.56109000
0.06150000 0.93171000 0.98399000
0.29600000 0.96253000 0.82324000
0.06327000 0.98073000 0.79861000
0.48828000 0.75738000 0.99213000
0.37127000 0.81954000 0.92848000
0.38678000 0.97357000 0.93198000
0.09858000 0.96358000 0.68415000
0.46122000 0.88645000 0.89138000
0.08340000 0.99572000 0.97619000
0.06708000 0.75921000 0.60638000
0.15314000 0.82126000 0.73183000
0.02169000 0.79405000 0.52661000
0.44091000 0.79266000 0.58883000
0.48634000 0.86368000 0.50187000
0.26900000 0.99483000 0.92067000
0.25190000 0.98069000 0.69538000
0.02599000 0.85168000 0.90201000
0.33097000 0.98323000 0.98314000
0.44211000 0.99692000 0.71206000
0.19579000 0.99533000 0.77338000
0.28406000 0.92431000 0.50092000
0.40347000 0.81920000 0.50020000
0.94702000 0.03737000 0.03487000
0.58120000 0.06874000 0.17268000
0.56357000 0.06372000 0.25743000
0.59528000 0.22157000 0.40865000
0.83991000 0.16085000 0.02998000
0.70076000 0.05517000 0.21730000
0.55171000 0.14437000 0.07652000
0.85676000 0.17750000 0.38008000
0.52261000 0.01937000 0.46771000
0.81148000 0.01702000 0.19608000
0.71459000 0.15186000 0.29569000
0.62503000 0.02457000 0.26580000
0.99432000 0.03000000 0.49359000
0.92931000 0.17232000 0.18286000
0.52049000 0.21537000 0.36313000
0.71657000 0.24854000 0.09423000
0.72100000 0.03342000 0.13736000
0.58172000 0.16786000 0.46344000
0.78333000 0.12554000 0.33781000
0.98641000 0.09373000 0.46418000
0.71965000 0.24964000 0.17926000
0.86553000 0.06509000 0.37703000
0.91884000 0.03217000 0.24298000
0.55710000 0.15010000 0.16556000
0.69493000 0.19718000 0.22032000
0.66334000 0.13672000 0.12459000
0.61290000 0.03307000 0.44648000
0.85655000 0.05729000 0.05969000
0.77127000 0.13721000 0.07229000
0.60574000 0.01718000 0.07117000
0.81596000 0.18512000 0.24017000
0.56748000 0.00450000 0.20121000
0.91870000 0.21501000 0.43406000
0.93978000 0.22829000 0.09316000
0.51275000 0.05076000 0.33018000
0.79808000 0.19986000 0.44618000
0.68003000 0.15972000 0.01879000
0.89658000 0.09216000 0.29853000
0.61222000 0.13016000 0.05532000
0.98406000 0.08786000 0.22442000
0.93551000 0.15239000 0.44495000
0.93478000 0.02714000 0.35502000
0.91034000 0.10301000 0.05432000
0.94583000 0.24644000 0.27215000
0.55942000 0.24548000 0.16304000
0.79792000 0.08681000 0.03064000
0.88635000 0.02288000 0.14446000
0.91579000 0.15554000 0.11013000
0.62611000 0.14960000 0.38130000
0.87985000 0.09843000 0.45138000
0.73833000 0.16265000 0.40205000
0.80577000 0.18267000 0.13385000
0.71985000 0.20992000 0.00976000
0.68775000 0.01692000 0.31315000
0.71397000 0.18512000 0.10042000
0.64507000 0.22576000 0.01839000
0.99610000 0.17927000 0.06026000
0.80299000 0.00641000 0.11609000
0.52553000 0.15199000 0.41075000
0.99823000 0.06132000 0.09090000
0.66221000 0.19120000 0.46066000
0.63763000 0.21828000 0.25782000
0.59851000 0.21931000 0.08065000
0.52940000 0.04526000 0.11653000
0.65345000 0.08728000 0.48583000
0.63256000 0.16713000 0.19847000
0.87388000 0.23543000 0.04152000
0.71346000 0.22576000 0.39550000
0.63926000 0.23565000 0.17540000
0.82103000 0.03287000 0.30127000
0.62177000 0.09798000 0.32209000
0.84132000 0.11757000 0.14931000
0.87920000 0.20077000 0.13853000
0.96867000 0.18634000 0.37675000
0.79400000 0.22052000 0.31155000
0.50942000 0.10853000 0.29172000
0.63621000 0.09198000 0.22846000
0.55709000 0.05865000 0.41071000
0.55945000 0.14312000 0.32748000
0.96701000 0.01757000 0.15599000
0.71658000 0.06843000 0.06707000
0.68501000 0.04935000 0.00873000
0.93284000 0.17437000 0.30899000
0.64967000 0.01649000 0.13001000
0.83356000 0.08619000 0.25089000
0.62506000 0.07579000 0.10637000
0.89355000 0.02888000 0.45830000
0.65247000 0.21659000 0.34049000
0.81038000 0.09133000 0.47126000
0.72411000 0.07662000 0.29837000
0.93617000 0.19949000 0.00886000
0.75648000 0.05600000 0.42568000
0.92897000 0.09994000 0.38359000
0.51882000 0.07586000 0.04294000
0.54089000 0.20590000 0.05355000
0.81247000 0.24893000 0.38450000
0.62343000 0.00331000 0.36368000
0.76405000 0.16018000 0.49871000
0.72780000 0.03130000 0.49479000
0.99985000 0.16279000 0.20160000
0.67631000 0.00016000 0.43479000
0.62757000 0.10359000 0.60955000
0.74271000 0.07553000 0.98138000
0.52330000 0.05574000 0.77281000
0.69892000 0.17385000 0.52559000
0.85548000 0.06872000 0.96629000
0.89930000 0.07388000 0.88661000
0.91016000 0.01601000 0.77138000
0.58381000 0.12397000 0.83785000
0.73441000 0.16196000 0.61282000
0.78645000 0.07331000 0.73375000
0.60095000 0.10996000 0.76185000
0.70000000 0.13653000 0.73216000
0.84590000 0.12124000 0.90677000
0.72667000 0.22791000 0.61225000
0.54073000 0.18162000 0.81106000
0.84082000 0.03690000 0.78016000
0.95330000 0.01769000 0.84041000
0.90764000 0.10341000 0.55058000
0.72511000 0.02961000 0.78610000
0.71741000 0.17191000 0.82462000
0.93484000 0.11154000 0.76210000
0.95552000 0.08711000 0.64996000
0.84535000 0.08111000 0.57075000
0.89582000 0.02380000 0.57076000
0.70760000 0.10120000 0.84380000
0.77470000 0.03445000 0.66139000
0.65383000 0.02633000 0.91771000
0.94401000 0.21870000 0.59449000
0.58882000 0.22025000 0.78153000
0.86936000 0.16200000 0.64250000
0.77870000 0.06117000 0.90798000
0.78547000 0.21817000 0.97138000
0.53511000 0.07633000 0.50572000
0.81140000 0.00308000 0.90074000
0.67796000 0.02693000 0.67321000
0.97183000 0.06571000 0.55481000
0.72584000 0.24586000 0.72666000
0.86795000 0.14191000 0.72847000
0.92668000 0.16927000 0.93625000
0.57684000 0.06893000 0.97926000
0.88391000 0.09252000 0.67127000
0.98153000 0.06246000 0.72111000
0.52197000 0.22302000 0.54653000
0.53326000 0.12775000 0.65145000
0.88361000 0.15093000 0.81705000
0.62416000 0.19405000 0.69214000
0.50625000 0.01627000 0.55314000
0.57503000 0.21640000 0.98002000
0.53236000 0.15959000 0.55184000
0.58328000 0.00833000 0.81566000
0.56174000 0.06216000 0.87279000
0.52855000 0.07744000 0.58327000
0.78671000 0.20054000 0.58070000
0.70122000 0.07851000 0.61211000
0.58306000 0.03876000 0.58053000
0.98497000 0.15465000 0.64911000
0.75075000 0.13897000 0.90522000
0.65361000 0.11062000 0.90317000
0.81939000 0.00666000 0.60275000
0.94506000 0.16549000 0.83057000
0.63528000 0.17948000 0.89007000
0.64246000 0.16340000 0.79957000
0.80996000 0.19299000 0.89946000
0.77298000 0.14274000 0.70451000
0.97202000 0.08507000 0.89704000
0.78380000 0.21344000 0.71334000
0.97124000 0.17595000 0.72988000
0.57671000 0.24635000 0.67126000
0.51885000 0.06928000 0.69182000
0.58392000 0.05694000 0.71591000
0.94024000 0.23382000 0.50960000
0.66265000 0.23447000 0.74820000
0.74586000 0.14493000 0.98763000
0.86260000 0.24386000 0.76917000
0.77341000 0.21323000 0.83050000
0.60915000 0.12507000 0.67786000
0.93584000 0.16698000 0.54627000
0.84168000 0.18406000 0.50690000
0.62626000 0.17823000 0.60528000
0.87334000 0.21937000 0.91094000
0.60658000 0.13851000 0.53819000
0.65650000 0.24659000 0.66632000
0.99068000 0.18696000 0.93244000
0.78756000 0.12282000 0.56814000
0.66890000 0.07527000 0.77603000
0.53670000 0.15602000 0.90209000
0.51587000 0.17272000 0.72715000
0.88534000 0.01016000 0.86800000
0.57000000 0.14783000 0.97446000
0.87631000 0.02223000 0.70211000
0.80338000 0.10397000 0.83225000
0.93890000 0.24539000 0.78438000
0.73795000 0.23841000 0.51848000
0.74151000 0.09906000 0.51941000
0.96526000 0.01684000 0.63626000
0.69978000 0.21577000 0.91315000
0.58458000 0.23392000 0.89432000
0.51631000 0.21963000 0.91493000
0.69879000 0.45339000 0.10289000
0.94330000 0.30249000 0.21265000
0.92286000 0.41737000 0.17122000
0.75551000 0.45372000 0.21950000
0.96276000 0.43181000 0.41727000
0.85848000 0.33808000 0.02823000
0.62541000 0.31977000 0.43258000
0.82245000 0.48904000 0.12312000
0.57571000 0.40589000 0.09915000
0.86267000 0.25715000 0.45862000
0.95173000 0.35053000 0.45279000
0.64334000 0.39157000 0.04200000
0.97423000 0.26334000 0.03029000
0.86026000 0.41367000 0.45381000
0.78886000 0.41572000 0.36975000
0.89125000 0.42980000 0.04232000
0.76311000 0.44585000 0.13087000
0.79333000 0.27103000 0.06986000
0.93954000 0.29934000 0.10806000
0.68859000 0.35890000 0.12315000
0.74857000 0.38039000 0.02989000
0.87914000 0.48882000 0.36712000
0.56263000 0.45369000 0.35114000
0.89309000 0.37178000 0.39331000
0.94132000 0.39111000 0.34355000
0.66000000 0.29397000 0.14047000
0.98147000 0.47962000 0.05362000
0.60078000 0.39816000 0.28485000
0.78663000 0.33016000 0.12540000
0.67445000 0.48341000 0.19506000
0.90259000 0.47733000 0.47644000
0.63150000 0.38773000 0.40844000
0.52715000 0.25070000 0.24332000
0.63746000 0.32350000 0.05916000
0.63782000 0.46139000 0.25539000
0.60702000 0.43598000 0.16677000
0.85161000 0.38827000 0.32830000
0.69165000 0.27963000 0.02861000
0.87498000 0.31695000 0.11445000
0.74579000 0.49679000 0.44270000
0.68403000 0.29432000 0.24990000
0.68647000 0.29168000 0.40970000
0.99061000 0.38514000 0.23114000
0.96521000 0.49017000 0.27589000
0.79409000 0.29804000 0.27480000
0.63256000 0.33092000 0.29859000
0.61994000 0.40031000 0.48993000
0.53475000 0.38654000 0.34385000
0.54178000 0.42831000 0.25547000
0.70323000 0.45576000 0.48847000
0.76971000 0.48486000 0.32565000
0.82716000 0.47764000 0.25863000
0.89032000 0.32717000 0.27149000
0.94727000 0.35637000 0.15474000
0.51940000 0.36273000 0.23928000
0.75436000 0.28522000 0.40693000
0.56725000 0.49526000 0.22921000
0.73482000 0.31770000 0.07565000
0.52385000 0.47839000 0.43209000
0.85482000 0.45639000 0.18539000
0.51189000 0.37974000 0.11948000
0.73586000 0.28196000 0.31310000
0.80966000 0.36130000 0.26522000
0.87983000 0.26835000 0.37934000
0.72837000 0.38107000 0.18503000
0.87418000 0.26016000 0.17432000
0.63402000 0.48226000 0.03967000
0.70454000 0.33992000 0.34761000
0.84696000 0.34439000 0.46262000
0.76854000 0.47125000 0.01832000
0.73960000 0.39195000 0.47770000
0.56350000 0.38628000 0.46364000
0.58156000 0.43283000 0.01266000
0.91731000 0.47599000 0.11062000
0.78153000 0.27264000 0.18725000
0.88010000 0.39879000 0.23964000
0.61584000 0.33930000 0.19374000
0.77923000 0.32072000 0.49223000
0.84417000 0.32845000 0.17949000
0.67812000 0.43183000 0.36704000
0.83184000 0.40410000 0.05529000
0.57878000 0.29750000 0.32307000
0.63984000 0.46052000 0.45224000
0.55180000 0.30030000 0.13374000
0.54177000 0.32530000 0.38661000
0.57165000 0.29664000 0.23930000
0.52201000 0.46075000 0.08176000
0.64880000 0.49432000 0.32982000
0.94291000 0.28217000 0.33935000
0.56708000 0.31014000 0.03973000
0.99963000 0.25942000 0.38631000
0.50555000 0.25677000 0.43465000
0.98635000 0.40723000 0.07397000
0.94991000 0.28347000 0.44675000
0.86117000 0.25471000 0.26826000
0.74168000 0.31266000 0.91890000
0.93282000 0.26631000 0.87021000
0.92339000 0.29087000 0.62251000
0.64313000 0.46010000 0.60675000
0.74786000 0.40933000 0.55231000
0.96615000 0.45915000 0.81975000
0.96630000 0.25218000 0.94721000
0.89374000 0.38239000 0.52024000
0.54287000 0.46865000 0.52468000
0.78286000 0.48452000 0.52110000
0.63185000 0.28635000 0.59625000
0.99654000 0.33158000 0.98151000
0.65556000 0.34235000 0.52297000
0.98076000 0.47556000 0.90941000
0.73044000 0.30135000 0.57956000
0.79197000 0.36526000 0.81869000
0.59992000 0.27342000 0.95604000
0.80915000 0.37008000 0.91368000
0.83525000 0.42209000 0.84369000
0.84584000 0.45773000 0.58577000
0.82103000 0.49223000 0.95488000
0.54356000 0.41156000 0.86085000
0.76787000 0.42117000 0.95565000
0.81486000 0.25701000 0.52010000
0.65391000 0.44992000 0.95512000
0.73912000 0.27757000 0.80903000
0.86749000 0.31003000 0.91378000
0.56233000 0.37900000 0.58849000
0.86914000 0.46284000 0.72165000
0.91476000 0.30419000 0.74963000
0.66651000 0.25183000 0.84017000
0.67606000 0.41732000 0.84483000
0.83445000 0.35385000 0.61811000
0.61496000 0.39368000 0.95682000
0.68225000 0.27123000 0.54764000
0.56411000 0.28215000 0.73978000
0.61152000 0.42736000 0.88385000
0.92062000 0.48048000 0.94130000
0.65777000 0.34518000 0.97441000
0.54990000 0.48794000 0.61581000
0.59341000 0.45512000 0.72791000
0.51183000 0.29362000 0.98056000
0.62939000 0.36841000 0.83835000
0.80859000 0.46316000 0.77906000
0.51670000 0.35137000 0.69041000
0.78758000 0.39905000 0.63249000
0.55609000 0.27758000 0.59950000
0.90610000 0.47827000 0.84891000
0.91658000 0.48183000 0.64667000
0.92014000 0.43128000 0.56494000
0.76636000 0.45368000 0.88138000
0.81946000 0.29860000 0.57853000
0.86525000 0.34453000 0.80581000
0.72398000 0.46314000 0.77197000
0.66779000 0.29477000 0.91349000
0.62979000 0.34807000 0.67908000
0.80159000 0.29031000 0.72723000
0.88320000 0.26090000 0.54813000
0.94056000 0.42003000 0.74666000
0.90307000 0.42015000 0.90594000
0.97894000 0.35301000 0.79317000
0.83737000 0.25259000 0.96658000
0.52096000 0.45316000 0.67429000
0.99716000 0.39923000 0.87369000
0.54640000 0.32332000 0.53450000
0.96464000 0.26243000 0.71038000
0.72205000 0.33663000 0.77742000
0.76781000 0.45667000 0.66709000
0.77988000 0.27221000 0.87363000
0.59638000 0.31645000 0.85046000
0.94576000 0.37216000 0.67018000
0.55276000 0.34458000 0.89378000
0.70897000 0.47427000 0.56832000
0.64551000 0.40419000 0.72933000
0.96515000 0.32266000 0.86183000
0.52107000 0.33273000 0.81469000
0.78246000 0.40472000 0.73071000
0.73438000 0.36279000 0.69252000
0.51739000 0.44548000 0.77036000
0.68957000 0.35588000 0.87757000
0.69467000 0.44378000 0.69936000
0.66796000 0.39428000 0.59339000
0.89953000 0.40932000 0.80556000
0.85477000 0.33573000 0.71277000
0.57468000 0.39399000 0.77154000
0.79256000 0.25894000 0.64281000
0.53496000 0.39119000 0.98469000
0.64972000 0.31173000 0.76196000
0.84778000 0.27005000 0.85485000
0.81635000 0.37529000 0.54059000
0.71649000 0.47132000 0.95084000
0.94103000 0.36576000 0.99687000
0.66024000 0.49420000 0.74755000
0.54437000 0.45580000 0.92466000
0.84484000 0.41723000 0.96514000
0.86500000 0.26887000 0.64938000
0.77546000 0.32386000 0.98037000
0.95362000 0.37978000 0.58693000
0.60233000 0.47862000 0.82299000
0.69344000 0.49827000 0.87388000
0.84077000 0.49759000 0.84167000
0.59739000 0.25589000 0.53025000
0.90961000 0.31627000 0.50637000
0.83496000 0.52537000 0.49187000
0.91817000 0.61141000 0.38831000
0.89648000 0.54283000 0.42883000
0.86260000 0.55890000 0.13367000
0.59187000 0.70247000 0.35619000
0.74630000 0.61473000 0.33393000
0.52443000 0.70008000 0.21270000
0.80482000 0.68680000 0.42740000
0.93711000 0.56374000 0.25394000
0.69482000 0.52777000 0.07618000
0.71729000 0.61876000 0.15993000
0.61223000 0.58732000 0.43517000
0.56346000 0.61518000 0.11173000
0.62070000 0.69487000 0.27133000
0.50470000 0.60651000 0.01988000
0.99516000 0.57042000 0.27389000
0.73642000 0.73006000 0.05008000
0.83531000 0.73470000 0.23090000
0.75982000 0.51489000 0.13280000
0.57755000 0.51617000 0.32044000
0.69737000 0.51683000 0.37920000
0.60340000 0.55265000 0.02239000
0.79960000 0.55021000 0.02684000
0.93218000 0.70931000 0.21886000
0.71001000 0.60154000 0.41170000
0.81929000 0.53790000 0.21339000
0.51714000 0.61942000 0.36331000
0.86923000 0.60913000 0.25415000
0.54405000 0.53616000 0.05660000
0.95202000 0.58023000 0.07290000
0.71796000 0.56747000 0.27367000
0.58900000 0.64223000 0.49345000
0.74605000 0.63027000 0.23573000
0.93281000 0.56802000 0.15379000
0.94348000 0.70366000 0.37515000
0.93313000 0.65047000 0.04482000
0.76240000 0.68645000 0.30349000
0.68526000 0.74253000 0.30700000
0.69264000 0.68630000 0.23832000
0.52128000 0.62284000 0.48659000
0.55627000 0.73771000 0.26903000
0.52379000 0.69857000 0.08660000
0.67381000 0.62841000 0.26829000
0.74213000 0.71145000 0.49135000
0.84787000 0.63241000 0.47523000
0.64602000 0.55532000 0.17216000
0.95018000 0.50110000 0.36814000
0.73091000 0.57947000 0.03394000
0.86655000 0.71016000 0.39252000
0.81027000 0.57652000 0.41015000
0.92914000 0.62042000 0.29896000
0.68764000 0.66230000 0.08163000
0.67305000 0.62451000 0.34521000
0.83046000 0.65995000 0.33870000
0.86924000 0.55696000 0.30144000
0.87898000 0.67865000 0.25824000
0.80941000 0.62098000 0.22160000
0.87531000 0.63286000 0.17240000
0.95790000 0.72205000 0.04206000
0.93226000 0.66797000 0.43484000
0.77460000 0.70683000 0.23865000
0.99217000 0.65222000 0.35434000
0.74879000 0.66045000 0.01844000
0.88996000 0.74161000 0.06138000
0.64965000 0.62373000 0.01141000
0.73268000 0.55831000 0.19098000
0.55636000 0.66359000 0.02860000
0.74227000 0.66014000 0.42923000
0.82074000 0.73395000 0.48715000
0.81111000 0.50779000 0.39353000
0.95094000 0.66254000 0.13481000
0.51332000 0.55379000 0.38593000
0.99346000 0.63099000 0.21552000
0.85224000 0.64331000 0.05790000
0.69055000 0.72122000 0.40665000
0.60032000 0.71041000 0.14312000
0.66444000 0.66030000 0.15838000
0.77334000 0.74034000 0.36986000
0.63358000 0.57362000 0.09451000
0.62791000 0.51942000 0.40357000
0.60211000 0.63179000 0.36640000
0.80987000 0.59580000 0.32610000
0.62698000 0.58961000 0.23202000
0.63452000 0.56141000 0.31710000
0.78997000 0.59474000 0.14718000
0.99842000 0.54468000 0.18787000
0.73481000 0.72873000 0.17433000
0.97830000 0.60442000 0.46313000
0.96371000 0.67482000 0.28086000
0.57527000 0.58061000 0.29212000
0.78709000 0.73229000 0.11263000
0.78530000 0.66031000 0.11307000
0.91377000 0.56288000 0.01307000
0.57508000 0.55672000 0.15608000
0.83472000 0.68256000 0.18087000
0.52829000 0.64589000 0.17188000
0.67908000 0.62918000 0.47701000
0.86323000 0.51314000 0.00938000
0.55132000 0.73651000 0.41085000
0.97638000 0.72378000 0.44894000
0.67364000 0.52978000 0.49523000
0.61369000 0.70194000 0.00436000
0.61956000 0.50046000 0.13115000
0.91480000 0.70988000 0.87604000
0.75096000 0.53459000 0.67674000
0.87304000 0.61441000 0.62309000
0.59902000 0.68241000 0.59769000
0.51565000 0.70795000 0.74226000
0.74019000 0.58749000 0.78086000
0.67610000 0.67091000 0.74902000
0.51954000 0.66198000 0.65164000
0.99693000 0.53898000 0.86710000
0.56848000 0.53215000 0.95497000
0.94062000 0.61580000 0.97121000
0.60848000 0.50805000 0.64609000
0.59331000 0.64610000 0.75829000
0.64256000 0.67268000 0.86991000
0.55084000 0.61915000 0.59591000
0.83217000 0.65445000 0.73986000
0.76524000 0.74918000 0.98392000
0.77534000 0.56300000 0.92432000
0.94462000 0.70860000 0.62405000
0.78219000 0.61267000 0.98508000
0.53507000 0.57641000 0.91083000
0.93931000 0.52894000 0.79991000
0.98667000 0.68239000 0.51785000
0.92406000 0.56350000 0.87770000
0.74173000 0.64455000 0.53881000
0.85651000 0.57527000 0.81413000
0.96991000 0.51181000 0.50626000
0.90344000 0.62817000 0.90319000
0.81410000 0.71374000 0.86290000
0.70307000 0.64230000 0.66894000
0.98378000 0.53009000 0.63585000
0.95787000 0.71339000 0.77400000
0.83847000 0.60640000 0.54876000
0.93304000 0.57499000 0.52902000
0.94607000 0.59042000 0.60850000
0.62350000 0.62897000 0.65230000
0.66864000 0.53015000 0.68193000
0.73907000 0.56858000 0.52528000
0.88500000 0.67662000 0.65526000
0.62779000 0.52041000 0.89968000
0.85650000 0.74537000 0.67198000
0.51809000 0.68805000 0.57300000
0.89967000 0.63078000 0.77566000
0.99681000 0.72304000 0.67556000
0.79281000 0.63511000 0.89467000
0.52878000 0.70472000 0.84079000
0.66067000 0.74425000 0.58526000
0.81630000 0.50996000 0.71938000
0.57772000 0.65896000 0.88702000
0.78003000 0.65694000 0.79521000
0.84793000 0.59359000 0.90547000
0.53523000 0.74633000 0.64779000
0.70488000 0.56028000 0.60584000
0.52941000 0.59312000 0.81174000
0.52712000 0.51550000 0.87342000
0.58979000 0.73184000 0.53444000
0.55225000 0.52216000 0.70252000
0.83320000 0.54085000 0.62583000
0.88907000 0.72731000 0.74889000
0.84310000 0.68295000 0.92214000
0.65975000 0.57488000 0.95397000
0.79557000 0.59711000 0.72024000
0.96368000 0.63241000 0.79964000
0.63204000 0.59218000 0.87974000
0.69568000 0.56719000 0.83602000
0.73476000 0.71261000 0.62963000
0.79341000 0.55328000 0.84102000
0.87878000 0.54808000 0.56756000
0.63735000 0.56329000 0.61751000
0.71314000 0.73775000 0.71912000
0.62184000 0.61578000 0.56866000
0.66488000 0.71466000 0.51167000
0.78742000 0.69921000 0.57450000
0.59838000 0.70762000 0.68163000
0.52566000 0.62708000 0.72280000
0.77948000 0.70092000 0.74185000
0.96628000 0.56630000 0.69889000
0.72256000 0.73420000 0.91062000
0.68759000 0.58153000 0.72264000
0.77242000 0.56315000 0.60265000
0.84825000 0.65367000 0.83048000
0.78069000 0.65473000 0.67386000
0.97219000 0.68219000 0.93851000
0.57310000 0.57174000 0.75176000
0.50258000 0.54017000 0.50807000
0.79815000 0.62215000 0.61349000
0.52664000 0.55314000 0.58464000
0.89010000 0.57750000 0.68155000
0.63954000 0.74474000 0.93063000
0.90779000 0.65641000 0.57767000
0.72120000 0.61531000 0.90516000
0.87898000 0.72600000 0.98123000
0.98489000 0.55875000 0.98975000
0.60572000 0.55654000 0.53564000
0.94121000 0.63183000 0.70577000
0.70633000 0.65936000 0.95161000
0.88273000 0.54057000 0.94147000
0.58078000 0.60223000 0.96533000
0.96605000 0.74297000 0.55361000
0.86585000 0.60397000 0.97903000
0.55390000 0.50534000 0.78627000
0.53273000 0.70670000 0.96369000
0.65645000 0.74439000 0.84475000
0.91275000 0.52121000 0.72810000
0.91369000 0.63662000 0.50388000
0.68105000 0.83488000 0.47665000
0.70929000 0.84591000 0.03917000
0.68250000 0.84729000 0.34855000
0.98319000 0.88387000 0.38903000
0.72113000 0.89166000 0.19492000
0.55114000 0.88658000 0.05622000
0.63050000 0.93627000 0.25021000
0.75500000 0.95968000 0.08762000
0.54975000 0.75727000 0.04111000
0.65888000 0.77046000 0.46163000
0.60431000 0.82301000 0.46370000
0.86633000 0.97861000 0.29710000
0.55517000 0.77424000 0.14418000
0.54497000 0.83267000 0.19617000
0.93931000 0.79414000 0.43206000
0.61363000 0.87409000 0.19386000
0.85592000 0.86435000 0.22027000
0.76176000 0.92787000 0.01715000
0.56763000 0.83107000 0.29675000
0.87705000 0.79448000 0.22694000
0.77548000 0.98181000 0.25438000
0.79606000 0.86049000 0.16666000
0.79572000 0.81788000 0.33809000
0.74008000 0.88992000 0.39544000
0.57373000 0.77313000 0.36130000
0.51816000 0.79729000 0.44137000
0.55593000 0.97385000 0.28978000
0.82141000 0.75319000 0.04042000
0.74097000 0.95899000 0.45633000
0.83750000 0.99415000 0.42472000
0.77309000 0.79139000 0.07397000
0.78094000 0.93553000 0.31416000
0.71198000 0.79097000 0.40643000
0.70543000 0.83095000 0.15289000
0.52350000 0.88961000 0.27688000
0.92170000 0.88749000 0.45768000
0.96571000 0.98790000 0.28988000
0.53575000 0.87924000 0.13459000
0.60346000 0.90823000 0.43140000
0.56307000 0.82047000 0.08446000
0.99992000 0.92434000 0.19634000
0.93419000 0.95924000 0.13071000
0.70187000 0.95410000 0.23966000
0.81772000 0.79509000 0.49113000
0.84980000 0.96413000 0.19924000
0.57082000 0.83942000 0.39579000
0.63068000 0.90239000 0.35147000
0.84674000 0.91289000 0.33756000
0.50506000 0.93665000 0.34834000
0.93962000 0.89337000 0.09465000
0.94368000 0.77716000 0.26123000
0.75073000 0.83219000 0.46727000
0.87010000 0.89142000 0.07384000
0.66631000 0.88271000 0.41807000
0.69071000 0.77437000 0.22917000
0.62877000 0.77200000 0.18689000
0.91596000 0.84846000 0.37340000
0.64471000 0.78834000 0.36337000
0.93566000 0.95435000 0.37673000
0.54300000 0.92496000 0.48199000
0.52147000 0.79081000 0.31718000
0.57921000 0.92785000 0.14048000
0.50925000 0.77061000 0.20106000
0.77129000 0.87052000 0.25260000
0.86354000 0.85277000 0.32069000
0.76812000 0.75937000 0.44194000
0.50458000 0.96801000 0.04275000
0.92864000 0.79875000 0.02288000
0.77207000 0.87631000 0.09309000
0.68817000 0.88689000 0.28162000
0.96546000 0.84353000 0.27876000
0.89683000 0.91189000 0.28815000
0.61166000 0.86715000 0.11556000
0.61771000 0.91212000 0.04961000
0.75510000 0.97016000 0.16628000
0.87473000 0.93277000 0.42467000
0.78941000 0.89683000 0.46158000
0.97772000 0.90489000 0.02004000
0.91365000 0.76817000 0.34085000
0.67807000 0.92978000 0.08880000
0.79584000 0.78478000 0.16531000
0.94860000 0.85883000 0.17549000
0.64851000 0.77028000 0.06071000
0.88579000 0.75875000 0.46875000
0.93036000 0.92971000 0.20490000
0.87214000 0.83502000 0.44475000
0.57084000 0.97912000 0.43855000
0.76496000 0.80415000 0.26680000
0.88656000 0.89830000 0.15600000
0.63808000 0.82956000 0.28840000
0.86991000 0.79145000 0.15153000
0.98957000 0.97857000 0.43694000
0.99422000 0.79283000 0.19031000
0.82685000 0.93686000 0.11703000
0.78040000 0.99975000 0.37814000
0.84600000 0.76258000 0.35485000
0.54318000 0.97972000 0.11015000
0.51690000 0.88964000 0.41628000
0.94769000 0.94048000 0.48536000
0.97687000 0.79893000 0.33834000
0.53036000 0.93417000 0.19905000
0.88682000 0.98998000 0.06900000
0.84990000 0.80314000 0.95042000
0.72729000 0.97741000 0.56973000
0.83406000 0.83426000 0.86957000
0.56475000 0.92368000 0.88852000
0.59689000 0.82086000 0.63240000
0.68487000 0.92629000 0.90635000
0.63066000 0.92663000 0.72404000
0.57544000 0.75507000 0.94646000
0.93855000 0.78934000 0.59569000
0.97673000 0.95462000 0.55855000
0.63773000 0.90042000 0.52694000
0.55352000 0.96431000 0.64606000
0.71016000 0.91258000 0.51980000
0.50936000 0.90046000 0.57399000
0.89313000 0.86023000 0.81202000
0.68539000 0.80078000 0.72476000
0.62651000 0.88247000 0.60209000
0.96314000 0.75107000 0.92209000
0.60556000 0.83958000 0.53993000
0.91243000 0.86166000 0.58653000
0.99065000 0.79626000 0.66621000
0.75875000 0.90005000 0.58525000
0.79830000 0.98508000 0.98308000
0.94667000 0.95082000 0.67212000
0.92239000 0.78784000 0.80635000
0.95273000 0.86204000 0.92972000
0.60707000 0.82425000 0.88733000
0.75069000 0.77419000 0.59178000
0.83939000 0.94548000 0.64971000
0.77599000 0.78456000 0.92054000
0.76449000 0.75931000 0.83933000
0.60381000 0.97213000 0.99445000
0.97745000 0.77213000 0.74648000
0.66440000 0.95227000 0.59729000
0.98584000 0.92529000 0.90092000
0.97265000 0.89504000 0.63280000
0.67045000 0.79986000 0.98350000
0.72596000 0.93296000 0.82806000
0.54000000 0.84349000 0.87478000
0.81683000 0.96762000 0.50010000
0.77890000 0.87665000 0.68957000
0.91428000 0.78116000 0.70812000
0.68009000 0.97975000 0.85326000
0.85791000 0.94489000 0.95877000
0.62600000 0.96457000 0.89879000
0.57053000 0.93435000 0.56740000
0.68017000 0.83029000 0.80618000
0.87489000 0.95452000 0.80016000
0.80014000 0.81376000 0.74917000
0.78021000 0.87050000 0.90031000
0.88841000 0.97377000 0.51173000
0.70045000 0.89535000 0.70962000
0.52997000 0.81372000 0.60382000
0.69086000 0.98252000 0.97339000
0.52925000 0.76184000 0.51743000
0.62169000 0.99229000 0.63414000
0.71234000 0.77311000 0.51927000
0.56160000 0.84908000 0.79908000
0.80563000 0.82606000 0.56332000
0.84562000 0.76441000 0.78849000
0.68820000 0.83263000 0.89300000
0.80446000 0.89585000 0.77895000
0.53098000 0.85299000 0.96218000
0.64849000 0.91501000 0.81097000
0.57281000 0.89611000 0.65876000
0.66441000 0.99871000 0.74890000
0.51873000 0.85875000 0.69916000
0.88093000 0.89619000 0.88932000
0.74894000 0.83288000 0.63612000
0.81410000 0.90421000 0.53624000
0.92439000 0.80151000 0.88738000
0.71127000 0.91356000 0.63402000
0.62337000 0.83412000 0.76307000
0.96768000 0.89318000 0.82838000
0.78844000 0.76843000 0.68564000
0.74763000 0.80975000 0.79318000
0.78740000 0.95055000 0.72089000
0.90736000 0.93421000 0.60220000
0.88483000 0.86470000 0.98108000
0.54880000 0.95152000 0.74270000
0.86987000 0.95898000 0.72544000
0.86636000 0.83268000 0.63391000
0.77047000 0.98249000 0.83787000
0.58882000 0.81714000 0.98787000
0.53250000 0.77237000 0.86397000
0.55656000 0.99450000 0.93664000
0.63055000 0.88544000 0.89075000
0.77091000 0.96111000 0.64528000
0.52796000 0.78452000 0.73337000
0.92941000 0.95376000 0.85892000
0.99027000 0.82790000 0.82330000
0.73435000 0.98830000 0.90931000
0.88212000 0.89534000 0.68113000
0.71553000 0.83996000 0.54693000
0.88749000 0.91200000 0.53370000
0.81839000 0.87504000 0.98200000
0.79484000 0.93715000 0.91163000
0.53947000 0.82982000 0.51669000
0.94694000 0.88227000 0.72532000
0.85560000 0.84546000 0.73268000
0.67188000 0.82612000 0.61532000
0.62630000 0.97962000 0.53188000
0.63065000 0.76854000 0.66901000
0.92545000 0.81518000 0.52079000
0.83961000 0.76366000 0.59732000
0.97364000 0.88645000 0.50490000
0.98689000 0.99286000 0.77942000
0.64338000 0.87010000 0.97930000
0.61329000 0.75828000 0.75399000
