0.81727366 0.52673070 0.47421937
0.07255349 0.50685778 0.70479957
0.28857272 0.48487844 0.93258669
0.76727680 0.54636014 0.93903281
0.39886216 0.53702772 0.22267016
0.11184722 0.25569193 0.68528876
0.51977331 0.92297636 0.56217644
0.95891680 0.48768875 0.56801685
0.77496932 0.36529162 0.92987642
0.83106706 0.82872470 0.15904272
0.84391759 -0.00425268 0.06606272
0.57343306 0.99763921 0.97071478
0.56558166 0.16770151 0.95605556
0.11936939 -0.05117826 0.77206858
0.50714315 0.82850227 0.06091972
0.91358590 0.91944325 0.13180724
0.51253322 0.53152292 0.68215168
0.29619463 0.02710226 0.43297104
0.72124778 0.32335154 0.44291554
0.44125838 1.00694113 0.78611996
0.45683002 0.65669041 0.77637231
-0.00951252 0.15488084 0.66223985
0.86145448 0.70519007 0.54031678
0.84476145 0.11880058 0.95132253
0.58524144 0.33625968 0.27059511
0.13221715 0.59017874 0.08668114
0.05435468 1.01135420 0.94392436
0.49430958 0.08981276 0.77267573
0.26597232 0.64080852 0.30538325
0.45323239 0.45082308 0.16446961
0.25359661 0.52895507 -0.02486203
0.82986267 0.05088628 0.45098064
0.85291940 0.51039843 0.39616394
0.59540741 0.80716729 0.29188989
0.30235330 0.38108347 0.78407848
0.79788563 0.98929455 0.33752556
0.20747674 0.72121234 0.24784170
0.89119128 0.15699782 0.34624720
1.04677734 0.81452609 0.29352360
0.13057314 0.51317471 0.95328017
0.94468946 0.99086590 0.24041390
0.41709079 0.60462309 0.18703443
0.27139832 0.33959629 0.24594123
0.54846664 0.51785063 0.94965393
0.77650013 0.42145726 0.00352880
0.83167818 0.85949361 0.28523633
0.89272255 0.82633572 0.27650047
0.78532917 0.24863384 0.30655292
0.15383351 0.73262781 0.50385168
0.33103909 0.56038954 0.87028407
0.67779821 0.92362436 0.61215472
0.85835660 0.26809758 0.41803644
0.39107427 0.80865917 0.50714400
0.68842051 0.89032063 0.07150764
0.23335932 0.63908153 0.57880258
0.95825579 0.85455433 0.27921357
0.93427579 0.57802921 0.40463638
0.41660640 0.95855215 0.88925103
0.63558813 0.55393507 0.00038513
0.06401330 0.18431189 0.80188003
0.18185118 0.75779647 0.85277692
0.39138557 0.74592220 0.45987270
0.59003205 0.39694250 0.49676545
0.03497651 0.80475978 0.02724545
0.91802055 0.14528706 0.43021188
0.96347197 0.35677865 0.36804479
0.42443818 0.83401994 0.78621433
0.78491003 0.07203474 0.32141823
0.86878721 0.95202710 0.47684665
0.93677940 0.62817989 0.01176627
0.75210863 0.86968223 0.91548349
0.59175210 0.74171126 0.41576521
0.95010260 0.28541505 0.21124398
0.22829503 -0.00623836 0.01122234
0.51086611 0.48033997 0.63378206
0.82026024 0.34366330 0.38785866
0.40747341 0.65587509 0.43561405
0.64165586 0.22793094 0.21183724
0.53691622 0.30851977 0.46622994
0.44349883 0.10784724 0.83596311
0.92692947 0.91633865 0.76444377
0.51592279 0.37026869 0.55855370
0.58531473 0.60143194 0.84791458
0.56907359 0.42849279 -0.02882022
0.33794250 0.90840870 0.49374362
0.67366799 0.30238897 0.83443618
0.21036235 0.40178347 0.61334848
0.32094812 1.00211325 0.50216215
0.49097187 0.21513095 0.45360873
0.29792412 0.42817179 0.55577358
0.39123687 0.55642881 0.36295184
0.23249834 0.07831078 0.19154356
0.49796786 0.62942019 0.44163265
0.31563356 0.50900423 0.03939444
0.08722050 0.19086815 0.59745689
0.44067016 0.28515035 0.26497989
0.99221226 0.67407994 0.63639966
0.12710496 0.53164829 0.60166651
0.24043300 0.10018567 0.61241558
0.13632298 0.04297531 0.86568783
0.48366831 0.71052968 0.83597682
0.89970224 1.01484251 0.71669869
0.54855367 0.13520138 0.74934579
0.51614270 0.31589526 0.35371289
0.00992297 0.42794089 0.48610231
0.86744249 0.92809348 0.80447427
0.61080116 0.86696293 0.04835044
0.32883333 0.75049380 0.20742328
0.97345499 0.28614757 0.37003673
0.69485642 0.13909306 0.09608758
0.68445043 0.08470990 0.56164057
0.27503941 0.04561799 0.82792502
0.53783864 0.94099262 0.48698469
0.62702132 0.41622264 0.85730641
0.67078476 0.05307245 0.31962195
0.39879525 0.38703936 0.81847584
0.20419697 0.48722798 0.93501334
0.39295536 0.56298798 0.50455737
0.40239430 -0.04899647 0.96872690
0.14048688 0.31932318 0.76975923
0.58827129 0.53402152 0.87250102
0.02319724 0.18275968 0.06281907
0.18251727 0.07735343 0.72640184
0.42982258 0.77709033 0.27795961
0.35249102 0.44579581 0.05697887
0.55496494 0.63591376 0.79250679
0.39096236 0.58521021 -0.01285931
0.21942133 0.02681703 0.53345089
0.47107542 0.12787937 0.22181471
0.36561975 0.47380087 0.56480255
0.09966815 0.95377399 0.92478452
0.06523927 0.87901307 0.32531735
0.58822169 0.65761812 0.33682004
0.12038866 0.35370516 0.64321529
0.14921279 0.98221859 0.08524908
0.00274070 0.70115096 0.06150635
0.73766042 0.91585636 0.16284803
0.44578034 0.40269243 0.05418964
0.08096214 0.24198545 0.89262911
0.38513266 0.70875549 0.20284207
0.20047563 0.25989756 0.09310679
0.86975213 0.68521538 0.68703552
0.94945148 0.55662750 0.50357120
0.89162061 0.66510459 0.78860394
0.45477927 0.51597403 0.35125473
0.89378615 0.49290186 0.33113900
0.23414409 0.42462731 0.21306325
0.09309822 0.03885927 0.31103604
0.20925904 0.84834485 0.13810888
0.40169770 0.68087902 0.71695097
0.23653999 0.91744037 0.05671596
0.17114760 0.95208494 0.53944181
0.87798580 0.48430301 0.69608471
0.54441695 1.06505647 0.50945568
0.37355479 0.37917342 0.47363498
0.04007343 0.47700598 0.44102421
0.11056631 0.33183703 0.25425603
0.70489287 0.43460166 0.50964693
0.32600642 0.33938372 0.43156974
0.29874769 0.15066036 0.30671790
0.24481518 0.86367756 0.98456604
0.25346967 0.78423883 0.02802202
0.16367493 0.40955379 0.99950695
0.09433947 0.84464856 0.04686316
0.52878201 0.12002693 0.85243406
0.96916779 0.88275486 0.65738774
0.88874009 0.48567091 0.46753295
0.33542521 0.67431960 0.91443013
0.93398914 0.46372458 0.16909812
0.21260920 0.05575749 0.34417678
0.02335489 0.21312921 0.62930703
0.76971570 0.88444197 0.67126179
0.42995911 0.13191975 0.72126840
0.46805983 0.70459109 0.36387139
0.76268815 0.81910027 0.18075263
0.71720473 0.02335344 0.88324737
0.85679571 0.43099631 0.13802866
0.84733907 0.91451139 0.58880806
0.22572979 0.45799481 0.57369313
0.05413078 0.36787079 0.79109541
0.48340362 0.41997157 0.51857837
0.78565113 0.15966839 0.91393906
0.46957236 0.52312610 0.99829292
-0.00210533 0.48781036 0.37494781
0.84109281 0.40391426 0.93044432
0.26986372 0.62336469 0.84805581
0.35021751 0.26611118 0.12262405
0.72508977 0.62523522 0.00830678
0.63840250 0.66292151 0.49256033
0.66570229 0.58372415 0.27865927
0.12705440 0.10068570 0.30232164
0.51742889 0.13040869 0.04878195
0.84860228 0.44274563 0.38805850
0.15680801 0.38345924 0.44419869
1.04123203 0.56108239 0.45691528
0.76540156 0.41649281 0.38979850
0.85828075 0.90655479 0.68204252
0.94997529 0.86196838 0.08682504
0.04731533 0.03991155 0.48300948
0.18649302 0.65575709 0.68876382
0.47687047 0.03153064 0.85498265
0.80896972 0.92242908 0.88772742
0.65769059 0.78970535 0.58967681
0.28113205 0.96131972 0.25295920
0.91660463 0.85785045 0.41126802
0.60286532 0.09742975 0.14572573
0.36089704 0.84610052 0.56468016
0.31243929 0.12242805 0.65238881
0.19520993 0.19458008 0.06851293
0.08528876 0.12338046 0.74922099
0.07541904 0.31380789 0.52083168
0.35311185 0.04909725 0.37827997
0.35009761 0.67040020 0.06652685
0.32549096 0.84312818 0.45938780
0.77381554 0.16196643 0.40088664
0.03958519 0.41740253 0.55951599
0.37664398 0.18186912 0.23440896
0.85571398 0.83356659 0.80499272
0.06783240 0.61737084 0.87480799
0.21199485 0.47271018 0.02884430
0.99591930 0.33291714 1.03005233
0.11533912 0.51544355 0.04606779
0.41868912 0.34225910 0.21118718
0.08323032 0.22265115 0.36041426
1.03831381 0.12594575 0.20125587
0.91633026 0.28272634 0.00940175
0.46846807 -0.00173744 0.10935350
0.01613789 0.62485246 0.03721646
0.49126184 0.21491738 0.67798453
0.09452811 0.15510212 0.22924857
0.86332298 0.54552256 0.05380023
0.99138255 0.28126329 0.44796177
0.81816096 1.00221832 0.97343792
0.42871446 0.09597848 0.54142669
0.18629033 0.51624627 0.41632388
0.01626596 0.92801226 0.46774837
0.83161581 0.21994815 0.50097584
0.83085717 0.38203998 0.64692283
0.05286303 0.46048609 0.30938855
0.77775778 0.46218157 0.30561143
-0.00880787 0.89950038 0.55407968
0.70475651 0.55253540 0.90610142
0.03176397 0.29387663 0.77081615
0.39215372 0.83214128 0.17637796
0.54057309 0.18610822 0.82921867
0.68866330 0.58105870 0.52345403
0.64828712 0.66133816 0.08988290
0.21519589 1.00784606 0.45099278
0.24285735 0.96954958 0.67213139
0.99597063 0.74647950 0.64226767
0.32883130 0.33949389 0.09009405
0.32555872 0.93133601 0.81772010
0.76823352 0.84851918 0.82831121
0.34305409 0.61624179 0.10760713
0.63463280 0.78172731 0.84395496
0.81019241 0.52270418 0.32983471
0.13698409 0.02926291 0.55885598
0.06055796 0.74364121 0.55342278
0.73070589 0.13873908 0.78837728
0.61901101 0.05657250 0.80702834
0.86050643 0.15235575 0.47135804
0.80370967 0.68868047 0.37861250
0.44778353 0.54161929 0.78019667
0.14539055 0.42876128 0.77242928
0.73570846 0.18510364 0.33069268
0.83202294 0.19911143 0.32484565
0.13444060 0.60070033 0.71819857
0.51635650 0.29308111 0.78306799
0.76809009 0.97037595 0.26669797
0.73957875 0.75184003 0.42404656
0.27783426 0.20436420 0.25293311
0.94014071 0.44183783 0.49312499
0.80905511 0.90987629 0.36158406
0.35623088 0.88384981 0.76325479
0.63340185 0.67260790 0.82327850
0.17170256 1.02316897 0.97981313
0.89943930 1.02021474 0.53127734
0.83764460 0.59275283 0.32062501
0.22111780 0.18436077 0.87769103
0.87117302 0.49525514 0.94786848
0.66343677 0.39764693 0.26456891
0.41334371 0.72221023 0.12230420
0.88303923 0.18228582 0.86730846
0.67502092 0.76861966 0.24182077
0.87234213 0.26465266 0.32293921
0.97094448 0.38570039 0.83427821
0.64736060 0.64097952 0.57175656
0.74554410 -0.02415628 0.95011596
0.28513991 0.29471321 0.31347508
0.57243004 0.79589498 0.75242311
0.81841527 0.62931764 0.44052030
0.27691112 0.56091779 0.34042319
0.69749138 0.69211324 0.34273678
0.17055557 -0.01228338 0.82295869
0.81342577 0.01562914 0.64243063
0.46390542 0.59255326 0.72089497
0.25096272 0.30333672 0.07835379
0.94860427 0.71714025 0.34401128
0.53453211 0.31908294 -0.02820854
0.58256582 0.12061321 0.53191937
0.85611319 0.65118052 0.01382184
0.45126912 0.66952551 0.50245318
0.93452562 0.69559103 0.08639219
0.11341910 0.40029212 0.16610398
0.69401431 0.88177836 0.69245287
0.62837500 0.41612524 0.71560507
0.84096287 0.15551196 0.70348836
0.93284781 0.24844240 0.91241218
0.80016435 0.06439284 0.83606328
0.20690937 0.50995302 0.76061153
0.20698855 0.22577993 0.35261272
0.62485901 0.18518381 0.30067246
0.99037576 0.03565624 0.89751093
0.36476568 0.87054076 0.07384631
0.52361164 0.44606839 0.11951450
0.69691783 0.61780200 0.33226179
0.45231917 0.28589598 0.68307405
0.04810325 0.28803530 0.62975195
0.74531344 0.92365503 0.77585196
0.57107218 0.86969021 0.17531557
0.82526906 0.69043943 0.93472721
0.62157865 0.03770145 0.10789990
0.68347746 0.85721157 0.35380514
0.49477801 0.88282473 0.18425651
0.28460787 0.52424742 0.76301029
0.38955783 0.33883224 0.61923248
0.18946571 0.22595740 0.68554537
0.32067247 0.71026404 0.77951372
0.34409765 0.22463798 -0.03433285
0.36090269 0.29931654 0.93036392
0.11508848 0.04158191 0.70197225
0.72945615 0.75865655 0.32343393
0.14076432 0.16371392 0.46432685
0.53648630 0.86312290 0.26369297
0.18918960 0.78351467 0.98318560
0.22079587 0.13744554 0.33025770
0.98768536 0.14675061 0.77322718
0.82765534 0.43409420 0.48997222
1.00119253 0.56889796 0.90028671
0.43189350 0.82934815 1.01003500
0.25764637 0.93690531 0.74323544
0.44061208 0.01769647 0.54266481
0.07040940 0.96140665 0.30256514
0.10585989 0.25718579 0.29956804
0.65174234 -0.03322065 0.32743881
0.02752260 0.02645669 0.19535267
0.86854107 0.36706697 0.57722583
0.76585326 0.74498164 0.61730528
0.50102352 0.24661437 0.52563829
0.28666251 0.44476986 0.69533689
0.08882808 0.21623585 0.45132668
0.70682093 0.56346913 0.44013982
0.27496529 0.19600931 0.67313412
0.32357297 0.61396842 0.35166049
0.46875373 0.37629153 0.83926641
0.72106941 0.14242340 0.68653717
0.90034709 0.40711265 0.68133137
0.55036556 0.65563510 0.57255544
0.51942532 0.35560341 0.04794448
0.11777445 0.99434965 0.48782149
0.22851537 0.35015417 0.84802031
0.52511533 0.41506428 0.85509693
0.12628253 0.85291702 0.28676269
0.58816715 0.97387325 0.56304004
0.50543269 0.47691976 0.55090487
0.68888135 0.38458924 0.83831230
0.55099355 0.19374703 0.16658832
0.77026459 0.84350551 0.37333077
0.21307998 0.58351276 0.33453836
0.04142805 0.51633727 0.20488557
0.81023331 0.36560478 0.75142061
0.68236760 0.45225283 0.67026102
0.04393541 0.80573222 0.57811205
0.75241163 0.47607928 0.68815112
0.72056234 0.30282537 0.67885507
0.88628044 0.76975302 0.71103219
0.17547900 0.19028024 0.55426830
0.67063589 0.99584546 0.62672735
0.30129729 0.86629367 0.69040858
0.63692242 0.49734642 0.81685445
0.24979882 0.47875281 0.37611424
0.50994009 0.54142623 0.19699470
0.67062005 0.64486766 0.21876212
0.28517428 0.71752947 0.27800199
0.46746812 0.22326874 0.37188473
0.50033731 0.09561263 0.95057109
0.93340925 0.45776078 0.40645958
0.37982783 0.14136372 0.64822343
0.27217022 0.22969917 0.59324650
0.96771959 0.14198869 0.15590771
0.65185435 0.29174191 0.55336052
0.45516301 0.81029987 0.13811109
0.28106939 0.12833015 1.02025377
0.62060722 0.79288532 0.03449652
0.20682101 0.89850600 0.76473197
0.30000989 0.69222130 0.48467765
0.39798258 0.14902008 0.41749010
0.49126034 -0.05285109 0.89356722
0.82336982 0.86042983 0.02687296
0.04936341 0.73551288 0.69430763
0.58787620 0.23106079 0.63361263
0.17265857 0.29076711 0.35300115
0.53913559 0.06039494 1.00494555
0.40821957 0.34501532 0.09733779
0.72766469 0.22377251 0.88920128
0.27382068 0.23701060 0.11116148
0.98744543 0.75991840 0.09380746
0.75159892 0.21438341 0.58389706
0.70688104 0.78151313 0.66591167
0.98760414 0.60048163 0.54442963
0.71940023 0.86427219 0.24036050
0.39750346 0.60299932 0.85505600
0.30098293 0.78724587 0.87979475
0.97265103 0.77642004 -0.00315247
0.45788175 0.78760998 0.94542863
0.27239781 0.96808835 0.35587670
0.60257728 0.86577995 0.53414056
0.09841729 0.64337656 0.37813338
0.61692824 0.57789224 0.49793358
0.79150123 0.57691778 0.37970367
0.12725773 0.28932677 0.59579324
-0.03071529 0.25519171 0.67934811
0.95355159 1.00497039 0.04988205
0.63439322 0.70447689 0.29116479
0.81263888 0.74724961 0.67812146
0.16596198 0.89151827 0.56561885
0.56487311 0.88679339 0.92766284
0.97841874 0.47677052 0.68465740
0.61182791 0.40199319 0.21244509
0.10154864 0.48253480 0.39973295
0.16155213 0.05331692 0.47101881
0.23423201 0.97049069 0.59359273
0.05160837 0.31536435 0.21608324
0.04509838 0.41714052 0.15724671
0.73813237 0.37307968 0.19002224
0.62899819 0.74567488 0.71226244
0.30829790 0.49620311 0.32901671
0.79208316 0.13128047 0.17727343
0.99531231 0.22803024 0.86401576
0.20580283 0.49817988 0.12140477
0.26285024 0.62508311 0.03780327
0.35481690 0.24599120 0.78833978
0.12379791 0.48503127 0.74304443
0.66071506 0.73390524 0.11826706
0.16285575 0.79440541 0.20274909
0.72221709 0.44695883 0.08999059
0.74863316 0.06126569 0.98725089
0.12716695 0.91625171 0.13756383
1.07657626 0.08640007 0.43051610
0.22059218 0.96668729 0.12342682
0.88682099 0.79330716 0.89727737
0.72078834 0.98535662 0.12523899
0.20228957 0.67292589 0.35170938
0.31491627 0.31212847 0.99532246
0.92463631 0.33554583 0.25611076
0.56723379 0.93502425 0.23525264
0.73255394 0.08789703 0.85430179
0.90454321 0.92020761 0.55307712
0.93316145 0.85498307 0.73613035
0.38485183 0.74285646 0.53468746
0.63896836 0.33024329 0.43391879
0.38506277 0.65579191 0.32288493
0.36046985 0.79898986 0.25559906
0.02656493 0.36127592 0.33748033
0.40714852 0.33474021 0.39929658
0.00544697 0.63676612 0.90491777
0.66325585 0.20264566 0.72054983
0.87959480 0.27751542 0.23623186
0.88292160 0.77229816 0.34104023
0.41441655 0.34469346 -0.00402530
0.32585751 0.24999181 0.70560445
0.07560969 0.91369252 0.52170056
0.01462621 0.01579345 0.76845053
0.78071767 0.82409983 0.09273339
0.32342242 0.90620847 0.62803750
0.92502587 0.20417294 0.10755703
0.95296714 0.53801956 0.68015979
0.33067611 0.00301096 0.81223798
0.66415814 0.88194281 -0.00848989
0.61422297 0.89416293 0.83483938
0.68619586 0.50284736 0.47672571
0.74657489 0.86375484 0.47071926
0.83881933 0.10444597 0.03265893
0.15653222 0.79119421 0.58808316
0.50461195 0.59927570 0.37166221
0.50923842 0.23725577 0.31016736
0.68546159 0.31225769 0.37472399
0.92707002 0.08173880 0.32549449
0.83233124 0.75178319 0.06777272
0.35917407 0.12607916 0.95826556
0.25922022 0.67591328 0.64206622
0.63662249 0.33126161 0.64984585
0.79053147 0.28330047 0.16027108
0.09341087 0.71106871 0.23313241
0.07517636 0.97369412 0.57104916
0.47505556 0.82911687 0.23295763
0.66130965 -0.03333144 0.92449509
0.20745029 0.65145893 0.92691675
0.71000287 0.29141209 0.91749925
0.22049871 0.11062075 0.92842288
0.58138116 0.47456042 0.22257741
0.49723421 0.87305267 0.47336283
0.58484785 0.07206517 0.71260801
0.74207998 0.35027108 0.04091658
0.51841873 0.80197265 0.69280666
0.52019645 0.46562390 0.91068318
0.49873264 0.71751068 0.61213305
0.44196284 0.92052549 0.56185573
0.84724930 0.27971360 0.95332172
0.22342892 0.38509184 0.69301181
0.01613155 0.81378297 0.79143675
0.59464288 0.29057540 0.96506307
0.08339403 0.70484956 0.03403229
0.37104946 0.93475769 0.57988653
0.79851816 0.05087506 0.04673165
0.80847333 0.96373258 0.41464618
0.40487196 0.18543347 0.75630111
0.06684112 0.23028771 0.52782079
0.53294769 0.36813753 0.12949349
0.76769660 0.19027858 1.05536608
0.54210313 0.98944014 0.37307291
0.47731843 0.89475083 0.39304451
0.79583746 0.30934274 0.61736885
0.56211327 0.94076152 0.83727545
0.41877116 0.76641746 0.36620293
0.78093081 0.40282412 0.12454464
0.71569159 0.55086698 0.59967181
0.48438798 0.38438457 0.62758611
0.08206568 0.92425235 0.22380078
0.34040660 0.04255621 0.61533829
0.78999076 0.07671245 0.92238817
0.45689420 0.59845650 0.50983399
0.87939246 0.79346580 0.51395155
0.37349841 0.46886507 0.31153147
0.82529587 0.53166738 0.65724130
0.57709561 0.37837711 0.89213405
0.55699498 0.75155762 -0.01390454
0.94098528 0.15232184 0.84027644
0.33741849 0.58743270 0.02912832
0.20077277 0.82429569 0.29456010
0.08285464 0.18311986 0.11589701
0.74588641 0.94951327 0.70264763
0.84628413 0.13410801 0.82047054
0.36815581 0.18419408 0.04362785
0.59022902 0.75718801 0.50596934
0.11519896 0.09404464 0.51246887
0.24258727 0.28140260 0.69540713
0.61576561 0.56595781 0.35576008
0.83404541 0.26537351 0.02927638
0.10922501 0.87762842 0.79414138
0.18780891 1.02485514 0.28411851
0.42422529 0.81586094 0.69442701
0.98063106 0.74718433 0.74134299
0.88004795 0.59093332 0.91448035
0.57237918 0.15287315 0.08668453
0.30385241 -0.03085046 0.97286341
0.46935098 0.15395308 0.42206404
0.25406149 0.71292811 0.81440925
0.55063157 0.34627249 0.71343376
0.42037286 0.77935486 0.59294705
0.91168570 0.53307023 0.58586549
0.06340710 0.42826512 -0.00142956
0.93695105 0.69499995 0.71708434
0.87309053 0.06571793 0.83271831
0.96769619 0.18363252 0.99232164
0.79229532 0.17941862 0.63885380
0.78778618 0.08485079 0.11537818
0.28262343 0.16112995 0.94837320
0.33130144 0.46510683 0.14872253
0.64735705 0.53198610 0.55899529
0.97225184 0.99089061 0.13702827
0.69167282 0.09148450 0.17608969
0.62118584 0.28867053 0.17581285
0.41478526 0.37486855 0.33301125
0.58362845 0.37612471 0.58172215
0.72193960 0.59843007 0.19354144
0.26392247 0.51400546 0.51171334
0.09034597 0.79372940 0.78061931
0.67192404 0.18312303 0.54662640
0.97137631 0.82365902 0.57874475
0.57152055 0.40965555 0.66118662
0.25009311 0.55562249 0.85299287
0.15502908 0.84721811 0.62113044
0.97248032 0.41016467 0.66146895
0.18487986 0.57815446 0.13769586
0.91890668 0.77314774 0.80415912
0.54635722 0.93501921 -0.01454655
0.33409794 0.19568809 0.14274886
0.37562950 0.27706134 0.43445394
0.30639335 0.94818527 0.54974949
0.58001528 0.03261200 0.18543880
0.08670335 0.85854561 0.41584190
0.57749426 0.46644271 0.53351583
0.50903609 0.65579891 0.88251822
0.82582107 0.88733239 0.75911089
0.49743702 0.45089163 0.28892826
0.93633379 0.92537599 0.44743852
0.02094425 0.80323721 0.68541648
0.91478953 1.01920685 0.88045332
0.34101392 0.57374921 0.74080793
0.53876668 0.53145994 0.57470570
0.92623622 0.82717622 0.34669282
0.29443852 0.55150318 0.67397221
0.55611547 0.56636083 0.32139433
0.25011682 0.59593553 0.94431635
0.10362220 0.82041483 0.70422859
0.29362462 0.86946273 0.87042704
0.86545688 0.60007300 0.75818123
0.50516960 0.65618902 0.02737344
0.46040975 0.17284238 0.62843474
0.07124781 0.85779531 0.65304606
0.78598001 0.02807878 0.51451298
0.98807729 0.80782075 0.44932045
0.80228265 0.29386803 0.70919785
0.20151356 0.43460883 0.86785228
0.61881544 0.74572616 0.92090222
0.61317972 0.81724149 0.67891724
0.37624062 0.86363084 0.89697613
0.20206889 0.18000597 0.41552554
0.98177940 0.45895189 -0.04008974
0.28284784 0.27978006 0.78505884
0.34084975 0.64221539 0.51863134
0.86408277 0.37904637 0.49965288
0.30946507 0.38352513 0.21056340
0.32867746 0.18480479 0.76972034
0.43355457 0.41368052 0.45280383
0.58456390 0.98951416 0.43794062
0.48213977 0.36083832 0.48125924
0.06024160 0.62515822 0.56141879
0.43149011 0.86248691 0.61464614
0.43062639 0.64364185 0.03980735
0.22489010 0.31795579 0.95247107
0.26800640 0.41396756 0.03027242
0.87011402 0.10517952 0.23662649
0.30298833 0.84453804 0.01326967
0.48650081 0.69116263 0.28042080
0.76475728 0.09215297 0.56007121
0.13678697 0.48784070 0.14228875
0.41406495 0.90182194 0.68097289
0.66263791 0.72120935 0.77873578
0.51504743 0.59985951 0.66937703
0.41971026 0.75287714 0.73305959
0.86255727 0.35473997 0.09570228
0.08793216 0.63502211 0.46409923
0.94086406 0.42448564 0.30502631
0.45471859 0.61812321 0.63034459
0.77579146 0.75601691 0.19948633
0.06040631 0.52732883 0.98631539
0.96192960 0.65804631 0.48773832
0.31871940 0.75514559 0.65896036
0.32377229 0.32951399 0.58791298
0.79070993 0.03608355 0.23327823
0.86417366 0.63999780 0.22190923
0.40239449 -0.00954826 0.20238397
0.26628135 0.33908008 0.14544358
0.65805560 0.14766454 0.78284890
0.46107574 0.07204607 0.46729586
0.17890394 0.53731022 0.50705649
0.69751758 0.63846742 0.67973796
0.91635462 0.23612188 0.39365332
0.70873635 0.27286377 0.01253128
0.14622040 0.43022092 0.35917676
0.63161869 0.92509099 0.50370995
0.32335423 0.60738011 -0.05585690
0.90468728 0.53256518 0.83618057
0.14795839 0.12659298 0.15394763
0.93680404 0.50287477 0.24652759
0.08466740 0.87701578 0.92728439
0.08652548 0.14449504 0.33775192
0.42517129 0.06337691 0.67500984
0.16460624 0.14010810 0.84272565
0.54574151 0.03795066 0.80292942
0.93380031 0.32479791 0.46174225
0.07784574 0.40151069 0.36386059
0.46576237 0.96471529 0.43675816
0.62917866 0.55174665 0.68495788
0.33368705 0.62987414 0.80953049
0.89778167 0.86466059 0.17709702
0.77295479 0.26178327 -0.03309351
0.46054964 0.45291276 0.39432900
-0.01325977 0.71152034 -0.02239972
0.25873462 0.82076965 0.61977542
0.08188599 0.08033214 0.23308442
0.47849486 0.26753031 0.12378029
0.06905460 0.34667850 -0.00035056
0.47684322 1.02932920 0.40517591
0.92654607 0.73624170 0.27071733
0.39223475 0.98363067 0.64020052
0.37944162 0.47066277 0.74221223
1.02413771 0.58565967 0.38572355
0.92234610 0.44981779 0.06563605
0.08203957 0.71760004 0.62033912
0.89193111 0.33229171 0.34696479
0.20973219 0.72252802 0.67505650
0.80745940 0.11696124 0.64341782
0.35629399 0.81560752 0.69759664
0.64661214 0.01521507 0.86352826
0.51288936 0.47427217 0.19391569
0.59112367 0.57948250 -0.05701563
0.59568793 0.11789327 0.01588089
0.11007806 0.26795912 0.04535436
0.62942656 0.13316892 0.59938086
0.27485131 0.59362317 0.49425770
0.48151998 0.38464237 0.22017651
0.50771736 0.58732715 0.01621694
0.21322256 0.15675226 0.70430765
0.43074959 0.24220282 0.47070436
0.75381226 0.19972808 0.72217301
0.22073331 0.64292496 0.76546384
0.38165811 0.55102313 0.09881402
1.01414316 0.17694852 0.93128291
0.70149248 0.77561313 0.52418870
1.00256350 0.35123831 0.68465624
0.40620984 0.04722572 0.14450517
0.59341703 0.38108161 0.03522650
0.47453202 0.37957623 0.39279150
0.29702988 0.69629002 0.56680273
0.59368617 0.04546058 0.91283963
0.47482578 0.29748845 0.41967861
0.88967370 0.14989883 0.58898796
0.59769286 0.36404609 0.79361826
0.35051125 0.51306414 0.49184319
0.07675069 0.04094413 0.58160691
0.97766718 0.80239871 0.91439075
0.18067946 0.77429510 0.70585715
0.76165837 0.01619370 0.42377082
0.57602733 0.44845017 0.04885017
0.64777500 0.43415723 0.05564894
0.36963788 0.36664030 0.26895610
0.80215157 0.95960046 0.52225042
0.32315825 0.76184432 0.34557644
0.41570157 0.21837834 0.10921542
0.68547692 0.48397686 0.60049879
0.13151291 0.70757819 0.71721728
0.78002420 0.59705971 0.82718851
0.62463195 0.51436190 0.29749172
0.56014549 0.82687697 -0.00482731
0.62562214 0.60031091 0.63394814
0.17867136 0.64945511 0.18074316
0.08682289 0.38791009 0.45709014
0.88606377 0.04309656 0.64465792
0.08057728 1.00190291 0.23404178
0.06925767 1.00495158 0.03258492
0.32118796 0.21243184 0.34431117
0.59790783 0.31585728 0.85953783
0.87310221 0.33985742 0.78655829
0.72517300 0.36957697 0.51722761
0.58491725 0.73532300 0.64579019
0.69626082 0.13276527 0.27265373
0.22682433 0.61341577 0.22198609
0.80927860 0.47687044 0.61572712
0.32661786 0.01316720 0.03529643
0.81930980 0.35543955 0.87416399
0.49907281 0.82312057 0.89893906
0.90131377 0.91404945 0.89625319
0.37675672 0.39826659 0.00146882
0.79926116 0.17209242 0.78863269
0.48140944 0.91987527 0.73470203
0.75901819 0.93783943 0.60606019
0.21039347 0.32000288 0.19945397
0.57788146 0.59066041 0.57274481
0.71978439 0.72027210 0.23965392
0.51405772 0.18935753 0.01849117
0.19876342 0.43676074 0.40574135
0.17368265 0.19423509 0.78212894
0.15449156 0.14374679 0.96222403
0.19456495 0.11711199 0.55593963
0.75226347 0.50056722 0.50500299
0.70514646 0.94689354 0.53275792
0.30042742 0.07749666 0.27432789
0.13535798 0.33107363 0.07568694
0.73733682 0.85188171 0.74817020
0.07588007 0.37971470 0.71538400
0.98401332 0.90987160 0.31597929
0.20249745 0.24217764 0.89443744
0.25776481 0.77736905 0.29607696
0.34079992 0.82847822 0.32984909
0.50899075 0.93763846 0.06684531
0.54176927 0.40902436 0.43280415
0.32462012 0.29219259 0.21010709
0.97389260 0.23627662 0.07376685
0.61911101 0.58867906 0.76483456
0.80861130 0.86165214 0.52114750
0.51642686 0.84297460 0.62868351
0.24365373 0.23938588 0.19450261
0.62996000 0.37839546 -0.04184613
0.65076460 0.26569541 0.05841134
0.75755207 0.52174482 0.39284611
0.21023876 0.14885368 0.13502620
0.36172566 0.15840445 0.57462456
0.54776587 0.24788654 0.70208941
0.12602033 0.19850599 0.17053701
0.30474195 0.62647920 0.69229379
0.56760431 0.67753435 0.43823923
0.29775234 0.07435633 0.51903885
0.59240734 0.55390999 0.20526648
0.02056746 0.32637634 0.93133988
0.67833982 0.77652740 0.43183616
0.61589197 0.44315082 0.29108072
0.31130754 0.41050178 0.37773298
0.15709650 0.13996436 0.06014885
0.21938349 0.39015086 0.48409265
0.71280915 0.66099025 0.58377797
0.73632241 0.94905775 0.45716004
0.32657393 0.40066894 0.10888299
0.50924573 0.48429875 0.04280922
0.77899283 0.46103866 0.44497839
0.35819716 0.11733930 0.77602768
0.29773565 0.05622487 0.12356255
0.86832395 0.84261078 0.70968145
0.74867439 0.66689654 0.06940248
0.33132464 0.89634831 0.32591322
0.43051506 0.97219628 0.28048005
0.28288535 0.39506540 0.86587089
0.14807522 0.58258412 0.37459396
0.91393119 0.97572628 0.34980525
1.03067754 0.68783129 0.74884718
0.74887136 0.24257333 0.44301755
0.93649726 0.51326625 -0.00858458
0.73642486 -0.02255747 0.82414267
0.75777786 0.29241142 0.09148933
0.26481446 0.75588712 0.94463980
0.87600002 0.55363774 0.52133944
0.45288913 0.61474821 0.11734455
0.37750139 0.14879514 0.84365844
0.58436631 0.11477533 0.26622745
0.94413059 0.37939599 0.05628940
0.48412462 0.20376839 0.19419673
0.21614113 0.36447347 1.06163145
0.97690522 0.52073995 0.15843152
0.50076642 0.02571921 0.57999818
0.96495917 0.94666532 0.82226703
0.28211203 0.44804819 0.78720649
0.66998986 0.19914767 0.36848784
0.21035365 0.67346077 0.11131352
0.93650358 0.59458893 0.74040619
0.89882543 0.65483880 0.60184720
0.79148849 0.56897447 0.04806934
0.23821390 0.21273952 0.51340146
0.94582876 1.01815946 -0.02764641
0.76601282 0.93952043 0.08633592
0.57728495 0.99407445 0.71100095
0.06799027 0.11543322 0.12421646
0.81279940 0.33143400 0.03131747
0.91660273 0.59051658 0.62768689
0.71640643 0.15694329 0.87172610
0.91304592 0.32687680 0.89013510
0.16614728 0.88693666 0.07668299
0.00233804 0.67650493 0.35011591
0.08081996 0.84784141 0.13069365
0.65388408 0.15454691 0.91914064
0.14041250 0.36426786 0.31657034
0.27489217 0.65035514 0.16227793
0.28128114 0.03851223 0.34605846
0.70645391 0.44783503 0.31034467
0.31024021 0.27752622 0.45726627
0.21836220 0.81100158 0.45787412
0.10895579 0.19480343 0.72498658
0.94714009 0.37809445 0.57995510
0.55622871 0.77665779 0.09451846
0.12856524 0.94690905 1.01723643
0.39693218 0.24259060 0.55898920
0.94061844 -0.00114316 0.44387032
0.17327731 0.81886078 -0.09465473
0.21459761 0.93779502 0.83996404
0.23096847 0.77039059 0.57760931
0.10209195 0.64261962 0.18842695
0.47332720 0.80085124 0.54051867
0.87395885 0.40345713 0.77539016
0.35737285 0.92194078 0.13882949
0.43243666 0.80862283 0.44145583
0.38817843 0.53097397 0.90196067
0.05882171 0.69231517 0.94486289
0.25266254 0.36545756 0.36406954
0.54171660 0.29234135 0.15398326
0.37419871 0.45281487 0.47354220
0.54898022 0.50578779 0.81402451
1.07073768 0.29455303 0.43807875
0.29275735 0.31576437 0.66385315
0.16289373 0.56926805 0.23078752
0.17866054 0.72195521 0.93169312
0.68814667 0.94317910 0.26664090
0.52563521 0.11077920 0.16722818
0.72503884 0.64898271 0.93261571
0.02493768 0.69394423 0.48345739
0.79981926 0.49186241 0.88607931
0.50048871 0.77346538 0.18386262
0.73752596 -0.02037282 0.02864754
0.78601463 0.64674998 0.56870158
0.14196977 0.65945027 0.87461738
0.86542111 0.76466910 0.22009098
0.85189501 0.07552049 0.74694111
0.22549093 0.26039051 0.27140764
0.30625299 0.39101300 0.29809772
0.78180711 0.74579367 0.54053298
0.21037021 0.03351969 0.08897158
0.93426222 0.72171846 0.85403280
0.06421751 0.91537072 0.60048591
0.42842824 0.17816242 0.86104940
0.39966606 0.39085509 0.56963792
0.15841811 0.08218907 0.62696194
-0.00542906 0.97425834 0.57435726
0.95422410 0.95438583 0.63643411
0.57561330 0.29927064 0.05513349
0.72108597 0.75106923 0.82582013
0.46662994 0.26917039 0.59517043
0.69745904 0.52185906 0.32274762
0.60241011 0.66453252 0.18253764
0.84897279 0.39622981 0.02868361
0.42050011 0.07276457 0.38600920
0.35732637 0.11793057 0.03971414
1.01694482 0.05061221 0.07785090
0.70079029 0.71118779 0.66496064
0.52166972 0.25650968 0.95188007
0.95423515 0.98215425 0.73474358
0.87190320 0.62428746 0.84910564
0.11988572 0.55961679 0.47230869
0.32369038 0.95416500 0.68623558
0.26417485 0.89063254 0.59014666
0.84335539 0.90407318 0.12224240
0.78603638 0.36018460 0.55608318
0.57247688 0.54397453 0.02461725
0.46452032 0.03929381 0.32234286
0.05431837 0.23402522 0.22275939
0.35083149 0.32689505 0.34370694
0.23573334 0.10463408 0.75123615
0.21263533 0.88845343 0.42768717
0.48655870 0.60972225 0.21449037
0.83907149 0.22440219 0.20505916
0.95242247 0.22243545 0.26443075
0.28022484 0.23956532 0.88582055
0.75451300 0.08549641 0.23790747
0.34308566 0.12291221 0.22445435
0.46868255 0.62494062 0.29432292
0.56112896 0.20122153 0.41314704
0.92639150 0.65855018 0.37304543
0.94819889 0.30767405 0.08867830
0.82696518 0.87768383 0.43328954
0.90897012 0.45880709 0.61509652
0.43040157 0.56392004 0.28053663
0.41096747 0.52217746 0.67126847
0.15307404 0.73329582 0.00886361
0.72286317 0.70405760 0.49971382
0.40017775 0.99383904 0.47556280
0.02971553 0.86333391 0.23250917
0.53151122 0.11249345 0.45229771
0.30035745 0.78510294 0.73979670
0.27606046 0.03738056 0.58007625
0.47334703 0.00429537 0.70870909
0.81979983 0.30028017 0.27799663
0.01676439 0.69230702 0.56390578
0.18450177 0.54751782 0.65184451
0.92931345 0.03748455 0.17072044
0.99709065 0.53632358 0.02663555
0.52060227 0.37957317 0.77842282
0.10990724 0.65038777 0.94504849
0.01585999 0.37290425 0.23992193
0.35989459 0.06261846 0.48543219
0.35586384 0.81843681 0.97678840
0.44818723 0.29175018 0.76413606
0.39183103 0.26339955 0.65007321
0.88723541 0.33640695 0.96779067
0.62675755 0.25404628 0.76014850
0.50944232 0.87658891 0.84163366
0.29707610 0.11842214 0.15903999
0.85966639 0.89681073 0.23340570
0.27586438 0.92375794 0.92035893
0.48835771 0.28957242 0.04417131
0.88552334 0.93345746 1.04516245
0.86224458 0.65358827 0.33347856
0.11993284 0.39728043 0.56993122
0.54712565 0.90153187 0.36200657
0.01807876 0.28216523 0.55436273
0.49278491 0.71856420 0.95106009
1.00570595 0.50245129 0.85816081
0.06983441 0.30582189 0.32780021
0.30564989 0.18566626 0.47004000
0.53962559 0.00094235 0.89034845
0.01519607 0.26157242 0.29319994
0.18169997 0.32249106 0.65776421
0.81783715 0.21453205 0.41256127
0.44204683 0.13323403 0.96437027
0.71844864 0.35273235 0.74423180
0.80637195 0.48175910 0.76553101
0.42060600 0.32895776 0.51199828
0.82981237 0.60155122 0.10163202
0.05189153 0.92051568 0.10160905
0.08992825 0.57665529 0.15861835
0.87298038 0.28926895 0.08639824
0.38975855 0.02846640 0.84166165
0.11429630 0.02298497 0.13462165
0.10789830 0.19673422 1.02911516
0.78575256 0.48901792 -0.02468446
0.78496521 0.86400979 0.59848709
0.89575465 0.62621613 0.13767657
0.64007760 0.84520905 0.25039836
0.05317032 0.75430614 0.41606513
0.33443963 0.77542368 0.12047357
0.38807021 0.22243544 0.38059272
0.11741777 0.39768053 0.84410980
0.34793064 0.29386174 0.53137483
0.33403883 0.11905333 0.42998871
0.07539385 0.69085781 0.81464816
0.27078950 0.92311023 0.42972410
0.79114695 0.67170671 0.13266371
0.91568822 0.92697435 0.23394390
0.26819416 0.05458633 1.05278353
0.07149215 0.52500965 0.52777772
0.79492257 0.99703692 0.88531192
0.65939503 0.81760864 -0.02492289
0.62371986 0.47852106 0.97969244
0.90630838 0.19915379 0.02404460
0.73171033 0.91061278 0.97961198
0.89103597 0.71691950 0.39628725
0.01224179 0.05439600 0.64281855
0.83685817 0.57165695 0.98377047
0.02133216 0.61407031 0.12371563
0.72418471 0.73128952 0.74161772
0.27203550 0.68903653 0.89371190
0.21575989 0.55312834 0.04353769
0.10666696 0.73522496 0.30981062
0.20229169 0.60590708 0.82829083
0.95389132 0.52003083 0.43637583
0.71075119 0.38704492 0.97443333
0.35915379 0.69890298 0.60420160
0.46369326 0.12347271 0.10342975
0.64681247 0.18987719 0.08206390
0.41750473 0.76892191 0.88440740
0.24009991 0.95606094 0.19037731
0.71763787 0.18512712 0.46239039
0.81329342 0.39363751 0.20703962
0.86389058 0.82448975 0.06943985
0.80880805 0.39648151 0.30495239
0.40013715 0.05478153 0.58996096
0.54342567 0.69627390 0.21527950
0.60733102 0.25263340 0.86519373
0.44948477 -0.07246077 0.02056277
0.03835640 0.25104189 0.04812857
0.50053865 0.83666464 0.34714407
0.89471982 0.85103481 0.57731878
0.85450987 0.97699150 0.15737830
0.14590259 0.28684373 0.91525781
0.02937830 0.41703960 0.89230981
0.10070211 0.82523171 0.21725669
0.48301974 0.74793638 0.42656201
0.80964301 0.76659952 0.33491426
0.97876145 0.22432912 0.15732042
0.94505734 0.47331089 0.77185551
0.40596006 0.22952887 0.92350221
0.33802196 0.20522429 0.87630638
0.38729974 0.70827333 0.00949209
0.49294180 0.67801875 0.13973580
0.96526685 0.38300480 0.97415739
0.43880747 0.29171788 0.34245152
0.76916390 0.67845253 0.68531301
0.39519184 -0.01403285 0.10897875
0.95113596 0.51089514 0.07062943
0.90617980 0.76273509 0.09221740
0.69187739 0.80043556 0.05366599
0.26943128 0.07726918 0.97135693
0.13893229 0.68592582 0.12160480
0.68429698 0.89689069 0.87085253
0.90144608 0.73535053 0.01399278
0.66489289 0.72674554 -0.01558686
0.23582883 0.68727893 -0.00233411
0.26304690 0.29738477 0.52191025
0.25957611 0.46944562 0.14695781
1.01056939 0.08126251 0.29227860
0.50392736 0.97456565 0.78523813
0.57238863 0.69227197 0.92187683
0.17612476 0.14521187 0.26977062
0.42790293 0.87294491 0.50489105
0.68707461 0.47967305 0.38817433
0.81936806 0.69202208 0.62423837
0.69021517 0.08016236 0.78592211
0.15652536 0.86178591 0.48786427
0.45308613 0.52587307 0.90068625
0.51210311 0.37126330 0.92870486
0.85873341 0.67484709 0.10606251
0.19424497 0.75057467 0.39352111
0.75095373 0.57269536 0.74039048
0.47133995 0.34682241 0.29114788
0.86877032 0.02438019 0.31356823
0.95945896 0.61484260 0.26753906
0.04149377 0.77005529 0.84127100
0.99999014 0.57659084 0.62231993
0.73945907 0.14477184 0.00279061
0.80471087 0.15008685 0.25283002
0.61769375 0.85349092 0.76581902
0.80690930 0.60753431 0.21091098
0.95055164 0.95703656 0.91757755
0.16077994 -0.00152121 0.21776581
0.65426924 0.82087805 0.48484473
0.29115247 0.86040039 0.38550006
0.90766147 0.17261999 0.22798395
0.17686484 0.69206036 0.80269022
0.57075851 0.67123338 0.04846968
0.55666420 0.18480473 0.27807302
0.88466269 0.37227483 0.17642739
0.66719646 0.54288974 0.20763948
0.46247713 0.95261995 0.17820387
0.79905017 0.14776290 0.51868902
0.28453657 0.44217120 0.44031534
0.85434524 1.00870259 0.23487326
0.44138396 0.86329096 0.87431302
0.57518454 0.25397776 0.52335867
0.63318156 0.08953081 0.94284068
0.69665600 0.34470465 0.11596245
0.21404731 0.10160136 0.07247725
0.51569552 0.30957306 0.24629709
0.88580030 0.27521604 0.16050296
0.82041124 0.28028580 0.53513811
0.76329214 0.03237935 0.77044215
0.91189379 0.22964946 0.51161323
0.64495532 0.89489470 0.30673473
0.14139239 0.54549164 0.76244269
0.56136639 0.79894456 0.18007599
0.88852951 0.86000984 0.48842258
0.33340692 0.63035336 0.26623586
0.25914767 0.57605074 0.11731300
0.99588492 0.35414834 0.47828822
0.51447765 -0.00442918 0.19459876
0.74152504 0.64054247 0.39114926
0.38487846 0.33565996 0.74165920
0.23186034 0.62712379 0.43106377
0.64435529 0.50055978 0.90570839
0.24723404 0.28557202 0.39535443
0.64058993 0.72018630 0.59289744
0.55026362 0.77314296 0.35001394
0.60395060 0.51294178 0.46570116
0.53877087 0.17561997 0.51539749
0.86221818 0.94756178 0.96405018
0.85965898 0.57064813 0.42630617
0.69902641 0.82188790 0.81056911
0.07470166 0.27258835 0.95967718
0.69826484 0.52357316 0.14565050
0.08017491 0.60677331 0.00749794
0.04730499 0.56221290 0.25722335
0.61572222 0.04861515 0.60147575
0.82604078 0.10960987 0.38703745
0.00168917 0.70270217 0.83547897
0.07311113 0.63249894 0.27828587
0.86448483 0.86002333 0.95372497
0.89931276 0.06012724 0.10553606
0.22160665 0.46540371 0.47737744
0.22838866 0.56511126 0.57979191
0.71126020 0.96619391 0.36894579
0.41187633 0.67286302 0.88592263
0.12983804 0.59300930 0.82631249
0.29979013 0.22076955 1.02758786
0.16351414 0.76522735 0.29044331
0.68856519 0.90378762 0.43673043
0.74482100 0.65998918 0.24482807
0.88105606 0.08812804 0.49156945
0.41941756 0.71100899 0.65148349
0.04886963 0.37900583 0.62250584
0.44956765 0.67271114 0.58101488
0.03442940 0.88286801 0.77868684
0.98978269 0.17405425 0.35398208
0.17569356 0.36025109 0.55555307
0.76249718 0.08276014 0.46948911
0.74119005 0.50949767 0.77590457
0.30203388 0.52040498 0.40784923
0.61307847 0.64856213 0.68901984
0.24070734 0.82665747 0.86051336
0.50220438 0.52597217 0.45958473
0.69486797 0.16379202 0.18555588
0.70778022 0.38735008 0.34164156
0.18018843 0.90484981 0.97578948
0.38070334 0.41198929 0.19553065
0.64864338 0.85739372 0.61651869
0.92957006 0.84382106 0.83269120
0.57509941 0.60424836 0.25596265
0.83105394 0.32930764 0.20345839
0.54789515 0.27503291 0.59563215
0.93731056 0.08988527 0.81087105
0.22734826 0.78697263 0.78593721
0.46368528 0.36746698 0.14056151
0.94533130 0.67315035 0.92616753
0.37966832 0.38070614 0.68635460
0.77454125 0.41675835 0.59552638
0.84352515 0.19212514 0.13305419
0.47972583 0.57307431 0.84628835
0.60023259 0.50211009 0.62516088
0.03781097 0.45283445 0.80603199
0.87266061 0.49438463 0.10907440
0.50266520 0.07207761 0.64835060
0.15638778 0.38960418 0.90427700
0.98203126 0.06840725 0.47390234
0.60481283 0.20652655 0.80888306
0.83937685 0.08958752 0.56897500
0.59156160 0.51806391 0.10251207
0.57029876 0.09565727 0.34058410
0.61803709 0.57859142 0.13694038
0.55710442 0.54590013 0.74828418
0.70266325 0.57557410 0.67617391
0.94977844 0.20813785 0.78712639
0.73444452 0.73665233 -0.00256660
0.77761750 0.52739438 0.56657550
0.52473700 0.50683684 0.36330607
0.93512371 0.71256074 0.58085578
0.39192390 0.49819320 1.02725575
0.70750595 0.23116315 0.08096290
0.25494084 0.00419502 0.76537024
0.80874570 0.42930423 0.71913900
1.00396037 1.00204075 0.27212188
0.95835234 0.57935265 0.10476782
0.67090245 0.90934963 0.77926541
0.54560841 0.63003534 0.96804736
0.01824515 0.21774567 0.39718553
0.76327151 0.09770866 0.72740911
0.36989952 0.43788245 0.38155389
0.01813878 0.96661402 0.87575189
0.59560816 0.18629082 0.70529360
0.21671624 0.24909810 0.76243307
0.94879532 0.56845945 0.95592078
0.19991707 0.90867223 0.63484917
0.29754308 0.48892160 0.84970558
0.33404244 0.87231817 0.20147160
0.18313938 0.94605573 0.26982063
0.08491401 0.55248084 0.37955799
0.04975888 0.83440235 0.47766706
0.62921532 0.17115826 0.17586108
0.02763136 0.11275262 0.04346860
0.03155506 0.86708692 0.85690651
0.34924876 0.24336311 0.26020869
0.19523746 -0.00058962 0.73016308
0.39655663 0.79248229 0.07540882
0.13856952 0.41992921 0.09171980
0.80080709 0.76251379 0.76409418
0.02848048 0.68629604 0.16696150
0.88021160 0.12340995 0.11650446
0.58721976 1.07720440 0.41970325
0.53463698 0.97859511 0.65708180
0.23248321 0.69792274 0.44747752
0.37456944 0.52832923 0.79629358
0.18621846 0.87335045 0.84514570
0.25979833 0.88326931 0.27541899
0.55549491 0.91808333 0.75533003
0.49702073 0.01272904 0.49112092
0.49973144 0.95293603 0.31756318
0.60734900 0.99070001 0.79889448
0.85605145 0.20520091 0.93348285
0.19510941 0.37665442 0.24636490
0.27235587 0.36932290 0.62426609
0.50985948 0.45262464 0.73459445
0.67785718 0.41795680 0.58204741
0.60327729 0.30151680 0.71324986
0.25992705 0.02444459 0.24891185
0.95613148 0.30138602 0.57487991
0.56906203 0.75137629 0.26465857
0.13456093 0.60625841 0.57615615
0.27687228 0.79207583 0.50287851
0.40405459 0.89534443 0.30943607
0.01434158 0.08492204 0.76005030
0.97532653 0.64393708 0.70932779
0.09580573 0.69182291 0.50637982
0.81069483 0.93148930 0.18899859
0.31181259 0.71231711 0.13538871
0.15052159 0.47151587 0.28420336
0.82974707 0.59726824 0.61057115
0.34703515 0.61189713 0.19043440
0.74217984 0.19758408 0.14851848
0.07545819 0.07305384 0.80082837
0.49846732 0.41350267 -0.00155504
0.19085670 0.65843225 0.52251013
0.92863626 0.84154321 0.00251742
0.78877521 0.28360652 0.80100920
0.80867001 0.79284435 0.88353709
0.13354060 0.51998761 0.83866812
0.23825377 0.25431055 0.97650246
0.57940803 0.32551755 0.52541536
0.64113183 0.08331691 0.48417734
0.23241903 0.39955993 0.13572282
0.70490386 0.01537913 0.53620938
0.21362602 0.04559358 0.85897851
0.45386661 0.71809653 0.21821024
0.96993753 0.21236582 0.47897656
0.03890663 0.05224208 0.36743834
0.24257590 0.08035813 0.41151966
0.66432880 0.20699146 0.85791489
0.14151103 0.96286785 0.40199543
0.94430850 0.71635981 0.17481691
0.73220575 1.04535008 0.36252115
0.60608977 0.97099241 0.04828247
0.92765718 0.72156814 0.47932209
0.08948383 0.64120126 0.65607175
0.52498087 0.73930189 0.53098491
0.36267161 0.10441278 0.12615593
0.80129298 0.62543565 0.93531293
0.84972133 0.46201938 0.02682888
0.12144203 0.44365393 0.47773229
0.57277630 0.26173859 0.38903873
1.01866517 0.89346769 0.38647225
0.82036831 0.70304449 0.82568737
0.42873497 0.28064542 0.17213402
0.63530610 0.33185980 0.08982234
0.74600312 0.43694474 0.88612310
0.76803288 0.61476172 0.30894207
0.71367352 0.54763033 0.99989339
0.62736267 0.19567420 0.98950239
0.58048629 0.35576644 0.38052873
0.70937737 0.48564397 0.85691306
0.51342707 0.59046346 0.91760009
0.16534041 0.30103030 0.14475472
0.08598564 0.09268443 0.91992593
0.16340712 0.23316960 0.98073473
0.06070223 0.47357645 0.59036007
0.46491477 0.46818461 0.82566538
1.03495465 0.92393576 0.68165103
0.02199177 0.54952794 0.73122328
0.72026095 0.25183350 0.35471326
0.69824663 0.47497177 -0.03587901
0.95746068 0.78137222 0.51484226
0.65305068 0.99904944 0.41273136
0.53959470 0.77262914 0.59676786
0.82872686 0.81134981 0.39845230
0.21833262 0.39395734 0.78447235
0.82061468 0.75830500 -0.01263770
0.49038041 0.17182705 0.92289212
0.76675851 0.38438281 0.80866170
0.19984148 0.49702505 0.85243818
0.45704838 0.54112263 0.61134174
0.22112470 0.76607729 0.12460196
0.72390918 0.60218204 0.09920943
0.27476936 -0.02191358 0.87103235
0.72954669 0.30899034 0.22813115
0.91122355 0.61564053 0.51067044
0.33748168 0.30367063 0.84537411
0.09057802 0.39667365 0.26153077
0.64779793 0.42465363 0.38495572
0.06477547 0.97409803 0.42093049
0.27152346 0.36553505 0.53806967
0.58212806 0.82229989 0.59080981
0.37776752 0.73223269 0.30303438
0.68460339 -0.00527975 0.21138100
0.58834403 0.23387106 0.11270610
0.78096158 0.80725572 0.49042977
1.04069322 0.58514121 0.80087034
0.45636273 0.52999255 0.07876789
0.01993701 0.17579670 0.26268401
0.13372093 0.82601242 0.83432864
0.58704005 0.80358331 0.91356749
0.71503158 0.34528287 0.61651613
0.63189185 0.64251201 0.38798230
0.24997388 0.82316171 0.70079784
0.12994218 0.45677191 0.62493029
0.50025760 0.69273972 0.73642859
0.33751877 0.42316128 0.62764369
-0.02631613 0.42555903 0.21007546
0.80548980 0.80412428 0.24946965
0.19516847 0.83435520 0.04100434
0.60064185 0.90677206 0.60629177
1.01194350 0.29839583 0.85749934
0.14275925 0.57828426 -0.07414990
0.19013005 0.71316780 0.57342750
0.88699099 0.72059351 0.92292787
0.35792515 0.05961885 0.70673263
0.08696324 0.14678861 0.87095906
0.33638065 0.58660612 0.57044341
0.68140832 0.69588930 0.43298730
0.35118012 0.94487261 0.21967973
0.35249073 0.55670039 0.29069049
1.01244315 0.89994694 0.92520456
0.63436631 0.06662658 1.03262141
0.65147624 0.06070947 0.69114866
0.33209890 0.68582427 0.39136989
0.06897438 0.34804124 0.87300031
0.96564191 0.11877104 0.24391649
0.11892989 0.95484886 0.68207445
0.97185556 0.77920168 0.22702420
0.60682459 0.12540443 0.83300854
0.54667509 0.47527526 0.43205046
0.68136651 0.21697133 0.27779409
0.47051950 0.14049365 0.50608476
0.73992852 0.32223470 0.84790146
0.13465353 0.79473054 0.50313242
0.55497478 0.57818642 0.44695253
0.77740133 0.47595857 0.13619505
1.05473613 0.07783101 0.98326318
0.64481402 0.12005513 0.22697563
0.51773574 0.22550570 0.08152281
0.73615796 0.44213507 0.77907648
0.56648246 0.70305018 0.78526710
0.34289007 0.41679632 0.93165189
0.88753320 0.43738669 0.87261932
0.42351409 0.91153142 0.09390163
0.13578870 0.11361029 0.38687424
0.06864590 0.34836876 0.13617036
0.74688554 0.72586771 0.92076925
0.29263808 0.02838597 0.67889972
0.55328422 0.36834130 0.21948434
0.59447958 0.44357327 0.79424263
0.43325010 0.84186307 0.36084755
0.00361698 0.88233011 0.04346149
0.83473402 0.31954135 0.45630638
0.62413817 0.02923892 0.24705093
0.44821914 0.30344946 0.89711004
0.07236185 0.18853993 0.96194439
0.87772241 0.28719845 0.60265999
0.17276018 0.96086918 0.92360131
0.74766656 0.65860449 0.84214902
0.53695302 1.00140460 0.08178838
0.12312654 0.73701819 0.42276755
0.31840106 0.79162191 0.58883838
1.00558707 0.88422635 0.14861418
0.26949147 0.50883531 0.59715055
0.72111882 0.27657306 0.57500351
0.52084460 0.30982669 0.85895618
1.00177768 0.25156561 0.94829047
0.46751796 0.78204807 0.78778747
0.67457482 0.50830033 0.73753391
0.47879679 0.92668982 0.63455253
0.19388568 0.50860793 0.32986058
0.43762341 0.61185381 0.92792001
0.51384795 0.21952209 0.76502032
0.13699785 0.66345989 0.31267909
0.36829607 0.35951744 0.87978169
0.72135205 0.22619727 0.79886940
0.86501284 0.47509950 0.22412037
0.07008964 0.49301316 0.10325633
0.24848512 0.44420088 0.30240460
0.67696818 0.11137929 0.35748983
0.60711693 0.17111696 0.46173024
0.42435410 0.42573028 0.28243291
0.60850134 0.27035255 0.32171787
0.34258506 0.53233518 0.61933060
0.41172563 0.50710279 0.14701717
0.35880932 0.48390231 0.21922867
1.01644391 0.15793848 0.51710166
0.09552240 0.84720493 0.55279127
0.82057255 -0.00996648 0.73660149
0.55797908 1.02415790 0.30982637
0.97248429 0.23249134 0.57595633
0.46747281 0.04491434 0.20854273
0.63782401 0.99430566 0.50414539
0.28904501 0.52205270 0.25365914
0.42324704 0.07243493 0.91217673
0.45511958 0.00623641 0.92831438
0.94239117 0.07495944 0.54636420
0.16089361 0.16746962 0.64634744
0.22812603 0.29415177 0.60856683
0.06832248 0.44645381 0.67324137
0.33755835 0.69013509 0.69478541
0.56558540 0.17012375 0.59805279
0.17432752 0.61370842 0.46784113
0.86712615 0.69944279 0.26581742
0.12049047 0.23170249 0.81362989
0.54892298 0.12074652 0.66637674
0.61852388 0.92923275 0.17299240
0.10271203 0.93709331 0.84829284
0.35629544 0.90369534 0.40085316
0.43223260 0.44474845 -0.08711606
0.89076305 0.54811844 0.16372196
0.68343942 0.25499728 0.48581727
0.70322510 -0.01406404 0.75177275
0.44766838 0.44241079 0.63039912
0.38679511 0.07197828 0.24909514
0.35082468 0.49267418 0.95843343
0.90687941 0.18503177 0.73274597
0.95833246 0.11948121 0.04261996
0.79489528 0.62849610 0.74747647
0.28428119 0.13919896 0.53095587
0.17612851 0.29316973 0.02170886
0.87377080 0.41849310 0.28302656
0.14297328 0.19210659 0.90435840
0.84065030 0.54286166 0.79392875
0.38740019 0.15561202 0.50044458
0.21512706 0.46770077 0.67615903
0.64297330 0.72687066 0.36161068
0.70510445 0.20210912 0.98157413
0.98620436 0.79107259 0.32948132
0.70177570 0.10186746 0.93461870
0.87634505 0.91781582 0.37856691
0.30205622 0.83020092 0.12573063
0.93502132 0.31125614 0.70764311
0.62260449 0.74529795 0.18318620
0.69851859 0.28198612 0.16728218
0.39753692 0.72223965 0.80787987
0.11459964 0.75263864 0.11410642
0.86525533 0.75995880 0.59869887
0.78069138 0.80983400 0.66724812
0.75020851 0.06381017 0.63929893
0.10243712 0.65076975 0.75329592
0.39957534 0.59281145 0.68440770
0.96244405 0.27214562 0.77381443
0.23949493 0.60249417 0.65388782
0.60017692 0.88971490 0.69448881
0.14225531 0.04130008 0.37404856
0.16241196 0.46893446 0.54454885
0.87649681 1.03461921 0.95310842
0.24953502 0.79982553 0.20237292
0.90821543 0.57274345 0.25264738
0.77602254 0.49176619 0.05672659
0.44766138 0.42563669 0.74394621
0.87488880 -0.01645611 0.59846167
0.73570826 0.15169016 0.58774361
0.97082056 1.02000698 0.37244883
0.29986596 0.68935432 0.00267803
0.18214644 0.86135037 0.70471027
0.63978893 0.44759505 0.49546682
0.72740157 0.06017329 0.10807609
0.60271262 0.47616098 0.36470619
0.62939601 0.47994338 0.15911390
0.41483146 0.27263639 0.82250981
0.22493218 0.91044084 0.50556972
0.43708275 0.50851097 0.46532945
0.28424189 0.36886042 0.97724998
0.21503134 0.50977607 0.24209405
0.53750786 0.24292640 0.22440821
0.76086253 0.35511205 0.27287453
0.44248231 0.37665965 0.93272712
0.77807974 0.47454239 0.22476974
0.37054940 -0.02031260 0.38819351
0.04128132 0.70852029 0.29606025
0.04751713 0.11104689 0.58070617
0.69425511 0.45570455 0.17685559
0.41648769 0.28017153 0.04308642
0.19605817 0.11534857 0.46288110
0.20834376 0.57068885 0.72569009
0.13967158 0.66164294 1.04173146
0.39591155 0.10104758 0.32276929
0.07115781 0.56085753 0.64982293
0.64483746 0.35413124 0.51717856
0.12201491 0.76743705 0.65406490
0.28798851 0.55699752 0.19084456
1.00836491 0.98047456 0.99576765
0.66107250 0.60762945 0.90810125
1.03774066 0.96217849 0.16276495
0.08477589 0.75414690 -0.02866914
0.42452386 0.12110586 0.03914944
0.37313835 0.16367256 0.33380728
0.68933654 0.86631978 0.53409595
0.70194813 0.81171627 0.89938508
0.44517675 -0.06384068 0.81788402
0.68879770 1.02603140 -0.01864775
0.96210072 0.35692517 0.76129890
0.24354567 0.81908578 0.36553017
0.42888082 0.45817024 0.54520915
0.66321132 0.68245352 0.90473159
0.32155398 0.12349528 0.88546498
0.31435608 -0.03211744 0.09527782
0.73179285 0.42990844 0.23566542
0.97190486 0.09703892 0.68729708
0.65397192 0.94569120 0.69776975
0.81653330 0.43682895 0.84627063
0.90349952 0.11346245 0.72488679
0.00420174 0.51498862 0.49834168
0.52300379 0.52086576 0.11673127
0.35435978 0.75174516 0.95735299
0.15937144 0.43578570 0.21669219
0.65246543 0.65178899 0.01055916
0.39793625 -0.04245898 0.72337795
0.54275649 0.40178860 0.32532754
0.50509438 0.24061741 0.87278271
0.65246049 0.35613525 0.73998925
0.88879435 0.39029997 0.39498694
0.45604274 0.23720604 -0.00997867
0.11453219 0.91226359 0.44790384
0.19047260 0.62951807 0.99972992
0.48320548 0.76552867 0.01496231
0.39713721 0.04191758 0.04216041
0.24430276 0.72307393 0.07065295
0.89031737 0.34405886 0.65974448
0.66220573 0.64718406 0.75300051
0.18136333 0.89175190 0.34986656
-0.02657301 0.13685444 0.58542764
0.38143114 0.88609694 0.99822932
0.47053236 0.03249576 1.01313364
0.34066399 0.98692125 0.30873257
0.48159586 0.85388578 0.73803793
0.50691385 0.86944985 0.96561700
0.28361687 0.88092173 0.78037620
0.17734396 0.01543753 0.62495825
1.00449671 0.09901687 0.91504462
0.19596043 0.28558314 0.52145550
0.44755287 0.15048593 0.31051312
0.62923965 0.89151169 0.91843866
0.74778893 0.99695866 0.64260298
0.47430695 0.73368592 0.08856998
0.79052108 0.21897966 0.85433541
0.39324095 0.46224878 0.84917788
0.83951235 0.73627695 0.14711162
0.49795617 0.11554529 0.35291953
0.99375745 0.07463146 0.15657765
0.39411963 0.61836297 0.77002326
0.08331489 0.09528219 0.65361328
0.73346561 0.72536040 0.14017515
0.76862511 0.37461094 0.67809401
0.13350945 0.32274129 0.47204579
0.95800612 0.35971331 0.15075119
0.38928527 0.62216620 0.60256693
-0.00536936 0.52355196 0.28656162
0.57456152 0.71092831 0.11268333
0.88253628 0.20161718 0.65857185
0.35999913 0.60770344 0.42282147
0.34702652 0.77522847 0.82383242
0.97444971 0.63374328 0.80792412
0.22160750 0.18419220 0.98886637
0.08181381 0.46577303 0.92233676
0.65748566 0.94120276 0.11379542
0.62552308 0.84947905 0.42278779
0.30418445 0.44807385 0.24152459
0.74279442 0.53801153 0.26655480
0.67985022 0.80980897 0.72976746
0.16179271 0.24291021 0.46243127
0.26778672 0.18047164 0.81059343
0.05535911 0.15556121 0.67363085
0.15411336 0.07014559 0.23168458
0.84593245 0.22601045 0.79985402
0.56066080 0.82581194 0.83933604
0.41017510 0.14865368 0.15934628
0.91410451 0.11163871 0.90747358
0.75558051 0.81086289 1.01418149
0.65907188 0.23196721 0.61445935
0.32436330 0.02402072 0.95269879
0.31558456 0.52711406 0.12353439
0.31486236 0.77093645 0.42793822
0.04496427 0.26602855 0.13450041
0.51962359 0.80860343 0.47377290
