1 11
1 18
1 33
1 72
1 100
1 1240
1 1241
2 6
2 21
2 22
2 25
2 32
2 73
2 319
3 8
3 13
3 20
3 27
3 28
3 50
3 58
4 8
4 11
4 16
4 20
4 29
4 1225
5 6
5 16
5 17
5 26
5 29
5 328
5 333
6 10
6 308
6 317
6 319
7 9
7 24
7 33
7 80
7 99
7 100
7 104
7 537
8 13
8 18
8 20
8 28
9 13
9 14
9 18
9 22
9 24
9 31
9 131
10 23
10 34
10 319
10 408
10 415
10 419
11 12
11 17
11 1230
11 1240
12 25
12 72
12 86
12 92
12 1226
13 14
13 18
13 27
13 28
13 31
13 129
13 131
14 20
14 22
14 31
15 23
15 55
15 59
15 419
15 428
16 20
16 29
16 57
16 333
16 1221
17 29
17 317
17 332
17 1532
17 1550
18 33
18 111
18 116
18 129
18 130
19 31
19 40
19 414
19 428
20 23
21 24
21 34
21 73
21 319
21 719
22 24
22 32
23 26
23 419
24 32
24 34
24 99
24 431
25 86
25 317
25 391
26 43
26 57
27 28
27 129
28 30
28 129
29 1212
29 1221
29 1225
29 1237
29 1532
30 1214
30 1225
30 1277
30 1314
31 419
31 421
31 428
32 68
32 73
32 86
32 99
33 100
33 116
33 117
33 130
34 408
34 415
34 419
35 36
35 38
35 43
35 57
36 38
36 46
36 51
36 358
36 1249
37 52
37 54
37 60
37 450
37 467
38 43
38 51
38 354
38 358
38 360
39 42
39 65
39 66
39 69
39 93
39 152
39 471
40 63
40 457
40 554
41 45
41 49
41 61
41 148
41 1252
41 1278
41 1354
42 67
42 74
42 83
42 467
43 57
43 59
43 360
44 48
44 60
44 63
44 152
44 153
45 61
45 66
45 150
45 1278
46 47
46 51
46 1249
46 1276
46 1278
47 51
47 54
47 64
47 368
48 49
48 50
48 53
48 58
49 1253
49 1261
49 1277
49 1278
50 53
50 57
50 58
50 1277
51 370
52 55
52 445
52 450
52 457
52 460
53 58
53 63
53 145
53 153
54 56
54 62
54 450
54 771
55 59
55 445
56 59
56 344
56 360
56 447
56 450
56 771
58 63
59 348
59 360
60 65
60 446
60 455
60 460
61 66
61 71
61 148
61 1252
61 1278
61 1280
62 74
62 87
62 97
62 467
62 499
62 500
63 145
64 74
64 75
64 83
64 365
64 368
65 446
65 455
65 471
65 569
66 71
66 83
66 93
66 150
66 169
67 74
67 77
67 79
67 83
67 87
67 89
67 93
68 81
68 84
68 85
68 86
68 90
68 91
68 92
69 93
69 94
69 471
69 585
70 79
70 85
70 90
70 1288
70 1293
71 79
71 83
71 184
71 1280
72 85
72 92
72 100
72 1285
72 1306
73 86
73 88
73 401
74 87
75 81
75 82
76 78
76 84
76 89
76 172
76 174
76 184
76 187
77 79
77 87
77 89
77 91
77 503
78 85
78 174
78 184
78 1418
79 81
79 83
79 89
80 84
80 99
80 104
80 172
80 537
81 82
81 90
82 95
82 97
82 379
82 386
82 403
83 98
84 91
84 99
84 100
84 172
85 92
85 1285
86 90
86 92
86 391
87 480
87 484
87 503
88 91
88 403
88 479
89 93
89 94
89 184
89 187
90 92
90 376
91 99
91 491
91 503
92 1226
92 1285
92 1306
93 169
93 187
94 192
94 491
94 503
94 592
95 97
95 379
95 403
95 480
95 793
95 799
96 365
96 387
96 1305
96 1580
97 380
97 500
98 1276
98 1288
98 1305
100 117
100 189
101 102
101 108
101 124
101 127
101 129
101 134
102 114
102 116
102 121
102 124
102 131
103 107
103 109
103 121
103 132
103 207
103 210
103 211
104 110
104 114
104 117
104 172
104 196
104 537
105 106
105 112
105 124
105 125
105 1346
106 113
106 118
106 126
106 127
106 216
106 230
106 1321
107 112
107 113
107 121
107 122
108 119
108 131
108 509
109 110
109 121
109 177
109 195
109 507
109 536
110 114
110 117
110 121
110 133
110 196
110 507
111 130
111 1240
111 1241
111 1313
111 1333
112 122
112 199
112 212
112 1346
113 115
113 127
113 208
113 216
114 121
114 507
114 509
114 511
114 533
114 537
115 119
115 120
115 127
115 132
115 208
116 129
116 130
116 131
117 133
117 172
117 193
118 126
118 135
118 146
118 155
118 230
118 261
118 1329
119 120
119 121
119 132
119 506
119 509
119 525
120 515
121 132
121 506
121 507
122 125
122 133
122 182
122 188
123 125
123 188
123 193
123 1316
123 1328
123 1412
124 125
124 127
124 128
124 129
124 130
125 130
126 128
126 155
126 1321
128 129
128 134
128 1314
129 130
131 509
131 511
132 211
132 506
132 518
133 163
133 182
133 191
134 141
134 145
135 138
135 139
135 248
135 261
135 267
135 1356
135 1469
135 1478
136 148
136 150
136 151
136 171
136 1380
136 1416
137 140
137 144
137 252
137 267
137 1379
137 1380
138 139
138 146
138 155
138 156
138 158
139 144
139 157
139 267
139 1372
140 149
140 151
140 186
140 252
140 276
140 300
141 155
141 157
141 1350
142 160
142 183
142 266
142 555
142 562
143 145
143 156
143 159
144 151
144 157
146 154
146 223
146 261
147 151
147 159
147 166
147 169
148 150
148 1252
148 1378
148 1382
148 1416
149 151
149 181
149 234
149 260
149 276
150 152
150 169
150 171
151 166
151 167
151 171
152 153
152 159
153 157
154 223
154 242
154 553
155 1356
156 158
156 571
157 1350
157 1360
157 1372
158 160
158 266
159 160
159 543
159 559
160 543
160 559
160 560
160 562
161 165
161 170
161 178
161 179
161 180
161 194
161 271
161 282
161 286
161 292
162 168
162 169
162 192
162 569
162 606
163 177
163 178
163 180
163 182
163 185
163 191
163 194
164 173
164 174
164 190
164 191
164 193
164 1385
164 1418
165 166
165 167
165 168
165 176
165 178
165 179
165 180
165 190
166 167
166 168
166 169
166 171
166 179
167 171
167 173
167 179
167 186
168 169
168 176
168 180
168 187
168 192
168 606
169 171
169 187
170 181
170 183
170 282
170 682
171 173
171 1416
172 174
172 176
172 185
173 184
173 1392
173 1406
173 1416
174 176
174 184
174 191
174 193
175 178
175 182
175 190
175 272
175 281
175 289
175 292
175 1401
175 1411
176 180
176 185
176 187
176 191
176 192
177 180
177 185
177 194
177 195
177 536
177 578
177 595
178 180
178 182
178 190
178 191
178 194
178 292
179 181
179 186
179 280
179 292
179 300
180 185
180 595
180 606
181 183
181 282
182 188
182 194
182 195
183 555
183 567
183 599
184 187
184 1406
185 196
186 190
186 272
186 292
186 300
186 1392
186 1396
186 1401
187 192
188 191
188 1316
188 1412
189 193
189 1328
189 1418
190 191
190 1401
191 193
192 592
192 597
193 1328
194 195
194 271
194 286
194 289
195 207
195 217
195 277
196 533
196 578
196 583
196 596
197 201
197 203
197 219
197 226
197 228
197 229
197 314
197 325
197 336
198 203
198 205
198 227
198 228
198 229
198 283
198 290
199 212
199 217
199 220
199 232
199 1320
200 206
200 226
200 231
200 338
200 619
200 621
201 226
201 229
201 314
201 325
201 621
201 622
201 635
201 642
201 723
202 206
202 209
202 213
202 215
202 225
202 265
203 205
203 213
203 218
203 219
203 226
203 228
204 209
204 219
204 224
204 330
204 340
204 1449
205 207
205 210
205 213
205 226
205 227
205 619
205 642
206 213
206 215
206 219
206 224
206 226
206 265
207 210
207 211
207 217
207 227
207 277
208 210
208 215
208 216
208 223
209 214
209 219
209 225
209 257
209 1437
209 1449
210 211
210 213
210 215
211 518
212 216
212 1346
212 1447
213 215
213 219
213 226
214 224
214 238
214 264
214 334
215 221
215 223
215 231
216 225
216 230
217 285
218 220
218 222
218 1431
219 224
219 226
220 222
220 232
220 285
220 297
220 1518
221 223
221 231
221 235
221 611
221 637
221 658
222 228
222 274
222 337
222 398
222 1448
222 1518
223 637
224 264
224 330
224 338
225 230
225 1437
225 1447
226 619
226 642
227 277
227 290
227 623
227 642
228 229
228 283
228 336
228 398
229 273
229 283
229 325
229 635
229 642
229 684
230 1329
230 1435
230 1447
231 619
231 629
231 637
232 281
232 1320
232 1424
232 1514
232 1518
233 234
233 555
233 666
233 698
234 247
234 253
234 268
234 276
234 282
234 284
235 236
235 243
235 251
235 258
235 265
235 647
235 650
236 237
236 241
236 242
236 243
236 665
236 676
237 241
237 242
237 243
237 245
237 247
237 251
237 253
238 240
238 251
238 254
238 257
238 263
238 264
238 265
239 244
239 246
239 247
239 249
239 268
239 278
239 294
240 245
240 249
240 254
240 262
240 263
240 350
241 243
241 266
241 654
241 662
241 665
241 667
241 676
242 250
242 260
243 251
243 255
243 650
243 662
243 665
244 252
244 253
244 268
244 276
244 278
244 1484
245 248
245 250
245 251
245 262
246 249
246 384
246 1483
247 253
247 255
247 256
247 259
247 284
248 250
248 252
248 260
248 262
248 267
248 1471
249 362
249 367
250 261
251 255
251 263
251 369
252 260
252 267
252 276
252 1484
253 260
253 266
254 257
254 262
254 263
254 350
254 1468
254 1572
255 256
255 259
255 351
255 367
255 369
255 650
256 259
256 284
256 291
256 651
257 1437
257 1449
257 1460
257 1469
258 264
258 338
258 347
259 351
259 363
259 367
260 266
261 1469
262 1462
262 1469
262 1471
263 264
263 350
263 352
263 369
264 339
264 347
266 560
266 676
267 1375
267 1379
267 1458
267 1471
268 270
268 276
268 278
268 280
268 284
268 293
269 275
269 279
269 283
269 288
269 293
269 296
269 297
269 299
269 301
270 275
270 282
270 284
270 296
270 679
270 681
270 698
271 280
271 282
271 286
271 289
271 292
271 296
272 287
272 292
272 300
272 1401
272 1415
272 1506
272 1513
272 1515
273 283
273 298
273 385
273 400
273 678
273 684
274 279
274 288
274 297
274 304
274 1507
274 1518
275 293
275 294
275 296
275 298
275 299
276 278
276 280
276 300
277 290
277 623
277 638
277 680
277 683
278 293
278 1484
279 283
279 298
279 299
279 301
279 304
279 374
279 385
279 398
280 282
280 292
280 293
280 296
280 300
281 285
281 288
281 289
281 1411
281 1513
282 682
282 698
283 290
283 297
283 298
283 398
284 291
284 294
284 681
285 289
285 296
285 297
286 295
286 679
286 682
287 288
287 293
287 1496
287 1506
288 297
288 1507
288 1518
289 292
289 296
290 295
290 683
290 684
291 305
291 681
291 691
291 794
291 803
292 300
293 294
293 296
293 301
293 1496
294 299
294 302
294 363
294 393
295 296
295 303
295 683
296 297
298 299
298 303
298 305
298 678
299 301
299 302
299 374
299 378
299 393
300 1515
301 302
301 304
301 1496
301 1606
302 363
302 384
302 393
303 678
303 679
303 683
303 684
304 374
304 1597
304 1606
305 378
305 393
305 402
305 678
305 803
306 307
306 309
306 311
306 313
306 324
306 329
306 335
306 339
306 371
307 309
307 311
307 315
307 327
307 328
307 335
307 1552
308 309
308 310
308 316
308 317
308 319
308 321
308 328
309 313
309 315
309 316
309 318
309 322
309 328
309 329
310 312
310 316
310 319
310 320
310 321
310 322
310 326
310 377
310 397
311 315
311 330
311 334
311 335
311 339
311 366
312 316
312 336
312 337
312 388
312 397
313 314
313 322
313 324
313 330
313 338
314 325
314 338
314 714
315 316
315 330
315 331
315 336
315 1542
316 321
316 322
316 331
317 332
317 341
317 1553
318 322
318 326
318 329
318 342
318 738
319 326
319 401
319 719
320 322
320 325
320 326
320 714
320 731
320 737
320 742
321 341
321 388
321 391
321 397
321 401
322 326
322 714
322 738
323 331
323 337
323 399
323 1448
323 1529
323 1609
324 338
324 339
324 342
324 347
324 371
324 722
326 415
326 719
326 737
326 738
327 333
327 335
327 353
327 364
327 1573
328 329
328 332
328 333
329 364
329 371
330 336
331 332
331 341
331 1530
331 1553
331 1609
332 1530
332 1532
332 1550
333 1221
333 1532
334 366
334 1542
334 1552
335 339
335 353
335 364
335 366
335 371
336 337
336 340
337 388
337 398
337 399
337 1448
338 722
339 347
339 361
339 366
339 371
340 1444
340 1448
340 1529
340 1542
341 383
341 388
341 391
341 1553
341 1609
342 371
342 732
342 738
342 757
343 345
343 373
343 380
343 748
343 749
343 764
344 355
344 360
344 749
344 771
345 349
345 355
345 356
345 359
345 749
345 764
345 766
346 365
346 370
346 1578
346 1580
347 357
347 361
347 369
347 769
348 355
348 360
348 364
348 371
348 754
349 351
349 352
349 355
349 361
349 367
349 369
349 769
350 352
350 362
350 366
350 1572
351 356
351 367
351 369
351 747
351 755
351 769
352 361
352 366
353 354
353 358
353 364
353 1573
354 358
354 359
354 360
355 357
355 360
355 361
355 766
356 764
356 794
356 808
357 361
357 754
357 757
357 766
357 769
358 370
360 364
361 371
362 1577
363 367
363 381
363 393
364 371
365 387
366 1572
366 1583
367 369
368 380
369 650
369 769
370 1249
370 1567
370 1576
370 1580
372 377
372 379
372 394
372 396
372 397
372 401
372 403
372 782
373 375
373 380
373 381
373 808
374 382
374 390
374 392
374 395
374 1604
374 1606
375 775
375 793
375 808
376 383
376 386
376 1618
377 396
377 401
377 719
377 737
377 742
377 778
377 782
377 796
378 393
378 394
378 402
379 386
379 394
379 403
381 389
381 392
381 393
382 385
382 388
382 394
382 395
382 397
383 391
383 395
384 389
384 390
384 1586
385 397
385 398
385 400
386 387
387 389
387 392
387 1611
387 1616
388 397
388 399
389 390
389 392
389 1578
390 392
390 1604
390 1606
390 1616
391 401
392 395
394 395
394 396
395 1604
396 397
396 400
396 402
396 742
396 782
399 1590
399 1597
399 1604
399 1609
400 402
400 805
401 403
401 719
401 796
402 790
403 799
404 405
404 409
404 412
404 416
404 426
404 436
404 820
404 839
405 407
405 409
405 417
405 425
405 426
405 429
405 434
406 409
406 410
406 412
406 420
406 433
406 834
406 839
407 409
407 418
407 429
407 721
408 415
408 419
408 425
408 429
408 434
408 713
409 410
409 411
409 418
409 420
409 426
409 839
410 418
410 420
410 832
410 839
411 413
411 420
411 422
411 425
411 426
411 431
412 426
412 435
412 510
412 839
413 420
413 424
413 430
413 495
413 521
414 421
414 427
414 443
414 513
415 713
415 719
415 728
416 423
416 435
416 443
416 449
416 459
417 436
417 720
417 831
417 855
418 420
418 437
419 425
419 428
420 433
420 437
421 425
421 426
421 427
421 431
421 511
422 432
422 437
422 489
423 425
423 428
423 434
423 449
423 456
423 466
424 510
424 521
424 532
425 426
425 428
426 427
427 435
427 443
427 523
428 466
429 434
429 713
430 431
430 474
430 489
430 495
430 496
432 437
432 490
432 721
433 487
433 834
433 909
433 1004
434 442
434 730
435 505
435 510
435 523
435 534
435 538
436 449
436 820
436 827
436 855
437 490
437 496
438 448
438 453
438 461
438 462
438 465
438 841
438 875
439 469
439 472
439 544
439 545
439 556
439 850
439 878
439 966
440 459
440 462
440 545
440 820
440 844
440 850
440 856
440 867
441 447
441 456
441 458
441 464
441 470
442 456
442 730
442 732
442 768
443 454
443 466
443 550
444 445
444 446
444 454
444 457
444 458
444 460
444 466
444 472
445 450
445 456
445 457
445 466
446 451
446 455
446 460
446 472
446 539
446 565
447 450
447 456
447 768
447 771
448 461
448 464
448 485
448 486
448 493
448 501
449 453
449 458
449 459
449 463
451 455
451 469
451 481
451 486
452 464
452 467
452 499
453 458
453 462
453 463
453 465
453 470
453 856
453 859
454 459
454 472
454 545
454 550
455 467
455 471
455 481
456 458
456 466
457 460
457 466
458 459
458 462
459 462
460 565
461 469
461 485
461 486
461 868
461 875
461 878
461 910
462 856
462 875
463 470
463 720
463 855
463 876
464 465
464 468
464 770
465 470
465 759
465 770
465 845
465 859
465 1172
467 499
468 759
468 770
469 541
469 878
470 768
470 770
471 481
471 569
471 585
472 539
472 550
472 556
472 565
473 475
473 476
473 477
473 485
473 893
474 491
474 495
474 521
474 596
475 482
475 492
475 493
476 477
476 488
476 502
476 504
476 604
476 605
477 487
477 492
477 494
477 502
477 880
477 893
477 900
478 479
478 489
478 496
478 498
478 785
478 796
478 799
479 480
479 484
479 489
479 498
479 503
479 799
480 484
480 793
480 799
480 804
481 486
481 497
481 572
481 585
482 492
482 776
482 780
482 893
482 1210
483 484
483 488
483 494
483 496
483 497
484 497
484 499
484 503
485 486
485 493
485 501
485 901
485 910
486 493
486 497
486 572
487 488
487 494
487 495
487 502
488 495
488 504
488 594
489 496
490 494
490 740
490 802
490 900
491 496
491 503
491 592
491 596
492 494
492 802
492 893
492 911
493 497
493 499
494 496
494 498
495 521
497 585
498 780
498 785
498 802
499 500
500 748
500 804
501 871
501 881
501 910
502 605
502 880
502 1004
504 572
504 585
504 594
504 601
504 604
505 508
505 513
505 517
505 523
505 538
505 566
506 507
506 516
506 518
506 519
506 525
507 516
507 519
507 533
507 536
508 512
508 530
508 534
508 538
508 943
508 976
509 511
509 513
509 525
510 512
510 522
510 523
510 532
511 537
512 522
512 530
512 532
512 932
512 937
512 943
513 517
513 523
513 525
514 529
514 576
514 587
514 589
514 949
515 517
515 524
515 540
515 553
515 571
516 519
516 521
516 522
516 533
517 524
517 525
517 526
517 527
517 530
517 566
518 528
518 613
518 638
519 528
519 529
519 587
520 524
520 527
520 540
520 549
520 618
520 620
520 636
520 652
521 533
521 574
521 583
522 523
522 525
522 529
522 532
524 525
524 526
526 527
526 529
526 531
526 618
526 628
527 530
527 549
527 618
527 931
528 529
528 535
528 587
528 634
528 638
528 688
529 531
529 535
530 917
530 931
530 933
531 535
531 618
531 628
531 917
531 1046
532 574
533 537
533 583
534 538
534 545
534 844
534 914
534 943
535 628
535 949
536 578
536 581
536 680
538 545
538 557
538 566
538 966
539 542
539 543
539 551
539 559
539 565
540 549
540 552
540 566
540 568
541 544
541 546
541 547
541 551
541 570
541 603
541 607
541 975
542 543
542 550
542 552
542 556
542 565
542 566
543 554
543 559
543 565
543 571
544 546
544 556
544 564
544 956
544 966
544 975
545 556
545 966
546 563
546 570
546 603
546 961
546 975
546 983
546 988
547 551
547 552
547 556
547 558
548 558
548 560
548 562
548 669
549 648
549 931
549 977
550 554
550 565
550 566
551 559
551 567
551 607
552 561
553 568
553 571
553 652
553 676
554 565
554 571
555 599
556 557
556 966
557 564
557 566
557 966
557 976
558 563
558 577
558 603
559 562
559 567
559 569
560 654
560 676
561 563
561 564
561 657
561 982
561 1063
562 567
563 608
563 675
563 982
564 952
564 977
564 982
567 569
567 588
567 599
568 652
570 580
570 604
570 878
570 901
570 975
570 988
572 580
572 585
572 601
572 604
572 607
573 587
573 590
573 688
573 690
573 1017
574 589
574 1004
575 577
575 579
575 584
575 588
575 591
575 598
575 602
575 608
576 587
576 589
576 590
576 994
576 995
577 588
577 599
577 602
577 603
577 608
577 685
578 581
578 583
578 595
579 584
579 590
579 677
579 695
580 591
580 598
580 603
580 604
580 607
580 988
580 1016
581 584
581 586
581 587
581 595
581 680
581 688
582 583
582 591
582 593
582 594
582 597
582 600
582 601
583 589
583 596
584 591
584 593
584 602
584 677
585 592
585 601
586 595
586 677
586 680
587 589
587 688
588 591
588 593
588 599
588 602
588 603
590 1015
591 593
591 598
591 603
592 596
592 597
592 601
593 595
593 597
593 602
593 606
594 600
595 606
596 597
597 601
597 606
598 603
598 988
598 1010
599 602
600 605
600 995
600 1016
602 682
602 705
603 607
604 605
604 901
604 1009
604 1016
605 984
605 1009
605 1016
608 675
608 685
608 703
609 613
609 619
609 622
609 629
609 633
609 634
610 614
610 618
610 643
610 648
610 672
610 1046
611 617
611 620
611 624
611 629
611 639
611 647
611 658
612 615
612 626
612 641
612 643
612 1024
612 1028
613 620
613 628
613 629
613 634
613 636
614 624
614 643
614 663
614 672
615 616
615 627
615 632
615 633
615 640
615 641
616 627
616 632
616 689
616 702
616 710
616 717
617 621
617 624
617 629
617 630
617 631
617 633
617 639
618 628
618 636
618 1046
619 621
619 622
619 629
619 642
620 629
620 636
620 637
620 652
620 658
621 622
621 741
622 627
622 633
622 642
622 723
623 634
623 638
623 680
623 683
623 687
623 702
623 706
624 625
624 626
624 631
624 636
624 663
625 631
625 663
625 726
625 765
625 1043
625 1048
626 630
626 633
626 641
626 643
626 1026
627 630
627 717
627 723
627 727
627 741
628 634
628 636
629 633
629 636
630 633
630 641
630 726
630 741
631 639
631 765
632 640
632 644
632 689
632 710
632 1110
633 636
634 638
635 642
635 684
635 702
635 717
635 723
635 805
637 652
637 658
638 680
638 688
639 647
639 752
640 706
641 644
641 1024
641 1039
642 702
643 1026
643 1030
643 1046
644 727
644 1039
644 1110
644 1128
645 657
645 659
645 671
645 675
645 982
645 1061
646 660
646 661
646 662
646 670
646 774
647 650
647 660
647 752
648 671
648 672
648 977
648 1062
648 1063
648 1068
649 661
649 664
649 668
649 670
649 673
649 772
649 1154
649 1164
650 761
650 769
650 774
651 662
651 664
651 667
651 755
651 774
652 658
653 659
653 666
653 669
653 685
653 703
654 655
654 659
654 662
654 665
654 667
654 669
654 676
655 656
655 658
655 660
655 662
655 665
656 657
656 659
656 660
656 671
656 672
657 659
657 671
657 1063
658 665
659 661
659 667
659 669
660 662
660 663
661 664
661 668
661 673
662 665
662 667
663 670
663 672
664 668
664 686
664 709
664 772
664 783
665 676
666 667
666 669
666 698
667 669
668 674
668 686
668 783
668 1096
669 685
670 673
670 763
670 1168
671 673
671 1059
671 1062
671 1063
673 1059
673 1066
674 694
674 708
674 1061
674 1072
675 955
675 982
675 1061
675 1103
677 693
677 705
678 684
678 700
678 805
679 681
679 682
679 683
679 696
679 698
679 705
680 688
681 698
682 698
682 705
683 684
683 687
684 702
685 698
685 703
685 705
686 691
686 694
686 709
686 783
687 700
687 702
687 706
688 706
689 692
689 699
689 704
689 710
690 695
690 1089
690 1093
691 709
691 773
691 803
692 693
692 697
692 701
692 1093
692 1101
693 695
693 696
693 697
693 703
693 705
694 697
694 701
694 703
694 708
695 708
695 1015
695 1078
695 1101
696 698
696 705
697 700
697 701
697 704
697 707
698 705
699 701
699 707
699 710
699 809
699 1079
699 1080
699 1110
700 704
701 707
701 1079
701 1101
701 1105
703 705
703 708
704 707
704 710
704 779
704 798
704 805
707 779
707 809
708 1078
708 1103
709 773
709 779
709 783
709 791
709 803
710 717
710 788
710 798
710 1110
711 731
711 733
711 735
711 737
711 742
711 778
711 781
711 806
712 716
712 721
712 736
712 1135
713 721
713 728
713 735
714 725
714 731
714 737
714 738
715 722
715 725
715 734
715 739
715 741
716 721
716 736
716 740
716 1117
717 723
717 733
717 798
717 805
718 720
718 729
718 743
718 1115
718 1177
719 737
719 796
720 730
721 735
721 740
721 806
722 739
722 752
723 731
723 741
724 725
724 727
724 731
724 736
724 741
725 728
725 731
725 734
725 738
726 741
726 1043
726 1128
727 733
727 736
727 788
727 1121
727 1128
728 730
728 734
728 735
728 738
729 734
729 743
729 758
730 732
730 734
730 758
731 735
731 737
731 742
732 734
732 757
733 736
733 781
733 788
733 798
733 806
734 738
734 739
734 757
734 758
735 736
735 737
736 806
736 1121
737 742
737 778
739 752
739 757
739 758
739 765
740 802
740 806
740 1205
742 778
743 746
743 758
743 765
743 1139
744 751
744 759
744 786
744 787
744 1162
745 747
745 753
745 762
745 767
746 750
746 760
746 763
746 765
746 1173
747 755
747 761
747 766
747 767
747 769
747 774
748 749
748 764
748 771
748 784
749 764
749 766
749 767
749 771
750 758
750 762
750 1145
750 1149
750 1173
750 1177
751 756
751 1143
751 1145
751 1146
751 1154
752 761
753 756
753 773
753 784
753 786
753 791
754 757
754 767
754 768
755 773
755 774
755 794
756 772
756 783
756 1154
757 758
759 770
759 871
759 1162
760 763
760 772
760 1145
760 1164
761 769
761 774
762 767
762 770
763 765
763 1048
763 1164
763 1168
764 784
764 794
764 808
766 767
766 769
767 768
769 774
772 774
773 791
773 794
773 803
775 777
775 784
775 790
775 791
775 808
776 777
776 780
776 789
776 800
776 1210
777 780
777 784
777 786
777 791
777 795
777 800
778 785
778 796
779 790
779 791
779 792
779 803
780 785
780 789
780 797
780 804
781 792
781 797
781 798
781 801
781 806
781 807
782 793
782 799
783 1096
783 1192
784 786
784 791
784 808
785 797
785 799
785 802
785 806
786 791
787 795
787 800
787 1143
787 1162
787 1192
787 1193
788 798
788 801
788 1110
788 1121
788 1209
789 797
789 800
789 802
789 807
789 911
790 792
791 795
792 797
792 798
792 801
793 799
793 804
794 803
794 808
795 800
795 1192
796 799
798 801
798 805
800 1185
801 807
801 809
801 1190
801 1209
802 806
802 911
806 807
807 1190
807 1209
809 1185
809 1186
809 1190
809 1202
810 817
810 828
810 865
810 1215
810 1216
810 1250
811 824
811 832
811 884
811 900
812 826
812 830
812 834
812 835
812 839
813 819
813 827
813 831
813 832
814 823
814 828
814 829
814 1211
814 1224
815 817
815 827
815 830
815 831
815 849
815 851
815 1138
816 825
816 835
816 836
816 838
816 940
817 822
817 829
817 843
817 851
817 864
817 865
817 1138
818 821
818 830
818 837
818 860
818 870
818 953
819 823
819 829
820 827
820 844
820 870
821 837
821 838
821 1216
821 1345
821 1347
822 829
822 843
822 1131
822 1152
822 1215
822 1274
822 1555
823 829
823 908
823 1119
823 1222
824 832
824 835
825 836
825 838
825 940
825 941
825 1211
825 1347
826 834
826 837
826 914
826 937
827 830
827 831
827 839
828 829
828 830
828 838
829 1215
829 1222
831 1120
832 1118
833 895
833 902
833 1308
833 1310
834 935
834 937
836 902
836 940
836 942
836 986
836 1310
837 914
838 1211
838 1347
840 853
840 857
840 858
840 861
840 866
840 874
840 894
840 1248
840 1279
841 847
841 853
841 859
841 868
841 875
842 862
842 869
842 873
842 1246
842 1258
842 1267
842 1279
843 864
843 865
843 873
843 1152
843 1171
843 1274
844 867
844 870
844 914
844 957
845 848
845 853
845 859
845 871
845 1158
845 1169
845 1172
845 1176
846 847
846 848
846 853
846 862
846 864
846 873
846 877
847 848
847 853
847 854
847 856
847 859
847 862
847 867
848 849
848 853
848 859
848 1169
848 1171
848 1176
849 851
849 855
849 864
849 876
849 1170
850 854
850 867
850 875
850 878
850 956
850 966
850 980
851 860
851 864
851 865
851 870
852 858
852 866
852 868
852 889
852 903
852 907
852 970
852 980
853 858
853 861
853 863
853 1176
854 858
854 862
854 867
854 868
854 875
854 978
854 980
855 876
856 859
856 867
857 866
857 869
857 970
857 1246
857 1265
858 861
858 866
858 868
858 903
859 876
860 862
860 865
860 867
860 870
860 872
861 863
861 881
861 890
861 894
861 903
862 867
862 872
863 1158
863 1176
864 865
864 873
864 1171
865 873
865 1250
866 894
866 903
866 907
866 970
867 870
867 872
867 978
868 875
868 878
868 901
868 910
869 872
869 950
869 1267
871 881
871 1158
871 1162
871 1196
872 953
872 957
872 978
873 877
873 1250
873 1258
873 1268
873 1274
874 877
874 894
874 1248
874 1279
874 1297
875 878
876 1149
876 1170
876 1177
877 1157
877 1268
877 1272
877 1279
878 901
878 975
879 888
879 896
879 898
879 1201
879 1208
879 1210
880 884
880 898
880 899
880 900
881 888
881 890
881 910
882 891
882 1296
882 1297
882 1300
883 884
883 885
883 886
883 887
883 895
883 902
883 1006
884 895
884 909
885 887
885 891
885 895
885 905
885 1292
885 1296
885 1310
886 899
886 904
886 984
886 1006
887 902
887 905
887 986
887 1310
888 890
888 906
888 1196
889 899
889 901
889 903
889 904
889 907
889 1009
890 891
890 892
890 894
890 896
890 903
890 906
891 892
891 895
891 896
892 899
892 903
892 904
892 905
894 903
894 912
894 1297
896 898
897 908
897 1188
897 1283
897 1292
897 1598
898 900
898 911
899 903
899 904
901 910
901 1009
902 945
902 986
902 1006
902 1310
903 910
904 1007
904 1009
905 912
905 1002
905 1311
906 1178
907 970
908 1119
908 1204
908 1207
909 945
909 1004
909 1006
911 1205
911 1208
912 1248
912 1297
913 921
913 922
913 933
913 939
913 964
913 1049
914 937
914 943
914 953
915 917
915 923
915 927
915 928
915 932
915 939
916 950
916 953
916 971
916 1330
916 1345
917 921
917 927
917 933
918 923
918 926
918 934
918 935
918 945
918 1000
918 1014
919 936
919 959
919 963
919 964
919 967
919 971
920 1008
920 1037
920 1331
920 1425
920 1516
921 927
921 933
921 939
921 1029
921 1046
922 1018
922 1033
922 1348
923 935
923 1014
924 925
924 930
924 934
924 936
924 939
924 941
924 947
925 926
925 929
925 930
925 934
925 939
925 948
926 928
926 929
926 930
926 934
926 938
927 928
927 949
927 1028
927 1044
928 929
928 949
928 994
928 999
928 1044
929 948
929 999
929 1044
930 934
930 938
930 941
930 942
930 1322
930 1342
931 933
931 946
931 976
932 933
932 936
932 937
932 939
932 943
933 939
933 946
934 940
934 941
935 940
935 945
936 939
937 943
938 942
938 1342
940 945
941 1322
941 1327
941 1347
942 986
942 1322
942 1414
943 946
944 964
944 1018
944 1318
944 1348
944 1436
944 1475
945 986
945 1006
945 1014
946 967
946 976
947 1317
947 1318
947 1327
947 1348
948 1035
948 1037
948 1044
949 994
949 1017
950 954
950 959
950 960
950 971
950 1365
950 1381
951 962
951 973
951 979
951 989
951 1001
951 1087
952 956
952 957
952 966
952 974
952 976
953 957
954 959
954 960
954 965
955 961
955 969
955 983
955 998
956 965
956 966
956 968
956 974
956 975
956 978
956 980
957 959
957 978
958 959
958 963
958 964
958 967
958 972
958 974
958 1077
959 963
960 963
960 971
960 1365
960 1367
960 1371
961 962
961 968
961 969
961 974
961 983
962 968
962 973
962 974
962 981
962 1001
963 964
963 971
963 972
963 1371
964 967
964 1047
964 1049
964 1064
965 968
965 970
965 974
965 978
965 980
967 976
967 977
967 1049
968 974
968 975
968 980
968 997
969 973
969 982
969 1069
971 1330
971 1365
971 1371
972 973
972 1064
972 1065
972 1077
972 1359
972 1465
972 1486
973 1065
973 1067
973 1069
975 980
976 977
977 1063
978 980
979 1005
979 1353
979 1409
979 1511
981 987
981 997
981 1001
981 1005
982 1063
983 988
983 997
983 1001
984 995
984 1003
984 1007
984 1009
984 1010
984 1011
984 1016
985 991
985 993
985 999
985 1000
985 1008
985 1012
985 1013
986 1000
986 1414
987 997
987 1001
987 1005
987 1007
987 1011
988 1009
988 1010
988 1016
989 990
989 991
989 1005
989 1084
989 1087
989 1107
990 991
990 992
990 993
990 1005
990 1012
990 1084
990 1393
991 993
991 1013
991 1015
991 1078
992 996
992 1005
992 1012
992 1391
992 1393
992 1400
993 999
993 1008
993 1094
994 1013
994 1017
995 1003
995 1004
995 1013
995 1014
995 1016
996 1008
996 1012
996 1388
996 1410
997 1001
997 1007
998 1015
998 1078
998 1103
999 1017
999 1044
999 1089
1000 1003
1000 1012
1001 1005
1001 1011
1002 1311
1002 1413
1003 1006
1003 1012
1003 1013
1003 1014
1004 1006
1004 1014
1005 1393
1006 1014
1007 1009
1007 1011
1008 1400
1008 1410
1009 1016
1010 1011
1010 1013
1010 1015
1010 1016
1011 1012
1011 1013
1012 1013
1013 1015
1015 1078
1015 1089
1017 1023
1017 1089
1018 1032
1018 1033
1018 1047
1018 1348
1018 1436
1019 1021
1019 1022
1019 1027
1019 1036
1019 1125
1019 1429
1019 1487
1020 1024
1020 1025
1020 1026
1020 1030
1020 1032
1020 1034
1020 1036
1020 1039
1021 1022
1021 1031
1021 1032
1021 1036
1021 1429
1022 1025
1022 1027
1022 1036
1022 1429
1022 1430
1022 1450
1023 1028
1023 1041
1023 1044
1023 1089
1024 1028
1024 1034
1024 1039
1024 1040
1025 1034
1025 1035
1025 1038
1026 1030
1026 1031
1026 1043
1027 1036
1027 1130
1027 1430
1027 1442
1028 1029
1028 1034
1028 1044
1028 1046
1029 1030
1029 1034
1029 1035
1029 1046
1031 1036
1031 1051
1031 1052
1031 1142
1032 1033
1032 1035
1032 1047
1033 1035
1033 1038
1033 1422
1033 1432
1033 1450
1034 1035
1035 1037
1035 1038
1036 1127
1037 1038
1037 1094
1037 1425
1038 1425
1038 1450
1038 1453
1039 1127
1039 1128
1039 1129
1040 1041
1040 1080
1040 1093
1040 1097
1041 1044
1041 1089
1041 1093
1041 1094
1041 1097
1041 1098
1042 1045
1042 1085
1042 1129
1042 1130
1043 1048
1043 1128
1043 1136
1045 1100
1045 1442
1045 1453
1047 1049
1048 1051
1048 1136
1048 1139
1048 1168
1050 1056
1050 1060
1050 1076
1050 1082
1050 1088
1050 1104
1051 1057
1051 1062
1051 1071
1052 1053
1052 1054
1052 1057
1052 1142
1053 1054
1053 1055
1053 1480
1053 1579
1054 1055
1054 1071
1055 1056
1055 1058
1055 1066
1055 1074
1056 1058
1056 1076
1056 1175
1056 1456
1057 1070
1057 1074
1057 1142
1057 1156
1057 1165
1057 1168
1058 1067
1058 1073
1058 1456
1058 1476
1059 1061
1059 1066
1059 1069
1059 1072
1060 1066
1060 1072
1060 1082
1060 1096
1061 1069
1061 1072
1061 1075
1061 1103
1062 1068
1062 1071
1063 1068
1064 1065
1064 1077
1064 1465
1065 1067
1065 1069
1065 1073
1065 1077
1065 1486
1066 1070
1066 1072
1066 1074
1067 1073
1067 1087
1067 1476
1067 1521
1068 1071
1068 1077
1069 1073
1069 1075
1069 1077
1070 1074
1070 1160
1070 1164
1070 1168
1070 1175
1071 1074
1072 1073
1072 1075
1073 1075
1075 1083
1075 1087
1075 1103
1076 1106
1076 1175
1076 1191
1078 1083
1078 1091
1078 1103
1079 1080
1079 1092
1079 1099
1079 1101
1079 1105
1079 1109
1080 1092
1080 1093
1080 1097
1080 1101
1081 1088
1081 1090
1081 1102
1081 1109
1081 1195
1081 1198
1082 1088
1082 1096
1082 1104
1082 1105
1082 1199
1083 1087
1083 1091
1083 1103
1083 1104
1084 1087
1084 1091
1084 1095
1084 1107
1084 1108
1084 1522
1085 1092
1085 1100
1085 1182
1085 1198
1086 1094
1086 1097
1086 1100
1086 1505
1087 1107
1088 1090
1088 1095
1088 1104
1088 1106
1088 1191
1089 1093
1089 1098
1090 1095
1090 1102
1090 1106
1090 1195
1090 1500
1090 1510
1090 1523
1090 1620
1091 1098
1091 1099
1091 1101
1092 1109
1092 1198
1093 1097
1093 1098
1093 1101
1094 1098
1095 1102
1095 1104
1095 1500
1095 1510
1095 1522
1096 1105
1096 1199
1097 1098
1099 1101
1099 1102
1099 1104
1100 1198
1100 1504
1100 1519
1102 1500
1105 1109
1105 1199
1105 1202
1106 1191
1106 1510
1106 1620
1107 1393
1107 1492
1107 1493
1107 1511
1107 1521
1107 1522
1108 1502
1108 1505
1108 1512
1108 1522
1109 1186
1109 1202
1111 1112
1111 1114
1111 1132
1111 1137
1111 1141
1112 1132
1112 1141
1113 1122
1113 1125
1113 1132
1113 1134
1113 1153
1113 1531
1113 1534
1114 1124
1114 1129
1114 1130
1115 1116
1115 1123
1115 1139
1115 1163
1115 1173
1115 1177
1116 1120
1116 1123
1116 1124
1116 1133
1116 1134
1116 1135
1116 1136
1117 1118
1117 1121
1117 1124
1117 1126
1117 1140
1117 1205
1117 1209
1118 1119
1118 1126
1118 1205
1119 1137
1120 1123
1120 1126
1120 1134
1120 1135
1120 1138
1121 1128
1121 1129
1121 1209
1122 1127
1122 1130
1122 1132
1122 1133
1123 1135
1123 1138
1123 1163
1123 1170
1123 1177
1124 1126
1124 1135
1125 1142
1125 1151
1125 1153
1125 1487
1125 1534
1125 1565
1126 1135
1127 1136
1128 1129
1129 1182
1130 1132
1130 1442
1131 1134
1131 1138
1131 1152
1131 1547
1132 1531
1132 1538
1133 1136
1133 1142
1133 1156
1133 1166
1134 1138
1136 1139
1137 1140
1137 1181
1139 1156
1139 1173
1140 1181
1140 1182
1140 1205
1140 1209
1141 1204
1141 1538
1141 1545
1142 1151
1142 1156
1143 1146
1143 1154
1143 1162
1143 1192
1143 1193
1144 1147
1144 1148
1144 1159
1144 1167
1144 1566
1144 1574
1144 1584
1144 1588
1145 1146
1145 1149
1145 1164
1145 1173
1146 1149
1146 1155
1146 1162
1146 1169
1146 1172
1147 1148
1147 1150
1147 1155
1147 1160
1147 1174
1147 1191
1147 1200
1147 1588
1148 1155
1148 1159
1148 1160
1148 1161
1148 1165
1148 1175
1149 1163
1149 1169
1149 1170
1149 1172
1149 1173
1149 1177
1150 1174
1150 1194
1150 1206
1150 1566
1151 1153
1151 1159
1151 1165
1151 1579
1152 1166
1152 1555
1152 1581
1152 1585
1153 1166
1153 1565
1153 1581
1154 1160
1154 1164
1155 1158
1156 1161
1156 1165
1156 1168
1156 1173
1157 1167
1157 1176
1157 1566
1158 1162
1158 1176
1158 1179
1158 1196
1159 1161
1159 1165
1159 1166
1159 1584
1160 1175
1160 1200
1161 1163
1161 1165
1161 1166
1162 1172
1162 1196
1163 1166
1163 1170
1163 1173
1163 1177
1164 1168
1165 1175
1167 1171
1167 1585
1169 1172
1169 1176
1170 1171
1170 1177
1173 1177
1174 1191
1174 1574
1174 1582
1174 1588
1174 1620
1178 1187
1178 1188
1178 1203
1178 1207
1179 1193
1179 1194
1179 1196
1179 1203
1180 1183
1180 1184
1180 1198
1180 1519
1180 1595
1181 1189
1181 1205
1181 1207
1181 1208
1182 1198
1183 1189
1183 1198
1184 1187
1184 1189
1184 1204
1185 1186
1185 1190
1185 1193
1185 1201
1185 1202
1185 1208
1186 1189
1186 1190
1186 1197
1186 1198
1186 1202
1187 1188
1187 1194
1187 1203
1187 1591
1188 1204
1188 1207
1188 1591
1188 1598
1189 1198
1190 1209
1191 1200
1191 1620
1192 1193
1192 1199
1192 1202
1193 1199
1193 1200
1194 1197
1194 1200
1194 1203
1195 1197
1195 1523
1195 1614
1195 1620
1196 1201
1196 1210
1199 1200
1199 1202
1201 1203
1201 1208
1201 1210
1204 1207
1204 1596
1204 1598
1206 1566
1206 1615
1206 1617
1211 1224
1211 1228
1211 1236
1211 1238
1212 1221
1212 1232
1212 1233
1212 1237
1212 1239
1212 1243
1212 1260
1212 1269
1213 1223
1213 1233
1213 1237
1213 1238
1213 1544
1214 1219
1214 1231
1214 1239
1214 1264
1214 1312
1214 1369
1215 1238
1216 1219
1216 1250
1216 1267
1216 1345
1217 1220
1217 1224
1217 1227
1217 1229
1217 1230
1217 1236
1217 1242
1217 1286
1217 1301
1217 1308
1218 1225
1218 1228
1218 1231
1218 1232
1218 1234
1218 1240
1218 1333
1219 1231
1219 1235
1219 1264
1219 1312
1219 1345
1219 1381
1220 1224
1220 1242
1220 1283
1220 1292
1220 1308
1221 1532
1221 1589
1222 1223
1222 1224
1222 1547
1223 1227
1223 1242
1223 1549
1224 1236
1224 1238
1225 1232
1225 1239
1225 1240
1226 1227
1226 1229
1226 1230
1226 1289
1226 1306
1227 1229
1227 1237
1227 1242
1227 1536
1227 1550
1228 1231
1228 1235
1228 1236
1228 1238
1229 1230
1229 1236
1229 1237
1230 1301
1230 1306
1231 1232
1231 1235
1231 1238
1231 1239
1231 1312
1232 1237
1232 1238
1232 1239
1233 1260
1233 1525
1233 1539
1233 1544
1234 1241
1234 1333
1234 1335
1234 1338
1235 1312
1235 1333
1235 1340
1235 1347
1236 1308
1239 1243
1239 1263
1239 1264
1239 1269
1240 1241
1240 1333
1241 1328
1241 1333
1241 1335
1242 1283
1242 1286
1242 1527
1242 1551
1242 1619
1243 1250
1243 1256
1243 1260
1244 1255
1244 1272
1244 1275
1244 1287
1244 1304
1244 1562
1245 1254
1245 1265
1245 1271
1245 1307
1245 1368
1245 1377
1245 1397
1246 1247
1246 1248
1246 1258
1246 1262
1246 1265
1246 1279
1247 1253
1247 1258
1247 1264
1247 1271
1247 1273
1247 1351
1248 1262
1248 1265
1248 1279
1248 1297
1249 1255
1249 1259
1249 1261
1249 1266
1249 1276
1250 1258
1250 1267
1250 1274
1251 1256
1251 1258
1251 1259
1251 1268
1251 1272
1251 1275
1252 1254
1252 1266
1252 1271
1252 1278
1252 1354
1252 1382
1253 1261
1253 1263
1253 1271
1253 1273
1253 1349
1253 1354
1254 1257
1254 1262
1254 1266
1254 1271
1254 1273
1254 1290
1254 1307
1255 1257
1255 1259
1255 1275
1255 1287
1256 1258
1256 1260
1256 1263
1256 1270
1257 1262
1257 1266
1257 1273
1257 1290
1257 1303
1258 1267
1259 1270
1259 1275
1259 1567
1260 1270
1260 1589
1261 1263
1261 1266
1261 1273
1261 1278
1262 1265
1262 1272
1262 1273
1262 1279
1263 1264
1263 1269
1263 1270
1263 1277
1264 1381
1265 1279
1265 1377
1266 1273
1266 1276
1266 1278
1267 1381
1268 1272
1268 1274
1268 1275
1268 1571
1269 1270
1269 1277
1270 1589
1271 1273
1271 1351
1271 1354
1271 1368
1272 1275
1272 1279
1274 1555
1275 1571
1276 1305
1280 1293
1280 1303
1280 1406
1281 1290
1281 1295
1281 1296
1281 1297
1281 1300
1281 1304
1282 1286
1282 1288
1282 1309
1283 1286
1283 1292
1283 1527
1283 1598
1283 1612
1284 1298
1284 1302
1284 1308
1284 1310
1284 1311
1284 1414
1285 1291
1285 1293
1285 1301
1285 1306
1286 1292
1286 1301
1286 1302
1286 1306
1286 1308
1287 1299
1287 1304
1287 1305
1287 1562
1287 1580
1287 1601
1288 1299
1288 1303
1288 1305
1289 1553
1289 1619
1290 1295
1290 1303
1290 1307
1291 1298
1291 1301
1291 1302
1291 1402
1291 1418
1292 1296
1292 1308
1293 1294
1293 1303
1293 1406
1294 1295
1294 1298
1294 1311
1294 1390
1294 1404
1295 1296
1297 1304
1298 1302
1298 1311
1298 1390
1299 1305
1299 1309
1299 1601
1300 1304
1300 1601
1300 1612
1300 1617
1301 1302
1301 1306
1302 1308
1304 1617
1307 1382
1307 1397
1308 1310
1309 1612
1309 1613
1309 1618
1309 1619
1310 1414
1311 1394
1311 1404
1312 1381
1313 1314
1313 1319
1313 1321
1313 1324
1313 1333
1313 1337
1314 1324
1314 1369
1315 1318
1315 1319
1315 1324
1315 1326
1315 1327
1315 1336
1315 1339
1316 1320
1316 1325
1316 1332
1316 1343
1316 1346
1316 1412
1317 1326
1317 1336
1317 1342
1317 1348
1317 1432
1318 1336
1318 1341
1318 1348
1318 1352
1318 1371
1319 1324
1319 1325
1319 1326
1319 1333
1319 1337
1319 1340
1320 1346
1320 1399
1320 1411
1320 1446
1321 1324
1321 1329
1321 1334
1321 1337
1321 1339
1322 1340
1323 1325
1323 1326
1323 1331
1323 1332
1323 1340
1323 1342
1323 1343
1323 1344
1324 1337
1324 1339
1324 1363
1325 1332
1325 1335
1325 1337
1325 1343
1326 1327
1326 1336
1326 1340
1326 1342
1327 1330
1327 1340
1327 1347
1328 1335
1328 1402
1329 1334
1329 1339
1329 1363
1329 1435
1329 1451
1330 1345
1330 1381
1331 1342
1331 1389
1331 1410
1331 1433
1331 1516
1332 1334
1332 1337
1332 1343
1332 1346
1334 1336
1334 1337
1334 1339
1334 1346
1334 1435
1335 1338
1335 1402
1336 1339
1336 1341
1336 1421
1338 1344
1338 1402
1338 1414
1339 1341
1339 1352
1339 1363
1339 1451
1341 1348
1341 1352
1341 1421
1341 1451
1341 1481
1343 1344
1343 1399
1344 1388
1345 1347
1345 1381
1346 1447
1348 1432
1349 1351
1349 1362
1349 1365
1349 1366
1349 1368
1350 1355
1350 1360
1350 1369
1351 1368
1351 1377
1352 1358
1352 1363
1352 1371
1352 1376
1352 1451
1352 1481
1353 1361
1353 1367
1353 1374
1353 1409
1353 1486
1354 1360
1354 1368
1354 1378
1355 1356
1355 1360
1355 1363
1355 1364
1355 1366
1355 1369
1356 1363
1356 1364
1356 1372
1356 1375
1356 1376
1357 1367
1357 1370
1357 1377
1358 1359
1358 1361
1358 1362
1358 1364
1358 1365
1358 1371
1358 1376
1359 1361
1359 1371
1359 1455
1359 1465
1359 1481
1359 1486
1360 1364
1360 1372
1360 1378
1361 1362
1361 1367
1361 1370
1361 1373
1361 1455
1362 1364
1362 1365
1362 1368
1362 1370
1363 1366
1364 1366
1364 1372
1364 1375
1365 1366
1365 1371
1366 1369
1368 1370
1368 1377
1370 1417
1372 1375
1373 1374
1373 1375
1373 1379
1373 1380
1374 1379
1374 1383
1374 1387
1374 1409
1374 1419
1374 1520
1375 1376
1375 1478
1376 1451
1376 1478
1376 1479
1376 1481
1379 1380
1379 1458
1379 1520
1380 1383
1380 1396
1382 1405
1382 1416
1382 1417
1383 1387
1383 1396
1383 1405
1383 1416
1384 1385
1384 1386
1384 1390
1384 1391
1384 1394
1384 1403
1384 1404
1385 1390
1385 1402
1385 1408
1385 1412
1386 1387
1386 1392
1386 1395
1386 1405
1386 1407
1386 1408
1387 1395
1387 1396
1387 1409
1387 1419
1387 1520
1388 1394
1388 1414
1389 1399
1389 1400
1389 1403
1389 1407
1389 1410
1389 1454
1389 1502
1389 1516
1390 1404
1390 1406
1391 1394
1391 1395
1391 1398
1391 1403
1391 1413
1392 1396
1392 1401
1393 1395
1393 1400
1393 1492
1394 1404
1394 1413
1395 1407
1395 1409
1395 1419
1395 1492
1396 1520
1397 1413
1397 1417
1398 1409
1398 1413
1398 1417
1399 1408
1399 1411
1399 1412
1399 1454
1400 1410
1400 1492
1400 1502
1400 1516
1401 1408
1401 1415
1402 1418
1403 1407
1403 1408
1403 1410
1404 1405
1404 1413
1405 1406
1405 1416
1405 1417
1406 1416
1407 1408
1407 1415
1407 1492
1408 1411
1408 1412
1408 1415
1409 1419
1409 1511
1411 1415
1411 1513
1415 1488
1415 1513
1415 1515
1419 1488
1419 1492
1419 1493
1419 1511
1419 1520
1420 1434
1420 1438
1420 1440
1420 1441
1420 1503
1421 1422
1421 1428
1421 1435
1421 1440
1422 1432
1422 1436
1422 1439
1422 1440
1422 1450
1423 1437
1423 1443
1423 1449
1423 1452
1423 1460
1423 1468
1423 1477
1424 1431
1424 1438
1424 1446
1424 1514
1425 1432
1425 1433
1425 1434
1425 1516
1426 1427
1426 1439
1426 1444
1426 1524
1427 1429
1427 1430
1427 1439
1427 1543
1428 1435
1428 1439
1428 1440
1428 1447
1429 1430
1429 1439
1429 1450
1430 1442
1430 1450
1430 1453
1431 1438
1432 1433
1433 1434
1433 1440
1433 1446
1433 1454
1433 1516
1434 1440
1434 1453
1434 1503
1434 1505
1435 1447
1435 1451
1436 1445
1436 1475
1437 1449
1437 1460
1438 1441
1438 1514
1439 1440
1439 1445
1440 1446
1441 1489
1441 1501
1441 1503
1441 1528
1441 1554
1442 1453
1442 1501
1442 1538
1442 1543
1442 1554
1443 1452
1443 1485
1443 1487
1443 1534
1443 1559
1444 1524
1444 1528
1444 1529
1445 1466
1445 1475
1445 1477
1446 1454
1448 1489
1449 1452
1450 1453
1451 1479
1451 1481
1452 1485
1452 1524
1452 1559
1453 1501
1453 1505
1454 1499
1454 1516
1455 1472
1455 1476
1455 1486
1456 1459
1456 1461
1456 1474
1457 1459
1457 1462
1457 1463
1457 1464
1457 1467
1457 1473
1457 1558
1458 1463
1458 1470
1458 1471
1458 1472
1458 1484
1459 1474
1459 1482
1459 1563
1460 1466
1460 1468
1460 1469
1460 1477
1460 1479
1461 1463
1461 1464
1461 1465
1461 1466
1461 1472
1461 1476
1461 1480
1462 1463
1462 1464
1462 1468
1462 1471
1462 1472
1462 1473
1463 1467
1463 1470
1463 1472
1463 1474
1464 1477
1464 1480
1464 1485
1464 1558
1465 1475
1465 1476
1465 1486
1466 1472
1466 1475
1466 1477
1466 1479
1466 1481
1467 1482
1467 1483
1467 1490
1467 1494
1468 1473
1468 1572
1469 1478
1469 1479
1470 1474
1470 1476
1470 1490
1471 1472
1471 1478
1472 1478
1473 1558
1473 1577
1474 1482
1474 1510
1474 1521
1475 1481
1476 1486
1478 1479
1480 1487
1482 1490
1482 1494
1482 1508
1482 1593
1483 1484
1485 1558
1485 1559
1485 1565
1488 1492
1488 1493
1488 1495
1488 1506
1488 1515
1489 1498
1489 1526
1489 1528
1489 1597
1490 1494
1490 1506
1490 1508
1491 1500
1491 1508
1491 1512
1491 1523
1491 1605
1491 1608
1492 1493
1492 1502
1493 1495
1493 1511
1493 1521
1493 1522
1494 1496
1494 1508
1495 1497
1495 1502
1495 1506
1495 1508
1495 1509
1496 1497
1496 1506
1496 1517
1497 1506
1497 1507
1497 1508
1497 1509
1498 1501
1498 1503
1498 1509
1498 1605
1498 1610
1499 1502
1499 1503
1499 1509
1499 1514
1500 1510
1500 1512
1500 1522
1500 1523
1501 1503
1501 1504
1501 1554
1501 1610
1503 1514
1504 1505
1504 1512
1504 1519
1506 1513
1506 1515
1507 1509
1507 1514
1507 1518
1509 1512
1510 1521
1510 1522
1511 1521
1514 1518
1515 1520
1517 1594
1517 1602
1517 1606
1519 1523
1519 1610
1521 1522
1523 1593
1523 1608
1523 1614
1523 1620
1524 1541
1524 1542
1525 1535
1525 1539
1525 1548
1525 1556
1525 1568
1525 1573
1525 1589
1526 1528
1526 1529
1526 1533
1526 1545
1526 1554
1526 1600
1527 1549
1527 1551
1527 1598
1528 1529
1528 1543
1528 1554
1529 1530
1529 1542
1530 1542
1531 1534
1531 1537
1531 1540
1531 1546
1532 1535
1532 1544
1532 1550
1533 1536
1533 1545
1533 1551
1533 1603
1533 1609
1534 1540
1535 1537
1535 1544
1535 1548
1535 1552
1535 1573
1536 1549
1536 1550
1536 1551
1536 1553
1537 1539
1537 1541
1537 1544
1537 1546
1537 1547
1538 1545
1538 1546
1538 1554
1539 1547
1539 1555
1540 1541
1540 1548
1540 1559
1540 1565
1540 1568
1540 1581
1541 1546
1541 1548
1542 1552
1543 1546
1544 1550
1545 1546
1545 1549
1545 1603
1546 1549
1548 1552
1548 1559
1548 1568
1548 1583
1549 1551
1550 1553
1551 1592
1551 1603
1551 1619
1552 1583
1553 1609
1554 1610
1555 1581
1555 1585
1556 1567
1556 1568
1556 1573
1556 1589
1557 1561
1557 1576
1557 1577
1557 1583
1558 1561
1558 1570
1559 1565
1559 1568
1560 1564
1560 1575
1560 1576
1560 1578
1560 1580
1561 1577
1562 1575
1562 1587
1562 1601
1562 1615
1563 1577
1563 1586
1564 1569
1564 1574
1564 1575
1565 1579
1566 1574
1566 1615
1567 1576
1567 1589
1568 1581
1569 1571
1569 1574
1569 1584
1569 1585
1570 1579
1570 1588
1571 1585
1573 1583
1573 1589
1574 1582
1574 1588
1575 1580
1575 1587
1578 1580
1578 1586
1578 1611
1580 1611
1581 1584
1581 1585
1582 1593
1582 1607
1582 1620
1584 1585
1586 1594
1587 1607
1587 1611
1587 1615
1590 1592
1590 1604
1590 1609
1590 1613
1590 1618
1591 1596
1591 1598
1591 1599
1591 1612
1592 1600
1592 1603
1592 1612
1592 1613
1592 1619
1593 1594
1593 1608
1593 1620
1594 1607
1595 1596
1595 1608
1595 1610
1595 1614
1596 1598
1596 1603
1597 1600
1597 1602
1597 1605
1598 1612
1599 1601
1599 1607
1599 1613
1600 1602
1600 1603
1601 1615
1601 1617
1602 1604
1602 1605
1602 1606
1604 1606
1604 1616
1605 1608
1605 1610
1608 1610
1608 1614
1611 1616
1612 1613
1612 1619
1613 1616
1613 1618
1614 1620
1615 1617
1616 1618
