0.04589000 0.19254000 0.07395000
0.14391000 0.05376000 0.07258000
0.13506000 0.17642000 0.30061000
0.05030000 0.12508000 0.20598000
0.09098000 0.02002000 0.23791000
0.13679000 0.02981000 0.15477000
0.17439000 0.20802000 0.04772000
0.08581000 0.18555000 0.21812000
0.18038000 0.19428000 0.12918000
0.21293000 0.03077000 0.19147000
0.01764000 0.11075000 0.12054000
0.04917000 0.09078000 0.02915000
0.15102000 0.21269000 0.21937000
0.16668000 0.13864000 0.17665000
0.24432000 0.06768000 0.31961000
0.05210000 0.07490000 0.29220000
0.02525000 0.02345000 0.15317000
0.09724000 0.23006000 0.15869000
0.23641000 0.18743000 0.29251000
0.11500000 0.11442000 0.24188000
0.21165000 0.06416000 0.07126000
0.12308000 0.13256000 0.09724000
0.18379000 0.07237000 0.26663000
0.21735000 0.12999000 0.07063000
0.07542000 0.02870000 0.04055000
0.13755000 0.02111000 0.32326000
0.14786000 0.24347000 0.28979000
0.07801000 0.23179000 0.27845000
0.00901000 0.06256000 0.22146000
0.00710000 0.22210000 0.29615000
0.23633000 0.16793000 0.20937000
0.14340000 0.11810000 0.00243000
0.09424000 0.24573000 0.07464000
0.24955000 0.07974000 0.14000000
0.11026000 0.08203000 0.44297000
0.04434000 0.06430000 0.47363000
0.21820000 0.13411000 0.54951000
0.09882000 0.00884000 0.48801000
0.18018000 0.23169000 0.64103000
0.22858000 0.24224000 0.37698000
0.01015000 0.23708000 0.56622000
0.17113000 0.16143000 0.64543000
0.13459000 0.02817000 0.40689000
0.15295000 0.21714000 0.51570000
0.07044000 0.21603000 0.58866000
0.04632000 0.10687000 0.55916000
0.12823000 0.08359000 0.58598000
0.08323000 0.17734000 0.47095000
0.01590000 0.19426000 0.48618000
0.07695000 0.15449000 0.37401000
0.07296000 0.04022000 0.55204000
0.21938000 0.13716000 0.45542000
0.09302000 0.23763000 0.41154000
0.21665000 0.06391000 0.55051000
0.20334000 0.09930000 0.38825000
0.23137000 0.02272000 0.47246000
0.10439000 0.08430000 0.35114000
0.13933000 0.19101000 0.39372000
0.21434000 0.02420000 0.39729000
0.22402000 0.20185000 0.53994000
0.01407000 0.21232000 0.64941000
0.22833000 0.06217000 0.65968000
0.16680000 0.24723000 0.44068000
0.10412000 0.06382000 0.66302000
0.23668000 0.24816000 0.59364000
0.09264000 0.22949000 0.67371000
0.14076000 0.14796000 0.72914000
0.10000000 0.12943000 0.90916000
0.22718000 0.21071000 0.72905000
0.01838000 0.13162000 0.81608000
0.05365000 0.20913000 0.74435000
0.02994000 0.15688000 0.98864000
0.17843000 0.05658000 0.99272000
0.17330000 0.09157000 0.68864000
0.09470000 0.05327000 0.75498000
0.12505000 0.24099000 0.87214000
0.18182000 0.14701000 0.81737000
0.05828000 0.22339000 0.85827000
0.09119000 0.15311000 0.78942000
0.20063000 0.23136000 0.97154000
0.10527000 0.08281000 0.83456000
0.14658000 0.02405000 0.80505000
0.08325000 0.14993000 0.68378000
0.13711000 0.19700000 0.92844000
0.03613000 0.16507000 0.89526000
0.09663000 0.06302000 0.97202000
0.22977000 0.11215000 0.74172000
0.19496000 0.07158000 0.90619000
0.14526000 0.21177000 0.79693000
0.04621000 0.06594000 0.88865000
0.19459000 0.14208000 0.90394000
0.02318000 0.09374000 0.95536000
0.15739000 0.23157000 0.72322000
0.22105000 0.23307000 0.83501000
0.21413000 0.00314000 0.81915000
0.00803000 0.00360000 0.70567000
0.20342000 0.00307000 0.71765000
0.00791000 0.11161000 0.69288000
0.19701000 0.16013000 0.99737000
0.09024000 0.21412000 0.99083000
0.14684000 0.33640000 0.23539000
0.16622000 0.33729000 0.14110000
0.20617000 0.47874000 0.11016000
0.19082000 0.28734000 0.02208000
0.03812000 0.42481000 0.15248000
0.05069000 0.44071000 0.23699000
0.14250000 0.45516000 0.12373000
0.21408000 0.31058000 0.24606000
0.21063000 0.42901000 0.04271000
0.19290000 0.35203000 0.02839000
0.01594000 0.25158000 0.15906000
0.07078000 0.47922000 0.09091000
0.12019000 0.46252000 0.19935000
0.24339000 0.33001000 0.10425000
0.18816000 0.44565000 0.24349000
0.13175000 0.28589000 0.13788000
0.11290000 0.30426000 0.01283000
0.03729000 0.47996000 0.32614000
0.24020000 0.38893000 0.20253000
0.23034000 0.39921000 0.29040000
0.21672000 0.39622000 0.12160000
0.10705000 0.42346000 0.05399000
0.02481000 0.36174000 0.02880000
0.07836000 0.35690000 0.18448000
0.05780000 0.37305000 0.10501000
0.03260000 0.38880000 0.29717000
0.12282000 0.40071000 0.23387000
0.05663000 0.32442000 0.28801000
0.10333000 0.28824000 0.21730000
0.06338000 0.30227000 0.12901000
0.20800000 0.25945000 0.17545000
0.24625000 0.45886000 0.16873000
0.13183000 0.38131000 0.00122000
0.13070000 0.33913000 0.33194000
0.01481000 0.49730000 0.43119000
0.04077000 0.35658000 0.64294000
0.00662000 0.46417000 0.59995000
0.09738000 0.45455000 0.42722000
0.05457000 0.44060000 0.48423000
0.05777000 0.48115000 0.65339000
0.05722000 0.34836000 0.40561000
0.22361000 0.44773000 0.60029000
0.16386000 0.34729000 0.46983000
0.06589000 0.41955000 0.55997000
0.15058000 0.30548000 0.40317000
0.12709000 0.48560000 0.34568000
0.15601000 0.36121000 0.62694000
0.00781000 0.28389000 0.63134000
0.13301000 0.48848000 0.63539000
0.09110000 0.28626000 0.62120000
0.09806000 0.40051000 0.64061000
0.14666000 0.27938000 0.56124000
0.09092000 0.28673000 0.50318000
0.19557000 0.48839000 0.36673000
0.05711000 0.41925000 0.36764000
0.16702000 0.40723000 0.41675000
0.05282000 0.35530000 0.47895000
0.18114000 0.44846000 0.48619000
0.19535000 0.35555000 0.55386000
0.24340000 0.41299000 0.52720000
0.16686000 0.47021000 0.82256000
0.23097000 0.31856000 0.72929000
0.15264000 0.41555000 0.92669000
0.02498000 0.32564000 0.87980000
0.12467000 0.40649000 0.80309000
0.14829000 0.37948000 0.71669000
0.07871000 0.39732000 0.74495000
0.18230000 0.35772000 0.78472000
0.14308000 0.30258000 0.70507000
0.21331000 0.46195000 0.75655000
0.07347000 0.33021000 0.70781000
0.15820000 0.28553000 0.93097000
0.03181000 0.33168000 0.78218000
0.08945000 0.29415000 0.89614000
0.04503000 0.48690000 0.88601000
0.14131000 0.33938000 0.85387000
0.22094000 0.44263000 0.93654000
0.11372000 0.44093000 0.87289000
0.10725000 0.45772000 0.75550000
0.19903000 0.39845000 0.85403000
0.16954000 0.47126000 0.69872000
0.10807000 0.46041000 0.96088000
0.23977000 0.41469000 0.67335000
0.06693000 0.26734000 0.79822000
0.19480000 0.35765000 0.91248000
0.04132000 0.45216000 0.75753000
0.14190000 0.28929000 0.79602000
0.04653000 0.43039000 0.98387000
0.03026000 0.25206000 0.97566000
0.05225000 0.41246000 0.85741000
0.08371000 0.37449000 0.91616000
0.21645000 0.29656000 0.81228000
0.04910000 0.32840000 0.96115000
0.16475000 0.49077000 0.90187000
0.17696000 0.49003000 0.99528000
0.24961000 0.33486000 0.96074000
0.17401000 0.74055000 0.11999000
0.15381000 0.64652000 0.03722000
0.05411000 0.54751000 0.04437000
0.23297000 0.68649000 0.21968000
0.24314000 0.73073000 0.11722000
0.11754000 0.61379000 0.26748000
0.12876000 0.67380000 0.10937000
0.04985000 0.72729000 0.20345000
0.20340000 0.61936000 0.11717000
0.16157000 0.66355000 0.25278000
0.20576000 0.54754000 0.05627000
0.15897000 0.51392000 0.23645000
0.05674000 0.65294000 0.25438000
0.17290000 0.54805000 0.15806000
0.23778000 0.52568000 0.15874000
0.04356000 0.54991000 0.12872000
0.13126000 0.61601000 0.17623000
0.07968000 0.72800000 0.31338000
0.18130000 0.59944000 0.23798000
0.08286000 0.51765000 0.22151000
0.14165000 0.55172000 0.03285000
0.04356000 0.66884000 0.09452000
0.12539000 0.68592000 0.18459000
0.05567000 0.61493000 0.02128000
0.23290000 0.60916000 0.32454000
0.06653000 0.70140000 0.01622000
0.18343000 0.54902000 0.32697000
0.13303000 0.72924000 0.24809000
0.03285000 0.57920000 0.24205000
0.19258000 0.68260000 0.14859000
0.23053000 0.61124000 0.03836000
0.13782000 0.72409000 0.03648000
0.20923000 0.71421000 0.02202000
0.01502000 0.50426000 0.24751000
0.24624000 0.60338000 0.23703000
0.00124000 0.57270000 0.00611000
0.23882000 0.54895000 0.65009000
0.16906000 0.56718000 0.64491000
0.21237000 0.67350000 0.40049000
0.20439000 0.58646000 0.43716000
0.16596000 0.60614000 0.50707000
0.10133000 0.67879000 0.39036000
0.09438000 0.67509000 0.64577000
0.05037000 0.69053000 0.48603000
0.24563000 0.59251000 0.53212000
0.15367000 0.53745000 0.44122000
0.23019000 0.64316000 0.48554000
0.06790000 0.59384000 0.60644000
0.09128000 0.63161000 0.49413000
0.02191000 0.71636000 0.64328000
0.16430000 0.65146000 0.59679000
0.05030000 0.55493000 0.48278000
0.05769000 0.72733000 0.56334000
0.10058000 0.57270000 0.41308000
0.15907000 0.68172000 0.47110000
0.03912000 0.53132000 0.59193000
0.14280000 0.57889000 0.57498000
0.03071000 0.69017000 0.40614000
0.20549000 0.71064000 0.54045000
0.23837000 0.68003000 0.61243000
0.02582000 0.63832000 0.33926000
0.20381000 0.72790000 0.34730000
0.18242000 0.72712000 0.61276000
0.12001000 0.51360000 0.54275000
0.05737000 0.54828000 0.35601000
0.00847000 0.62142000 0.45818000
0.11090000 0.73364000 0.44196000
0.13369000 0.74923000 0.35683000
0.13975000 0.64322000 0.34343000
0.19692000 0.51173000 0.54753000
0.00010000 0.50457000 0.52645000
0.11933000 0.60033000 0.70170000
0.09515000 0.68110000 0.84825000
0.19954000 0.60670000 0.76243000
0.14724000 0.53984000 0.82260000
0.00175000 0.50886000 0.81418000
0.20435000 0.73615000 0.94234000
0.03933000 0.68723000 0.94428000
0.14644000 0.66039000 0.79682000
0.08736000 0.54518000 0.67807000
0.24486000 0.55099000 0.98855000
0.03501000 0.61035000 0.68493000
0.11025000 0.73279000 0.89358000
0.11341000 0.55229000 0.75812000
0.02236000 0.55051000 0.91834000
0.18966000 0.53293000 0.74830000
0.14359000 0.68197000 0.94585000
0.18736000 0.63338000 0.67786000
0.10606000 0.57860000 0.95226000
0.21189000 0.53256000 0.87526000
0.02989000 0.59748000 0.80876000
0.02304000 0.63808000 0.88826000
0.10117000 0.54021000 0.88254000
0.21169000 0.61987000 0.95891000
0.24042000 0.70232000 0.70165000
0.07713000 0.50642000 0.81485000
0.08265000 0.63959000 0.76529000
0.13451000 0.69822000 0.71868000
0.19862000 0.60828000 0.88580000
0.13569000 0.60167000 0.84791000
0.08451000 0.63651000 0.92166000
0.18794000 0.71262000 0.86098000
0.12982000 0.74472000 0.81037000
0.04604000 0.51159000 0.72490000
0.04298000 0.71188000 0.81467000
0.08423000 0.74548000 0.73452000
0.24355000 0.65480000 0.85440000
0.01482000 0.74697000 0.89546000
0.23276000 0.74812000 0.79717000
0.13853000 0.86400000 0.26626000
0.05284000 0.88642000 0.23820000
0.12520000 0.94664000 0.10177000
0.12570000 0.88838000 0.18965000
0.18028000 0.90927000 0.06503000
0.08078000 0.82494000 0.26597000
0.12332000 0.83962000 0.04003000
0.17004000 0.82733000 0.21141000
0.23497000 0.78639000 0.16524000
0.06741000 0.83588000 0.16003000
0.12372000 0.87952000 0.10509000
0.07146000 0.98611000 0.09816000
0.20545000 0.92786000 0.20685000
0.18199000 0.99353000 0.10248000
0.22777000 0.86051000 0.07878000
0.12802000 0.93729000 0.02341000
0.19224000 0.87094000 0.14388000
0.01496000 0.82920000 0.04879000
0.21794000 0.81913000 0.30534000
0.20748000 0.78470000 0.07435000
0.23524000 0.93661000 0.12073000
0.05286000 0.93915000 0.32823000
0.09420000 0.94908000 0.20727000
0.15777000 0.93621000 0.27200000
0.11395000 0.77974000 0.20113000
0.04053000 0.88974000 0.08775000
0.03210000 0.95114000 0.14625000
0.04510000 0.98222000 0.27096000
0.02487000 0.79338000 0.28221000
0.08828000 0.88274000 0.32932000
0.08881000 0.77064000 0.09820000
0.06540000 0.79101000 0.01814000
0.21547000 0.75001000 0.25114000
0.13172000 0.81355000 0.32652000
0.01424000 0.75439000 0.14284000
0.05882000 0.93585000 0.00248000
0.24858000 0.88439000 0.29317000
0.22039000 0.92264000 0.63975000
0.20269000 0.96246000 0.51030000
0.18983000 0.87453000 0.56073000
0.03552000 0.94476000 0.59585000
0.19945000 0.78214000 0.39158000
0.21081000 0.94826000 0.38771000
0.16554000 0.81726000 0.49834000
0.03838000 0.76573000 0.45059000
0.23205000 0.77519000 0.55543000
0.10131000 0.80399000 0.45300000
0.06269000 0.90997000 0.41039000
0.09730000 0.93903000 0.50477000
0.19485000 0.88941000 0.47514000
0.21019000 0.82465000 0.61913000
0.24453000 0.84315000 0.42534000
0.05054000 0.98322000 0.43834000
0.13282000 0.90317000 0.57883000
0.15522000 0.96865000 0.45353000
0.16572000 0.84499000 0.42299000
0.04475000 0.80509000 0.54992000
0.13396000 0.76484000 0.64259000
0.13784000 0.93081000 0.38301000
0.05556000 0.99178000 0.65542000
0.05954000 0.81797000 0.36582000
0.13701000 0.75348000 0.55934000
0.15526000 0.99505000 0.61219000
0.19383000 0.75003000 0.47455000
0.00015000 0.98345000 0.53592000
0.17897000 0.88331000 0.33352000
0.19153000 0.92982000 0.92462000
0.18715000 0.89581000 0.72915000
0.06758000 0.80660000 0.84599000
0.24799000 0.89698000 0.77615000
0.04307000 0.99493000 0.84264000
0.23624000 0.93408000 0.98889000
0.17756000 0.81648000 0.80622000
0.15523000 0.95240000 0.83150000
0.15769000 0.96087000 0.68748000
0.13179000 0.84457000 0.69159000
0.11513000 0.85508000 0.91067000
0.07199000 0.96041000 0.90466000
0.01485000 0.78968000 0.71184000
0.16346000 0.78853000 0.92811000
0.08106000 0.95695000 0.78077000
0.04368000 0.92356000 0.71601000
0.09024000 0.87142000 0.97797000
0.06136000 0.85739000 0.69001000
0.01753000 0.83112000 0.76936000
0.09983000 0.99085000 0.98046000
0.08090000 0.85506000 0.77230000
0.16470000 0.77335000 0.73625000
0.15255000 0.89370000 0.85513000
0.06369000 0.88206000 0.85532000
0.22721000 0.86882000 0.92278000
0.15960000 0.86553000 0.97138000
0.10829000 0.76380000 0.96676000
0.00913000 0.83402000 0.95409000
0.23634000 0.80069000 0.92688000
0.19485000 0.98841000 0.98896000
0.24801000 0.80349000 0.84517000
0.18207000 0.99807000 0.89404000
0.44264000 0.14368000 0.25133000
0.41046000 0.08099000 0.21950000
0.47813000 0.18139000 0.13155000
0.46091000 0.03533000 0.14628000
0.30848000 0.03522000 0.21342000
0.42412000 0.11964000 0.14884000
0.49557000 0.12712000 0.09589000
0.34644000 0.12614000 0.10751000
0.46618000 0.20623000 0.21426000
0.37516000 0.19419000 0.06742000
0.28561000 0.24263000 0.26621000
0.29080000 0.00563000 0.13865000
0.40626000 0.17180000 0.31629000
0.47688000 0.04044000 0.26821000
0.43820000 0.07023000 0.08863000
0.25491000 0.08478000 0.22524000
0.43245000 0.14689000 0.06988000
0.30410000 0.18520000 0.18542000
0.33562000 0.07794000 0.05721000
0.34502000 0.10683000 0.31270000
0.39877000 0.23832000 0.12317000
0.33241000 0.12719000 0.21071000
0.38466000 0.15954000 0.18621000
0.34293000 0.21998000 0.23516000
0.28002000 0.12089000 0.28451000
0.37891000 0.02069000 0.20312000
0.31361000 0.17582000 0.00542000
0.28397000 0.16524000 0.09955000
0.37405000 0.01824000 0.01811000
0.48847000 0.21216000 0.02834000
0.34966000 0.04427000 0.28481000
0.42501000 0.24787000 0.28414000
0.49595000 0.09916000 0.30829000
0.39709000 0.09648000 0.00454000
0.46161000 0.10178000 0.54223000
0.45357000 0.24792000 0.51439000
0.48974000 0.19191000 0.41401000
0.36450000 0.06957000 0.49313000
0.33646000 0.00666000 0.35773000
0.33911000 0.23227000 0.33938000
0.32715000 0.16382000 0.45994000
0.27658000 0.11312000 0.41375000
0.31360000 0.23650000 0.53157000
0.29929000 0.02020000 0.49129000
0.41768000 0.11545000 0.63230000
0.42446000 0.10648000 0.35596000
0.25931000 0.09113000 0.48999000
0.36372000 0.21213000 0.61076000
0.30822000 0.08787000 0.59220000
0.46484000 0.08010000 0.45425000
0.37077000 0.21977000 0.40797000
0.29611000 0.20209000 0.59713000
0.32832000 0.06757000 0.40497000
0.25915000 0.17691000 0.41196000
0.39357000 0.10454000 0.44029000
0.41022000 0.16534000 0.39299000
0.27291000 0.21003000 0.47513000
0.45769000 0.17272000 0.60967000
0.43161000 0.14764000 0.47599000
0.45036000 0.02832000 0.39419000
0.37209000 0.04288000 0.58746000
0.46433000 0.03116000 0.55038000
0.31466000 0.15002000 0.35717000
0.26296000 0.13740000 0.62995000
0.39123000 0.00969000 0.65158000
0.42723000 0.24288000 0.59330000
0.41954000 0.01413000 0.47066000
0.25688000 0.24019000 0.66249000
0.36971000 0.24687000 0.48380000
0.45635000 0.14214000 0.77776000
0.32698000 0.23249000 0.96253000
0.40384000 0.06416000 0.77335000
0.45522000 0.19737000 0.81551000
0.48102000 0.12641000 0.88383000
0.31434000 0.04363000 0.92939000
0.27334000 0.07398000 0.87813000
0.26129000 0.04266000 0.80952000
0.32482000 0.22589000 0.67484000
0.44906000 0.02361000 0.78996000
0.35664000 0.13695000 0.82638000
0.29704000 0.09864000 0.77427000
0.45505000 0.14908000 0.69238000
0.39855000 0.18681000 0.69690000
0.44269000 0.17840000 0.94095000
0.39235000 0.20685000 0.88110000
0.28914000 0.09492000 0.97966000
0.42967000 0.04762000 0.97676000
0.27119000 0.18725000 0.89801000
0.46067000 0.04762000 0.86232000
0.37493000 0.11122000 0.70302000
0.41547000 0.10457000 0.88906000
0.39131000 0.20584000 0.98686000
0.34069000 0.13385000 0.93553000
0.32164000 0.18058000 0.74121000
0.36125000 0.03162000 0.87374000
0.31434000 0.07561000 0.69117000
0.27843000 0.00816000 0.69763000
0.47462000 0.07870000 0.67854000
0.49487000 0.19180000 0.89076000
0.25562000 0.15239000 0.82254000
0.39145000 0.24913000 0.79973000
0.40530000 0.31852000 0.29735000
0.29879000 0.41456000 0.12328000
0.26927000 0.38428000 0.06204000
0.47942000 0.34037000 0.29259000
0.27930000 0.32280000 0.19459000
0.43984000 0.26918000 0.18775000
0.28679000 0.26918000 0.15239000
0.48627000 0.31683000 0.20191000
0.32374000 0.31936000 0.26890000
0.45902000 0.38386000 0.05791000
0.29326000 0.42456000 0.32674000
0.35478000 0.34527000 0.08338000
0.37330000 0.39661000 0.27082000
0.30760000 0.48391000 0.12905000
0.36153000 0.41237000 0.05384000
0.37112000 0.49704000 0.31213000
0.35264000 0.27342000 0.03165000
0.40520000 0.34795000 0.17125000
0.38382000 0.29014000 0.22774000
0.32298000 0.45951000 0.24939000
0.32477000 0.37897000 0.21523000
0.39546000 0.45893000 0.20092000
0.43615000 0.44363000 0.28107000
0.37893000 0.47848000 0.05415000
0.40005000 0.43007000 0.12157000
0.46935000 0.38990000 0.24733000
0.46344000 0.47479000 0.16011000
0.44364000 0.28887000 0.10527000
0.30103000 0.32343000 0.02757000
0.49311000 0.25523000 0.31708000
0.44350000 0.48955000 0.08590000
0.27542000 0.43316000 0.00037000
0.25158000 0.26419000 0.05503000
0.45432000 0.30726000 0.36702000
0.31111000 0.30340000 0.52547000
0.36124000 0.43146000 0.38022000
0.44148000 0.31397000 0.61462000
0.33956000 0.34336000 0.44697000
0.26763000 0.34967000 0.47742000
0.48084000 0.32562000 0.54362000
0.44993000 0.25805000 0.41744000
0.48765000 0.37264000 0.63117000
0.39194000 0.37063000 0.55815000
0.34376000 0.47530000 0.58040000
0.44213000 0.46864000 0.37920000
0.33735000 0.28963000 0.39694000
0.34480000 0.31719000 0.60720000
0.36817000 0.40058000 0.48225000
0.27403000 0.46845000 0.41168000
0.25459000 0.32928000 0.38994000
0.26797000 0.48412000 0.66021000
0.41787000 0.30942000 0.48324000
0.45391000 0.36004000 0.43408000
0.39545000 0.42532000 0.60513000
0.26219000 0.34075000 0.56434000
0.28933000 0.49369000 0.52727000
0.43015000 0.45551000 0.49813000
0.29982000 0.40122000 0.57559000
0.45562000 0.45509000 0.59751000
0.49563000 0.40826000 0.49783000
0.28605000 0.27166000 0.46605000
0.38931000 0.35907000 0.36665000
0.30012000 0.37533000 0.64267000
0.34124000 0.48428000 0.42846000
0.25217000 0.31386000 0.64910000
0.49657000 0.29389000 0.66587000
0.25107000 0.39614000 0.40752000
0.40363000 0.26144000 0.71450000
0.44810000 0.49033000 0.95190000
0.42931000 0.29529000 0.99207000
0.41201000 0.46141000 0.76269000
0.47401000 0.38624000 0.95175000
0.37269000 0.45627000 0.69590000
0.28943000 0.39667000 0.93387000
0.43200000 0.49348000 0.81819000
0.44064000 0.33297000 0.73871000
0.34239000 0.44363000 0.93243000
0.35989000 0.33854000 0.86459000
0.33731000 0.33903000 0.95245000
0.38171000 0.43989000 0.85967000
0.30990000 0.25143000 0.74486000
0.30066000 0.49305000 0.89063000
0.41285000 0.43564000 0.97900000
0.35644000 0.39573000 0.73218000
0.41169000 0.36162000 0.96880000
0.47805000 0.43250000 0.88396000
0.40269000 0.39309000 0.78621000
0.29480000 0.25433000 0.83351000
0.32762000 0.40321000 0.82096000
0.39355000 0.27098000 0.88500000
0.26202000 0.43623000 0.87040000
0.28289000 0.26976000 0.91765000
0.28980000 0.31790000 0.82971000
0.46506000 0.41285000 0.75169000
0.30823000 0.43725000 0.69768000
0.45220000 0.32030000 0.85747000
0.34006000 0.29709000 0.78466000
0.32026000 0.46745000 0.78070000
0.40910000 0.38225000 0.67398000
0.47326000 0.25875000 0.74624000
0.48924000 0.25821000 0.83240000
0.26559000 0.38121000 0.80131000
0.38577000 0.31856000 0.67381000
0.42870000 0.49808000 0.67130000
0.30618000 0.59205000 0.13320000
0.47951000 0.54910000 0.30365000
0.32047000 0.63219000 0.31651000
0.48837000 0.59162000 0.13371000
0.34054000 0.53768000 0.18704000
0.46555000 0.61206000 0.31649000
0.41815000 0.64349000 0.08740000
0.38501000 0.69567000 0.01338000
0.34326000 0.67094000 0.24036000
0.43738000 0.51306000 0.24861000
0.26774000 0.64462000 0.17042000
0.32830000 0.56761000 0.28913000
0.30258000 0.71388000 0.18205000
0.31703000 0.68109000 0.10840000
0.31937000 0.58753000 0.01367000
0.39975000 0.64198000 0.29180000
0.44801000 0.71342000 0.31114000
0.45355000 0.64040000 0.20465000
0.38797000 0.72403000 0.08608000
0.40981000 0.52434000 0.16995000
0.31362000 0.61575000 0.23323000
0.40598000 0.70708000 0.17877000
0.36894000 0.72036000 0.31289000
0.45752000 0.67601000 0.01104000
0.36825000 0.63531000 0.17802000
0.37351000 0.55842000 0.09561000
0.28552000 0.73501000 0.01960000
0.38693000 0.56842000 0.24557000
0.25666000 0.53698000 0.28949000
0.30688000 0.52129000 0.05291000
0.29963000 0.69465000 0.30555000
0.44725000 0.60716000 0.01269000
0.48036000 0.68413000 0.13997000
0.25337000 0.66711000 0.06789000
0.49779000 0.58682000 0.22228000
0.49592000 0.72236000 0.06570000
0.45070000 0.55284000 0.56055000
0.38147000 0.70831000 0.47378000
0.29819000 0.69680000 0.39368000
0.49160000 0.52477000 0.39213000
0.46829000 0.73191000 0.55122000
0.26756000 0.72191000 0.45955000
0.31522000 0.68568000 0.56698000
0.31242000 0.52472000 0.36028000
0.38485000 0.59935000 0.66222000
0.31374000 0.56333000 0.52249000
0.33652000 0.59716000 0.42972000
0.41064000 0.59747000 0.46887000
0.41634000 0.52514000 0.49860000
0.28795000 0.58283000 0.36529000
0.38524000 0.58679000 0.54907000
0.36365000 0.66327000 0.41857000
0.42054000 0.66368000 0.55647000
0.31737000 0.64076000 0.49365000
0.42642000 0.65017000 0.36704000
0.38834000 0.71319000 0.61088000
0.27488000 0.58910000 0.44379000
0.29455000 0.59727000 0.64222000
0.31903000 0.61886000 0.57016000
0.45461000 0.67408000 0.63023000
0.35007000 0.55018000 0.60846000
0.46914000 0.69838000 0.44819000
0.47700000 0.57215000 0.47974000
0.42199000 0.56243000 0.37447000
0.49113000 0.65172000 0.52396000
0.49313000 0.62757000 0.66491000
0.49893000 0.51537000 0.63610000
0.25070000 0.53490000 0.47275000
0.36286000 0.53095000 0.86425000
0.26890000 0.71381000 0.89434000
0.27459000 0.57970000 0.81301000
0.29306000 0.50513000 0.97637000
0.25265000 0.64644000 0.73860000
0.25563000 0.51570000 0.77591000
0.27793000 0.60427000 0.91475000
0.25521000 0.67358000 0.94842000
0.35611000 0.53042000 0.68249000
0.40812000 0.69053000 0.68905000
0.33936000 0.62487000 0.91968000
0.37022000 0.50009000 0.98304000
0.43558000 0.69139000 0.93190000
0.47069000 0.54051000 0.90964000
0.32530000 0.70492000 0.70654000
0.45164000 0.63849000 0.88011000
0.39995000 0.58560000 0.82727000
0.45558000 0.64624000 0.76269000
0.49041000 0.55286000 0.82800000
0.33854000 0.60698000 0.76969000
0.40870000 0.67181000 0.81887000
0.27806000 0.56627000 0.72087000
0.49051000 0.73390000 0.89488000
0.34325000 0.67530000 0.86582000
0.48818000 0.68312000 0.81583000
0.32158000 0.65896000 0.99545000
0.41898000 0.56316000 0.72881000
0.38716000 0.73443000 0.88716000
0.34402000 0.54118000 0.76061000
0.39075000 0.58499000 0.98173000
0.43569000 0.74449000 0.83118000
0.49886000 0.58785000 0.75247000
0.37647000 0.74723000 0.71605000
0.42451000 0.74783000 0.97359000
0.34216000 0.88440000 0.00094000
0.45994000 0.93510000 0.15336000
0.35855000 0.99126000 0.13715000
0.27034000 0.84842000 0.14202000
0.33744000 0.80347000 0.22561000
0.47366000 0.93876000 0.07366000
0.35883000 0.76688000 0.00824000
0.46581000 0.92200000 0.29233000
0.26331000 0.99665000 0.06747000
0.43044000 0.98332000 0.30105000
0.41332000 0.97422000 0.07859000
0.28916000 0.78848000 0.28079000
0.31579000 0.77230000 0.07875000
0.40316000 0.84179000 0.13937000
0.33353000 0.86046000 0.18446000
0.43904000 0.76463000 0.21631000
0.45300000 0.78394000 0.07838000
0.32888000 0.93646000 0.19204000
0.42150000 0.86603000 0.25946000
0.36086000 0.95242000 0.28162000
0.32408000 0.86103000 0.08983000
0.28182000 0.94874000 0.30045000
0.39807000 0.83630000 0.01181000
0.34377000 0.88377000 0.26215000
0.36086000 0.93090000 0.09192000
0.43762000 0.87588000 0.07073000
0.28835000 0.91305000 0.06285000
0.25733000 0.88338000 0.21025000
0.33508000 0.83572000 0.32675000
0.47002000 0.99293000 0.00574000
0.36668000 0.76499000 0.16400000
0.27108000 0.86932000 0.00168000
0.43865000 0.83736000 0.33287000
0.44659000 0.90678000 0.63579000
0.35071000 0.86171000 0.56412000
0.45074000 0.83000000 0.40548000
0.30707000 0.81786000 0.53052000
0.30652000 0.94946000 0.64742000
0.27142000 0.92078000 0.57006000
0.45054000 0.90718000 0.42510000
0.46738000 0.86007000 0.58222000
0.29571000 0.77459000 0.36651000
0.37146000 0.82803000 0.63958000
0.27289000 0.93116000 0.42280000
0.29384000 0.76429000 0.59406000
0.44468000 0.80298000 0.62441000
0.30415000 0.88684000 0.36441000
0.38194000 0.88967000 0.35204000
0.45750000 0.98052000 0.63586000
0.43708000 0.80600000 0.48726000
0.32416000 0.79150000 0.45251000
0.39677000 0.89737000 0.50773000
0.46793000 0.76758000 0.41329000
0.26495000 0.86597000 0.62950000
0.40006000 0.77631000 0.37349000
0.25448000 0.87548000 0.51397000
0.32664000 0.90833000 0.50932000
0.34608000 0.97239000 0.43003000
0.25557000 0.78631000 0.47560000
0.38935000 0.97452000 0.56793000
0.27536000 0.99491000 0.55883000
0.40851000 0.77573000 0.54889000
0.33259000 0.78222000 0.65619000
0.33006000 0.75121000 0.51312000
0.30993000 0.86489000 0.77680000
0.43690000 0.95758000 0.76045000
0.38930000 0.90033000 0.75537000
0.30956000 0.93895000 0.99051000
0.35551000 0.76932000 0.80416000
0.37938000 0.97197000 0.81797000
0.39001000 0.87728000 0.92667000
0.26029000 0.91415000 0.89088000
0.44613000 0.75481000 0.68625000
0.31392000 0.88996000 0.68899000
0.35017000 0.96622000 0.92265000
0.38375000 0.89087000 0.67351000
0.48703000 0.88573000 0.69540000
0.47328000 0.80698000 0.99599000
0.44734000 0.94502000 0.85541000
0.31240000 0.82920000 0.85594000
0.36447000 0.82090000 0.73231000
0.39564000 0.83642000 0.86704000
0.26746000 0.95378000 0.81506000
0.25882000 0.78253000 0.67041000
0.43272000 0.83248000 0.75324000
0.26750000 0.99527000 0.97994000
0.37034000 0.91937000 0.86907000
0.39136000 0.80758000 0.93876000
0.27011000 0.98801000 0.88860000
0.46697000 0.88221000 0.79546000
0.46287000 0.84273000 0.90852000
0.43029000 0.99217000 0.92829000
0.29006000 0.75221000 0.73835000
0.32177000 0.98306000 0.75687000
0.31590000 0.76482000 0.94317000
0.41308000 0.92502000 0.98421000
0.46952000 0.90487000 0.93954000
0.25181000 0.85219000 0.71485000
0.49700000 0.79894000 0.87216000
0.72423000 0.10805000 0.27972000
0.56282000 0.08070000 0.02420000
0.58338000 0.16527000 0.14478000
0.58547000 0.05637000 0.16929000
0.72091000 0.10051000 0.12653000
0.60451000 0.06801000 0.28378000
0.67551000 0.19707000 0.11275000
0.67254000 0.05697000 0.29561000
0.66197000 0.19553000 0.30375000
0.65830000 0.02772000 0.15094000
0.51926000 0.16229000 0.31712000
0.71431000 0.21029000 0.25579000
0.74479000 0.01050000 0.27174000
0.72235000 0.01172000 0.08603000
0.63317000 0.08382000 0.05706000
0.72434000 0.23428000 0.14140000
0.57388000 0.22165000 0.20172000
0.56166000 0.11203000 0.24147000
0.68887000 0.11778000 0.20651000
0.71476000 0.04215000 0.19341000
0.62696000 0.14452000 0.23025000
0.55100000 0.03365000 0.22819000
0.55137000 0.05178000 0.10184000
0.71947000 0.13941000 0.00409000
0.53795000 0.21506000 0.11560000
0.62739000 0.14851000 0.07333000
0.70977000 0.23025000 0.05616000
0.65449000 0.23983000 0.22772000
0.74219000 0.18284000 0.18523000
0.50084000 0.13549000 0.19416000
0.68470000 0.12614000 0.59840000
0.53212000 0.10295000 0.54798000
0.74238000 0.14990000 0.46869000
0.71112000 0.02253000 0.35969000
0.54611000 0.22973000 0.37269000
0.55526000 0.00394000 0.54700000
0.67264000 0.06394000 0.48104000
0.58484000 0.10564000 0.48049000
0.60411000 0.03162000 0.49626000
0.58320000 0.04027000 0.38648000
0.52074000 0.22565000 0.50670000
0.60220000 0.10014000 0.35630000
0.60761000 0.23063000 0.63279000
0.60794000 0.08248000 0.55733000
0.58693000 0.19245000 0.52055000
0.51317000 0.03494000 0.34722000
0.50761000 0.12908000 0.43144000
0.70457000 0.20553000 0.55131000
0.61216000 0.15779000 0.59770000
0.53328000 0.05387000 0.48507000
0.64338000 0.15256000 0.39109000
0.62581000 0.09158000 0.64160000
0.65746000 0.15015000 0.47020000
0.64348000 0.03241000 0.60428000
0.65274000 0.05766000 0.39778000
0.69992000 0.09890000 0.36075000
0.67271000 0.19156000 0.62645000
0.57191000 0.18524000 0.43647000
0.54998000 0.17559000 0.60642000
0.72642000 0.21903000 0.45931000
0.58128000 0.16834000 0.34793000
0.52903000 0.01794000 0.64445000
0.65603000 0.22604000 0.42070000
0.73740000 0.08252000 0.43880000
0.73368000 0.07355000 0.62078000
0.50369000 0.16240000 0.54910000
0.51722000 0.00416000 0.41962000
0.74797000 0.05367000 0.53055000
0.50193000 0.23248000 0.60648000
0.58382000 0.00456000 0.81970000
0.55749000 0.13876000 0.89139000
0.56719000 0.06998000 0.68140000
0.74319000 0.08383000 0.79575000
0.64896000 0.19632000 0.90848000
0.60584000 0.14161000 0.95443000
0.71912000 0.16526000 0.88737000
0.59366000 0.22705000 0.86595000
0.69571000 0.24335000 0.90277000
0.62010000 0.01980000 0.73029000
0.58911000 0.22469000 0.71902000
0.64240000 0.08742000 0.75166000
0.68118000 0.10392000 0.85038000
0.66188000 0.16683000 0.79296000
0.51368000 0.09176000 0.78583000
0.67688000 0.12006000 0.69045000
0.67320000 0.11148000 0.94402000
0.62357000 0.06719000 0.84380000
0.74529000 0.03287000 0.92076000
0.56427000 0.04773000 0.90318000
0.58393000 0.18358000 0.80210000
0.50713000 0.10221000 0.96631000
0.51847000 0.21444000 0.69904000
0.66980000 0.21566000 0.98643000
0.61669000 0.16020000 0.70008000
0.62802000 0.24036000 0.79179000
0.73053000 0.19921000 0.82692000
0.68366000 0.02216000 0.74095000
0.67227000 0.24306000 0.68144000
0.68839000 0.01285000 0.98980000
0.55814000 0.18818000 0.99250000
0.52536000 0.13594000 0.66919000
0.50527000 0.00244000 0.89350000
0.74416000 0.17465000 0.72797000
0.63490000 0.45452000 0.26970000
0.57701000 0.25099000 0.28030000
0.56876000 0.37824000 0.14036000
0.70815000 0.29635000 0.32430000
0.50903000 0.41770000 0.17917000
0.61836000 0.33031000 0.03265000
0.67834000 0.38681000 0.33256000
0.73945000 0.49255000 0.01911000
0.57797000 0.47316000 0.21904000
0.67802000 0.49738000 0.23054000
0.54110000 0.32545000 0.07585000
0.69447000 0.35711000 0.18766000
0.66928000 0.40401000 0.13685000
0.65909000 0.38113000 0.06147000
0.56353000 0.46142000 0.12018000
0.58686000 0.42113000 0.04758000
0.65139000 0.44310000 0.05515000
0.72863000 0.34291000 0.11047000
0.50551000 0.43343000 0.30363000
0.56811000 0.34242000 0.21838000
0.55054000 0.41486000 0.24656000
0.65303000 0.32235000 0.12954000
0.58574000 0.26552000 0.07671000
0.63357000 0.34798000 0.24244000
0.54510000 0.27753000 0.18918000
0.72508000 0.37434000 0.03394000
0.61419000 0.40478000 0.19552000
0.65192000 0.25791000 0.10591000
0.72812000 0.29726000 0.17988000
0.74235000 0.28792000 0.04578000
0.53661000 0.30534000 0.28643000
0.74495000 0.48275000 0.32188000
0.61606000 0.25462000 0.00944000
0.57463000 0.38522000 0.32297000
0.73740000 0.39956000 0.23820000
0.67497000 0.48354000 0.10605000
0.50781000 0.44056000 0.06275000
0.73599000 0.29135000 0.41642000
0.64636000 0.46359000 0.65534000
0.55381000 0.35893000 0.44524000
0.65034000 0.25583000 0.35120000
0.69498000 0.31900000 0.47308000
0.54499000 0.45513000 0.65174000
0.55144000 0.31164000 0.52172000
0.59042000 0.28979000 0.39748000
0.64395000 0.42388000 0.45839000
0.65242000 0.33910000 0.40807000
0.74633000 0.36737000 0.45223000
0.56578000 0.40403000 0.59380000
0.65049000 0.40694000 0.59838000
0.70476000 0.41164000 0.41464000
0.66138000 0.47033000 0.36963000
0.64403000 0.29822000 0.54531000
0.50332000 0.29968000 0.46285000
0.60169000 0.42654000 0.38263000
0.60354000 0.32838000 0.59073000
0.57663000 0.46763000 0.57317000
0.69243000 0.26300000 0.60467000
0.74503000 0.36400000 0.36701000
0.71398000 0.47870000 0.49135000
0.66114000 0.47410000 0.58336000
0.62212000 0.37468000 0.51710000
0.53486000 0.29737000 0.60047000
0.51591000 0.38173000 0.36774000
0.51652000 0.45311000 0.42221000
0.61686000 0.25363000 0.47513000
0.73354000 0.45058000 0.65843000
0.58835000 0.25296000 0.54638000
0.68374000 0.36279000 0.66373000
0.50101000 0.48327000 0.55308000
0.56548000 0.38667000 0.66998000
0.56428000 0.31020000 0.84680000
0.63405000 0.42331000 0.93493000
0.70287000 0.28863000 0.98233000
0.67284000 0.34322000 0.75487000
0.51990000 0.34630000 0.71443000
0.65905000 0.48452000 0.75677000
0.68439000 0.46995000 0.83711000
0.61647000 0.47098000 0.84791000
0.73187000 0.41089000 0.83772000
0.66547000 0.49618000 0.91652000
0.53298000 0.40547000 0.98457000
0.52191000 0.33679000 0.90183000
0.74572000 0.38203000 0.91650000
0.61333000 0.32899000 0.67793000
0.56162000 0.46998000 0.74890000
0.60897000 0.47188000 0.98941000
0.65722000 0.35074000 0.95005000
0.62830000 0.39446000 0.70648000
0.73546000 0.27267000 0.79980000
0.60268000 0.33241000 0.91425000
0.51393000 0.26467000 0.95184000
0.71326000 0.41597000 0.74957000
0.59317000 0.25640000 0.93806000
0.61431000 0.30741000 0.78486000
0.72048000 0.45485000 0.94289000
0.54803000 0.27688000 0.77174000
0.53427000 0.38777000 0.79727000
0.60942000 0.38066000 0.80201000
0.66372000 0.38120000 0.86212000
0.57594000 0.41517000 0.89167000
0.55970000 0.31151000 0.97983000
0.53652000 0.47190000 0.84635000
0.50326000 0.32539000 0.79490000
0.51818000 0.47275000 0.99112000
0.71113000 0.53742000 0.28383000
0.73058000 0.71043000 0.25469000
0.59525000 0.64414000 0.19010000
0.69642000 0.64875000 0.26720000
0.70967000 0.66754000 0.16730000
0.53727000 0.53998000 0.03722000
0.53690000 0.62935000 0.10257000
0.64832000 0.63656000 0.10480000
0.53934000 0.66517000 0.23013000
0.72813000 0.74090000 0.17870000
0.53565000 0.53986000 0.12708000
0.58323000 0.53916000 0.20251000
0.56406000 0.58639000 0.26503000
0.60991000 0.67352000 0.30794000
0.66439000 0.59576000 0.23336000
0.71080000 0.57034000 0.18573000
0.60091000 0.58667000 0.14328000
0.65745000 0.56009000 0.13247000
0.65890000 0.70946000 0.22206000
0.68579000 0.54550000 0.03755000
0.71108000 0.59905000 0.08666000
0.56183000 0.71459000 0.13453000
0.55816000 0.65129000 0.01440000
0.58769000 0.57736000 0.00553000
0.64253000 0.73609000 0.07224000
0.51120000 0.73345000 0.23184000
0.59453000 0.50692000 0.06762000
0.70844000 0.71591000 0.03710000
0.50967000 0.51079000 0.21303000
0.64615000 0.55050000 0.32822000
0.51531000 0.73769000 0.32176000
0.59855000 0.50033000 0.32744000
0.63845000 0.69537000 0.65320000
0.54458000 0.67058000 0.35759000
0.65928000 0.69210000 0.36181000
0.70170000 0.69587000 0.43491000
0.66658000 0.63054000 0.40736000
0.66399000 0.64033000 0.49535000
0.69464000 0.68563000 0.56747000
0.60250000 0.72842000 0.40487000
0.72283000 0.61211000 0.57542000
0.54769000 0.58942000 0.53723000
0.56746000 0.70322000 0.60983000
0.53198000 0.57019000 0.61448000
0.51350000 0.60891000 0.42294000
0.50932000 0.50550000 0.48074000
0.69211000 0.51295000 0.42911000
0.67458000 0.52717000 0.53171000
0.58157000 0.65972000 0.54862000
0.70699000 0.54849000 0.62168000
0.57857000 0.55421000 0.42690000
0.59709000 0.53665000 0.57377000
0.56969000 0.74165000 0.49615000
0.58308000 0.62248000 0.39993000
0.56311000 0.63226000 0.63201000
0.64065000 0.58270000 0.59966000
0.59257000 0.68162000 0.47396000
0.59149000 0.56175000 0.66311000
0.69730000 0.73725000 0.61439000
0.62733000 0.50503000 0.47207000
0.55807000 0.53337000 0.80059000
0.55582000 0.68818000 0.83418000
0.54228000 0.66660000 0.92428000
0.66945000 0.72940000 0.82948000
0.58745000 0.69282000 0.72069000
0.60035000 0.58059000 0.73699000
0.67889000 0.55063000 0.81242000
0.61748000 0.73036000 0.99508000
0.67378000 0.64499000 0.96609000
0.66709000 0.53934000 0.70485000
0.66058000 0.70973000 0.73695000
0.55468000 0.51974000 0.93615000
0.72567000 0.71369000 0.76969000
0.59223000 0.57708000 0.83492000
0.59655000 0.72383000 0.90906000
0.52670000 0.59730000 0.93522000
0.66177000 0.55795000 0.95588000
0.70368000 0.62894000 0.76240000
0.51652000 0.72333000 0.68509000
0.60153000 0.63349000 0.94841000
0.60348000 0.57066000 0.91623000
0.61065000 0.64962000 0.82685000
0.69217000 0.71745000 0.95490000
0.52208000 0.63297000 0.86141000
0.70397000 0.66979000 0.83344000
0.53310000 0.54107000 0.70938000
0.63923000 0.63940000 0.73403000
0.52299000 0.73121000 0.76511000
0.74344000 0.72025000 0.68034000
0.74341000 0.52482000 0.74463000
0.74686000 0.58043000 0.87269000
0.57697000 0.74813000 0.83170000
0.50821000 0.74812000 0.98120000
0.66759000 0.88023000 0.08916000
0.73706000 0.90796000 0.10901000
0.73124000 0.85997000 0.25649000
0.61296000 0.83700000 0.11367000
0.53659000 0.88869000 0.31310000
0.58243000 0.87727000 0.25502000
0.54860000 0.91496000 0.07397000
0.59230000 0.99142000 0.04612000
0.67172000 0.97065000 0.05390000
0.60426000 0.96128000 0.21717000
0.50743000 0.83624000 0.07946000
0.66385000 0.81108000 0.22080000
0.56651000 0.94655000 0.28668000
0.58231000 0.87143000 0.16610000
0.72836000 0.77615000 0.30358000
0.58044000 0.95844000 0.12186000
0.60527000 0.75669000 0.20537000
0.50984000 0.78391000 0.14059000
0.57710000 0.79118000 0.07628000
0.69460000 0.79044000 0.12682000
0.71459000 0.95533000 0.24208000
0.73090000 0.85117000 0.15945000
0.63203000 0.83854000 0.29890000
0.66390000 0.91655000 0.22990000
0.53240000 0.91649000 0.19833000
0.55958000 0.80049000 0.25730000
0.64272000 0.91043000 0.01958000
0.64465000 0.98476000 0.28584000
0.52211000 0.82177000 0.31784000
0.57483000 0.88736000 0.01165000
0.74693000 0.89583000 0.03154000
0.65411000 0.75281000 0.32439000
0.54310000 0.86172000 0.62838000
0.71992000 0.88248000 0.52109000
0.50926000 0.85997000 0.49224000
0.54745000 0.89269000 0.54933000
0.67613000 0.83534000 0.60229000
0.65039000 0.85100000 0.51776000
0.52866000 0.92094000 0.45266000
0.71874000 0.89622000 0.65304000
0.69898000 0.78678000 0.39943000
0.72438000 0.94603000 0.34423000
0.72700000 0.83621000 0.34273000
0.51738000 0.79752000 0.58785000
0.62949000 0.89399000 0.58140000
0.58126000 0.79729000 0.37981000
0.72700000 0.98043000 0.56280000
0.59882000 0.96144000 0.63198000
0.69149000 0.84931000 0.45369000
0.61203000 0.78520000 0.57837000
0.62025000 0.86159000 0.43691000
0.51584000 0.93715000 0.62970000
0.58380000 0.89989000 0.38314000
0.51406000 0.79367000 0.50292000
0.63961000 0.79514000 0.44389000
0.67230000 0.88664000 0.36310000
0.70938000 0.95263000 0.47423000
0.53727000 0.75862000 0.41763000
0.58276000 0.94890000 0.50502000
0.58078000 0.97036000 0.37790000
0.65590000 0.97864000 0.42614000
0.50539000 0.95236000 0.53716000
0.52620000 0.85896000 0.39456000
0.73815000 0.83145000 0.64208000
0.65588000 0.76157000 0.52706000
0.63049000 0.99032000 0.55090000
0.50082000 0.92911000 0.36327000
0.68663000 0.99242000 0.81553000
0.61967000 0.91583000 0.70103000
0.73418000 0.82011000 0.91333000
0.60934000 0.93454000 0.94085000
0.59525000 0.81137000 0.99524000
0.69214000 0.82536000 0.97923000
0.70688000 0.87909000 0.87540000
0.54648000 0.86373000 0.82488000
0.57964000 0.81156000 0.86295000
0.72216000 0.92881000 0.79147000
0.73834000 0.97778000 0.86770000
0.64109000 0.85607000 0.90355000
0.52974000 0.85341000 0.91250000
0.68456000 0.77970000 0.67673000
0.51091000 0.81891000 0.71791000
0.56194000 0.86619000 0.71774000
0.68148000 0.86660000 0.73185000
0.71496000 0.77847000 0.78939000
0.56160000 0.96529000 0.70352000
0.65282000 0.82127000 0.79045000
0.64524000 0.78093000 0.92083000
0.57205000 0.77856000 0.69396000
0.62542000 0.81632000 0.67786000
0.54644000 0.94466000 0.78998000
0.53531000 0.79602000 0.79233000
0.63463000 0.92635000 0.78877000
0.71617000 0.93289000 0.94289000
0.54577000 0.97496000 0.98775000
0.74496000 0.95960000 0.68130000
0.66379000 0.98166000 0.89948000
0.56240000 0.94429000 0.86905000
0.51095000 0.87163000 0.99176000
0.50018000 0.98560000 0.76418000
0.78504000 0.16417000 0.11683000
0.93287000 0.07187000 0.28258000
0.86863000 0.03636000 0.19389000
0.91660000 0.22628000 0.29748000
0.78164000 0.06464000 0.24048000
0.77635000 0.17101000 0.30079000
0.86322000 0.10738000 0.02985000
0.92649000 0.18325000 0.17545000
0.83290000 0.20296000 0.28010000
0.79432000 0.07982000 0.02506000
0.97689000 0.01737000 0.28773000
0.77671000 0.01236000 0.13170000
0.85681000 0.01318000 0.11021000
0.79472000 0.09132000 0.10139000
0.98997000 0.15097000 0.23710000
0.97061000 0.05703000 0.03802000
0.91218000 0.03980000 0.07253000
0.85151000 0.17958000 0.14347000
0.90588000 0.10144000 0.09709000
0.94910000 0.13076000 0.04836000
0.87806000 0.18876000 0.22995000
0.91315000 0.11861000 0.23953000
0.87073000 0.00962000 0.27372000
0.91987000 0.23509000 0.09501000
0.84730000 0.23855000 0.18970000
0.83607000 0.16052000 0.06591000
0.93220000 0.07063000 0.17545000
0.82901000 0.11963000 0.18574000
0.91482000 0.15196000 0.30893000
0.99467000 0.18616000 0.14135000
0.98112000 0.23990000 0.08509000
0.87385000 0.03381000 0.00362000
0.85448000 0.10592000 0.33331000
0.83042000 0.00736000 0.61464000
0.83065000 0.24413000 0.59867000
0.78576000 0.16408000 0.52427000
0.84388000 0.19096000 0.47493000
0.76848000 0.15696000 0.63464000
0.96751000 0.06774000 0.53976000
0.78312000 0.11511000 0.35823000
0.83578000 0.06972000 0.46898000
0.94136000 0.22843000 0.59967000
0.92398000 0.20906000 0.48119000
0.87148000 0.18891000 0.61331000
0.89875000 0.04219000 0.60040000
0.88014000 0.10219000 0.41561000
0.89708000 0.12392000 0.64293000
0.81764000 0.13312000 0.45675000
0.90363000 0.03086000 0.48899000
0.88999000 0.04621000 0.34982000
0.95143000 0.12754000 0.50164000
0.82395000 0.13222000 0.60028000
0.93493000 0.14319000 0.40130000
0.86490000 0.20325000 0.37341000
0.77209000 0.20738000 0.58329000
0.94066000 0.13784000 0.59025000
0.76477000 0.18949000 0.39293000
0.78750000 0.02494000 0.46862000
0.97787000 0.12005000 0.35008000
0.94495000 0.07413000 0.40118000
0.88595000 0.22230000 0.54194000
0.81199000 0.06780000 0.54732000
0.89098000 0.14694000 0.53467000
0.77918000 0.02987000 0.37168000
0.84179000 0.00531000 0.52065000
0.99533000 0.07101000 0.61297000
0.99214000 0.19116000 0.37581000
0.99869000 0.16768000 0.57375000
0.75005000 0.11721000 0.56608000
0.98988000 0.21954000 0.73667000
0.83454000 0.09936000 0.75156000
0.89216000 0.08417000 0.85997000
0.81422000 0.04385000 0.95428000
0.81029000 0.21341000 0.92639000
0.97027000 0.15691000 0.91497000
0.85988000 0.09990000 0.94008000
0.90262000 0.00463000 0.67894000
0.93976000 0.10798000 0.76927000
0.98331000 0.00257000 0.96594000
0.84637000 0.15454000 0.71039000
0.92360000 0.23165000 0.95030000
0.78103000 0.09874000 0.92138000
0.96791000 0.20193000 0.81428000
0.89383000 0.22736000 0.81348000
0.84796000 0.17137000 0.78960000
0.79765000 0.12433000 0.83934000
0.75704000 0.09770000 0.69329000
0.86828000 0.23952000 0.88948000
0.90622000 0.02104000 0.76820000
0.80634000 0.02426000 0.80452000
0.91437000 0.16890000 0.98326000
0.86327000 0.17775000 0.92913000
0.93049000 0.17284000 0.72046000
0.82444000 0.04263000 0.70245000
0.96713000 0.06161000 0.69534000
0.95227000 0.10338000 0.96389000
0.84464000 0.23154000 0.68919000
0.80738000 0.14686000 0.98608000
0.92852000 0.00672000 0.85302000
0.75084000 0.20185000 0.96371000
0.80423000 0.24955000 0.85052000
0.86150000 0.26594000 0.28292000
0.97217000 0.31887000 0.19316000
0.98999000 0.29604000 0.27717000
0.85825000 0.37561000 0.24936000
0.97208000 0.41661000 0.05021000
0.76961000 0.42983000 0.16404000
0.80213000 0.42723000 0.29656000
0.90929000 0.33019000 0.17706000
0.97451000 0.49678000 0.03040000
0.97884000 0.39776000 0.24442000
0.78799000 0.30713000 0.10383000
0.85530000 0.38562000 0.09246000
0.93054000 0.33934000 0.26178000
0.92385000 0.36605000 0.08391000
0.83207000 0.38101000 0.16043000
0.80102000 0.34087000 0.21799000
0.98542000 0.29989000 0.01611000
0.95914000 0.45796000 0.30355000
0.77967000 0.33233000 0.30620000
0.79865000 0.44412000 0.03181000
0.92086000 0.43932000 0.11128000
0.94218000 0.25568000 0.16837000
0.93315000 0.44709000 0.20575000
0.92366000 0.29828000 0.05830000
0.84847000 0.44770000 0.20775000
0.94809000 0.38467000 0.17124000
0.85411000 0.26900000 0.02609000
0.90422000 0.43015000 0.27372000
0.84538000 0.31214000 0.15175000
0.83966000 0.48741000 0.27456000
0.77340000 0.40789000 0.08835000
0.88608000 0.40004000 0.01822000
0.83386000 0.34920000 0.01012000
0.75901000 0.25698000 0.28810000
0.98889000 0.47883000 0.12715000
0.77060000 0.25336000 0.20788000
0.75166000 0.47178000 0.22867000
0.88140000 0.28523000 0.44042000
0.99937000 0.29546000 0.43228000
0.83148000 0.25538000 0.47892000
0.85010000 0.44167000 0.35948000
0.78149000 0.43078000 0.59940000
0.93741000 0.26755000 0.53849000
0.95876000 0.35592000 0.38515000
0.97121000 0.41974000 0.41085000
0.76502000 0.33754000 0.58137000
0.85710000 0.41396000 0.43179000
0.79881000 0.48296000 0.46727000
0.96368000 0.33638000 0.47764000
0.82857000 0.41679000 0.53800000
0.85327000 0.35657000 0.50060000
0.91652000 0.39885000 0.33969000
0.91439000 0.38487000 0.45554000
0.81397000 0.33759000 0.42411000
0.88538000 0.32925000 0.37396000
0.76223000 0.38938000 0.52910000
0.86678000 0.29472000 0.53424000
0.94849000 0.28517000 0.35410000
0.84883000 0.34068000 0.58904000
0.79338000 0.41247000 0.40337000
0.98737000 0.40478000 0.48981000
0.91171000 0.42719000 0.57960000
0.87049000 0.43927000 0.64107000
0.93338000 0.45115000 0.49402000
0.90348000 0.47435000 0.40918000
0.77650000 0.27899000 0.53593000
0.96599000 0.32380000 0.57292000
0.93489000 0.48784000 0.60579000
0.97862000 0.41016000 0.62799000
0.80545000 0.25408000 0.35375000
0.91657000 0.27527000 0.66444000
0.93022000 0.38323000 0.67934000
0.87780000 0.34827000 0.84593000
0.96062000 0.35610000 0.89568000
0.89896000 0.39429000 0.79517000
0.88918000 0.43866000 0.73103000
0.79064000 0.32542000 0.91828000
0.84477000 0.47791000 0.94750000
0.91258000 0.29010000 0.83942000
0.79325000 0.38912000 0.81547000
0.97513000 0.39718000 0.78163000
0.76206000 0.48206000 0.80488000
0.81675000 0.32716000 0.83740000
0.83121000 0.44640000 0.79202000
0.97236000 0.44050000 0.70905000
0.77313000 0.26528000 0.68457000
0.80424000 0.36686000 0.70944000
0.90852000 0.46181000 0.97368000
0.77717000 0.47870000 0.89670000
0.99069000 0.44757000 0.83259000
0.92759000 0.30226000 0.96587000
0.84668000 0.40470000 0.89788000
0.85342000 0.29130000 0.78274000
0.92242000 0.32756000 0.71964000
0.98202000 0.28142000 0.76999000
0.88439000 0.44490000 0.85324000
0.94061000 0.42689000 0.89022000
0.81384000 0.44089000 0.70220000
0.79432000 0.42667000 0.95417000
0.96385000 0.49984000 0.94114000
0.97512000 0.40241000 0.95765000
0.76982000 0.31724000 0.75260000
0.78417000 0.26999000 0.96790000
0.93025000 0.49486000 0.83583000
0.98670000 0.32990000 0.70067000
0.84518000 0.32748000 0.66757000
0.99746000 0.26015000 0.90743000
0.85003000 0.49995000 0.72619000
0.86222000 0.64955000 0.09808000
0.87904000 0.52699000 0.20082000
0.79853000 0.56838000 0.19043000
0.92515000 0.68404000 0.32324000
0.96558000 0.59044000 0.07382000
0.76078000 0.55042000 0.06033000
0.90003000 0.68296000 0.19993000
0.82909000 0.69760000 0.20112000
0.91500000 0.58522000 0.18312000
0.78038000 0.65721000 0.23204000
0.77643000 0.68693000 0.13414000
0.99149000 0.63181000 0.12663000
0.77500000 0.51427000 0.13464000
0.83250000 0.52148000 0.05800000
0.82098000 0.60854000 0.05345000
0.94451000 0.51257000 0.24112000
0.77542000 0.56509000 0.28651000
0.97204000 0.61959000 0.27214000
0.93794000 0.65945000 0.09083000
0.85244000 0.63794000 0.21814000
0.84699000 0.58885000 0.12974000
0.87470000 0.70129000 0.04624000
0.76453000 0.74390000 0.07372000
0.84559000 0.73725000 0.30390000
0.94139000 0.73220000 0.16534000
0.84206000 0.59735000 0.30094000
0.91361000 0.54200000 0.07642000
0.99110000 0.54045000 0.18094000
0.99209000 0.74394000 0.03319000
0.99033000 0.69496000 0.27989000
0.75343000 0.61812000 0.15575000
0.89646000 0.50398000 0.31651000
0.91397000 0.74991000 0.29990000
0.75169000 0.65738000 0.05665000
0.88564000 0.53184000 0.00097000
0.83895000 0.50789000 0.52989000
0.77461000 0.66375000 0.54047000
0.88781000 0.69237000 0.53336000
0.93998000 0.56357000 0.57429000
0.82656000 0.72638000 0.59749000
0.94678000 0.62220000 0.36362000
0.81814000 0.60816000 0.47594000
0.92531000 0.64118000 0.48883000
0.88150000 0.62673000 0.56052000
0.85305000 0.68502000 0.44116000
0.75591000 0.55789000 0.45417000
0.86347000 0.58007000 0.38610000
0.91990000 0.67156000 0.61884000
0.95845000 0.69277000 0.40855000
0.99159000 0.57087000 0.38609000
0.86327000 0.57600000 0.62515000
0.96299000 0.58114000 0.49573000
0.88793000 0.57587000 0.48308000
0.94609000 0.72595000 0.50576000
0.80695000 0.64151000 0.62838000
0.79028000 0.55448000 0.37341000
0.78666000 0.56289000 0.56066000
0.87092000 0.64230000 0.35501000
0.93630000 0.52595000 0.44160000
0.93934000 0.54611000 0.35555000
0.76377000 0.65815000 0.40810000
0.84335000 0.50873000 0.37220000
0.86640000 0.68952000 0.66660000
0.99174000 0.65257000 0.58651000
0.99129000 0.56870000 0.63442000
0.85832000 0.73342000 0.38651000
0.76438000 0.50140000 0.54258000
0.75686000 0.71282000 0.33482000
0.89839000 0.53919000 0.78753000
0.92155000 0.72569000 0.99049000
0.91256000 0.60907000 0.68991000
0.82008000 0.70080000 0.82417000
0.82188000 0.50714000 0.80762000
0.82877000 0.56848000 0.74656000
0.94178000 0.67254000 0.70173000
0.88372000 0.59860000 0.80990000
0.99646000 0.66970000 0.77018000
0.94092000 0.64843000 0.82092000
0.87403000 0.70699000 0.92924000
0.86618000 0.58887000 0.93992000
0.77110000 0.65934000 0.78278000
0.80910000 0.70412000 0.98859000
0.83425000 0.53988000 0.87863000
0.85949000 0.63969000 0.99784000
0.76424000 0.68757000 0.92568000
0.75781000 0.62314000 0.97192000
0.96025000 0.58878000 0.78318000
0.95934000 0.64987000 0.90825000
0.88304000 0.66242000 0.74987000
0.89566000 0.65222000 0.88755000
0.75822000 0.64987000 0.69597000
0.78482000 0.50935000 0.67948000
0.80060000 0.64891000 0.87166000
0.95407000 0.55078000 0.88204000
0.92597000 0.62017000 0.99066000
0.95743000 0.53151000 0.75058000
0.79552000 0.52583000 0.99153000
0.94401000 0.74277000 0.78881000
0.99228000 0.64971000 0.98911000
0.75144000 0.74455000 0.89875000
0.93180000 0.50392000 0.68413000
0.77117000 0.57961000 0.68614000
0.76392000 0.58828000 0.78094000
0.77346000 0.74898000 0.81626000
0.91086000 0.77551000 0.21774000
0.90020000 0.93640000 0.32656000
0.90506000 0.81015000 0.03565000
0.81282000 0.96766000 0.02079000
0.90209000 0.75445000 0.09604000
0.95220000 0.80756000 0.11826000
0.97365000 0.88634000 0.14734000
0.79646000 0.85639000 0.19769000
0.99003000 0.98203000 0.22194000
0.92774000 0.88296000 0.03542000
0.80203000 0.80000000 0.24364000
0.94510000 0.92886000 0.26570000
0.92245000 0.95033000 0.06768000
0.87358000 0.91000000 0.20809000
0.78374000 0.82949000 0.06755000
0.82714000 0.94371000 0.25583000
0.83894000 0.84639000 0.29748000
0.89634000 0.84236000 0.20707000
0.99045000 0.81842000 0.18320000
0.84235000 0.76310000 0.13371000
0.91257000 0.97372000 0.20714000
0.83780000 0.86994000 0.05369000
0.85148000 0.85509000 0.13474000
0.79703000 0.96026000 0.18581000
0.91980000 0.85282000 0.29893000
0.86086000 0.93751000 0.09075000
0.96478000 0.98374000 0.12136000
0.87425000 0.95139000 0.00412000
0.98866000 0.86139000 0.25719000
0.99726000 0.95992000 0.03871000
0.83385000 0.76522000 0.01530000
0.78729000 0.95854000 0.32626000
0.91014000 0.92509000 0.41519000
0.98425000 0.85754000 0.45500000
0.87473000 0.75600000 0.47632000
0.86570000 0.79525000 0.34276000
0.94067000 0.89334000 0.56506000
0.91327000 0.81294000 0.44846000
0.86843000 0.95037000 0.65089000
0.90028000 0.78826000 0.60423000
0.87408000 0.87729000 0.55116000
0.80114000 0.80145000 0.37371000
0.77327000 0.93061000 0.59692000
0.93336000 0.97482000 0.47104000
0.86954000 0.88216000 0.36287000
0.81725000 0.90765000 0.48772000
0.81183000 0.79529000 0.50233000
0.81778000 0.96929000 0.45061000
0.99116000 0.75391000 0.39193000
0.98823000 0.92536000 0.36654000
0.80080000 0.87457000 0.57272000
0.90261000 0.94512000 0.58520000
0.97488000 0.92559000 0.50774000
0.96155000 0.80429000 0.52929000
0.99119000 0.87479000 0.62614000
0.76193000 0.75638000 0.43774000
0.96590000 0.95151000 0.62769000
0.79212000 0.89609000 0.36808000
0.81051000 0.81734000 0.66053000
0.97856000 0.85538000 0.36247000
0.76411000 0.87511000 0.44700000
0.75571000 0.94043000 0.41889000
0.95629000 0.80710000 0.65924000
0.88476000 0.88888000 0.66663000
0.75160000 0.82449000 0.56168000
0.94935000 0.99890000 0.36520000
0.97791000 0.91134000 0.91598000
0.80444000 0.93597000 0.85273000
0.89980000 0.91177000 0.92155000
0.82681000 0.75585000 0.72717000
0.90892000 0.78479000 0.72286000
0.79656000 0.83780000 0.88223000
0.80005000 0.89678000 0.92146000
0.95611000 0.78296000 0.93082000
0.79982000 0.96708000 0.92901000
0.85736000 0.88838000 0.79581000
0.89979000 0.84629000 0.93317000
0.86314000 0.96474000 0.75941000
0.91983000 0.80934000 0.85722000
0.85291000 0.87619000 0.97855000
0.98763000 0.85794000 0.87046000
0.87315000 0.76099000 0.88295000
0.99852000 0.78248000 0.82617000
0.87452000 0.84122000 0.73697000
0.82572000 0.79401000 0.82836000
0.99059000 0.88897000 0.99853000
0.81945000 0.76907000 0.93181000
0.95325000 0.90713000 0.71062000
0.85702000 0.98516000 0.88444000
0.91480000 0.92423000 0.84462000
0.76742000 0.83095000 0.79539000
0.80656000 0.92891000 0.68869000
0.96962000 0.91056000 0.78569000
0.79358000 0.99162000 0.72955000
0.98263000 0.96625000 0.82811000
0.90484000 0.99275000 0.94405000
0.75368000 0.77990000 0.71554000
