1 33
1 167
1 338
1 768
1 788
1 807
1 823
1 1133
1 1199
2 443
2 1116
2 1311
2 1443
2 1523
3 31
3 94
3 117
3 1218
3 1385
3 1459
4 242
4 838
4 886
4 993
4 1016
4 1290
4 1300
5 42
5 940
5 1363
5 1428
5 1429
6 318
6 327
6 421
6 858
7 113
7 364
7 502
7 508
7 1353
7 1413
8 143
8 272
8 561
8 939
8 1548
9 45
9 185
9 753
9 1024
9 1298
9 1376
10 175
10 474
10 678
10 891
10 920
10 1032
10 1351
10 1583
11 233
11 515
11 841
11 969
11 1041
11 1144
12 403
12 587
12 718
12 978
12 1285
13 700
13 763
13 851
13 1301
13 1320
14 294
14 550
14 1370
14 1451
15 340
15 392
15 737
15 860
15 1561
15 1572
16 198
16 571
16 678
16 920
16 969
16 1006
16 1041
16 1406
17 75
17 296
17 601
17 641
17 1195
17 1246
17 1323
18 88
18 212
18 248
18 416
18 795
18 854
18 958
18 1280
18 1514
19 461
19 487
19 747
19 818
19 1455
20 201
20 949
20 990
20 1069
20 1535
20 1553
21 101
21 150
21 296
21 1348
21 1479
21 1586
22 171
22 337
22 1544
22 1567
22 1608
23 533
23 837
23 889
23 895
23 1074
23 1201
23 1286
23 1481
24 182
24 483
24 531
24 1243
24 1491
24 1613
25 429
25 1110
25 1302
25 1392
25 1426
25 1554
26 222
26 585
26 988
26 1137
26 1521
27 131
27 313
27 743
27 1213
27 1306
27 1380
27 1527
28 80
28 103
28 165
28 173
28 201
28 672
29 292
29 354
29 369
29 384
29 453
29 750
29 1119
30 315
30 698
30 704
30 1170
30 1178
30 1428
31 94
31 117
31 220
31 605
31 1020
32 516
32 612
32 726
32 1140
32 1154
32 1161
33 146
33 167
33 193
33 256
33 387
33 420
33 788
33 1133
34 284
34 334
34 996
34 1129
34 1251
35 361
35 814
35 833
35 1318
36 68
36 269
36 273
36 516
36 726
36 1083
36 1147
36 1284
37 384
37 445
37 739
37 776
37 1151
38 65
38 266
38 488
38 660
38 1140
39 132
39 363
39 945
39 1044
39 1472
40 117
40 222
40 648
40 1270
40 1355
40 1600
41 346
41 571
41 953
41 1006
41 1104
41 1206
42 824
42 928
42 940
42 1262
43 289
43 624
43 655
43 760
43 780
43 893
43 894
43 1244
44 84
44 121
44 183
44 506
44 699
44 806
44 922
44 1011
44 1304
45 185
45 446
45 504
45 909
45 993
45 1024
45 1291
45 1494
46 47
46 273
46 368
46 966
46 1351
47 56
47 469
47 602
47 678
47 891
47 966
47 1351
48 265
48 266
48 285
48 950
48 1312
49 484
49 1235
49 1257
49 1266
49 1356
49 1377
49 1404
50 186
50 412
50 582
50 664
50 677
50 872
50 1218
50 1236
51 305
51 378
51 759
51 769
51 1171
51 1353
51 1533
51 1545
52 76
52 237
52 285
52 660
52 981
52 1396
53 62
53 207
53 214
53 460
53 560
53 868
53 871
53 1072
54 107
54 137
54 479
54 1013
54 1059
54 1601
55 491
55 703
55 717
55 1146
55 1266
55 1356
55 1487
56 602
56 774
56 945
56 1006
56 1371
56 1472
57 143
57 690
57 936
57 1023
57 1133
58 119
58 398
58 990
58 1439
58 1535
59 699
59 922
59 1011
59 1126
59 1300
60 210
60 337
60 858
60 1359
60 1448
61 558
61 864
61 881
61 1096
61 1165
61 1177
61 1342
62 460
62 525
62 871
62 1045
62 1618
63 82
63 575
63 593
63 779
63 1272
63 1501
63 1524
64 164
64 407
64 414
64 1395
64 1530
65 261
65 1154
65 1278
66 109
66 464
66 645
66 673
66 693
66 1557
67 274
67 552
67 1105
67 1411
67 1571
68 652
68 932
68 1083
68 1140
68 1284
69 277
69 458
69 516
69 597
69 730
69 863
69 938
69 1474
70 228
70 301
70 303
70 1179
70 1207
70 1216
71 202
71 253
71 1013
71 1062
71 1534
72 545
72 794
72 798
72 1129
72 1470
73 455
73 468
73 930
73 1047
73 1111
73 1591
74 151
74 276
74 556
74 896
74 1007
75 365
75 601
75 1184
75 1246
75 1323
75 1457
76 196
76 693
76 1033
76 1396
76 1557
77 93
77 174
77 302
77 462
77 1367
77 1596
78 312
78 573
78 1167
78 1223
78 1374
78 1478
79 349
79 628
79 719
79 1106
79 1272
79 1293
80 165
80 201
80 808
80 825
80 899
80 990
80 1438
81 106
81 197
81 459
81 832
81 915
81 1172
82 181
82 528
82 575
82 628
82 1272
83 121
83 126
83 275
83 699
83 782
83 1304
83 1528
84 506
84 536
84 715
84 727
84 786
84 1011
84 1078
84 1265
85 207
85 214
85 514
85 590
85 1004
85 1072
85 1452
86 366
86 499
86 745
86 963
86 1036
86 1281
86 1376
86 1419
86 1556
87 179
87 510
87 980
87 1160
87 1245
87 1333
87 1469
88 590
88 795
88 944
88 948
88 958
89 349
89 385
89 557
89 707
89 719
89 935
89 1131
89 1375
90 130
90 179
90 1245
90 1333
90 1349
90 1407
91 145
91 354
91 940
91 1363
91 1596
92 770
92 789
92 809
92 965
92 1249
92 1609
93 302
93 485
93 532
93 794
93 1378
94 125
94 539
94 710
94 1202
94 1459
94 1617
95 171
95 377
95 518
95 1441
95 1516
95 1608
96 223
96 486
96 1054
96 1082
96 1110
96 1296
97 250
97 400
97 563
97 951
97 1201
97 1256
98 658
98 952
98 1008
98 1252
98 1308
98 1347
98 1490
98 1523
99 208
99 767
99 901
99 948
99 1463
100 294
100 1264
100 1276
100 1306
101 594
101 1148
101 1348
101 1384
101 1411
101 1479
102 741
102 892
102 915
102 1432
103 165
103 245
103 503
103 1214
103 1372
103 1416
103 1449
104 486
104 716
104 719
104 1054
104 1082
104 1110
104 1293
104 1302
104 1554
105 156
105 216
105 272
105 740
105 1121
105 1548
106 202
106 595
106 755
107 394
107 479
107 737
107 1010
108 140
108 384
108 463
108 998
108 1259
108 1335
108 1492
109 232
109 464
109 660
109 673
109 693
109 979
109 1210
110 572
110 1027
110 1087
110 1167
110 1223
110 1263
110 1502
111 637
111 702
111 1139
111 1273
111 1275
111 1483
111 1497
112 478
112 1204
112 1276
112 1326
113 364
113 502
113 627
113 675
113 1240
114 366
114 380
114 536
114 721
114 786
114 1393
115 345
115 749
115 1284
115 1397
115 1423
116 355
116 1124
116 1418
116 1495
116 1582
117 220
117 615
117 1322
118 532
118 622
118 722
118 1360
118 1507
118 1596
119 1037
119 1439
119 1568
121 380
121 699
121 877
121 1126
122 541
122 565
122 781
122 992
122 1038
122 1224
122 1399
122 1461
123 331
123 706
123 901
123 926
123 1227
124 463
124 496
124 525
124 1277
124 1335
124 1394
125 569
125 633
125 756
125 805
125 1202
126 275
126 594
126 782
126 1348
126 1384
127 539
127 631
127 664
127 872
127 1202
127 1415
128 152
128 248
128 257
128 431
128 432
128 767
128 795
128 948
128 1574
129 828
129 883
129 1435
129 1577
129 1612
130 722
130 876
130 900
130 1349
130 1427
130 1539
131 668
131 861
131 1213
131 1401
131 1451
132 343
132 363
132 592
132 774
132 945
132 1294
133 424
133 794
133 1173
133 1345
133 1470
134 421
134 773
134 971
134 980
134 1156
134 1160
135 448
135 450
135 743
135 848
135 861
135 896
135 991
136 228
136 303
136 407
136 513
136 681
136 1231
137 411
137 452
137 841
137 1258
137 1601
138 359
138 404
138 470
138 756
138 1178
138 1265
139 439
139 1042
139 1135
139 1354
139 1399
139 1410
139 1448
139 1466
140 282
140 1259
140 1277
140 1335
141 209
141 297
141 406
141 1305
141 1464
142 144
142 376
142 425
142 563
142 837
142 1074
143 167
143 410
143 561
143 823
143 1023
143 1328
143 1548
144 563
144 608
144 836
144 897
144 916
144 1295
144 1598
145 596
145 680
145 940
145 1200
145 1507
146 193
146 256
146 387
146 645
146 667
146 1420
146 1465
147 624
147 1067
147 1244
147 1274
147 1422
147 1509
147 1551
147 1603
148 191
148 343
148 683
148 742
148 1068
148 1279
148 1489
149 445
149 848
149 1324
149 1352
149 1475
149 1492
150 642
150 1155
150 1444
150 1479
150 1485
150 1586
151 161
151 450
151 848
151 1169
151 1352
152 257
152 360
152 426
152 432
152 1217
152 1506
153 357
153 477
153 535
153 939
153 984
153 1048
153 1205
154 300
154 657
154 831
154 946
154 1233
154 1240
155 159
155 465
155 626
155 876
155 900
155 985
156 184
156 195
156 430
156 1008
156 1292
156 1548
157 344
157 433
157 852
157 976
157 1244
157 1330
158 481
158 733
158 747
158 768
158 807
158 1247
158 1501
159 465
159 589
159 800
159 856
159 925
159 1001
160 271
160 336
160 744
160 770
160 933
160 1532
161 162
161 635
161 967
161 1169
161 1352
162 335
162 635
162 822
162 1324
162 1352
162 1563
163 220
163 829
163 1188
163 1229
164 848
164 850
164 1395
165 245
165 386
165 1320
165 1372
166 241
166 459
166 580
166 903
166 1310
167 193
167 272
167 338
167 387
167 823
167 1023
168 664
168 1019
168 1148
168 1499
168 1550
169 177
169 667
169 691
169 830
169 1186
169 1350
169 1420
169 1454
170 336
170 551
170 854
170 1249
170 1280
170 1489
171 318
171 422
171 518
171 973
171 1434
171 1608
172 197
172 305
172 542
172 595
172 759
172 772
172 994
172 1482
173 388
173 517
173 610
173 670
173 808
174 525
174 636
174 1045
175 411
175 474
175 647
175 1351
176 288
176 457
176 497
176 531
176 697
176 820
176 1009
176 1473
176 1536
177 526
177 643
177 691
177 1031
177 1099
177 1186
177 1379
177 1420
178 197
178 458
178 730
178 759
178 783
178 994
178 1040
178 1496
179 577
179 1145
179 1407
179 1469
179 1490
180 243
180 286
180 773
180 1000
180 1185
180 1368
180 1537
181 365
181 626
181 628
181 779
181 900
181 1539
182 405
182 531
182 846
182 1087
182 1243
182 1581
183 705
183 806
183 1077
183 1202
183 1340
184 239
184 387
184 1023
184 1593
185 280
185 753
185 909
185 962
185 1386
185 1546
186 498
186 582
186 605
186 677
186 709
186 1019
186 1022
187 251
187 406
187 588
187 732
187 780
187 1296
187 1518
188 811
188 838
188 884
188 1300
188 1325
188 1552
189 287
189 419
189 794
189 943
189 1345
189 1361
190 316
190 383
190 548
190 576
190 736
190 907
190 1100
190 1173
190 1604
191 230
191 669
191 683
191 1071
191 1388
191 1489
191 1609
192 386
192 403
192 555
192 700
192 763
192 1026
192 1531
193 196
193 338
193 387
193 807
193 1033
193 1465
193 1557
194 662
194 740
194 764
194 802
194 1160
194 1292
194 1590
195 644
195 690
195 917
195 1008
195 1221
195 1548
196 240
196 807
196 855
196 1033
196 1168
197 595
197 810
198 678
198 1032
198 1267
198 1395
198 1406
199 360
199 449
199 546
199 723
199 1189
199 1332
200 267
200 491
200 694
200 709
200 734
200 1487
201 398
201 672
201 978
201 990
201 1069
201 1438
201 1439
202 253
202 288
202 755
202 1009
202 1132
203 409
203 617
203 712
203 1093
203 1128
203 1171
203 1334
204 416
204 1029
204 1238
204 1249
204 1362
204 1570
205 597
205 602
205 613
205 938
205 1118
205 1474
206 322
206 555
206 572
206 591
206 883
206 1223
206 1381
207 475
207 514
207 560
207 630
207 1072
207 1405
208 353
208 388
208 530
208 790
208 1358
209 406
209 789
209 801
209 992
209 1109
209 1307
209 1599
210 858
210 1255
210 1264
210 1587
210 1608
211 421
211 518
211 740
211 878
211 973
211 1121
211 1590
212 854
212 910
212 958
212 1002
212 1514
212 1522
212 1570
213 254
213 282
213 539
213 631
213 1051
213 1259
213 1499
214 1094
214 1253
214 1452
214 1618
215 265
215 818
215 981
215 1030
215 1140
216 971
216 1156
216 1308
217 588
217 933
217 1226
217 1532
217 1612
218 253
218 451
218 586
218 595
218 810
218 1172
218 1269
219 339
219 466
219 873
219 890
219 956
219 1003
219 1149
219 1339
219 1355
220 440
220 633
220 1020
221 685
221 797
221 827
221 937
221 1038
221 1053
222 638
222 648
222 1421
223 704
223 729
223 1082
223 1170
223 1178
223 1296
224 344
224 351
224 669
224 976
224 979
224 1210
225 230
225 390
225 683
225 843
225 1068
225 1341
225 1369
225 1585
226 308
226 509
226 549
226 781
226 937
226 962
226 989
226 1012
227 714
227 778
227 1056
227 1101
227 1122
227 1403
227 1435
227 1569
228 954
228 1017
228 1137
228 1207
229 317
229 610
229 791
229 906
229 1416
230 666
230 669
230 683
230 792
230 924
230 1071
230 1341
231 819
231 838
231 986
231 1016
231 1057
231 1186
231 1291
232 673
232 878
232 973
232 1121
232 1210
232 1278
233 288
233 447
233 515
233 531
233 888
233 1009
233 1132
233 1491
234 342
234 657
234 790
234 958
234 1034
234 1375
234 1468
235 381
235 430
235 658
235 764
235 815
235 917
235 1145
235 1414
236 241
236 472
236 597
236 1294
236 1332
237 261
237 981
237 1102
237 1112
237 1114
238 347
238 357
238 371
238 523
238 921
238 1181
238 1205
238 1564
238 1589
239 430
239 674
239 1330
239 1593
240 256
240 788
240 855
240 1033
240 1513
240 1543
240 1604
241 458
241 472
241 580
241 898
241 902
241 903
242 1126
242 1300
242 1303
242 1313
242 1528
243 713
243 1354
243 1486
244 392
244 463
244 496
244 998
244 1219
244 1228
245 1036
245 1190
245 1372
245 1416
245 1555
246 287
246 352
246 419
246 481
246 527
246 570
247 444
247 908
247 1097
247 1325
247 1552
247 1594
248 431
248 1280
249 341
249 432
249 918
249 1204
249 1217
249 1227
249 1391
249 1574
250 373
250 400
250 553
250 598
250 692
250 951
250 1201
251 297
251 404
251 454
251 655
251 805
252 274
252 341
252 478
252 607
252 1326
252 1573
253 319
253 595
253 772
253 1134
253 1269
253 1534
254 539
254 710
254 853
254 1120
254 1262
254 1617
255 616
255 640
255 905
255 1134
255 1343
255 1534
255 1611
256 278
256 420
256 788
256 1604
257 360
257 431
257 495
257 546
257 723
257 901
257 1574
258 373
258 692
258 885
258 951
258 1257
259 356
259 457
259 656
259 708
259 757
259 846
259 1075
259 1211
259 1419
260 503
260 672
260 697
260 718
260 1075
260 1242
260 1372
261 981
261 1102
261 1140
261 1154
262 291
262 970
262 1014
262 1046
262 1123
263 296
263 1183
263 1236
263 1309
263 1586
264 443
264 615
264 1000
264 1318
265 749
265 834
265 1312
265 1374
266 285
266 981
266 1088
267 952
267 1116
267 1149
267 1287
267 1484
267 1520
267 1523
268 559
268 791
268 955
268 960
268 1409
268 1416
268 1555
269 652
269 882
269 1104
269 1258
270 332
270 712
270 798
270 943
270 1338
270 1361
271 744
271 785
271 893
271 1226
272 387
272 859
272 1023
273 368
273 516
273 938
273 1474
274 379
274 639
274 696
274 1553
274 1573
275 640
275 1384
275 1540
275 1565
276 861
276 1401
277 863
277 1154
277 1440
277 1496
278 420
278 970
278 1133
278 1299
278 1493
279 500
279 568
279 671
279 765
279 775
279 931
279 1466
279 1599
279 1607
280 819
280 886
280 993
280 1016
280 1291
280 1386
281 429
281 799
281 855
281 1168
281 1543
282 998
282 1052
282 1228
282 1277
282 1580
283 308
283 538
283 543
283 1243
283 1610
283 1613
284 332
284 424
284 762
284 996
284 1477
285 468
285 660
285 693
285 950
286 847
286 1043
286 1537
287 419
287 738
287 761
287 803
287 1128
288 447
288 497
288 888
288 1009
288 1013
288 1536
289 744
289 780
289 874
289 893
289 925
289 1127
290 436
290 505
290 617
290 1089
290 1611
291 420
291 1123
291 1133
292 354
292 369
292 381
292 437
292 1163
292 1363
292 1437
293 316
293 332
293 424
293 762
293 1123
293 1345
293 1361
293 1470
294 865
294 1227
294 1276
294 1401
294 1451
295 741
295 1432
295 1483
295 1496
295 1579
296 641
296 646
296 941
296 1485
296 1586
297 406
297 454
297 655
297 829
297 1271
297 1464
298 469
298 687
298 849
298 936
298 1014
298 1472
299 359
299 512
299 904
299 914
299 968
299 1078
299 1409
300 702
300 946
300 1131
300 1139
300 1273
300 1424
300 1445
301 321
301 986
301 1016
301 1079
301 1290
302 532
302 1157
303 407
303 995
303 1058
303 1063
303 1079
303 1283
304 434
304 638
304 1229
304 1330
304 1389
304 1551
305 319
305 542
305 772
305 1171
305 1208
305 1488
305 1545
305 1605
306 372
306 581
306 721
306 1393
306 1556
307 566
307 695
307 708
307 757
307 892
307 1460
307 1547
307 1595
308 439
308 509
308 847
308 1243
308 1410
309 457
309 531
309 543
309 564
309 892
309 1009
309 1113
310 325
310 443
310 1116
310 1322
310 1469
310 1520
311 336
311 402
311 619
311 893
311 1127
312 749
312 826
312 834
312 1098
312 1374
312 1381
312 1426
313 599
313 840
313 1091
313 1213
313 1575
314 340
314 635
314 870
314 1228
314 1387
314 1475
314 1568
315 519
315 698
315 727
315 806
315 1549
316 907
316 1123
316 1153
316 1299
316 1345
317 906
317 960
317 961
317 1124
318 421
318 422
318 713
318 973
318 1156
319 542
319 595
319 772
319 820
319 1208
319 1456
320 324
320 334
320 456
320 996
320 1117
320 1450
321 1290
321 1295
321 1319
321 1357
321 1390
322 591
322 1285
322 1365
322 1403
323 368
323 1115
323 1152
323 1602
324 334
324 392
324 496
324 1101
325 582
325 600
325 603
325 833
325 1218
325 1236
325 1520
326 651
326 900
326 961
326 985
326 1001
326 1180
327 353
327 547
327 706
327 765
327 858
327 1215
327 1441
328 558
328 677
328 947
328 1444
328 1479
328 1597
329 330
329 544
329 568
329 931
329 1049
329 1050
329 1150
330 454
330 470
330 1049
330 1329
330 1398
330 1418
331 901
331 1227
331 1370
331 1574
331 1587
332 762
332 1046
333 351
333 377
333 546
333 619
333 1388
333 1519
333 1606
334 456
334 496
334 972
334 1039
335 822
335 864
335 881
335 942
335 1352
336 619
336 1071
336 1280
336 1388
337 538
337 1176
337 1197
337 1255
337 1544
337 1547
338 623
338 807
339 466
339 975
339 1216
339 1339
340 415
340 959
340 1228
340 1561
340 1568
340 1572
341 379
341 395
341 865
341 918
341 1204
341 1227
341 1573
342 657
342 831
342 944
342 1034
342 1240
343 529
343 742
343 1206
344 402
344 924
344 976
344 979
345 882
345 1115
345 1147
345 1315
345 1397
346 571
346 683
346 742
346 1206
346 1529
346 1585
347 623
347 859
347 921
347 1400
347 1564
348 409
348 425
348 895
348 913
348 1055
348 1074
348 1482
349 707
349 906
349 1106
349 1131
349 1175
350 510
350 833
350 1349
350 1469
351 518
351 878
351 1210
351 1606
352 481
352 788
352 1073
352 1123
353 389
353 471
353 547
353 706
354 462
354 1119
354 1363
354 1367
354 1596
355 362
355 955
355 1078
355 1309
355 1398
355 1409
355 1512
356 467
356 566
356 695
356 708
356 1211
356 1483
356 1497
357 584
357 869
357 939
357 1564
358 507
358 761
358 1288
359 519
359 715
359 904
359 968
359 1178
359 1265
360 431
360 472
360 495
360 1282
360 1332
360 1559
361 615
361 632
361 814
361 1188
361 1318
362 506
362 536
362 955
362 1078
362 1309
362 1393
363 540
363 1044
363 1566
364 663
364 1139
364 1353
364 1436
365 593
365 601
365 1166
365 1323
365 1457
365 1539
366 983
366 1298
366 1321
366 1376
366 1383
366 1556
367 555
367 828
367 883
367 1098
367 1223
367 1337
367 1382
367 1510
368 482
368 938
368 1046
368 1317
369 453
369 815
369 1125
369 1414
370 830
370 988
370 1138
370 1421
370 1593
371 614
371 746
371 869
371 983
371 1205
371 1321
371 1589
372 374
372 733
372 1247
372 1412
373 580
373 598
373 611
373 1222
373 1431
374 535
374 751
374 984
374 1162
374 1205
374 1383
374 1412
375 492
375 523
375 614
375 983
375 1344
375 1408
375 1589
376 425
376 563
376 586
376 810
377 767
377 839
377 1441
377 1606
378 1139
378 1275
378 1366
378 1545
378 1579
379 475
379 682
379 696
379 918
379 919
379 947
379 1346
379 1573
380 877
380 1126
380 1303
380 1393
380 1412
381 437
381 764
381 800
381 1103
381 1145
381 1163
381 1414
381 1422
382 698
382 796
382 928
382 1549
383 424
383 576
383 762
383 908
383 1153
384 731
384 776
384 1335
385 486
385 557
385 707
385 719
385 999
385 1054
385 1577
386 403
386 982
386 1320
386 1438
386 1569
387 645
387 1023
387 1557
388 610
388 670
388 790
389 839
389 1066
389 1442
390 476
390 1047
390 1095
390 1232
390 1369
390 1585
391 492
391 1106
391 1272
391 1408
391 1455
391 1524
391 1615
392 496
392 887
392 1228
392 1580
393 568
393 911
393 1007
393 1060
393 1109
393 1150
393 1599
394 537
394 737
394 860
394 1010
394 1059
394 1064
395 865
395 1237
395 1500
395 1573
396 622
396 717
396 1235
396 1367
396 1618
397 557
397 910
397 999
397 1002
397 1468
397 1522
397 1532
398 427
398 524
398 587
398 964
398 978
398 1439
398 1535
399 474
399 920
399 969
399 1032
399 1143
399 1614
400 553
400 598
400 692
400 734
400 817
400 1525
401 791
401 1106
401 1175
401 1214
401 1445
401 1615
402 852
402 893
402 1127
403 700
403 718
403 1365
403 1403
403 1569
404 470
404 1178
404 1296
404 1518
405 499
405 679
405 846
405 1281
405 1419
405 1471
405 1581
406 588
406 785
406 1150
407 414
407 1058
407 1283
408 566
408 579
408 1408
408 1497
408 1615
409 436
409 913
409 1018
409 1482
409 1605
410 629
410 649
410 1086
410 1328
411 882
411 996
412 677
412 872
412 1148
412 1183
412 1236
412 1415
412 1586
413 607
413 822
413 1165
413 1550
413 1597
414 681
414 724
414 1063
414 1267
415 754
415 974
415 1028
415 1561
416 854
416 1004
416 1570
417 663
417 1093
417 1171
417 1334
417 1353
417 1533
418 644
418 690
418 815
418 1142
418 1221
418 1417
419 570
419 761
419 1130
419 1378
420 788
420 1123
420 1133
420 1299
421 980
421 1160
421 1576
422 1434
422 1476
422 1486
423 571
423 840
423 912
423 1144
423 1527
424 762
424 1251
424 1470
425 1055
425 1074
425 1230
425 1481
425 1482
426 583
426 1076
426 1217
426 1431
426 1506
427 480
427 524
427 587
427 737
427 964
427 1343
427 1572
427 1578
427 1611
428 477
428 584
428 939
428 1048
428 1443
429 501
429 799
429 1392
429 1504
430 662
430 674
430 1221
430 1292
431 449
431 546
431 1489
431 1519
432 590
432 919
432 948
432 1217
432 1574
433 924
433 957
433 979
433 1389
433 1619
434 957
434 1350
434 1389
434 1421
435 526
435 1031
435 1108
435 1327
435 1511
435 1517
435 1543
436 617
436 640
436 748
436 913
436 1605
437 534
437 1163
437 1212
437 1363
437 1422
437 1437
437 1603
438 567
438 932
438 1088
438 1182
438 1263
439 538
439 711
439 1197
439 1354
439 1410
439 1486
440 585
440 638
440 1020
440 1067
441 539
441 605
441 835
441 1020
441 1065
441 1120
441 1499
441 1560
442 471
442 517
442 621
442 625
442 1050
442 1329
442 1505
443 1116
443 1270
443 1443
444 1059
444 1477
444 1588
444 1594
445 540
445 1044
445 1151
445 1324
445 1492
446 526
446 728
446 1136
446 1379
446 1494
446 1517
447 515
447 531
447 888
447 1087
447 1473
447 1536
448 529
448 848
448 850
448 987
449 546
449 669
449 1279
449 1388
449 1489
450 896
450 1029
450 1542
451 586
451 724
451 897
451 1143
451 1172
451 1269
451 1357
452 841
452 888
452 1336
452 1502
452 1601
453 1080
453 1125
453 1235
453 1417
454 632
454 1271
454 1508
455 468
455 693
455 1099
455 1591
456 1122
456 1450
457 531
457 846
457 1075
457 1113
457 1473
458 597
458 903
458 1040
458 1118
458 1496
459 810
459 1172
460 560
460 1025
460 1405
461 487
461 1302
461 1524
462 934
462 1119
462 1335
462 1367
463 731
463 777
463 1219
463 1335
464 674
464 957
464 976
464 1330
465 574
465 589
465 626
465 716
465 719
465 925
465 985
465 1054
466 873
466 1141
466 1179
466 1598
467 656
467 708
467 963
467 1190
467 1214
467 1419
467 1615
468 929
468 930
468 950
468 1111
468 1174
469 602
469 687
469 1014
469 1046
469 1317
470 756
470 1512
470 1518
471 547
471 621
471 625
471 879
471 961
472 495
472 898
472 1222
472 1431
472 1559
473 832
473 915
473 1255
473 1264
474 489
474 1032
474 1059
474 1614
475 514
475 590
475 918
475 919
476 781
476 1012
476 1047
476 1111
476 1182
476 1232
477 561
477 836
477 845
477 1086
477 1311
478 990
478 1204
478 1326
479 1010
479 1013
479 1578
480 524
480 1062
480 1089
480 1208
480 1239
480 1578
480 1611
481 570
481 768
481 1073
481 1130
481 1501
482 783
482 804
482 938
482 1152
482 1338
482 1533
483 515
483 567
483 1144
483 1232
484 583
484 866
484 1356
484 1377
484 1431
484 1525
485 604
485 934
485 1200
485 1378
486 1054
486 1098
486 1110
486 1293
486 1510
487 1168
487 1312
488 634
488 1068
488 1083
488 1369
488 1498
489 1032
489 1058
489 1063
489 1079
489 1319
489 1583
490 544
490 568
490 911
490 982
490 1438
490 1531
490 1541
491 694
491 717
491 793
491 1356
491 1444
491 1487
492 575
492 1248
492 1344
492 1556
493 821
493 929
493 1111
493 1174
493 1327
493 1478
494 867
494 1021
494 1142
494 1231
494 1417
494 1515
495 723
495 898
495 902
496 887
497 697
497 1062
497 1536
497 1578
498 605
498 881
498 890
498 1019
498 1022
498 1065
498 1560
499 661
499 679
499 1376
500 568
500 671
500 766
500 1060
500 1276
500 1599
501 698
501 736
501 796
501 799
501 1504
502 522
502 871
502 1072
502 1620
503 672
503 842
503 1187
503 1366
503 1449
504 526
504 661
504 821
504 844
504 1024
504 1108
505 552
505 617
505 784
505 1316
505 1571
506 1077
506 1078
506 1265
506 1309
506 1453
507 748
507 1155
507 1157
507 1288
507 1316
508 514
508 630
508 1072
508 1413
509 549
509 679
509 844
509 962
509 1243
510 980
510 1245
510 1318
510 1469
511 553
511 578
511 598
511 1085
511 1158
511 1172
511 1225
512 745
512 786
512 904
512 914
512 1036
513 873
513 942
513 956
513 1061
513 1480
513 1521
513 1530
514 590
514 688
515 567
515 1502
516 726
516 730
516 804
516 938
516 1474
517 625
517 808
517 825
517 899
518 973
518 1430
519 704
519 875
519 1178
519 1392
520 1087
520 1203
520 1263
520 1471
521 627
521 675
521 686
521 972
521 1241
521 1433
522 675
522 972
522 1039
522 1241
522 1394
523 614
523 921
523 1112
523 1344
523 1400
523 1408
523 1589
524 964
524 978
524 1069
524 1239
524 1242
525 731
525 871
525 1045
525 1335
525 1394
526 643
526 1031
526 1379
527 570
527 733
527 1196
527 1199
528 581
528 900
528 1457
529 742
529 945
529 1529
530 688
530 795
530 948
530 1034
530 1358
530 1391
531 1009
531 1473
532 1166
533 1040
533 1118
533 1286
533 1314
533 1481
534 1212
534 1363
534 1425
534 1429
534 1603
535 751
535 1199
535 1261
536 721
536 745
536 786
536 1078
536 1409
537 616
537 737
537 974
537 1070
537 1343
537 1561
538 1176
538 1197
538 1613
539 664
539 710
540 776
540 1151
540 1238
540 1492
540 1538
540 1566
541 666
541 792
541 843
541 992
541 1038
541 1619
542 759
542 1432
542 1456
542 1545
542 1579
543 564
543 757
543 892
543 1610
544 588
544 732
544 911
544 1150
544 1531
545 1093
545 1128
545 1288
545 1316
545 1620
546 723
546 767
546 1516
546 1519
547 621
547 879
547 980
547 1215
547 1442
548 604
548 736
548 907
548 1345
548 1378
548 1503
549 679
549 844
549 989
550 578
550 606
550 1158
550 1225
550 1237
550 1342
550 1451
551 1092
551 1220
551 1249
551 1489
551 1609
552 560
552 630
552 639
552 642
552 696
552 1411
552 1571
553 563
553 586
553 598
553 817
553 1141
554 665
554 916
554 1016
554 1216
554 1290
555 700
555 763
555 883
555 1027
555 1223
555 1337
555 1382
556 752
556 967
556 1326
556 1616
557 657
557 946
557 1375
557 1577
557 1584
558 709
558 1019
558 1096
558 1177
559 581
559 721
559 955
559 1248
560 630
560 868
560 1155
561 823
561 845
561 939
562 620
562 685
562 1600
563 1256
564 599
564 892
564 1176
564 1613
565 711
565 781
565 1012
565 1410
565 1461
566 695
566 708
566 1497
566 1595
567 1502
568 931
568 1050
568 1060
568 1150
568 1541
568 1599
569 805
569 1067
569 1170
569 1428
569 1429
569 1603
569 1617
570 733
570 761
570 1130
570 1184
571 912
571 953
571 1529
571 1585
572 749
572 932
572 1167
572 1381
572 1502
573 875
573 1297
573 1337
573 1478
574 716
574 729
574 925
574 1054
574 1082
574 1212
574 1425
575 581
575 1272
575 1524
576 1090
576 1100
576 1136
576 1153
576 1325
576 1604
577 658
577 703
577 722
577 1145
577 1146
577 1163
577 1407
578 606
578 1085
578 1342
579 702
579 1030
579 1455
579 1497
579 1615
580 1040
580 1314
581 1246
582 605
582 1022
582 1218
582 1322
583 606
583 611
583 1217
583 1431
583 1500
583 1525
584 713
584 859
584 939
584 1156
585 739
585 750
585 880
585 988
585 1020
585 1120
586 897
586 1172
587 778
587 1285
587 1572
588 732
588 965
588 1612
589 707
589 856
589 925
589 985
589 999
589 1001
590 919
590 948
590 1506
591 1122
591 1397
592 1076
592 1222
592 1294
592 1559
593 601
593 1130
593 1184
593 1373
593 1501
594 974
594 1070
594 1183
594 1209
594 1304
594 1415
595 772
595 810
596 680
596 698
596 704
596 1200
596 1425
596 1554
597 863
597 1118
597 1474
598 606
598 611
599 840
599 1091
599 1176
599 1491
599 1613
600 603
600 677
600 793
600 1236
600 1485
600 1586
601 761
601 1184
601 1323
602 1472
603 793
603 1407
603 1427
603 1487
603 1520
604 736
604 1173
604 1200
605 664
605 1560
606 611
606 725
606 1500
606 1525
607 618
607 967
607 1165
607 1573
608 836
608 916
608 1462
608 1467
609 631
609 705
609 974
609 1097
609 1209
611 898
611 1310
611 1431
612 637
612 726
612 730
612 1161
612 1191
612 1275
613 997
613 1222
613 1314
614 1268
614 1589
615 814
615 1000
615 1188
615 1318
615 1322
616 1064
616 1070
616 1343
616 1540
617 748
617 1089
617 1171
617 1334
617 1488
617 1605
618 959
618 1105
618 1568
619 839
619 1519
619 1606
620 819
620 1043
620 1053
621 931
621 1215
621 1329
622 703
622 717
622 1360
622 1592
622 1596
623 921
623 1396
624 655
624 729
624 780
624 805
624 894
624 1170
624 1603
625 808
625 825
625 1050
625 1607
626 628
626 680
626 716
626 876
626 1212
626 1539
627 1233
627 1315
627 1436
628 716
628 719
628 779
628 985
629 644
629 951
629 1086
629 1252
629 1257
629 1287
630 639
630 784
630 1072
630 1413
631 705
631 824
631 1051
631 1415
632 775
632 1042
632 1271
632 1464
632 1508
633 805
633 829
633 1508
634 1088
634 1095
634 1369
635 959
635 1475
635 1568
636 934
636 1035
636 1277
637 695
637 1102
637 1161
637 1191
637 1483
637 1497
638 1229
638 1421
638 1551
639 688
639 758
639 1413
639 1553
640 905
640 1018
640 1565
641 646
641 1195
642 696
642 1155
642 1411
642 1479
643 827
643 844
643 909
643 989
643 1099
643 1174
644 885
644 917
644 1257
644 1446
645 667
645 1350
645 1465
645 1557
646 1157
646 1323
646 1485
646 1592
647 762
647 891
647 1351
647 1583
647 1588
648 954
648 1137
648 1600
649 885
649 951
649 1286
649 1328
650 682
650 696
650 947
650 1025
650 1405
650 1444
651 879
651 1001
651 1066
651 1245
651 1333
652 932
652 1104
653 970
653 995
653 1090
653 1447
653 1493
654 714
654 813
654 1056
654 1101
654 1362
654 1435
654 1458
655 760
655 780
655 805
655 829
655 1274
656 1075
656 1190
656 1214
656 1281
656 1372
657 686
657 910
657 946
657 1240
657 1375
658 917
658 1145
658 1146
658 1446
658 1490
659 738
659 803
659 913
659 1055
659 1164
659 1196
659 1565
660 1278
661 679
661 787
661 821
661 1203
661 1471
662 674
662 764
662 852
662 1260
662 1414
663 769
663 1152
663 1353
663 1436
663 1533
665 1048
665 1467
666 789
666 792
666 801
666 843
666 1609
667 830
667 1350
667 1420
667 1454
667 1493
667 1593
668 1225
668 1364
668 1451
669 1388
670 688
670 949
670 1034
670 1187
670 1358
671 765
671 1359
671 1466
672 978
672 1069
672 1242
673 1121
674 740
674 852
674 1330
675 686
675 944
675 1240
676 738
676 782
676 1184
676 1195
676 1196
676 1412
677 1586
678 920
678 966
678 1006
679 1471
680 716
680 779
680 1200
680 1212
680 1373
680 1507
681 873
681 1063
681 1179
682 866
682 919
682 1346
682 1405
683 742
683 843
683 1068
683 1609
684 732
684 828
684 875
684 968
684 1296
684 1382
684 1518
685 771
685 797
685 1135
686 910
686 923
686 1240
687 891
687 1283
687 1371
687 1447
687 1472
688 918
688 1034
688 1553
689 941
689 1236
689 1495
689 1582
690 1221
691 819
691 827
691 909
691 1057
691 1186
691 1291
692 951
692 1287
692 1525
693 1557
694 725
694 734
694 1356
695 1191
695 1211
695 1483
695 1497
696 947
697 718
697 1242
698 1549
699 922
699 1209
699 1304
699 1528
700 1107
700 1301
700 1365
701 771
701 992
701 1038
701 1135
701 1307
701 1464
702 1139
702 1445
703 1125
703 1146
703 1360
704 1082
704 1110
704 1178
704 1392
704 1425
705 922
705 1209
705 1304
705 1340
706 765
706 926
706 1441
707 719
707 862
707 985
707 999
708 757
708 1419
709 1022
709 1096
709 1520
710 1202
710 1340
710 1428
710 1617
711 1359
711 1399
711 1410
711 1575
712 798
712 895
712 943
712 1093
712 1338
712 1533
713 773
713 1156
713 1476
713 1537
714 1056
714 1289
714 1435
714 1458
714 1562
715 727
715 728
715 786
715 904
715 1297
716 719
716 779
716 1082
716 1554
717 1025
718 978
718 1107
719 985
719 1054
720 1191
720 1567
720 1595
721 745
721 955
721 1248
721 1393
721 1556
722 876
722 1163
722 1507
723 1015
723 1516
723 1587
724 1085
724 1172
724 1267
725 734
725 1177
725 1346
725 1500
725 1525
726 804
726 1147
726 1161
726 1284
727 728
727 806
727 922
727 1011
727 1192
727 1265
728 1011
729 894
729 925
729 1170
729 1425
730 759
730 804
731 776
731 777
731 1335
731 1367
731 1618
732 1296
732 1518
732 1612
733 1184
733 1247
734 1096
734 1287
734 1484
734 1525
735 916
735 1081
735 1290
735 1402
735 1462
735 1467
736 796
736 799
736 907
736 1100
736 1503
737 1343
737 1572
738 761
738 1164
738 1196
739 750
739 835
739 867
739 880
739 1061
740 1292
740 1590
741 1191
741 1496
742 991
742 1092
742 1206
742 1529
743 861
743 912
743 991
743 1380
743 1527
744 999
744 1226
744 1532
745 1036
745 1409
746 753
746 869
746 1476
746 1537
747 921
747 1181
747 1247
747 1344
747 1524
748 1128
748 1316
749 932
749 1167
749 1374
749 1381
749 1423
750 853
750 880
750 1526
751 1181
751 1199
752 809
752 1007
752 1542
752 1562
752 1616
753 1321
753 1376
753 1546
754 964
754 1028
754 1105
754 1343
754 1572
754 1611
755 1091
755 1132
755 1143
755 1172
756 1385
756 1512
757 1419
757 1581
757 1610
758 949
758 1069
758 1239
758 1413
758 1535
758 1553
758 1571
759 769
759 994
759 1579
760 785
760 893
760 1244
760 1274
760 1305
762 1153
762 1588
763 914
763 1320
763 1382
763 1558
764 802
764 874
764 1103
764 1145
764 1414
765 858
765 1215
765 1448
766 801
766 992
766 1306
766 1307
766 1399
766 1466
766 1599
767 901
767 1463
767 1519
768 807
768 1199
769 804
769 1152
769 1275
769 1436
769 1533
770 854
770 933
770 1249
770 1458
771 829
771 1229
771 1305
771 1389
771 1464
772 1134
772 1208
772 1482
772 1605
773 1156
773 1443
774 945
774 1294
775 931
775 1042
775 1271
775 1307
775 1466
776 1151
776 1492
776 1538
777 812
777 1094
777 1254
777 1394
778 1037
778 1387
778 1403
779 1302
779 1373
779 1554
780 785
780 1226
781 937
781 1012
781 1038
781 1047
781 1619
782 1164
782 1195
782 1565
783 938
783 994
783 1118
783 1338
784 1316
784 1334
784 1413
785 893
786 1024
787 904
787 1027
787 1203
787 1297
787 1301
787 1337
788 807
788 907
788 1073
789 801
789 965
789 1109
790 862
790 1463
790 1468
791 963
791 1175
791 1214
791 1248
791 1416
792 924
793 1444
793 1487
794 1345
795 948
795 958
795 1002
795 1463
796 1100
796 1173
796 1192
796 1194
796 1504
797 1053
797 1135
797 1354
797 1368
797 1410
798 1093
798 1361
798 1470
798 1602
799 855
799 1331
799 1503
799 1554
800 874
800 894
800 1103
800 1212
800 1422
801 992
801 1109
802 1103
802 1145
802 1160
802 1333
803 889
803 913
803 943
803 1128
804 1147
804 1152
804 1275
805 1170
806 922
806 1265
806 1340
806 1549
808 825
808 1358
809 896
809 965
809 1007
809 1289
809 1542
811 1005
811 1198
811 1325
811 1588
812 1094
812 1238
812 1254
812 1452
812 1570
813 923
813 1241
813 1254
813 1362
813 1570
814 833
814 1218
814 1318
814 1385
814 1418
814 1508
815 917
815 1221
815 1414
815 1446
816 863
816 1083
816 1474
816 1498
817 1003
817 1141
817 1256
817 1484
817 1598
818 981
818 1030
818 1312
818 1455
819 954
819 1057
819 1216
820 1009
820 1113
820 1456
821 844
821 1108
821 1203
821 1478
822 881
822 1019
822 1065
822 1499
822 1550
823 1133
823 1328
824 928
824 1052
824 1340
825 899
825 1050
825 1541
826 1098
826 1193
826 1381
827 937
827 1053
827 1591
828 1510
829 1274
829 1464
829 1508
830 1057
830 1207
830 1454
831 1187
831 1234
831 1240
832 915
832 1091
832 1213
833 1218
833 1318
834 1030
834 1312
834 1374
834 1423
835 853
835 1061
835 1521
835 1563
836 1256
836 1311
836 1598
837 845
837 1074
837 1201
837 1261
837 1328
838 986
838 1016
838 1300
838 1325
838 1494
839 977
839 1066
839 1463
839 1576
839 1606
840 1091
840 1491
840 1527
841 888
841 920
841 1258
842 1234
842 1239
842 1242
842 1545
843 912
843 1224
843 1585
844 909
844 962
844 989
845 1086
845 1261
846 851
846 1281
846 1419
846 1473
847 962
848 861
848 1169
848 1352
849 936
849 1515
850 987
850 1044
850 1406
851 1107
851 1281
851 1301
851 1372
851 1471
851 1473
852 976
852 1244
852 1330
853 1120
853 1259
853 1262
854 1249
854 1280
854 1570
855 907
855 1073
855 1168
855 1331
855 1543
856 977
856 1001
856 1066
856 1127
857 927
857 1076
857 1080
857 1253
857 1377
857 1538
858 1441
858 1448
858 1608
859 939
859 1250
859 1564
860 887
860 1117
860 1580
860 1594
861 1169
861 1401
862 906
862 961
862 1001
863 1189
863 1498
864 1165
864 1237
864 1342
865 967
865 1237
865 1326
865 1401
866 1253
866 1356
866 1405
867 988
867 1061
867 1142
867 1231
868 871
868 1072
868 1288
868 1316
868 1620
869 1205
869 1386
869 1546
870 1056
870 1219
870 1362
870 1387
870 1542
871 1045
871 1072
871 1394
871 1620
872 1077
872 1236
872 1459
872 1582
873 956
873 1530
874 894
874 1127
875 904
875 1110
875 1337
875 1382
875 1392
875 1510
876 1103
876 1212
876 1507
876 1539
877 1183
877 1195
877 1246
877 1309
877 1393
878 976
878 1590
879 1245
879 1442
880 988
880 1509
881 890
881 942
881 1065
882 1115
882 1147
882 1336
883 1026
883 1435
884 1290
884 1390
884 1402
884 1528
884 1540
885 951
885 997
885 1257
886 993
886 1298
886 1303
886 1546
887 1035
887 1117
887 1277
887 1580
888 1013
888 1536
889 1074
889 1261
890 956
890 1003
890 1022
890 1096
890 1149
890 1355
891 1283
891 1351
891 1447
891 1583
892 1211
892 1432
892 1547
894 925
894 1422
894 1603
895 943
895 1074
895 1338
895 1481
896 1007
896 1109
897 1141
897 1179
897 1357
898 1310
898 1370
898 1431
899 1049
899 1050
899 1320
899 1555
900 985
900 1349
900 1457
900 1539
901 1441
901 1574
901 1587
902 903
903 915
903 1496
904 968
904 1297
904 1337
905 1018
905 1134
905 1230
905 1390
905 1534
906 961
906 1175
907 1073
907 1604
908 1035
908 1173
908 1194
908 1477
908 1594
909 962
909 1291
910 923
910 1522
910 1584
911 1289
911 1531
911 1562
912 1224
912 1380
912 1585
913 1018
913 1055
913 1128
914 968
914 1320
914 1409
914 1555
914 1558
917 1008
917 1221
917 1446
918 1391
918 1553
919 1217
919 1506
920 969
920 1032
920 1041
920 1258
921 1112
921 1181
921 1344
922 1011
922 1192
922 1549
923 1433
923 1435
923 1522
923 1584
924 979
924 1047
924 1341
924 1619
925 1054
927 1004
927 1076
927 1094
927 1506
927 1566
928 934
928 940
928 1052
928 1173
929 1088
929 1095
929 1111
929 1182
930 979
930 1047
930 1095
930 1341
931 1050
931 1271
931 1329
931 1607
932 1088
933 965
933 1289
933 1458
933 1612
934 940
935 1131
935 1293
935 1424
936 970
936 1014
937 989
937 1111
937 1591
938 1118
938 1317
938 1474
940 1363
941 1323
941 1427
941 1485
942 1065
942 1521
942 1530
943 1361
944 958
944 1514
945 1044
945 1406
946 1131
946 1233
946 1375
946 1424
946 1584
947 1177
947 1346
947 1597
948 1391
949 1069
949 1187
949 1234
949 1553
950 1174
950 1327
950 1511
951 1201
951 1257
952 1146
952 1469
952 1487
952 1520
953 1041
953 1104
953 1144
953 1585
954 1057
954 1207
954 1216
955 1246
955 1495
956 1137
956 1355
956 1521
956 1560
957 1330
957 1350
957 1591
958 1002
958 1034
959 1550
959 1568
960 1124
960 1505
962 1053
963 1036
963 1190
963 1214
963 1248
964 1105
964 1239
964 1535
964 1571
964 1611
965 1289
966 1006
966 1258
967 1326
968 1382
968 1518
968 1558
969 1132
970 1014
970 1447
971 1156
971 1160
971 1292
971 1347
971 1490
972 1039
972 1241
973 1250
973 1434
974 1070
974 1561
975 1043
975 1185
975 1600
976 979
977 1002
977 1463
977 1468
978 1439
979 1210
979 1341
980 1160
980 1442
982 1320
982 1438
982 1531
983 1321
983 1376
983 1383
983 1556
983 1589
984 1162
984 1205
984 1383
984 1467
984 1546
985 1001
986 995
986 1005
986 1079
987 1395
987 1406
987 1529
988 1017
988 1138
989 1111
990 1438
991 1092
992 1038
992 1307
992 1399
993 1291
993 1300
993 1313
993 1494
994 1482
995 1079
995 1207
995 1454
996 1115
997 1222
997 1404
998 1228
998 1259
998 1475
999 1054
999 1532
1000 1043
1000 1188
1000 1368
1001 1066
1002 1468
1003 1085
1003 1141
1003 1484
1004 1094
1004 1452
1004 1506
1005 1079
1005 1090
1005 1583
1005 1588
1007 1060
1007 1109
1008 1308
1008 1548
1010 1059
1010 1064
1010 1343
1010 1534
1010 1578
1011 1126
1011 1313
1012 1243
1012 1461
1014 1286
1015 1516
1015 1544
1015 1587
1016 1290
1017 1207
1017 1231
1018 1055
1018 1230
1018 1605
1019 1065
1020 1120
1020 1560
1021 1151
1021 1404
1021 1417
1021 1515
1022 1096
1022 1149
1022 1520
1023 1548
1024 1298
1024 1313
1025 1155
1025 1444
1025 1592
1026 1531
1026 1612
1027 1203
1027 1223
1027 1301
1027 1337
1028 1411
1028 1479
1028 1550
1028 1597
1029 1092
1029 1220
1029 1249
1030 1455
1031 1033
1031 1099
1031 1174
1031 1465
1031 1511
1031 1513
1031 1543
1032 1058
1032 1267
1033 1465
1033 1511
1035 1052
1035 1251
1035 1277
1035 1477
1035 1594
1036 1190
1036 1281
1037 1387
1037 1568
1037 1572
1038 1135
1038 1410
1038 1619
1039 1129
1039 1394
1040 1118
1041 1104
1041 1258
1042 1135
1042 1307
1042 1464
1043 1185
1043 1368
1043 1600
1045 1129
1045 1288
1045 1620
1046 1317
1046 1351
1047 1619
1048 1185
1049 1050
1049 1398
1049 1505
1049 1558
1050 1541
1050 1607
1051 1499
1051 1550
1052 1277
1052 1580
1052 1594
1054 1082
1055 1074
1055 1462
1056 1101
1056 1387
1056 1542
1056 1562
1057 1186
1057 1207
1058 1063
1058 1283
1058 1583
1059 1198
1059 1614
1060 1616
1061 1480
1061 1521
1062 1134
1062 1208
1062 1534
1062 1578
1063 1319
1063 1357
1064 1198
1064 1390
1064 1540
1064 1552
1065 1499
1065 1560
1065 1563
1066 1333
1066 1442
1066 1576
1067 1274
1067 1603
1067 1617
1068 1206
1068 1279
1068 1369
1069 1239
1069 1535
1070 1209
1070 1540
1071 1609
1073 1331
1073 1503
1074 1481
1075 1113
1075 1211
1075 1366
1076 1377
1076 1431
1076 1506
1076 1559
1077 1183
1077 1304
1077 1309
1077 1415
1077 1453
1078 1265
1078 1409
1078 1512
1079 1583
1080 1151
1080 1235
1080 1404
1080 1538
1081 1162
1081 1196
1081 1462
1082 1110
1082 1425
1082 1554
1083 1104
1084 1493
1085 1141
1086 1523
1087 1471
1087 1473
1089 1134
1089 1208
1089 1239
1089 1488
1089 1605
1089 1611
1090 1153
1090 1299
1091 1132
1091 1213
1091 1364
1091 1527
1092 1220
1092 1609
1093 1533
1093 1602
1094 1452
1094 1538
1095 1369
1096 1484
1097 1209
1097 1552
1097 1594
1098 1510
1099 1174
1099 1591
1100 1136
1100 1194
1100 1504
1100 1604
1101 1122
1101 1387
1101 1435
1102 1161
1102 1191
1102 1497
1103 1145
1103 1163
1104 1258
1105 1535
1106 1131
1106 1175
1106 1272
1107 1365
1107 1473
1107 1536
1108 1297
1108 1478
1110 1392
1110 1510
1111 1174
1111 1182
1112 1396
1112 1400
1113 1211
1113 1432
1113 1456
1114 1278
1114 1434
1116 1149
1116 1270
1116 1520
1117 1251
1117 1477
1119 1262
1119 1363
1120 1526
1120 1617
1122 1403
1122 1435
1123 1299
1123 1361
1124 1180
1124 1505
1125 1235
1125 1266
1125 1446
1126 1303
1126 1313
1129 1251
1130 1373
1130 1378
1130 1501
1130 1503
1131 1375
1131 1424
1131 1445
1132 1143
1132 1491
1134 1534
1134 1605
1135 1399
1135 1410
1136 1325
1136 1379
1136 1504
1136 1517
1137 1521
1138 1142
1138 1593
1139 1366
1141 1598
1142 1417
1142 1515
1143 1267
1144 1232
1145 1490
1146 1407
1146 1487
1147 1152
1147 1284
1147 1315
1148 1415
1148 1479
1149 1270
1149 1339
1149 1355
1149 1484
1150 1271
1150 1599
1152 1533
1152 1602
1153 1299
1154 1191
1154 1440
1155 1157
1155 1444
1156 1443
1157 1592
1158 1225
1158 1310
1159 1210
1159 1341
1160 1333
1160 1442
1160 1576
1160 1590
1162 1303
1162 1383
1162 1412
1164 1565
1165 1177
1165 1237
1165 1573
1166 1200
1166 1373
1166 1378
1166 1507
1167 1223
1167 1263
1167 1374
1167 1381
1168 1331
1168 1511
1169 1352
1169 1401
1170 1425
1170 1429
1170 1603
1171 1334
1171 1353
1171 1488
1171 1533
1174 1511
1175 1272
1176 1255
1176 1547
1176 1613
1177 1346
1179 1357
1180 1349
1181 1247
1181 1344
1181 1589
1182 1232
1183 1304
1183 1415
1186 1291
1186 1454
1187 1449
1188 1368
1189 1440
1190 1214
1190 1281
1190 1372
1192 1194
1192 1504
1192 1549
1193 1233
1193 1433
1193 1584
1196 1412
1197 1460
1197 1486
1198 1319
1198 1390
1198 1614
1199 1261
1200 1373
1200 1503
1201 1286
1201 1314
1201 1481
1202 1340
1202 1459
1203 1263
1203 1471
1203 1478
1204 1227
1204 1391
1205 1383
1205 1589
1206 1498
1207 1454
1208 1456
1208 1545
1209 1304
1210 1278
1211 1483
1212 1425
1213 1364
1213 1451
1214 1449
1215 1607
1217 1500
1218 1322
1219 1238
1219 1362
1219 1475
1220 1566
1222 1377
1222 1431
1223 1337
1223 1381
1224 1380
1224 1461
1225 1364
1227 1574
1230 1295
1231 1283
1233 1273
1234 1413
1235 1266
1236 1582
1236 1586
1237 1342
1239 1242
1239 1488
1241 1433
1243 1581
1244 1551
1245 1333
1245 1349
1245 1442
1246 1309
1246 1393
1246 1495
1247 1344
1247 1501
1247 1524
1248 1556
1250 1400
1250 1434
1251 1477
1252 1266
1252 1287
1253 1405
1253 1618
1254 1394
1254 1452
1255 1264
1255 1544
1256 1598
1257 1266
1257 1404
1259 1563
1260 1414
1260 1509
1260 1551
1262 1526
1263 1478
1264 1359
1265 1512
1266 1356
1266 1446
1267 1395
1268 1376
1268 1419
1268 1581
1268 1610
1269 1319
1270 1322
1270 1355
1271 1307
1271 1464
1271 1599
1272 1524
1273 1424
1273 1436
1275 1436
1276 1326
1278 1430
1278 1434
1279 1498
1280 1519
1281 1419
1282 1332
1282 1489
1282 1559
1282 1566
1283 1371
1284 1423
1285 1403
1285 1601
1286 1314
1287 1484
1287 1523
1288 1316
1288 1620
1289 1531
1289 1612
1291 1494
1292 1490
1293 1426
1295 1402
1298 1303
1298 1313
1298 1321
1298 1383
1298 1546
1299 1604
1300 1313
1300 1494
1301 1471
1302 1331
1302 1554
1303 1313
1303 1383
1304 1415
1306 1359
1306 1380
1306 1575
1307 1464
1307 1466
1307 1599
1308 1347
1308 1443
1309 1453
1309 1495
1309 1582
1310 1370
1311 1339
1311 1523
1312 1374
1315 1436
1316 1334
1317 1338
1319 1357
1319 1390
1319 1614
1320 1555
1320 1558
1321 1376
1321 1383
1321 1546
1324 1492
1324 1563
1327 1478
1327 1511
1329 1418
1329 1505
1330 1551
1331 1501
1331 1503
1332 1559
1334 1353
1336 1397
1336 1450
1337 1382
1339 1598
1340 1428
1340 1549
1341 1369
1343 1578
1343 1611
1344 1408
1344 1589
1345 1361
1345 1470
1346 1500
1347 1443
1347 1469
1347 1490
1348 1384
1350 1591
1353 1488
1354 1368
1354 1410
1354 1486
1355 1560
1358 1391
1359 1399
1359 1466
1360 1427
1360 1592
1361 1470
1362 1570
1363 1429
1363 1437
1365 1536
1367 1596
1367 1618
1369 1585
1370 1574
1371 1472
1373 1503
1375 1468
1377 1404
1377 1431
1379 1494
1379 1513
1379 1517
1380 1575
1383 1412
1383 1546
1385 1418
1385 1453
1385 1459
1385 1508
1385 1582
1386 1546
1388 1489
1388 1519
1389 1619
1395 1406
1397 1433
1398 1409
1398 1505
1398 1512
1398 1555
1399 1410
1399 1466
1400 1564
1401 1451
1402 1462
1403 1569
1406 1529
1407 1427
1407 1469
1408 1455
1408 1615
1409 1555
1411 1479
1411 1571
1414 1422
1414 1509
1416 1555
1418 1512
1419 1581
1420 1454
1420 1465
1420 1513
1422 1437
1422 1509
1422 1603
1428 1429
1429 1437
1429 1603
1430 1516
1430 1567
1435 1458
1437 1509
1437 1526
1437 1603
1438 1439
1439 1569
1440 1567
1442 1576
1445 1449
1448 1466
1450 1601
1452 1514
1453 1512
1453 1582
1454 1493
1456 1545
1457 1495
1457 1539
1458 1522
1460 1547
1460 1595
1460 1610
1465 1557
1473 1536
1475 1492
1476 1486
1476 1537
1476 1564
1477 1594
1479 1597
1483 1579
1485 1586
1485 1592
1486 1537
1487 1520
1488 1545
1491 1613
1499 1550
1499 1563
1501 1524
1504 1517
1507 1539
1509 1526
1509 1551
1511 1543
1513 1517
1513 1543
1513 1604
1514 1570
1516 1567
1516 1587
1516 1608
1517 1543
1518 1558
1521 1560
1522 1532
1522 1577
1526 1617
1528 1540
1531 1562
1532 1577
1535 1553
1540 1552
1544 1547
1544 1567
1561 1580
1562 1569
1575 1613
1576 1590
1576 1606
1577 1584
1581 1610
1587 1608
1590 1606
