0.81616010 0.52723244 0.47686868
0.07101224 0.50663083 0.70420536
0.29045503 0.48614255 0.93276051
0.76593595 0.54846173 0.94052784
0.40078549 0.53685598 0.22355263
0.11363641 0.25654188 0.68591192
0.52024829 0.92321391 0.56318761
0.95846355 0.48723421 0.56728041
0.77448434 0.36619623 0.92998753
0.83239374 0.82900413 0.15813370
0.84494656 -0.00663180 0.06575859
0.57399358 0.99805661 0.97029869
0.56527526 0.16878313 0.95542336
0.11588351 -0.05446423 0.76892105
0.50692385 0.83208947 0.06164069
0.91554335 0.91988471 0.13324223
0.51179636 0.53146228 0.68197628
0.29630828 0.02762453 0.43304026
0.72243455 0.32384087 0.44396193
0.44156949 1.00540203 0.78557147
0.45408319 0.65669756 0.77414443
-0.01042716 0.15594502 0.66293876
0.85857852 0.70330110 0.54237102
0.84599962 0.11675114 0.95037906
0.58619254 0.33590803 0.26919856
0.13417388 0.59083911 0.08910190
0.05404677 1.01212065 0.94452317
0.49688456 0.08950517 0.76992969
0.26662750 0.64100002 0.30311660
0.45296869 0.45293217 0.16388704
0.25477074 0.52968605 -0.02553050
0.82769118 0.04995485 0.45349295
0.85589942 0.51037912 0.39712672
0.59754779 0.80586904 0.29469091
0.29892087 0.38142227 0.78457169
0.79850692 0.98734767 0.33689825
0.20671592 0.72056691 0.24694560
0.88898932 0.15796870 0.34546047
1.04932761 0.81476240 0.29136619
0.12784086 0.51451819 0.95464181
0.94483808 0.99143195 0.23900893
0.41856174 0.60338734 0.18726586
0.26740936 0.33925713 0.24553289
0.54626822 0.51613322 0.94957755
0.77773560 0.42177565 0.00461150
0.83337480 0.85857391 0.28614524
0.89334473 0.82644778 0.27670177
0.78602769 0.24874879 0.30470526
0.15277704 0.73243789 0.50163032
0.33086074 0.56035343 0.87051486
0.67997507 0.92426055 0.61016253
0.85925157 0.26943690 0.42093305
0.39077270 0.80884654 0.50980225
0.68713879 0.88881687 0.07183944
0.23380773 0.64037588 0.58122305
0.95772221 0.85407824 0.28153069
0.93627464 0.57944884 0.40362702
0.41623540 0.95935754 0.88868048
0.63480216 0.55183003 0.00119421
0.06322395 0.18429022 0.80044862
0.18063479 0.75823428 0.85319943
0.39323113 0.74600518 0.46088196
0.58961707 0.39725273 0.49389617
0.03357722 0.80311810 0.02604792
0.91950028 0.14521389 0.42956280
0.96460463 0.35790451 0.36723415
0.42410749 0.83670539 0.78678144
0.78618296 0.06929484 0.31943106
0.86966264 0.95397504 0.47571972
0.93593103 0.62883033 0.01211285
0.75340716 0.86967530 0.91617135
0.59018161 0.74383754 0.41530137
0.94967005 0.28635589 0.20807702
0.22898916 -0.00558402 0.01148958
0.51117105 0.48089455 0.63531555
0.82175334 0.34287450 0.38602581
0.40770248 0.65500623 0.43293863
0.64206348 0.22945777 0.21285691
0.53671457 0.30873610 0.46388305
0.44307572 0.10663331 0.83571299
0.92479237 0.91577530 0.76626509
0.51701869 0.37031650 0.55686284
0.58747273 0.60139354 0.84956314
0.56644685 0.42576863 -0.02870992
0.33841924 0.90861964 0.49478265
0.67301026 0.30240314 0.83452890
0.21075487 0.40228066 0.61453932
0.32244943 1.00339954 0.50321466
0.48842130 0.21344477 0.45093945
0.29640707 0.42866033 0.55574898
0.39253777 0.55610025 0.36114170
0.23274351 0.07951581 0.19400142
0.49604256 0.63180675 0.44379025
0.31598929 0.50685834 0.03866285
0.08985692 0.19106570 0.59870298
0.44281356 0.28484365 0.26338609
0.99239300 0.67522896 0.63844150
0.12387520 0.53267359 0.59712426
0.24142104 0.10135829 0.61273745
0.13617718 0.04221788 0.86585609
0.48275994 0.70946947 0.83604949
0.90001534 1.01531647 0.72077574
0.54861924 0.13789745 0.75163675
0.51407826 0.31521151 0.35070247
0.01033518 0.42678266 0.48622701
0.86713058 0.93009671 0.80688495
0.61018650 0.86784860 0.05076623
0.32990755 0.75138603 0.20707964
0.97341167 0.28807557 0.36879962
0.69227625 0.13807351 0.09701098
0.68540187 0.08237211 0.56280528
0.27676634 0.04430025 0.82759174
0.53710282 0.93995927 0.48535247
0.62675491 0.41496064 0.85452045
0.67059065 0.05530866 0.32012191
0.39921754 0.38557246 0.81770801
0.20235967 0.48607300 0.93611658
0.39167730 0.56303514 0.50211998
0.40330445 -0.04988952 0.96916819
0.13932551 0.31925789 0.76831601
0.58856541 0.53375654 0.87110296
0.02392816 0.18262010 0.06084548
0.18305907 0.07578683 0.72666575
0.43195520 0.77560824 0.27719137
0.35096303 0.44417505 0.05828471
0.55398046 0.63866500 0.79074713
0.39077282 0.58520272 -0.01488537
0.21936976 0.02888701 0.53311371
0.47127812 0.12688731 0.22035101
0.36528936 0.47206137 0.56258925
0.09921458 0.95607821 0.92359174
0.06432972 0.87811021 0.32714404
0.58667089 0.65955090 0.33671695
0.12018465 0.35437597 0.64355623
0.14793975 0.98116673 0.08445829
0.00395991 0.70155549 0.06104151
0.73513074 0.91532428 0.16291507
0.44437656 0.40396616 0.05530683
0.08059934 0.24259399 0.89214144
0.38187466 0.70837742 0.20078088
0.19960931 0.26027519 0.09060972
0.87195138 0.68356269 0.68586574
0.95064420 0.55579614 0.50216756
0.89212388 0.66086470 0.78955016
0.45482419 0.51442326 0.35390781
0.89468576 0.49345191 0.32982530
0.23239550 0.42467058 0.21429531
0.09261124 0.03624591 0.31095219
0.20855969 0.84978386 0.13754384
0.40047922 0.67953788 0.71683812
0.23702180 0.91853658 0.05791150
0.17191634 0.95150389 0.53896471
0.87720302 0.48526836 0.69794087
0.54254764 1.06353605 0.51086909
0.37149311 0.37993488 0.47408079
0.04077025 0.47521151 0.44036958
0.11145772 0.32823206 0.25391996
0.70826908 0.43404467 0.50695956
0.32779101 0.33742734 0.43312799
0.29988670 0.14891706 0.30688458
0.24487892 0.86619445 0.98461347
0.25426070 0.78518195 0.02867645
0.16388041 0.41002254 0.99999828
0.09266700 0.84619479 0.04510777
0.52911264 0.12208339 0.85130384
0.96982818 0.88512325 0.65491732
0.89120679 0.48785521 0.46767748
0.33441511 0.67584306 0.91304422
0.93253504 0.46430214 0.16948603
0.21392943 0.05408860 0.34617520
0.02514330 0.21311964 0.62944214
0.76962761 0.88336256 0.67347632
0.42975870 0.13394076 0.72346381
0.46790346 0.70432306 0.36537078
0.76089661 0.81934112 0.17976808
0.71541064 0.02359883 0.88467421
0.85682815 0.42974025 0.13845327
0.84769824 0.91272843 0.58928756
0.22554937 0.45765548 0.57423564
0.05353578 0.36830472 0.78980608
0.48469119 0.41922055 0.51567848
0.78497633 0.15817443 0.91237423
0.47013250 0.52415219 0.99417878
-0.00313441 0.48798487 0.37574446
0.84092696 0.40474020 0.93227756
0.27015239 0.62399667 0.84998786
0.34953940 0.26534281 0.12215939
0.72515834 0.62564080 0.00935271
0.63864842 0.66501173 0.49286495
0.66612722 0.58349193 0.27661346
0.12796495 0.10154726 0.30207108
0.51758399 0.12947725 0.05055686
0.84759006 0.44170307 0.39155562
0.15780381 0.38359970 0.44511905
1.04182957 0.56235148 0.45722488
0.76374495 0.41632886 0.38939025
0.85830454 0.90416076 0.68415191
0.95125525 0.86218785 0.08732129
0.04617232 0.04004136 0.48094482
0.18686485 0.65630754 0.68593718
0.47723008 0.03169228 0.85746093
0.80676445 0.92100099 0.88852989
0.65714987 0.78950407 0.59156801
0.28182386 0.96240379 0.25055120
0.91867205 0.85877550 0.41333174
0.60360346 0.09726396 0.14224906
0.36063480 0.84659079 0.56577747
0.31412928 0.12034860 0.65567770
0.19556859 0.19503273 0.06826905
0.08404720 0.12326889 0.74863397
0.07741396 0.31540200 0.51841553
0.35140526 0.04875505 0.37726306
0.35348758 0.67041748 0.06667128
0.32392328 0.84376252 0.45735504
0.77153633 0.16319505 0.40242543
0.03939454 0.41862572 0.55947736
0.37968680 0.18011149 0.23544865
0.85855174 0.83478929 0.80910853
0.06713635 0.61687462 0.87809796
0.21063761 0.47322633 0.02749102
0.99998091 0.33366714 1.03083735
0.11323559 0.51583536 0.04627595
0.41871442 0.34393006 0.21359795
0.08392105 0.21911692 0.36178258
1.03666782 0.12585235 0.20094415
0.91690058 0.28336122 0.01097243
0.46886668 -0.00185129 0.10949399
0.01725073 0.62646373 0.03940336
0.49209199 0.21709176 0.67668235
0.09561723 0.15514916 0.23064683
0.86456360 0.54701470 0.05324842
0.98994644 0.28060075 0.44953185
0.81789180 1.00173280 0.97495553
0.42771664 0.09639887 0.54509746
0.18685242 0.51436532 0.41586215
0.01389949 0.92683348 0.46973276
0.83487976 0.22159484 0.50106096
0.83079087 0.38505462 0.64320065
0.05150551 0.46089712 0.31055268
0.77631613 0.46470662 0.30690595
-0.01109083 0.90003867 0.55561845
0.70549404 0.55149264 0.90353300
0.03294045 0.29387587 0.77156751
0.39202905 0.83138319 0.17849618
0.54355597 0.18624876 0.82885838
0.68865770 0.58078042 0.52226366
0.64990732 0.66113964 0.09140125
0.21570676 1.00930134 0.45075605
0.24278226 0.96901748 0.67308306
0.99323308 0.74538134 0.64096461
0.32790541 0.33951538 0.08763467
0.32661341 0.93260281 0.81847371
0.76852729 0.85008388 0.82919104
0.34391407 0.61723130 0.10757671
0.63446362 0.77867948 0.84362834
0.80810992 0.52312622 0.33348045
0.13583848 0.02946548 0.55907977
0.06106776 0.74448653 0.55081770
0.73149337 0.13909760 0.78714892
0.61892433 0.05591324 0.80818889
0.85991535 0.15329333 0.47256476
0.80353765 0.68779334 0.37634991
0.44816657 0.54378860 0.77912199
0.14722702 0.42754126 0.77277125
0.73420134 0.18446500 0.33188160
0.83287507 0.20028067 0.32432865
0.13301971 0.60150582 0.71720963
0.51861872 0.29174311 0.78361324
0.76744701 0.97031187 0.26396944
0.74186510 0.75030819 0.42577402
0.28091853 0.20554160 0.25345872
0.94111347 0.44020556 0.49473738
0.81037268 0.91077951 0.35896495
0.35419573 0.88425684 0.76284128
0.63352022 0.67147694 0.82078305
0.17506399 1.02308481 0.98119591
0.89886450 1.02087260 0.52951310
0.83842156 0.59435387 0.32094105
0.22311124 0.18372255 0.87887888
0.86985241 0.49387143 0.94682910
0.66266154 0.39876464 0.26290708
0.41268470 0.72331352 0.12065128
0.88335995 0.18139350 0.86713414
0.67412821 0.76923855 0.24200106
0.87473711 0.26416994 0.32406481
0.96989413 0.38418575 0.83377285
0.64901622 0.63958523 0.57158473
0.74576867 -0.02597935 0.94824591
0.28233609 0.29385654 0.31321118
0.57263092 0.79583626 0.75507258
0.82044217 0.63124740 0.44056962
0.27567738 0.56176901 0.33830322
0.69702725 0.69202950 0.34151345
0.16997851 -0.01278268 0.82428436
0.81494078 0.01824290 0.64170331
0.46189111 0.59064640 0.72202814
0.25189632 0.30225746 0.07760533
0.94579288 0.71949197 0.34570680
0.53543032 0.31759898 -0.02825605
0.58396902 0.11788090 0.53313589
0.85393906 0.65235771 0.01412907
0.44819132 0.66953155 0.50247197
0.93444903 0.69691607 0.08744626
0.11306006 0.40122308 0.16845465
0.69565570 0.88322156 0.69388226
0.63042585 0.41434573 0.71609130
0.83909065 0.15578014 0.70346581
0.93286331 0.24888299 0.91137779
0.79996058 0.06332573 0.83613195
0.20791396 0.50994640 0.76192323
0.20766678 0.22712213 0.35069853
0.62475866 0.18294069 0.29952107
0.98954755 0.03614845 0.89918319
0.36512752 0.87071559 0.07400034
0.52248328 0.44420543 0.11978072
0.69741893 0.61823740 0.33131191
0.45130877 0.28558233 0.68476263
0.04948000 0.28621187 0.62957399
0.74533336 0.92379705 0.77642493
0.57474678 0.87008174 0.17869346
0.82564984 0.69118447 0.93316649
0.62031300 0.03704374 0.10708534
0.68336320 0.85768070 0.35346498
0.49528144 0.88382157 0.18452392
0.28474198 0.52574007 0.76372719
0.39018459 0.33648125 0.61483933
0.18771628 0.22602656 0.68628067
0.31746950 0.71044238 0.77995595
0.34234536 0.22479541 -0.03600675
0.36138344 0.29910237 0.93343991
0.11612567 0.04229268 0.69831476
0.73031945 0.75780595 0.32383221
0.13973045 0.16181046 0.46047433
0.53539423 0.86107159 0.26548590
0.18787318 0.78456499 0.98337832
0.21983821 0.13550885 0.33173570
0.98722296 0.14225378 0.77445232
0.82743076 0.43480198 0.48923304
1.00273955 0.56793218 0.89989122
0.43331478 0.83045182 1.00904077
0.25697399 0.93749623 0.74330129
0.43923498 0.01680796 0.53941761
0.07102509 0.95958216 0.29976162
0.10682323 0.25622581 0.29915124
0.65126523 -0.03418808 0.32798531
0.02832490 0.02413059 0.19384792
0.86937332 0.36889806 0.57751181
0.76469345 0.74525398 0.61589808
0.50258234 0.24727936 0.52650334
0.28539305 0.44647524 0.69552906
0.09002893 0.21598780 0.45226202
0.70496631 0.56376905 0.43947560
0.27594083 0.19783671 0.67460525
0.32394175 0.61426301 0.35178602
0.46938625 0.37617695 0.84201630
0.72426850 0.14119486 0.68710360
0.89866003 0.40703139 0.68023256
0.55042064 0.65535146 0.57129504
0.51822434 0.35484425 0.04619106
0.12003100 0.99426675 0.48600796
0.22924151 0.35025096 0.84720105
0.52768694 0.41588403 0.85695603
0.12380246 0.85255721 0.28562533
0.58775170 0.97221854 0.56385442
0.50547278 0.47557504 0.55192226
0.68848782 0.38421938 0.83759847
0.55078891 0.19220415 0.16724086
0.77169033 0.84438513 0.37201261
0.21152062 0.58326349 0.33357940
0.04332781 0.51773291 0.20262103
0.81230053 0.36625517 0.75149738
0.68470064 0.45276605 0.66955808
0.04498603 0.80473322 0.57898242
0.75434427 0.47506137 0.68918726
0.72271985 0.30189014 0.68002653
0.88606852 0.77173128 0.71151180
0.17455321 0.19066093 0.55388810
0.67045927 0.99351589 0.62955641
0.30019765 0.86783934 0.69249127
0.63881291 0.49638164 0.81769332
0.24995161 0.47821546 0.37480355
0.50788327 0.53990397 0.19535850
0.66880098 0.64425938 0.21780018
0.28310186 0.71650285 0.27670044
0.46593466 0.22312466 0.37222866
0.49933103 0.09399889 0.95173173
0.93260133 0.45726855 0.40991499
0.38018828 0.14118095 0.64893891
0.27388869 0.23091084 0.59153873
0.96748376 0.14167696 0.15554515
0.65292890 0.29131930 0.55137781
0.45633515 0.81266805 0.13725860
0.27719934 0.13096308 1.02227087
0.62108338 0.79328649 0.03417273
0.20895576 0.89947252 0.76648143
0.30089395 0.69411121 0.48652670
0.39711910 0.14876598 0.41761456
0.49404923 -0.05479623 0.89311121
0.82380288 0.85968496 0.03019302
0.04857756 0.73613465 0.69345551
0.58773712 0.23041035 0.63199474
0.17389496 0.28907777 0.35094327
0.53974490 0.05855713 1.00450558
0.40966855 0.34367263 0.09889371
0.72831213 0.22532219 0.89141791
0.27260193 0.23737917 0.11218325
0.98671457 0.75979459 0.09523454
0.75059747 0.21396244 0.58341218
0.70801260 0.78208298 0.66565383
0.98710859 0.60035299 0.54339768
0.72214205 0.86272787 0.24327851
0.39596485 0.60054066 0.85543005
0.29974111 0.78750313 0.88371944
0.97202506 0.77582420 -0.00267667
0.45605477 0.78713616 0.94661951
0.27310378 0.96931017 0.35466491
0.60614450 0.86638918 0.53289665
0.09733828 0.64093091 0.37656565
0.61649895 0.57959606 0.50061974
0.79277193 0.57692458 0.38214932
0.12684822 0.29197505 0.59357970
-0.02954686 0.25636626 0.67636389
0.95409245 1.00504112 0.04906012
0.63474094 0.70393937 0.29245486
0.81250893 0.74632359 0.67922205
0.16471362 0.89097494 0.56457862
0.56541776 0.88708418 0.92652133
0.97712718 0.47485359 0.68414632
0.61070244 0.40243174 0.21053257
0.10105902 0.48376762 0.40174074
0.16102986 0.05214067 0.46998363
0.23410562 0.97097935 0.59290310
0.05028637 0.31653656 0.21647991
0.04294437 0.41760806 0.15556955
0.73954485 0.37196426 0.18850620
0.62763890 0.74545042 0.71367392
0.30838291 0.49723137 0.32761336
0.79112048 0.12979001 0.17695976
0.99414604 0.22818785 0.86518262
0.20268419 0.49885739 0.12181592
0.26236823 0.62502374 0.03550285
0.35610467 0.24622115 0.78843540
0.12640876 0.48501797 0.74311625
0.66098493 0.73444491 0.11698048
0.16278018 0.79326217 0.20755809
0.72097582 0.44654260 0.09078909
0.74700391 0.06074901 0.98808744
0.12661525 0.91605779 0.13879315
1.07745681 0.08712975 0.43123042
0.21986505 0.96563259 0.12154322
0.88675409 0.79231507 0.89768156
0.72123800 0.98415610 0.12451474
0.20280769 0.67381991 0.35105685
0.31542352 0.31435710 0.99567740
0.92238646 0.33373314 0.25516480
0.56779383 0.93536912 0.23586974
0.73033998 0.08689462 0.85506949
0.90810841 0.91834518 0.55133946
0.93638244 0.85644469 0.73621556
0.38360934 0.74381384 0.53559602
0.63913391 0.33090592 0.43158382
0.38530729 0.65670849 0.32514917
0.36006447 0.79691686 0.25424086
0.02869576 0.36235019 0.33787399
0.40792405 0.33736157 0.39981158
0.00465579 0.63684466 0.90480541
0.66428741 0.20255481 0.71746091
0.88119911 0.27944741 0.23633359
0.88252597 0.76942188 0.34151202
0.41119976 0.34508685 -0.00340830
0.32522804 0.25223313 0.70578335
0.07586996 0.91433123 0.51897311
0.01564800 0.01478430 0.76884875
0.78058821 0.82623751 0.09431566
0.32437975 0.90711993 0.62873799
0.92361018 0.20524456 0.10929455
0.95378204 0.53865535 0.68130563
0.32908584 0.00187248 0.81388318
0.66126925 0.88281249 -0.00897417
0.61589620 0.89616190 0.83174653
0.68534671 0.50386210 0.47804970
0.74540870 0.86552654 0.46907865
0.83930516 0.10535820 0.03329234
0.15567765 0.79070869 0.58830560
0.50689335 0.59813968 0.37244022
0.51325978 0.23681268 0.31326583
0.68782110 0.31276709 0.37232436
0.92722868 0.07869293 0.32365204
0.83370188 0.75081709 0.06688290
0.35981732 0.12547030 0.95874891
0.25766687 0.67596444 0.64180712
0.63799773 0.33098919 0.64806126
0.79063739 0.28479399 0.16195698
0.09444954 0.70866459 0.23312291
0.07600883 0.97429766 0.56998804
0.47443571 0.82893726 0.23156996
0.66143800 -0.03391432 0.92516638
0.20920785 0.65354147 0.92433134
0.71130016 0.29276672 0.91369197
0.22024978 0.10846301 0.92747572
0.58041573 0.47428329 0.22203282
0.49582495 0.87447994 0.47228673
0.58257365 0.07331475 0.71098809
0.74528784 0.34937222 0.04195543
0.51747986 0.80168590 0.69026282
0.51900382 0.46356616 0.91290006
0.49919249 0.71663218 0.61298881
0.44446725 0.92322077 0.56368350
0.84554271 0.27707233 0.95045719
0.22080409 0.38578898 0.69646379
0.01481464 0.81383196 0.79249677
0.59569710 0.29145813 0.96203853
0.08422370 0.70408358 0.03617415
0.36920265 0.93423852 0.57978777
0.79996491 0.04983751 0.04497136
0.80924859 0.96432853 0.41489224
0.40651472 0.18499995 0.75980667
0.06770258 0.22948547 0.52900488
0.53444755 0.36857968 0.13055908
0.76806541 0.19224362 1.05669895
0.54219658 0.98929977 0.37436005
0.47568571 0.89645086 0.39308435
0.79559657 0.30781908 0.61990721
0.56229082 0.94132717 0.83675911
0.41642619 0.76651716 0.36722127
0.78280967 0.40266259 0.12414158
0.71542900 0.54917507 0.59823055
0.48593236 0.38665417 0.62524393
0.08172813 0.92287852 0.22075886
0.34007103 0.04265566 0.61652896
0.78912214 0.07874338 0.92094125
0.45716144 0.59857725 0.51041796
0.87875950 0.79257363 0.51413501
0.37355833 0.46861321 0.31045264
0.82420402 0.53077007 0.65616772
0.57815280 0.37861683 0.89187524
0.55685548 0.75161358 -0.01637676
0.94163279 0.15302033 0.83849015
0.33699059 0.58929356 0.02966870
0.19682059 0.82443187 0.29589081
0.08416828 0.18256268 0.11413786
0.74386555 0.94986995 0.69916335
0.84532433 0.13443825 0.82166252
0.36695523 0.18507989 0.04246465
0.58944011 0.75540934 0.50576856
0.11502863 0.09454055 0.51390886
0.24302743 0.27875791 0.69395327
0.61645330 0.56696112 0.35312109
0.83656713 0.26467345 0.02948599
0.11224670 0.87827313 0.79439551
0.18910737 1.02594036 0.28761931
0.42354855 0.81423997 0.69540710
0.97918207 0.74757181 0.74328648
0.87786691 0.58899417 0.91406432
0.56972322 0.15284904 0.08885775
0.30362506 -0.03047928 0.97222280
0.46695639 0.15475958 0.42282932
0.25372821 0.71344189 0.81471753
0.55179002 0.34526337 0.71120633
0.41907359 0.77998238 0.59236350
0.91151185 0.53205396 0.58731079
0.06558766 0.42729268 -0.00193680
0.93455090 0.69360107 0.71697812
0.87442473 0.06334536 0.83090267
0.96817953 0.18440827 0.99157237
0.79392276 0.17885395 0.63881233
0.78688723 0.08297799 0.11558369
0.28226473 0.16448473 0.94764457
0.33576000 0.46529238 0.14699473
0.64686568 0.53191494 0.55864290
0.97348471 0.99173401 0.13303648
0.68949879 0.09077536 0.17736763
0.62193076 0.28915833 0.17420218
0.41302794 0.37413691 0.33283519
0.58504393 0.37508156 0.57951840
0.72436068 0.59807040 0.19319728
0.26628983 0.51584766 0.51401012
0.08780487 0.79472085 0.77788043
0.67363477 0.18282187 0.54990603
0.97279319 0.82365038 0.58025847
0.57125799 0.40795027 0.66238650
0.24877726 0.55343716 0.85597297
0.15416440 0.84885197 0.62255066
0.97137715 0.40845139 0.66225012
0.18546080 0.57795722 0.13902233
0.91915168 0.77379119 0.80385375
0.54769112 0.93315571 -0.01222003
0.33421642 0.19578852 0.13937037
0.37673202 0.27648264 0.43170402
0.30397228 0.94854718 0.55194995
0.58201885 0.03097964 0.18590911
0.08897537 0.85740410 0.42062661
0.57536337 0.46667341 0.53240288
0.50954463 0.65629486 0.88371515
0.82722409 0.88565113 0.76099617
0.49990322 0.45126929 0.29157083
0.93679667 0.92344684 0.44726674
0.02025984 0.80333595 0.68511856
0.91670443 1.02000279 0.88203335
0.34248673 0.57499909 0.73807941
0.53925462 0.53053931 0.57229442
0.92537472 0.82705259 0.34670486
0.29419150 0.55360944 0.67460952
0.55503418 0.56496589 0.32183622
0.24938628 0.59834373 0.94393362
0.10324510 0.82114981 0.70373084
0.29567161 0.86892013 0.86844427
0.86411551 0.60130899 0.75816916
0.50583791 0.65572923 0.02788763
0.45829285 0.17557236 0.62988926
0.07133157 0.85657182 0.65459622
0.78452437 0.02918001 0.51386949
0.98700808 0.80714735 0.44692742
0.80121401 0.29066109 0.70898073
0.20078437 0.43118365 0.86760524
0.61919981 0.74558972 0.92342813
0.61242999 0.81739775 0.68185116
0.37524595 0.86484701 0.89812786
0.20385441 0.17764310 0.41615589
0.97942491 0.45824313 -0.03839439
0.28286093 0.27986732 0.78555863
0.34024712 0.64208780 0.51851546
0.86230311 0.38157648 0.50253822
0.31210197 0.38021951 0.21239436
0.32875598 0.18475846 0.77183840
0.43239394 0.41227830 0.45055577
0.58195691 0.99286198 0.43499274
0.48072781 0.36186968 0.48145418
0.06152355 0.62518917 0.56217999
0.43119913 0.86368274 0.61405434
0.43180022 0.64314915 0.03626676
0.22519528 0.31629478 0.95258478
0.26552781 0.41451099 0.02948132
0.87153939 0.10545071 0.23848543
0.30388999 0.84340634 0.01323678
0.48628085 0.69214069 0.27851437
0.76588984 0.09202621 0.55869984
0.13521031 0.48766809 0.14005702
0.41332850 0.90247044 0.67897241
0.66325869 0.72156397 0.77838436
0.51631988 0.60012995 0.67145313
0.42053988 0.75259704 0.73255440
0.86399481 0.35477420 0.09761585
0.08749015 0.63350882 0.46566932
0.94171392 0.42528203 0.30526473
0.45605774 0.61623854 0.62679173
0.77598616 0.75466624 0.19878765
0.06146925 0.52472971 0.98469571
0.96249356 0.65982589 0.48913676
0.31840570 0.75437010 0.65617756
0.32303697 0.33063112 0.58687973
0.78947814 0.03646509 0.23304860
0.86350226 0.63964217 0.22233113
0.40427012 -0.00953378 0.20202461
0.26676580 0.33997022 0.14645292
0.65775993 0.14587849 0.78013726
0.45939697 0.07338220 0.46702464
0.17942366 0.53635140 0.50802003
0.69780556 0.63922546 0.67817306
0.91581723 0.23593698 0.39502498
0.70839590 0.27115283 0.01601635
0.14583125 0.42965416 0.35401216
0.63404727 0.92273141 0.50250050
0.32417615 0.60722629 -0.05539268
0.90705709 0.53538182 0.83609942
0.14915911 0.12680542 0.15503104
0.93601555 0.50315221 0.24842930
0.08568583 0.87880705 0.92758857
0.08647016 0.14379992 0.34007039
0.42397372 0.06307848 0.67639606
0.16592892 0.13977436 0.84156389
0.54409337 0.03664551 0.80436521
0.93513449 0.32515961 0.46411261
0.07778877 0.40294919 0.36251344
0.46413641 0.96540708 0.43702656
0.63123950 0.54946692 0.68491147
0.33274281 0.63139626 0.80753603
0.89796474 0.86318966 0.17687003
0.77213460 0.26222148 -0.03320899
0.46229888 0.45181392 0.39409762
-0.01384023 0.71139425 -0.01983785
0.25797598 0.81990332 0.61802582
0.08004404 0.08154626 0.22921476
0.47801813 0.26825696 0.12469900
0.07003061 0.34733990 -0.00137035
0.47682969 1.03007027 0.40430031
0.92668519 0.73664663 0.27095324
0.39219709 0.98443238 0.64152099
0.37888902 0.46913693 0.74434695
1.02422018 0.58302976 0.38726729
0.92177457 0.45055319 0.06584613
0.08221059 0.72151049 0.61965137
0.89337391 0.33261484 0.34481010
0.21060690 0.72196291 0.67812959
0.80461193 0.11698677 0.64313566
0.35445925 0.81483178 0.69547105
0.64627129 0.01526680 0.86181664
0.51202175 0.47247608 0.19524735
0.59086906 0.58091687 -0.05767644
0.59542499 0.11713574 0.01499651
0.10913229 0.26565164 0.04393449
0.62944157 0.13245881 0.59688742
0.27463217 0.59312952 0.49542610
0.48279051 0.38014170 0.21991346
0.50697844 0.58774495 0.01687193
0.21269740 0.15539453 0.70252513
0.42878073 0.24336825 0.47074521
0.75337969 0.19714302 0.72439169
0.22019717 0.64236054 0.76514355
0.37846689 0.55072571 0.09671556
1.01447661 0.17728175 0.92840734
0.70135804 0.77631816 0.52344519
1.00091253 0.34871100 0.68554806
0.40556921 0.04734375 0.14234341
0.59313382 0.38261298 0.03582012
0.47631084 0.37901793 0.39389223
0.29536142 0.69616178 0.56578240
0.59467909 0.04557660 0.91217153
0.47353994 0.29917753 0.42420793
0.89028716 0.14901506 0.58915270
0.59652523 0.36687806 0.79125105
0.34942053 0.51008766 0.48999488
0.07665814 0.04095088 0.58319522
0.97737741 0.80106542 0.91781995
0.17839577 0.77429391 0.70679085
0.76328030 0.01638843 0.42310808
0.57467865 0.44990021 0.04978995
0.64566612 0.43566824 0.05530648
0.36902195 0.36610911 0.26728420
0.80473269 0.96184280 0.52439528
0.32403909 0.76326665 0.34597385
0.41652564 0.21922255 0.10854955
0.68574667 0.48494357 0.59783712
0.13055374 0.70731767 0.71951512
0.78029766 0.59748560 0.82937228
0.62406067 0.51477155 0.29676618
0.55961935 0.82696462 -0.00474019
0.62542257 0.60048029 0.63656622
0.17934682 0.65258913 0.18076768
0.08805251 0.38820774 0.45643929
0.88738251 0.04373151 0.64110369
0.08059579 1.00133113 0.23514827
0.06825573 1.00506816 0.03560058
0.32242261 0.21298847 0.34414030
0.59790194 0.31706382 0.86002499
0.87216809 0.33784524 0.78728492
0.72702414 0.36873877 0.51396612
0.58132566 0.73448935 0.64853872
0.69670968 0.13311187 0.27584599
0.22574177 0.61355676 0.22243636
0.80588391 0.47588687 0.61694996
0.32935878 0.01410077 0.03563627
0.81925297 0.35557813 0.87372878
0.49659446 0.82177392 0.89820340
0.89956750 0.91294683 0.89645985
0.37619849 0.39903171 -0.00050609
0.79617976 0.17184379 0.78855318
0.48211529 0.91918744 0.73375024
0.75872525 0.93609965 0.60611775
0.20846781 0.31986202 0.19736713
0.57874902 0.58960783 0.57214802
0.71863935 0.72042683 0.24204337
0.51397521 0.18894173 0.01845154
0.19944310 0.43534849 0.40483872
0.17232937 0.19563266 0.78287340
0.15433223 0.14431767 0.96265487
0.19502527 0.11690180 0.55816490
0.75336138 0.50111703 0.50598479
0.70606913 0.94723681 0.53174843
0.30372867 0.07658687 0.27357747
0.13477931 0.33217238 0.07838455
0.73648109 0.85163506 0.75318051
0.07437683 0.37862116 0.71114515
0.98587868 0.90831448 0.31305820
0.20272423 0.24230655 0.89035696
0.25837448 0.77630084 0.29828167
0.34257914 0.82921277 0.32653475
0.50756975 0.94082156 0.06963539
0.54192367 0.40867557 0.43321106
0.32249894 0.29199048 0.20824975
0.97444172 0.23635868 0.07198131
0.61697183 0.58665997 0.76466576
0.80853450 0.86164211 0.52116859
0.51701183 0.84391618 0.62859555
0.24501875 0.24105802 0.19286071
0.63099571 0.37954456 -0.03940660
0.65115939 0.26403110 0.06103731
0.75831874 0.52231337 0.39295379
0.21041585 0.14978447 0.13476544
0.36314672 0.15740903 0.57410502
0.54964172 0.24701969 0.70298831
0.12546635 0.19905562 0.17157330
0.30373118 0.62755015 0.69158721
0.56721498 0.67538586 0.43936760
0.29819117 0.07535181 0.52121547
0.59258436 0.55527602 0.20380171
0.02181139 0.32757318 0.93118961
0.67825089 0.77572285 0.43249625
0.61500950 0.44268755 0.29379604
0.31210664 0.41048952 0.37768003
0.15764424 0.13898249 0.05819528
0.21841816 0.38777027 0.48569138
0.71290512 0.66028929 0.58473951
0.73665634 0.95133431 0.45829304
0.32748670 0.39995323 0.10811650
0.50678414 0.48217700 0.04401455
0.78000688 0.46106757 0.44410228
0.36131665 0.11658855 0.77520142
0.29778321 0.05618163 0.12544925
0.86894924 0.84290280 0.71485984
0.74788807 0.66731970 0.06806374
0.33186792 0.89568408 0.32479944
0.42939383 0.97214668 0.28035003
0.28112736 0.39527767 0.86731353
0.14584384 0.58124485 0.37257533
0.91458727 0.97722871 0.34853638
1.03170588 0.68987762 0.75009166
0.75124956 0.24444046 0.44522500
0.93735675 0.51349087 -0.01033364
0.73723455 -0.02283424 0.82262836
0.75680970 0.29487951 0.09048880
0.26402646 0.75496199 0.94555390
0.87702324 0.55526312 0.52357401
0.45006925 0.61658419 0.11646654
0.37726128 0.14927444 0.84564072
0.58240406 0.11352123 0.26568336
0.94569447 0.37950288 0.05591221
0.48487563 0.20278806 0.19377327
0.21707019 0.36407265 1.05772236
0.97729694 0.52164942 0.16169682
0.50084025 0.02548169 0.57846384
0.96770510 0.94586808 0.82060837
0.28259883 0.44719277 0.78848897
0.66960891 0.20094656 0.37066715
0.21090515 0.67118422 0.11299900
0.93692417 0.59535766 0.74385711
0.90089376 0.65522006 0.60147112
0.79047492 0.56779036 0.04693616
0.24048590 0.21228549 0.51253048
0.94628704 1.01889677 -0.02889701
0.76985874 0.94013433 0.08737002
0.57865910 0.99247194 0.70933040
0.06524068 0.11194059 0.12301681
0.81405253 0.32890500 0.03348465
0.91270144 0.59144073 0.63030251
0.71310280 0.16166751 0.87481075
0.91478262 0.32646419 0.89062917
0.16577539 0.88863093 0.07663391
0.00119771 0.67736602 0.34793195
0.08082565 0.84850358 0.12986112
0.65296144 0.15669433 0.91670572
0.14114039 0.36527430 0.31262518
0.27749416 0.65302349 0.15895097
0.28184104 0.04064963 0.34401167
0.70631664 0.44820757 0.30945214
0.31110537 0.27499773 0.45794888
0.21915077 0.81395132 0.45625390
0.10963872 0.19508746 0.72626307
0.94593127 0.38090659 0.57955112
0.55705866 0.77659871 0.09496598
0.12698117 0.94544463 1.01425760
0.39652504 0.24239507 0.55873871
0.94012112 -0.00160421 0.44214977
0.17227340 0.81677339 -0.09258279
0.21420552 0.93725261 0.84073016
0.23083274 0.76999612 0.57683624
0.10080909 0.64040097 0.18549580
0.47422211 0.79955589 0.53948994
0.87312544 0.40431733 0.77397796
0.35590472 0.92164136 0.13836143
0.43022275 0.80820503 0.44249021
0.38812706 0.53041462 0.90200705
0.05805510 0.69326767 0.94232634
0.25201834 0.36423273 0.36489833
0.54277286 0.29147993 0.15315441
0.37360099 0.45483817 0.47325663
0.54735543 0.50748599 0.81360248
1.06890058 0.29457863 0.43899547
0.29724212 0.31417286 0.66659186
0.16368651 0.56866382 0.22874037
0.18006521 0.72044042 0.93111665
0.68531187 0.94227309 0.26664866
0.52792007 0.11067205 0.16661993
0.72596431 0.64935193 0.93195298
0.02767407 0.69510464 0.48356630
0.80009247 0.49159219 0.88685380
0.49974657 0.77279680 0.18512110
0.73697465 -0.02235909 0.02823031
0.78537493 0.64546603 0.57102531
0.14210698 0.65752669 0.87228593
0.86694485 0.76266553 0.22233395
0.85403822 0.07420443 0.74742776
0.22469065 0.26001078 0.26912274
0.30241286 0.39210870 0.29883015
0.78207274 0.74502473 0.54305889
0.21341660 0.03161077 0.09186935
0.93243297 0.72165409 0.85427510
0.06545534 0.91599043 0.60312331
0.43186534 0.17814823 0.85960179
0.40372796 0.39251839 0.57095108
0.15931323 0.08283406 0.62650642
-0.00754200 0.97685609 0.57595768
0.95259665 0.95555226 0.63632511
0.57596385 0.29890132 0.05394996
0.72088842 0.75138913 0.82945030
0.46637018 0.26790727 0.59645316
0.69469384 0.52385885 0.32248023
0.60080775 0.66392025 0.18190516
0.84941158 0.39560453 0.02919026
0.42179024 0.07306744 0.38887807
0.35687174 0.11883447 0.03948684
1.01622466 0.05020016 0.08004105
0.70190833 0.71036574 0.66689457
0.52301715 0.25538190 0.95164913
0.95487163 0.98223921 0.73413499
0.87134536 0.62570895 0.84890270
0.11974960 0.55850587 0.46946201
0.32541489 0.95422349 0.68972956
0.26327374 0.89076566 0.59258308
0.84502492 0.90371307 0.12098591
0.78562938 0.36067715 0.55532455
0.56894202 0.54269075 0.02669242
0.46581810 0.04031345 0.32019886
0.05439146 0.23030904 0.22231127
0.35010245 0.32682297 0.34311771
0.23678482 0.10468320 0.74952187
0.21021159 0.89314393 0.42579319
0.48667388 0.61007583 0.21150991
0.83895881 0.22529055 0.20343610
0.95347641 0.22330992 0.26503950
0.28193180 0.23849431 0.88628251
0.75278425 0.08719797 0.23944964
0.34232970 0.12373793 0.22275472
0.46584608 0.62482375 0.29291945
0.56162878 0.20051844 0.41344279
0.92704326 0.66018247 0.37253381
0.95021915 0.30796530 0.08687664
0.82695989 0.88267555 0.43199898
0.90856921 0.45983231 0.61787532
0.43184168 0.56499353 0.28175991
0.41119924 0.52294123 0.66963448
0.15262809 0.73025641 0.00643245
0.72377928 0.70300450 0.49892382
0.39903101 0.99341500 0.47553474
0.02801900 0.86445259 0.23115112
0.53207163 0.11472424 0.45023593
0.30173017 0.78791883 0.73585160
0.27624631 0.03463782 0.58357601
0.47261566 0.00347211 0.71105830
0.81750071 0.30096381 0.27864497
0.01772398 0.69262851 0.56449566
0.18236349 0.54770800 0.65258116
0.92735255 0.03849267 0.17148737
0.99911895 0.53708955 0.02983086
0.52184611 0.38094174 0.77489203
0.10954121 0.64920349 0.94805798
0.01678746 0.37350595 0.23998168
0.35916854 0.06481767 0.48632322
0.35662183 0.81947049 0.97489629
0.45041058 0.29266890 0.76452748
0.39254576 0.26351584 0.64836134
0.88680908 0.33815888 0.97049674
0.62672535 0.25519535 0.75827166
0.51097287 0.87610486 0.83848509
0.29774209 0.11815052 0.15897614
0.85969439 0.89581448 0.23573187
0.27511238 0.92162763 0.92267934
0.48701693 0.29086016 0.04518089
0.88609641 0.93097488 1.04461876
0.86447828 0.65619361 0.33418748
0.11801490 0.39432341 0.57129867
0.54639816 0.90000765 0.36262355
0.01692127 0.28197456 0.55523952
0.49251420 0.71805329 0.95203103
1.00936332 0.50094652 0.86302671
0.07162844 0.30667667 0.32879918
0.30781416 0.18425934 0.47325073
0.54039915 0.00072939 0.89006349
0.01789825 0.26229059 0.29481564
0.18063691 0.32331032 0.65913912
0.81734773 0.21495425 0.41074709
0.44065327 0.13409454 0.96484695
0.72091641 0.35275128 0.74798227
0.80565638 0.48189236 0.76603594
0.41989707 0.32894756 0.51182373
0.82947369 0.59998612 0.10058688
0.04950585 0.92007998 0.10415700
0.08921112 0.57632646 0.15642716
0.87282730 0.28883981 0.08539607
0.39083528 0.02788837 0.84338331
0.11448514 0.02037147 0.13444469
0.10877021 0.19660710 1.03111068
0.78578697 0.48892497 -0.02609455
0.78640508 0.86813784 0.59895183
0.89475472 0.62799668 0.13682475
0.64330915 0.84492895 0.24876132
0.05115299 0.75306485 0.41684135
0.33430973 0.77459469 0.11716866
0.38762528 0.22079662 0.38118894
0.11686273 0.39853444 0.84404414
0.35017442 0.29485738 0.53066136
0.33576368 0.11638604 0.42965107
0.07422652 0.69029522 0.81904237
0.27198485 0.92290074 0.43010378
0.79216136 0.67261420 0.13360592
0.91674215 0.92658430 0.23264826
0.27187773 0.05535705 1.05180202
0.07023687 0.52560573 0.52401213
0.79407494 0.99758544 0.88771776
0.66028994 0.81990658 -0.02271737
0.62423770 0.47915816 0.97879245
0.90703397 0.19710712 0.02404131
0.73344035 0.90994370 0.98139331
0.89112363 0.71660760 0.39730853
0.01047169 0.05669970 0.64210144
0.83714389 0.57006813 0.98258051
0.02025888 0.61216221 0.12397152
0.72309582 0.73053447 0.74291799
0.27080296 0.69010819 0.89162290
0.21715430 0.55235714 0.04399047
0.10849454 0.73556366 0.31128959
0.20265805 0.60650659 0.82558242
0.95381672 0.52043987 0.43891095
0.70969952 0.38786927 0.97616240
0.35814191 0.70105065 0.60650912
0.46204543 0.12267539 0.10297463
0.64757593 0.18841717 0.07932378
0.41588422 0.76928470 0.88210517
0.23882241 0.95638927 0.19329013
0.71620389 0.18518095 0.46213092
0.81271577 0.39388121 0.20722191
0.86427075 0.82216506 0.07127882
0.80841920 0.39730461 0.30608442
0.40061132 0.05442716 0.58937221
0.54245838 0.69685551 0.21503410
0.60644318 0.25215971 0.86608465
0.45112209 -0.07130211 0.02083622
0.03956257 0.24909747 0.05149428
0.50165611 0.83611204 0.35052450
0.89525252 0.85304601 0.57850532
0.85390693 0.97700452 0.15476928
0.14605631 0.28815646 0.91740981
0.03065203 0.41869558 0.88882078
0.10134137 0.82713923 0.21333804
0.48519033 0.75046428 0.42862427
0.81138172 0.76746261 0.33456867
0.97951559 0.22537512 0.15559627
0.94612877 0.47308248 0.77277994
0.40501826 0.23080012 0.92268598
0.33986514 0.20456264 0.87396755
0.38700084 0.70620830 0.01044720
0.49125589 0.67865696 0.13864925
0.96257402 0.38091123 0.97374106
0.43735210 0.29041827 0.34220466
0.76998542 0.67806932 0.68516795
0.39625168 -0.01782660 0.11075801
0.95219451 0.51276524 0.07032587
0.90557471 0.76342520 0.09199520
0.69163979 0.80343490 0.05488931
0.27133638 0.07876000 0.97015946
0.13950041 0.68704228 0.12250243
0.68498155 0.89708643 0.87101638
0.90327168 0.73547645 0.01407985
0.66557658 0.72830645 -0.01847039
0.23624843 0.68719362 -0.00567735
0.26480503 0.30032077 0.52361509
0.25883469 0.46875590 0.14903633
1.00864943 0.07909001 0.29146886
0.50485936 0.97373007 0.78222729
0.57194263 0.69177567 0.92175547
0.17884904 0.14454292 0.27137452
0.42562808 0.87501602 0.50776270
0.68639025 0.48158985 0.38789986
0.81796141 0.69347477 0.62335801
0.69163241 0.07756274 0.78549471
0.15816949 0.86043652 0.48507603
0.45376167 0.52724215 0.90189855
0.51271763 0.37078980 0.92695913
0.85867893 0.67543998 0.10421031
0.19301938 0.75047000 0.39224546
0.75234385 0.57384824 0.74426935
0.47134083 0.34769653 0.29429853
0.86829069 0.02401423 0.31502311
0.96171514 0.61513291 0.26612007
0.03930645 0.77257765 0.84471786
0.99944778 0.57556888 0.62289346
0.74227175 0.14593361 0.00484898
0.80223742 0.14945353 0.25133534
0.61683777 0.85321811 0.76705697
0.80528691 0.60846210 0.21213745
0.95144679 0.95701424 0.91759998
0.16200099 -0.00161874 0.21661428
0.65420253 0.81966336 0.48496690
0.29125126 0.86022595 0.38379768
0.90841698 0.17315444 0.22801860
0.18138996 0.69041130 0.80248255
0.57105802 0.67193061 0.04891850
0.55707992 0.18630956 0.28005263
0.88529644 0.37139884 0.17849261
0.66573885 0.54516890 0.20672911
0.46579781 0.95412803 0.17544522
0.79773191 0.14466755 0.51696818
0.28228454 0.44281110 0.43932756
0.85185966 1.00876758 0.23461686
0.44052325 0.86279250 0.87229377
0.57430062 0.25427247 0.52220047
0.63459317 0.09004613 0.94347709
0.69742109 0.34400659 0.11671748
0.21324412 0.10212516 0.07220121
0.51658888 0.30958767 0.24531835
0.88488786 0.27549305 0.15871659
0.82172180 0.28333970 0.53687299
0.76260290 0.03369395 0.77046198
0.91292324 0.23093783 0.51254934
0.64365304 0.89535042 0.30706968
0.14035268 0.54804999 0.76508328
0.56123993 0.80084698 0.17897046
0.88753429 0.85889594 0.48846830
0.33299662 0.63072430 0.26741902
0.26199167 0.57908551 0.11358223
0.99632308 0.35280115 0.47861069
0.51531873 -0.00508861 0.19483439
0.74421004 0.63999494 0.39213163
0.38723194 0.33446737 0.74212870
0.23206951 0.62688248 0.43106923
0.64580803 0.49988157 0.90671630
0.24753830 0.28506617 0.39637536
0.64036704 0.72268527 0.59369197
0.55041916 0.77461044 0.34999362
0.60437540 0.51392507 0.46421540
0.53830590 0.17443438 0.51575032
0.86232157 0.94676827 0.96305401
0.85868343 0.57089792 0.42591027
0.69646424 0.82281246 0.81165959
0.07499946 0.27149656 0.95954634
0.69686523 0.52097982 0.14621424
0.07894957 0.60662580 0.00886281
0.04438018 0.56342609 0.25528957
0.61713411 0.04797233 0.59961620
0.82651531 0.10763834 0.38654820
-0.00001694 0.70211688 0.83634068
0.07277893 0.63184093 0.27726153
0.86139655 0.85940544 0.95613503
0.89612799 0.05989693 0.10391319
0.21965784 0.46510888 0.47875428
0.22994455 0.56382084 0.58083869
0.71093413 0.96777938 0.36993836
0.41174047 0.67433751 0.88516929
0.12869624 0.59168799 0.82808344
0.30116367 0.22047357 1.02832225
0.16472437 0.76632618 0.29356241
0.68682210 0.90363737 0.43749711
0.74115318 0.65907665 0.24333973
0.88202086 0.08876805 0.49198877
0.42001930 0.71204452 0.65137381
0.04824292 0.37857586 0.62303065
0.45055003 0.67271617 0.58253265
0.03523743 0.88320859 0.77606705
0.98925849 0.17217147 0.35370029
0.17418228 0.35917739 0.55363898
0.76183680 0.08232337 0.46837768
0.73988673 0.50866867 0.77824175
0.30332701 0.51904641 0.40796285
0.61159396 0.64736194 0.68725541
0.23840277 0.82545510 0.85914258
0.50243497 0.52605217 0.46090428
0.69554160 0.16439336 0.18622423
0.70923528 0.38559604 0.34342999
0.18096548 0.90694291 0.97526320
0.38221398 0.41143023 0.19512964
0.64753610 0.85656723 0.61909743
0.93210954 0.84136706 0.83407212
0.57482640 0.60486277 0.25385247
0.83072543 0.33108600 0.20190111
0.55142866 0.27517692 0.59402629
0.93546217 0.09127673 0.81097029
0.22683923 0.78637954 0.78261708
0.46491781 0.36536009 0.14197233
0.94505406 0.67338406 0.92714119
0.38020377 0.37994491 0.68567002
0.77315035 0.41816555 0.59422411
0.84354408 0.19431782 0.13250111
0.48105427 0.57212263 0.84605738
0.60154673 0.50208351 0.62478683
0.03772506 0.45190422 0.80525259
0.87208372 0.49679430 0.10689509
0.50012455 0.07134367 0.64873768
0.15609414 0.38989693 0.90315445
0.98479789 0.06825425 0.47575442
0.60614907 0.20651681 0.80694032
0.83921036 0.09111516 0.57096717
0.59159645 0.51746870 0.10339101
0.56798595 0.09459785 0.34234234
0.61801789 0.57808718 0.13778457
0.55940790 0.54573778 0.74611923
0.70250785 0.57438131 0.67653889
0.95107663 0.20756811 0.78893465
0.73448657 0.73819671 0.00120201
0.77837009 0.52734043 0.56926184
0.52486608 0.50596106 0.36411162
0.93576377 0.71260118 0.58243942
0.39356720 0.49830827 1.02657233
0.70780556 0.23119157 0.07945417
0.25318906 0.00430706 0.76240666
0.80886941 0.42862456 0.72073509
1.00469535 0.99995341 0.27307151
0.95593013 0.57956102 0.10370512
0.66909683 0.91238027 0.77794085
0.54722286 0.62927092 0.96939641
0.01846614 0.21781986 0.39411656
0.76390032 0.09689254 0.72698660
0.37009382 0.43934836 0.37942388
0.01912203 0.96432636 0.87583752
0.59883521 0.18557474 0.70908341
0.21704539 0.24798331 0.76375426
0.95140346 0.56787811 0.95574482
0.19872608 0.90781745 0.63461258
0.29533298 0.48674790 0.85167999
0.33234538 0.87310435 0.20077112
0.18363893 0.94385356 0.27109098
0.08354003 0.55195578 0.38146350
0.05018511 0.83171793 0.47972421
0.62967112 0.17121590 0.17335681
0.02669850 0.11406297 0.04347822
0.03356112 0.86776569 0.85894601
0.35042271 0.24055482 0.25978423
0.19395927 0.00026669 0.73032287
0.39598677 0.79305651 0.07583744
0.13495570 0.41989436 0.09107268
0.79942810 0.76187315 0.76580194
0.02821691 0.68526678 0.16611945
0.87936478 0.12471724 0.11692702
0.58637834 1.07759628 0.41986058
0.53062562 0.97943269 0.65771995
0.23236894 0.69825082 0.44958703
0.37160865 0.53040639 0.79395371
0.18636838 0.87256124 0.84723356
0.26116537 0.87987683 0.27443862
0.55614669 0.91824383 0.75517728
0.49594923 0.01349584 0.49092804
0.49855739 0.95045777 0.31965401
0.60731620 0.98975050 0.79725663
0.85420236 0.20727216 0.93088722
0.19462926 0.37691837 0.24730518
0.27210491 0.37029881 0.62801902
0.51030107 0.45028481 0.73510878
0.67938123 0.41880596 0.58099285
0.60378204 0.30129554 0.71486083
0.25870453 0.02514102 0.25077635
0.95621040 0.30033126 0.57432634
0.56941024 0.75203849 0.26642936
0.13581645 0.60965468 0.57493165
0.27872267 0.79307975 0.49961468
0.40321363 0.89600202 0.30877029
0.01426825 0.08558889 0.76189962
0.97556598 0.64402675 0.71148030
0.09895181 0.68946291 0.50791789
0.81130462 0.93182229 0.19064164
0.31093372 0.71258122 0.13470362
0.14944222 0.47157148 0.28371939
0.83010797 0.59716569 0.61183834
0.34575514 0.61120329 0.18951265
0.74166361 0.19978539 0.14953210
0.07612986 0.07222481 0.79847277
0.49715630 0.41219080 -0.00156683
0.19153106 0.66042017 0.52248308
0.92946607 0.84342605 0.00409203
0.78913434 0.28164132 0.80376008
0.80900301 0.79501284 0.88445871
0.13117288 0.51981398 0.83993670
0.24058941 0.25527781 0.97972032
0.58276395 0.32522115 0.52590089
0.64063122 0.08456446 0.48353528
0.23172430 0.39698968 0.13635286
0.70337321 0.01419724 0.53506307
0.21438330 0.04535012 0.85932176
0.45131036 0.72020170 0.21617220
0.97110540 0.21038156 0.47524266
0.03776101 0.05341509 0.36557456
0.24462017 0.08013394 0.41488190
0.66363303 0.21037243 0.85698963
0.13936390 0.96083849 0.40071313
0.94315830 0.71712578 0.17525674
0.73181277 1.04536123 0.36388499
0.60483553 0.97068265 0.04657488
0.92852543 0.72134136 0.48143310
0.08859149 0.64151976 0.65506855
0.52658000 0.73908388 0.53068539
0.36226839 0.10497454 0.12306401
0.80127579 0.62680423 0.93422860
0.84608117 0.46341842 0.02813954
0.12123484 0.44245083 0.47858077
0.57503592 0.26296905 0.38953531
1.01857208 0.89215965 0.38805967
0.81855369 0.70373429 0.82675233
0.42582409 0.28081174 0.17570864
0.63467337 0.32946999 0.08693560
0.74405783 0.43650085 0.88684777
0.76810131 0.61386184 0.31014524
0.71247255 0.54768571 0.99853630
0.62505763 0.19444952 0.99140396
0.58018454 0.35825369 0.37855461
0.71035755 0.48787555 0.85985727
0.51427039 0.59031310 0.91785846
0.16469724 0.29914447 0.14258533
0.08710980 0.09304566 0.92103200
0.16425920 0.23332297 0.97920954
0.06272729 0.47218192 0.59128454
0.46621417 0.46947840 0.82713298
1.03919208 0.92432488 0.68026827
0.02073973 0.54960477 0.73432348
0.72104647 0.25016508 0.35354923
0.69710235 0.47292918 -0.03650904
0.95801545 0.78058464 0.51685266
0.65500933 0.99928376 0.41376219
0.53835139 0.77232899 0.59942508
0.82770915 0.81176232 0.39974687
0.21975388 0.39467031 0.78474785
0.81782763 0.75930318 -0.01017144
0.49027424 0.17289377 0.92467122
0.76872012 0.38497989 0.81314860
0.20066063 0.50103426 0.85135530
0.45823468 0.54098275 0.61204927
0.21974774 0.76926689 0.12417733
0.72252385 0.60220320 0.09904398
0.27386735 -0.02245679 0.87080325
0.73011599 0.30778265 0.23079051
0.91006543 0.61587912 0.51102208
0.33845579 0.30384205 0.84595338
0.08959094 0.39740297 0.26232551
0.64997813 0.42206730 0.38678010
0.06700925 0.97328988 0.42060961
0.27015164 0.36722319 0.53714290
0.58164209 0.82089775 0.58869842
0.37703093 0.73073623 0.30216757
0.68277139 -0.00556008 0.20998940
0.58783668 0.23406458 0.11384826
0.77944214 0.80714830 0.48787373
1.04054668 0.58573236 0.80040387
0.45690170 0.52768278 0.07893689
0.02021422 0.17698392 0.26339268
0.13382012 0.82469979 0.83153851
0.58758926 0.80761417 0.91653621
0.71558531 0.34360462 0.61574649
0.63136651 0.64001112 0.38702923
0.25011853 0.82334525 0.69967048
0.13018517 0.45739980 0.62389095
0.50034857 0.69070601 0.73728277
0.33996567 0.42331500 0.62877748
-0.02774473 0.42581757 0.21035129
0.80401807 0.80316302 0.24911733
0.19551534 0.83491438 0.04186233
0.60029355 0.90628054 0.60569503
1.01175570 0.29789967 0.85700359
0.14309163 0.57674153 -0.07422743
0.19034042 0.71366668 0.57733024
0.88682749 0.71994626 0.92489074
0.35653132 0.06099581 0.70691974
0.08631228 0.14443382 0.86860973
0.33725112 0.58801870 0.57139456
0.68099435 0.69457374 0.43073078
0.35326582 0.94274708 0.22060951
0.35383522 0.55659294 0.29145947
1.01428659 0.90000639 0.92515953
0.63356057 0.06778343 1.03435490
0.65125909 0.06174212 0.69204701
0.33205126 0.68619848 0.39066154
0.07017113 0.34898897 0.87671500
0.96508584 0.11968066 0.24366255
0.11872124 0.95451098 0.68008674
0.97373697 0.77975840 0.22758983
0.60667463 0.12707723 0.83210579
0.54568030 0.47423877 0.43606892
0.68241992 0.21689249 0.27951527
0.46856434 0.14004080 0.50694613
0.74224135 0.32350676 0.84829690
0.13511744 0.79507951 0.50457638
0.55648255 0.57977528 0.44171656
0.77669359 0.47500378 0.13407807
1.05442588 0.07744343 0.98459921
0.64400786 0.11963557 0.22772463
0.51857871 0.22282195 0.08137614
0.73577043 0.44218686 0.77986077
0.56506596 0.70135236 0.78634959
0.34193263 0.41807377 0.93026065
0.88784956 0.43639760 0.86951287
0.42614552 0.91250266 0.09558228
0.13543064 0.11316201 0.38376697
0.06566945 0.34883518 0.13712698
0.74802363 0.72667120 0.92077565
0.29056197 0.02695476 0.67889421
0.55429957 0.36757902 0.21674045
0.59351526 0.44475467 0.79345658
0.43472718 0.84106502 0.35938426
0.00213705 0.88274550 0.04647707
0.83505936 0.31767804 0.45466873
0.62544942 0.02676752 0.24912249
0.44853530 0.30326314 0.89553587
0.07136956 0.18844978 0.96159782
0.87604856 0.28978667 0.60442894
0.17377221 0.95978809 0.92188910
0.74730896 0.65689332 0.84154974
0.53498795 1.00154905 0.08244872
0.12153698 0.73840569 0.41866111
0.31647020 0.79031073 0.58924502
1.00520425 0.88325279 0.14842415
0.27002853 0.50906762 0.59808494
0.72079257 0.27472628 0.57364213
0.52140923 0.31040536 0.85993005
1.00337568 0.25031094 0.95045900
0.46705150 0.78104478 0.78986392
0.67651805 0.50868222 0.73943331
0.47621351 0.92624854 0.63499151
0.19421285 0.50743577 0.33145719
0.43866558 0.61260191 0.92866058
0.51200520 0.21711385 0.76235708
0.13742136 0.66209033 0.31238255
0.36970531 0.36106680 0.87850699
0.71962343 0.22800466 0.79789635
0.86668942 0.47532052 0.22429209
0.07156647 0.49192869 0.10372493
0.24905062 0.44519336 0.30190021
0.67530482 0.11232310 0.36236133
0.60785131 0.16962848 0.46170873
0.42348313 0.42488286 0.28551966
0.60786891 0.26935108 0.32193454
0.34256364 0.53272166 0.61903295
0.41276393 0.50554205 0.14769588
0.35822873 0.48249081 0.21979914
1.01737833 0.15976883 0.51845049
0.09381097 0.84598343 0.55404840
0.81958557 -0.00989599 0.73664855
0.55649567 1.02189404 0.31065420
0.97075399 0.23100771 0.57587862
0.46791310 0.04438873 0.20737018
0.63677655 0.99430834 0.50514625
0.28875580 0.52153298 0.25411229
0.42096688 0.07341927 0.91164226
0.45563235 0.00530973 0.92713502
0.94365718 0.07379768 0.54545225
0.15974936 0.16838346 0.65024532
0.22732622 0.29484730 0.61091656
0.06974666 0.44593622 0.67529838
0.33724693 0.68969707 0.69420002
0.56525058 0.17036129 0.59992739
0.17494107 0.61475836 0.46547393
0.86660018 0.69855533 0.26351902
0.11951854 0.23221282 0.81547892
0.55048656 0.12087440 0.66530983
0.61851014 0.92981147 0.17177859
0.10355476 0.93831038 0.84831921
0.35886144 0.90335950 0.39894643
0.43298499 0.44314333 -0.08390368
0.89121340 0.54675444 0.16489283
0.68137556 0.25570174 0.48516266
0.70171245 -0.01427640 0.75058266
0.45142552 0.44202863 0.63070189
0.38726217 0.07136365 0.24939968
0.35119302 0.49501596 0.95783853
0.90557755 0.18572568 0.73201759
0.95591376 0.11856175 0.04130117
0.79472657 0.62946893 0.74823724
0.28233431 0.14003785 0.53429757
0.17406760 0.29311806 0.02116192
0.87306330 0.41924848 0.28609576
0.14408631 0.18888806 0.90405614
0.83960160 0.54235085 0.79260215
0.38347111 0.15754960 0.49967857
0.21515593 0.46803826 0.67489788
0.63989999 0.72538230 0.36389527
0.70759683 0.20435596 0.98179696
0.98620547 0.79071809 0.32866047
0.70367779 0.10402010 0.93333740
0.87717600 0.91718806 0.37378398
0.30055816 0.83059768 0.12422220
0.93455286 0.31001098 0.70721609
0.62231124 0.74461944 0.18347067
0.69746462 0.28089884 0.16738432
0.39792469 0.72208959 0.81067560
0.11400060 0.75586263 0.11619658
0.86537669 0.76094112 0.59895375
0.78138064 0.80898820 0.66704093
0.74850168 0.06356243 0.63757421
0.10428944 0.65220337 0.75447585
0.39740773 0.59110759 0.68394684
0.96339660 0.27021726 0.77073668
0.23828697 0.60127403 0.65159117
0.59931497 0.89040796 0.69468531
0.14233137 0.03777016 0.37392506
0.16129341 0.46945108 0.54706927
0.87733059 1.03361533 0.95392879
0.24882947 0.80093145 0.20431731
0.90938214 0.57312618 0.25250230
0.77439076 0.49116230 0.05545554
0.44907998 0.42818802 0.74405624
0.87608245 -0.01300429 0.60028883
0.73625324 0.15211755 0.58852511
0.97179602 1.02066132 0.37212534
0.30295869 0.68863888 0.00051198
0.18361639 0.86200222 0.70573831
0.64076424 0.44439565 0.49378156
0.72623580 0.05915243 0.11119725
0.60449519 0.47855814 0.36677435
0.62732397 0.47978260 0.16164252
0.41419900 0.27341683 0.82239404
0.22961212 0.90732137 0.50568245
0.43675602 0.50910890 0.46538043
0.28390138 0.36757259 0.97594863
0.21379443 0.51100186 0.24375163
0.53860651 0.24068736 0.22648499
0.76230839 0.35479178 0.27275215
0.44100223 0.37562617 0.93405507
0.77922522 0.47543775 0.22644877
0.37105231 -0.01887775 0.38428576
0.04126421 0.70798275 0.29642856
0.04789801 0.11164766 0.57963446
0.69373012 0.45406181 0.17621284
0.41776671 0.27889142 0.04246000
0.19545314 0.11496580 0.46389382
0.20718092 0.56854632 0.72479868
0.14063161 0.66174146 1.04416944
0.39521274 0.09990366 0.32412235
0.07141112 0.55960223 0.64963435
0.64715745 0.35424740 0.51406987
0.12178264 0.76854310 0.65226781
0.28562765 0.55718714 0.19079825
1.00835516 0.98097086 0.99539802
0.66032030 0.60684592 0.91003656
1.03881904 0.96337805 0.16427028
0.08493874 0.75358138 -0.02518997
0.42533739 0.11866267 0.03783129
0.37446280 0.16266245 0.33259964
0.69142948 0.86648010 0.53315633
0.70154213 0.81155969 0.89890935
0.44607710 -0.06201159 0.81687486
0.68663535 1.02404180 -0.01860746
0.96041666 0.35815276 0.75920423
0.24334656 0.81783189 0.36380284
0.42935986 0.45926276 0.54515404
0.66005905 0.68143353 0.90676564
0.32246725 0.12551010 0.88536016
0.31358486 -0.02931715 0.09715983
0.72987255 0.43034782 0.23390427
0.97314898 0.09617348 0.68647546
0.65351219 0.94400895 0.69773730
0.81494810 0.43690746 0.84437847
0.90590856 0.11371188 0.72476219
0.00576568 0.51400592 0.49976510
0.52357036 0.52114370 0.11550594
0.35502630 0.74969706 0.95812689
0.16007784 0.43553672 0.21542324
0.64852630 0.65298239 0.01081341
0.39980706 -0.04339728 0.72369146
0.54529019 0.40065082 0.32552579
0.50476656 0.24063673 0.87286926
0.65233405 0.35486037 0.74271756
0.89013280 0.38864000 0.39205415
0.45482989 0.23630245 -0.00895053
0.11405361 0.91242250 0.44834177
0.18892935 0.62906727 0.99799408
0.48386798 0.76577194 0.01631956
0.39579292 0.04023316 0.04285674
0.24431836 0.72325999 0.06812308
0.89207407 0.34426235 0.65746694
0.66150372 0.64618163 0.75343827
0.17917605 0.89105450 0.34807115
-0.02718381 0.13613611 0.58767265
0.38253812 0.88682367 0.99714063
0.47048168 0.03304135 1.01250141
0.34001796 0.98642098 0.30946162
0.48244129 0.85351642 0.73783287
0.50551027 0.87080423 0.96576564
0.28420688 0.88045725 0.78272477
0.17596237 0.01584424 0.62547233
1.00482612 0.10009905 0.91507854
0.19655284 0.28673566 0.52271313
0.44787443 0.14887725 0.31146848
0.63069295 0.89223244 0.91926428
0.74919446 0.99621867 0.64052523
0.47471717 0.73112255 0.08950440
0.79287717 0.21873948 0.85622362
0.39541533 0.46095572 0.84936050
0.84019295 0.73549470 0.14577355
0.49723791 0.11441570 0.35331092
0.99495483 0.07719811 0.15468657
0.39330902 0.61943334 0.77184594
0.08366086 0.09605770 0.65238874
0.73321812 0.72561230 0.13713411
0.76849700 0.37352717 0.67837731
0.13325351 0.32183901 0.47197703
0.95823796 0.36059069 0.15357057
0.38917577 0.62151534 0.60569966
-0.00528839 0.52186468 0.28612199
0.57583227 0.71209367 0.11164710
0.88280198 0.20421309 0.65632535
0.35858851 0.60631638 0.42075931
0.34772964 0.77605829 0.82576823
0.97555024 0.63329514 0.80742790
0.22152186 0.18521348 0.98445582
0.08318640 0.46584715 0.92345959
0.65919968 0.94053414 0.11553872
0.62279200 0.84818033 0.42050745
0.30312062 0.44807705 0.24095697
0.74302339 0.53735088 0.26612264
0.67972677 0.80984203 0.72979998
0.16381785 0.24253476 0.46110611
0.26868361 0.17965546 0.81190385
0.05417789 0.15387333 0.67174346
0.15485204 0.06972157 0.22907732
0.84752814 0.22721515 0.79819369
0.56141734 0.82719405 0.83944016
0.40877754 0.14789561 0.16094224
0.91382801 0.11090407 0.90939433
0.75553095 0.81081916 1.01496612
0.65956650 0.23571536 0.61382941
0.32736050 0.02384485 0.95153347
0.31426387 0.52782413 0.12450827
0.31417796 0.77047856 0.43038187
0.04439089 0.26525323 0.13469914
0.51703693 0.80700324 0.47216135
