1 6
1 9
1 31
1 61
1 68
1 128
1 442
2 7
2 12
2 23
2 338
2 352
2 427
2 429
2 441
2 736
3 10
3 19
3 22
3 24
3 28
3 32
3 79
3 94
4 7
4 9
4 16
4 18
4 20
4 27
5 9
5 15
5 26
5 29
5 112
5 457
6 9
6 430
6 431
6 441
6 442
6 457
7 16
7 18
7 23
7 33
7 352
7 441
8 10
8 12
8 86
8 434
8 519
8 521
9 15
9 18
9 26
9 29
9 31
9 457
10 11
10 12
10 14
10 19
10 32
10 86
11 12
11 23
11 86
11 325
11 329
11 345
12 15
12 23
12 427
12 519
13 20
13 27
13 42
13 1221
13 1234
13 1241
13 1245
14 18
14 19
14 21
14 23
14 27
14 28
15 18
15 19
15 434
15 445
15 457
16 33
16 52
16 64
17 20
17 26
17 114
17 122
17 125
17 131
17 1358
18 19
18 23
18 27
19 24
19 26
20 27
20 114
21 28
21 30
21 1225
21 1252
22 24
22 79
22 96
22 1232
22 1240
22 1341
23 352
24 77
24 94
24 96
24 112
25 30
25 337
25 348
25 352
25 354
26 112
26 131
27 1225
28 32
28 1225
28 1252
29 128
29 457
29 527
30 337
30 1225
30 1241
30 1541
31 61
31 114
31 128
31 131
31 166
32 76
32 86
32 95
32 386
33 52
33 55
33 59
33 64
33 480
34 44
34 49
34 53
34 55
34 57
34 60
35 40
35 48
35 53
35 60
35 83
35 89
35 99
36 52
36 57
36 61
36 62
36 143
36 159
37 38
37 47
37 53
37 1256
37 1263
37 1264
37 1288
38 42
38 44
38 45
38 47
38 52
38 53
38 64
39 46
39 49
39 56
39 65
39 144
39 162
40 48
40 60
40 361
40 376
41 43
41 50
41 51
41 58
41 1256
41 1279
41 1288
42 66
42 1281
43 54
43 56
43 58
43 170
43 1285
44 47
44 53
44 55
44 60
44 64
44 375
45 47
45 64
45 354
45 357
45 1264
46 49
46 65
46 83
46 99
46 506
47 53
47 359
47 1263
47 1264
48 63
48 73
48 85
48 376
49 62
49 463
49 464
50 51
50 140
50 165
50 1270
50 1278
50 1279
50 1365
51 57
51 58
51 66
51 165
52 55
52 57
52 61
52 66
53 56
53 57
54 56
54 63
54 170
54 176
54 1285
55 59
55 64
55 67
55 480
56 58
56 170
57 58
58 153
58 165
58 170
59 64
59 67
59 338
59 368
59 380
59 480
60 469
60 476
61 66
61 166
62 162
62 463
62 563
63 82
63 1288
63 1300
64 380
65 81
65 164
65 463
65 485
65 506
67 375
67 476
68 128
68 143
68 431
68 442
68 486
68 577
69 74
69 75
69 81
69 87
69 172
69 193
69 508
69 619
70 74
70 82
70 83
70 89
70 91
70 98
70 99
70 102
71 75
71 77
71 87
71 93
71 96
71 181
71 190
72 91
72 102
72 393
72 492
72 521
72 807
73 84
73 85
73 89
73 395
73 400
73 409
74 80
74 87
74 101
74 102
74 497
74 508
75 78
75 87
75 93
75 97
75 98
75 197
76 79
76 95
76 386
76 1306
77 87
77 94
77 100
77 207
78 81
78 82
78 83
78 97
78 98
79 93
79 96
79 1306
80 87
80 91
80 94
80 95
80 98
80 101
80 521
81 172
81 177
81 506
81 619
82 83
82 88
82 98
83 89
83 99
84 90
84 91
84 409
84 423
85 381
85 1290
85 1616
86 95
86 329
86 410
86 413
87 94
87 101
87 193
88 90
88 92
88 93
88 98
88 1303
89 99
89 400
90 423
90 1304
90 1616
91 95
91 98
92 93
92 96
92 97
92 204
92 1303
92 1317
92 1320
93 94
93 96
93 98
94 95
95 410
96 182
96 190
96 1317
97 176
97 177
97 197
97 1320
99 102
99 470
99 511
100 101
100 207
100 434
100 443
100 456
100 623
101 497
101 500
101 521
102 497
102 515
102 807
102 818
103 105
103 113
103 129
103 1352
104 108
104 113
104 115
104 116
104 123
104 124
104 126
105 114
105 126
105 141
105 152
105 1329
106 124
106 127
106 1335
106 1350
106 1429
107 119
107 207
107 527
108 111
108 113
108 115
108 118
108 132
108 211
108 223
108 249
109 110
109 118
109 120
109 134
109 222
109 538
109 542
110 115
110 117
110 118
110 123
110 134
110 223
111 124
111 127
111 192
111 211
111 221
112 207
113 124
113 125
113 127
113 1334
114 131
114 166
114 1358
115 117
115 126
115 129
115 132
115 223
116 123
116 126
116 128
116 130
116 134
116 534
117 121
117 126
117 136
117 146
118 120
118 211
118 219
118 222
118 223
118 227
119 202
119 206
119 553
119 604
120 219
120 230
120 253
120 546
120 553
121 126
121 130
121 146
121 158
121 166
122 125
122 1240
122 1335
122 1341
123 134
124 127
124 206
125 131
125 1335
126 131
127 173
127 249
128 130
128 442
129 132
129 133
129 137
129 152
129 223
129 278
130 146
130 524
130 529
130 534
130 586
132 133
132 223
132 226
132 228
132 234
133 155
133 228
133 278
133 1462
133 1491
134 526
134 534
134 542
135 142
135 144
135 149
135 150
135 154
135 179
135 194
136 137
136 146
136 148
136 250
136 263
136 278
136 281
136 569
137 145
137 148
137 152
137 167
137 278
138 150
138 159
138 160
138 161
138 162
139 145
139 153
139 160
139 163
139 1363
139 1372
140 141
140 153
140 165
140 1365
140 1372
140 1394
141 152
141 165
141 166
142 157
142 160
142 161
142 168
142 185
142 581
142 589
143 158
143 159
143 166
143 577
143 586
144 149
144 150
144 162
144 164
144 170
144 177
145 148
145 152
145 160
146 158
146 529
146 569
146 586
147 154
147 157
147 168
147 185
147 199
147 262
147 288
148 160
148 281
148 588
149 150
149 156
149 170
149 176
150 153
150 156
150 170
151 154
151 156
151 163
151 175
151 1360
151 1363
151 1380
151 1431
152 169
153 165
153 1394
154 156
154 157
154 175
154 179
155 163
155 167
155 169
155 1372
155 1389
155 1462
156 1360
156 1394
156 1431
157 160
157 163
157 168
158 159
158 586
158 587
159 165
160 161
161 572
161 587
162 164
162 463
162 563
163 167
163 257
163 1363
163 1389
164 194
164 581
164 608
165 166
167 257
167 267
168 262
168 265
168 268
168 288
169 1329
169 1343
169 1372
170 176
171 178
171 185
171 189
171 200
171 602
171 613
172 177
172 186
172 193
172 197
172 619
173 192
173 195
173 210
173 297
173 1350
173 1413
173 1429
174 180
174 183
174 188
174 208
174 210
175 188
175 196
175 199
175 1415
175 1431
176 1285
176 1320
177 179
177 186
177 197
178 179
178 183
178 185
178 186
178 188
178 199
178 200
179 183
179 186
179 188
180 192
180 198
180 208
180 295
180 308
180 316
180 320
181 187
181 190
181 191
181 193
181 197
181 202
181 206
181 207
182 190
182 191
182 1341
182 1419
182 1429
183 184
183 186
183 187
183 188
183 198
184 188
184 190
184 197
184 201
184 209
185 194
185 200
185 288
185 581
185 618
186 187
186 194
186 197
187 189
187 198
187 202
188 201
188 1407
189 198
189 320
189 602
189 615
189 691
190 191
190 197
190 204
190 1317
191 195
191 206
191 1429
192 195
192 198
192 203
192 221
192 316
193 202
193 598
194 581
195 198
195 206
195 1429
196 199
196 208
196 283
196 291
196 1415
196 1507
198 203
198 205
198 320
199 200
199 208
199 302
200 288
200 289
200 302
200 613
201 204
201 209
201 1407
201 1431
202 206
202 207
202 598
202 604
203 205
203 221
203 230
203 253
203 316
203 320
204 209
204 1317
204 1319
205 253
205 535
205 553
205 615
206 207
208 291
208 295
208 299
208 302
208 1408
208 1415
209 210
209 1398
209 1407
210 1407
210 1408
211 216
211 219
211 221
211 226
211 249
212 220
212 233
212 236
212 238
212 240
212 243
212 246
212 292
212 638
213 226
213 234
213 249
213 251
213 1440
213 1446
213 1455
214 225
214 326
214 351
214 1458
215 220
215 229
215 240
215 242
215 243
215 633
215 638
215 640
216 217
216 220
216 226
216 231
216 235
216 236
216 1455
216 1459
217 231
217 232
217 236
217 306
217 310
217 313
217 1435
217 1459
217 1522
218 226
218 227
218 229
218 235
218 241
218 244
219 220
219 221
219 222
219 227
219 230
219 243
219 640
220 229
220 240
220 243
221 230
221 231
221 237
221 316
222 223
222 227
222 242
222 250
222 640
223 227
223 228
223 250
223 278
224 227
224 228
224 229
224 242
224 244
224 245
224 258
224 263
225 241
225 247
225 326
225 334
225 367
226 227
226 228
226 234
227 228
227 229
227 242
228 244
228 251
228 266
228 278
229 240
229 241
229 242
230 237
230 243
230 253
230 640
230 646
231 297
231 316
231 1455
232 233
232 236
232 248
232 310
232 313
232 1459
232 1515
232 1618
233 235
233 236
233 240
233 246
233 248
233 344
234 249
234 251
234 1346
234 1432
235 248
235 1451
235 1459
236 237
236 246
236 292
236 306
236 313
237 292
237 306
237 316
238 240
238 327
238 336
238 638
238 729
238 754
239 241
239 245
239 247
239 328
239 346
239 385
239 636
239 722
240 241
240 344
240 346
241 247
241 334
241 346
242 245
242 633
242 635
243 292
243 638
243 640
243 646
244 266
244 277
245 247
245 258
245 654
245 676
246 292
246 313
246 391
246 415
247 258
247 279
247 385
248 350
248 1445
248 1451
248 1459
249 1455
250 252
250 263
250 278
251 1433
251 1448
251 1458
251 1491
252 263
252 281
252 538
252 569
252 635
252 676
253 535
253 631
253 646
253 705
254 261
254 286
254 367
254 379
254 1484
254 1490
255 256
255 260
255 261
255 272
255 273
255 280
255 284
256 262
256 265
256 269
256 271
256 274
256 280
256 284
256 304
257 264
257 265
257 283
257 1389
257 1483
257 1487
258 259
258 263
258 279
258 282
259 277
259 279
259 284
259 379
260 270
260 273
260 360
260 369
260 379
260 384
261 275
261 1478
261 1484
261 1490
262 265
262 269
262 276
262 288
262 303
262 304
263 278
263 281
264 267
264 274
264 1389
264 1462
264 1470
264 1478
264 1493
265 268
265 274
266 267
266 277
266 278
266 1491
266 1493
267 274
268 271
268 282
269 271
269 280
269 301
269 314
270 280
270 285
270 360
270 384
270 398
270 679
270 780
271 280
271 282
271 284
271 674
272 273
272 293
272 317
272 1477
272 1490
273 398
273 418
274 284
275 1468
275 1478
275 1487
276 288
276 589
276 618
276 681
276 687
277 1492
277 1493
279 370
279 385
279 654
279 673
280 284
280 285
280 314
281 569
281 584
281 588
281 672
282 284
283 291
283 304
283 1380
283 1487
283 1507
285 384
285 667
285 673
285 674
285 679
285 774
285 780
286 326
286 367
286 1492
286 1559
286 1577
287 290
287 294
287 299
287 306
287 308
287 312
287 318
288 618
289 294
289 301
289 305
289 320
289 691
289 708
290 294
290 296
290 298
290 306
290 309
290 312
290 315
291 293
291 299
291 304
291 1495
291 1507
292 306
292 319
292 720
293 303
293 304
293 312
293 314
293 315
293 317
294 296
294 303
294 307
294 309
294 312
294 314
294 315
295 297
295 299
295 308
295 318
295 1408
296 300
296 307
296 309
296 315
296 390
296 399
296 719
296 827
297 1359
297 1508
297 1522
298 310
298 311
298 312
298 411
298 416
298 417
299 302
299 303
299 308
299 312
299 318
300 309
300 319
300 390
300 415
300 420
300 713
300 719
301 303
301 307
301 314
301 687
302 303
303 304
303 314
305 320
305 691
305 705
305 720
306 310
306 313
307 309
307 314
307 692
308 316
308 320
309 686
310 311
310 313
310 318
310 1514
310 1515
311 312
311 317
311 318
311 1513
311 1514
312 315
312 317
312 318
313 391
313 411
314 315
315 399
317 1496
318 1495
318 1514
318 1522
319 336
319 713
319 720
319 798
320 691
321 322
321 324
321 328
321 330
321 334
321 342
321 353
321 364
322 330
322 333
322 342
322 353
322 356
322 362
322 364
323 325
323 330
323 341
323 343
323 347
323 348
323 352
323 749
324 327
324 330
324 334
324 343
324 346
324 732
325 329
325 343
325 345
325 355
325 743
325 749
326 342
326 351
326 362
326 364
326 1545
327 331
327 343
327 349
327 754
328 334
328 346
328 374
328 385
328 746
329 345
330 332
330 340
330 342
330 343
330 347
330 348
331 335
331 343
331 345
331 349
331 391
331 404
331 405
332 337
332 340
332 348
332 1554
333 337
333 354
333 1537
334 342
334 344
334 346
334 351
335 339
335 340
335 344
335 350
335 391
335 1547
336 349
336 754
336 755
336 798
337 348
337 1531
337 1541
337 1554
338 341
338 347
338 352
338 368
338 441
338 721
338 736
338 756
339 402
339 405
339 1547
339 1593
339 1614
340 342
340 344
340 350
340 351
340 1547
341 347
341 721
341 732
341 746
341 749
342 351
343 749
344 350
344 351
345 404
345 405
345 413
346 636
347 348
347 352
347 353
348 352
349 355
349 404
349 754
350 351
350 1545
350 1547
351 1545
353 356
353 368
353 374
354 1241
354 1567
355 749
355 750
355 754
355 806
356 364
356 366
356 380
357 359
357 366
357 383
357 1561
358 361
358 363
358 371
358 372
358 768
358 779
358 790
359 376
359 381
359 383
359 1263
359 1290
359 1561
360 372
360 384
361 363
361 375
361 787
362 364
362 373
362 1552
362 1577
362 1587
363 366
363 372
363 375
364 367
364 374
365 369
365 372
365 373
365 379
367 379
368 721
368 784
369 1562
370 371
370 374
370 384
370 385
370 654
370 769
370 791
370 792
371 372
371 374
371 384
371 768
371 791
373 1562
373 1571
373 1574
373 1577
373 1587
374 791
376 381
376 383
377 378
377 394
377 412
377 788
377 790
378 394
378 395
379 384
381 382
381 383
381 395
381 1290
382 383
382 419
382 1578
382 1595
383 1578
383 1580
384 768
385 654
385 722
385 746
385 769
385 792
386 402
386 410
386 423
386 1315
387 394
387 397
387 406
387 412
387 796
387 804
387 808
388 393
388 396
388 403
388 404
388 406
388 408
388 413
388 824
389 401
389 403
389 411
389 414
389 416
389 417
389 1607
390 396
390 397
390 399
390 406
390 420
391 401
391 411
391 415
392 403
392 408
392 409
392 419
392 423
392 1617
393 400
393 807
394 395
394 400
394 406
394 407
395 409
395 419
396 401
396 403
396 404
396 406
396 408
396 415
396 417
396 420
397 399
397 406
397 412
397 804
397 825
397 827
398 399
398 407
398 412
399 406
399 407
399 417
399 418
400 409
400 421
401 403
401 404
401 405
401 408
401 411
401 417
402 405
402 408
402 1593
402 1614
403 406
403 408
403 414
403 417
404 405
404 408
404 413
404 420
405 408
406 407
407 412
407 414
407 418
408 410
408 413
409 423
410 413
410 423
411 417
411 1607
411 1618
412 780
412 788
412 804
413 422
414 416
414 417
414 418
414 419
415 420
416 418
416 1513
416 1596
419 1617
420 798
420 824
420 825
421 470
421 808
421 818
422 519
422 743
422 797
422 806
422 824
423 1616
424 425
424 429
424 430
424 438
424 440
424 444
424 451
425 429
425 451
425 478
425 726
425 756
425 766
425 786
426 435
426 439
426 507
426 835
426 858
426 859
426 865
427 429
427 445
427 448
427 450
427 736
428 452
428 455
428 737
428 840
428 861
429 436
429 441
429 736
429 756
430 431
430 442
430 444
430 445
430 447
430 457
431 442
431 444
431 451
431 486
432 433
432 435
432 456
432 493
432 507
433 435
433 439
433 443
433 453
434 445
434 456
435 439
435 453
435 493
435 537
436 438
436 448
436 455
436 736
436 738
436 740
437 455
437 723
437 846
437 854
437 1129
437 1131
438 448
438 450
438 455
439 440
439 453
439 835
440 444
440 452
440 458
440 833
440 866
441 480
441 756
442 444
443 456
443 537
443 623
444 446
444 447
444 451
444 483
445 450
445 457
446 447
446 458
446 474
446 483
446 866
447 453
447 540
448 450
448 454
448 724
448 738
448 743
449 454
449 503
449 724
449 865
450 454
451 478
451 480
452 458
452 460
452 861
452 896
453 835
454 516
454 724
454 826
455 726
455 740
456 498
456 516
456 623
458 460
458 474
458 866
458 873
459 463
459 464
459 466
459 468
459 485
459 488
460 478
460 479
460 891
460 896
461 467
461 471
461 473
461 477
461 487
461 767
462 473
462 489
462 504
462 509
462 510
462 518
463 472
463 485
463 563
464 465
464 472
464 477
464 481
464 482
465 477
465 478
465 479
465 481
465 486
466 468
466 475
466 477
466 488
466 897
467 471
467 478
467 487
467 760
467 767
467 786
468 472
468 475
468 484
468 567
468 590
469 470
469 482
469 511
469 518
470 787
470 818
470 831
471 476
471 477
471 482
471 767
472 479
472 481
472 564
472 573
473 1177
474 479
474 483
474 559
475 488
475 489
475 502
475 512
475 517
475 590
475 884
476 482
476 787
477 479
477 482
479 891
480 766
481 483
481 486
481 573
481 577
483 573
484 567
484 869
484 884
485 506
485 590
485 608
487 760
487 773
487 881
487 896
488 494
488 509
488 511
488 518
489 502
489 509
489 877
489 917
489 932
490 495
490 499
490 509
490 513
490 514
491 505
491 520
491 853
491 927
491 933
491 1016
491 1019
492 497
492 514
492 516
492 521
492 826
493 498
493 505
493 507
493 537
493 607
494 506
494 508
494 511
494 596
495 503
495 505
495 514
495 516
496 498
496 500
496 505
496 513
496 596
496 601
497 500
497 521
498 500
498 505
498 537
498 601
498 607
498 623
499 502
499 509
499 513
499 907
499 910
499 911
499 933
500 508
500 601
501 510
501 514
501 800
501 811
501 821
501 822
501 910
502 509
502 512
502 513
502 517
502 927
503 507
503 865
503 930
504 510
504 820
504 822
504 911
504 1187
505 507
505 933
506 508
507 853
507 865
507 920
508 596
508 619
509 510
509 513
510 518
510 820
510 822
511 515
511 518
512 513
512 517
512 520
512 590
512 596
512 599
513 520
514 800
514 819
514 826
515 818
515 819
515 831
516 521
517 599
517 884
517 905
517 1024
518 831
519 521
519 743
520 599
520 610
520 927
522 523
522 526
522 529
522 530
522 534
522 540
522 543
522 547
522 549
523 528
523 539
523 543
523 545
523 547
523 961
524 529
524 540
524 556
524 560
524 586
525 545
525 548
525 626
525 629
525 1028
526 531
526 534
526 539
526 542
527 534
527 549
528 539
528 939
529 534
529 552
529 560
529 569
529 586
530 532
530 541
530 543
530 547
530 552
530 556
530 560
530 570
531 533
531 539
531 553
531 611
532 541
532 543
532 545
532 950
532 989
533 537
533 549
533 551
533 611
534 540
535 546
535 553
535 615
535 616
535 631
536 551
536 622
536 853
536 939
536 962
537 607
537 623
538 542
538 552
538 569
538 625
539 543
539 544
539 548
540 547
540 549
541 547
541 556
541 570
541 961
542 548
542 625
543 545
543 548
543 555
544 548
544 550
544 554
544 622
545 943
545 950
546 553
546 631
546 637
547 556
547 961
548 550
548 626
548 637
550 554
550 616
550 689
551 597
551 607
551 611
551 622
552 555
552 557
552 560
552 569
552 571
554 592
554 622
554 689
554 1052
554 1120
555 571
555 625
555 626
555 653
555 678
556 559
556 560
557 560
557 568
557 569
557 578
557 584
557 587
557 588
558 561
558 567
558 579
558 585
558 966
558 969
558 970
558 974
559 574
559 585
560 586
561 565
561 576
561 579
561 591
561 603
562 570
562 682
562 974
562 985
562 989
562 997
563 572
563 573
563 577
564 565
564 567
564 573
564 574
564 578
564 583
565 566
565 575
565 579
565 582
565 583
566 567
566 583
566 590
566 595
566 969
567 585
567 970
568 575
568 576
568 578
568 579
568 584
568 656
568 663
569 584
569 588
570 574
570 578
570 997
571 584
571 653
571 656
571 678
572 575
572 578
572 587
573 574
573 577
574 578
574 579
574 585
574 997
575 576
575 578
575 580
575 582
575 589
576 579
576 580
576 603
576 677
577 586
578 579
578 587
579 974
580 603
580 618
580 718
581 582
581 618
582 583
582 595
582 608
583 590
583 608
584 588
584 672
585 982
585 997
586 587
587 588
588 589
589 681
590 595
590 596
590 608
591 594
591 603
591 605
591 614
592 606
592 609
592 622
592 689
592 716
593 602
593 612
593 613
593 617
593 618
594 605
594 609
594 612
594 614
594 683
595 596
595 599
595 608
595 612
595 620
596 599
596 601
596 608
596 620
597 600
597 604
597 606
597 607
597 610
597 611
598 600
598 601
598 604
598 623
599 605
599 1024
600 602
600 604
600 612
600 615
600 621
601 620
602 620
603 614
603 666
603 677
603 683
604 611
604 623
605 612
605 1004
606 611
606 621
606 622
607 610
608 619
608 620
609 688
609 716
609 1007
609 1021
610 612
612 620
612 621
613 617
613 618
613 687
614 666
614 1004
614 1017
615 616
615 621
616 621
616 631
616 699
616 705
617 621
617 683
617 691
617 699
619 620
621 699
622 935
622 1007
622 1012
624 627
624 633
624 637
624 641
624 642
625 626
625 635
625 641
625 653
626 629
626 637
626 641
627 632
627 634
627 642
627 645
628 629
628 634
628 643
628 694
628 698
628 1119
629 634
629 637
629 643
630 632
630 698
630 714
630 715
630 717
630 755
631 646
631 694
631 705
632 634
632 642
632 645
632 649
632 751
632 753
632 1051
633 635
633 640
633 641
633 642
633 647
634 649
634 1043
634 1051
635 641
635 647
635 676
636 651
636 722
636 729
636 732
637 641
638 642
639 644
639 647
639 650
639 661
639 669
640 646
641 647
641 650
642 651
642 729
643 689
643 1050
643 1119
643 1120
644 647
644 651
644 654
644 722
645 648
645 651
645 725
645 751
645 1029
646 705
646 717
646 720
647 651
648 650
648 748
648 1029
648 1034
648 1082
649 698
649 703
649 715
649 753
649 1051
649 1126
650 652
650 661
651 722
651 725
652 678
652 1028
652 1056
652 1082
653 661
653 676
654 673
654 792
655 657
655 668
655 677
655 709
655 718
656 678
657 659
657 680
657 697
657 709
657 1055
657 1073
658 664
658 680
658 761
658 793
658 1179
659 670
659 671
659 1073
660 668
660 674
660 675
660 679
660 700
660 718
661 671
662 663
662 668
662 670
662 672
663 668
663 672
663 681
664 665
664 670
664 680
664 1075
665 667
665 675
665 765
665 772
665 774
666 677
666 709
666 994
666 1055
667 673
667 674
667 675
667 774
667 792
668 670
669 771
669 781
669 1084
671 678
671 1082
672 676
672 681
673 674
673 792
674 679
675 693
675 712
675 772
677 682
678 1056
679 692
679 780
679 802
680 697
680 1066
680 1073
682 974
682 1055
683 706
683 711
683 716
684 685
684 695
684 698
684 701
684 702
684 704
684 706
684 707
685 695
685 696
685 701
685 702
685 707
685 710
685 712
685 830
686 690
686 702
686 708
686 714
687 700
687 708
687 718
688 704
688 706
688 716
688 1021
688 1116
689 694
689 704
689 716
689 1120
690 694
690 699
690 702
690 705
690 708
690 714
690 717
691 699
691 705
691 708
692 700
692 710
692 712
692 827
693 696
693 697
693 712
693 793
694 698
694 704
694 717
695 698
695 701
695 702
695 714
695 715
695 830
696 697
696 700
696 707
696 712
697 709
698 714
698 715
698 717
699 705
699 716
700 711
700 712
700 718
701 703
701 707
701 815
701 1106
701 1115
702 711
702 714
703 715
703 1114
703 1208
703 1217
704 706
704 716
704 1120
706 711
706 716
707 1091
707 1106
707 1112
707 1115
710 712
710 719
710 827
710 830
711 718
712 827
713 714
713 719
713 798
713 830
714 715
714 717
714 720
715 755
715 817
717 720
719 809
719 827
719 830
721 746
721 756
721 784
722 741
722 746
722 769
723 724
723 727
723 733
723 738
723 1131
723 1214
724 738
724 797
724 826
725 731
725 748
725 781
726 728
726 737
726 740
726 744
726 752
726 786
727 733
727 734
727 1121
727 1131
727 1133
728 737
728 739
728 745
728 752
728 773
728 1122
728 1146
729 747
729 754
729 755
730 733
730 735
730 753
730 755
730 810
730 823
731 742
731 745
731 747
731 751
732 746
732 747
732 749
733 735
733 810
733 816
733 823
734 742
734 751
734 753
734 1124
734 1126
734 1133
735 747
735 750
735 806
735 810
736 749
736 756
737 773
737 861
737 896
737 1122
737 1176
738 740
738 743
738 750
738 797
739 742
739 745
739 1122
739 1129
739 1134
740 744
741 746
741 752
741 769
741 776
742 745
742 751
742 1124
742 1134
743 750
743 797
744 752
745 1146
745 1178
746 769
748 781
748 1084
748 1149
748 1178
749 750
750 797
750 806
751 753
752 776
752 786
753 823
753 1126
755 798
755 810
756 766
756 786
757 763
757 777
757 788
757 790
757 808
757 813
757 831
758 761
758 764
758 772
758 777
758 785
758 799
759 762
759 764
759 765
759 770
759 776
759 782
759 783
760 767
760 773
760 778
760 782
760 783
761 764
761 765
761 783
761 785
761 789
761 793
762 764
762 767
762 770
762 775
762 777
762 779
763 775
763 820
763 828
763 831
764 765
764 775
764 778
764 783
764 785
765 783
765 789
766 784
766 786
768 770
768 774
768 777
768 780
769 770
769 771
769 791
769 792
770 771
770 776
770 777
770 779
770 791
770 792
771 781
771 792
772 774
772 780
772 802
773 782
773 1146
773 1176
774 780
774 792
775 778
776 782
776 784
777 788
777 790
778 783
778 1160
778 1170
778 1177
779 784
779 791
780 788
780 802
781 1178
782 783
782 1172
782 1178
783 789
783 1172
784 786
785 793
785 799
785 828
785 829
787 790
788 790
788 802
788 804
788 808
789 1084
789 1167
789 1172
789 1178
790 808
793 799
793 829
793 1089
794 801
794 809
794 814
794 816
794 825
795 799
795 805
795 812
795 814
795 815
795 830
796 807
796 808
796 818
796 819
797 801
797 806
797 826
798 810
799 805
799 812
799 813
799 829
800 801
800 811
800 819
800 821
800 826
801 819
801 824
801 826
802 804
802 812
802 827
803 814
803 815
803 816
803 817
803 823
803 1208
804 808
804 812
805 811
805 813
805 814
805 828
805 829
806 810
806 824
807 818
808 818
809 812
809 817
809 825
809 830
810 816
810 817
810 823
811 821
811 822
811 1212
811 1213
812 827
812 830
813 820
813 828
814 815
814 816
814 817
815 817
815 1115
815 1208
815 1211
816 817
816 823
817 823
817 830
818 831
819 820
820 822
820 828
820 831
821 913
821 1214
822 1187
822 1212
823 1208
824 825
828 829
829 1184
829 1193
829 1199
829 1211
832 836
832 837
832 854
832 855
832 860
832 863
832 926
833 834
833 848
833 866
833 873
834 838
834 840
834 841
834 861
834 867
834 873
834 886
834 892
835 848
835 858
835 953
836 837
836 844
836 845
836 849
836 855
836 857
836 859
836 860
837 844
837 849
837 860
837 909
837 1248
838 841
838 843
838 845
838 848
838 857
839 842
839 856
839 861
839 894
839 1125
839 1137
839 1152
840 842
840 846
840 855
840 861
840 1152
841 850
841 867
841 878
841 886
841 893
842 845
842 856
842 1125
842 1141
842 1152
843 850
843 857
843 864
843 957
844 845
844 851
844 852
844 862
844 1248
845 851
845 852
845 855
846 854
846 855
846 1129
846 1131
846 1152
847 849
847 857
847 858
847 862
847 931
847 942
847 956
848 857
848 866
848 953
849 857
849 858
849 860
849 931
850 852
850 856
850 893
850 1227
850 1250
851 855
851 863
851 1141
851 1142
851 1223
852 1237
853 858
853 962
853 1016
854 860
854 865
854 913
854 1131
854 1145
854 1214
855 859
855 863
856 893
856 894
856 1125
856 1182
856 1226
857 858
857 859
857 956
858 859
859 860
859 865
860 865
860 920
860 926
860 930
861 892
861 896
861 1152
862 909
862 924
862 942
862 1248
862 1316
863 1141
863 1142
864 957
864 960
866 867
866 873
867 873
867 878
867 886
868 872
868 888
868 890
868 895
868 899
869 882
869 891
869 897
870 884
870 890
870 900
870 970
870 981
870 982
871 885
871 889
871 932
871 1159
871 1169
871 1183
872 874
872 876
872 879
872 880
872 888
873 886
873 891
874 879
874 885
874 1169
874 1180
875 876
875 877
875 889
875 890
875 922
875 932
876 877
876 880
876 887
876 897
877 897
877 932
878 879
878 882
878 883
878 886
878 888
878 893
878 898
878 901
879 880
879 888
879 893
879 901
879 1283
880 882
880 886
880 887
880 892
881 887
881 1160
881 1177
882 886
882 898
883 888
883 893
883 898
883 901
883 1227
883 1260
883 1273
884 897
884 905
885 889
885 1161
885 1183
885 1269
885 1305
885 1566
886 892
887 892
887 1169
888 898
888 899
888 901
888 1260
889 902
889 912
889 922
889 923
889 932
889 1183
890 900
891 892
891 896
892 894
892 896
893 901
893 1250
893 1283
894 1182
895 1269
895 1282
895 1287
898 899
898 977
899 964
899 967
899 972
899 977
899 992
899 1260
900 905
900 928
900 981
900 1022
901 1260
901 1273
901 1276
901 1283
902 912
902 916
902 917
902 922
902 923
902 932
903 908
903 912
903 918
903 919
903 928
903 1296
903 1321
904 906
904 908
904 914
904 931
904 1009
904 1016
904 1018
905 915
906 907
906 908
906 909
906 919
906 921
906 924
906 931
907 915
907 920
907 927
907 933
908 919
908 1009
908 1321
909 924
909 1248
909 1302
909 1316
909 1323
910 911
910 925
910 930
911 917
911 932
912 918
912 922
912 923
912 1311
913 926
913 930
913 1145
913 1214
914 915
914 927
914 1025
915 917
915 919
915 922
915 927
916 923
916 929
916 1183
916 1185
916 1188
916 1205
916 1209
916 1301
917 922
917 932
918 919
918 923
918 1307
918 1311
918 1321
919 922
920 930
920 933
921 925
921 926
921 929
923 1301
923 1305
923 1311
924 931
924 942
924 1316
924 1405
925 926
925 929
925 1196
926 930
926 1200
927 933
928 988
928 998
929 1190
929 1209
929 1301
931 962
931 1010
931 1016
934 940
934 943
934 945
934 950
934 954
934 959
935 936
935 939
935 955
935 958
935 1012
936 939
936 940
936 951
936 955
936 956
936 962
937 941
937 947
937 955
937 1328
937 1339
937 1348
937 1355
938 945
938 946
938 947
938 995
938 1332
938 1357
940 945
940 956
940 957
941 944
941 951
941 955
941 1014
941 1027
941 1401
942 949
942 1027
942 1316
942 1405
943 948
943 950
944 958
944 999
944 1090
944 1344
945 984
946 947
946 1044
946 1053
947 955
947 1053
947 1355
948 958
948 1044
948 1050
949 1244
950 952
950 954
950 959
951 955
951 962
951 1010
952 976
952 1039
953 956
953 961
954 959
954 960
954 961
954 965
954 968
955 958
956 957
957 960
958 1014
958 1052
958 1094
959 963
959 965
959 976
959 989
960 968
962 1010
962 1012
962 1016
963 965
963 968
963 971
963 972
963 977
963 980
963 984
963 987
964 967
964 983
964 992
964 1286
964 1371
964 1378
964 1388
965 968
965 980
965 989
965 997
966 970
966 974
966 981
966 982
967 1260
967 1368
967 1376
967 1378
967 1388
967 1391
968 977
969 970
969 1004
969 1024
970 981
970 982
971 972
971 975
971 984
971 987
971 991
971 995
971 1362
972 975
972 977
972 992
973 975
973 978
973 983
973 986
973 1008
973 1015
973 1023
974 985
974 990
975 979
975 987
976 987
976 995
976 996
977 982
978 986
978 994
978 1002
978 1008
979 986
979 991
979 993
979 1061
979 1065
979 1383
980 985
980 987
980 989
980 997
981 992
981 1015
981 1022
983 988
983 992
983 1023
983 1371
984 995
984 1332
984 1362
985 987
985 989
985 990
985 993
985 996
985 1079
986 1366
986 1383
986 1485
987 991
987 993
988 998
988 1286
988 1296
988 1417
989 996
989 997
990 994
990 1065
990 1079
991 993
991 995
991 1064
991 1362
991 1379
991 1466
991 1467
993 1064
993 1065
993 1074
993 1079
994 1017
994 1107
995 1332
995 1353
995 1362
996 1056
996 1058
996 1068
996 1074
996 1079
998 1006
998 1008
998 1013
998 1022
998 1023
999 1003
999 1014
999 1090
999 1094
1000 1001
1000 1003
1000 1006
1000 1009
1000 1010
1000 1014
1000 1428
1001 1002
1001 1005
1001 1006
1001 1008
1001 1011
1001 1026
1002 1005
1002 1008
1002 1017
1002 1092
1002 1099
1002 1117
1003 1401
1003 1403
1003 1410
1003 1422
1003 1428
1004 1015
1004 1017
1004 1021
1004 1024
1004 1026
1005 1117
1005 1430
1006 1008
1006 1009
1006 1013
1006 1022
1006 1026
1007 1011
1007 1012
1007 1020
1007 1021
1008 1015
1008 1023
1008 1026
1009 1018
1010 1012
1010 1014
1010 1018
1010 1027
1011 1014
1011 1021
1011 1098
1012 1014
1012 1018
1012 1019
1012 1020
1013 1023
1013 1412
1013 1417
1013 1428
1015 1022
1015 1026
1016 1018
1016 1019
1017 1021
1017 1092
1017 1116
1018 1019
1018 1020
1018 1025
1019 1020
1019 1025
1020 1021
1020 1025
1021 1116
1022 1024
1022 1026
1023 1366
1023 1387
1023 1430
1024 1026
1025 1026
1027 1401
1027 1404
1027 1405
1029 1030
1029 1124
1030 1032
1030 1035
1030 1037
1030 1043
1030 1051
1030 1124
1030 1143
1031 1034
1031 1039
1031 1042
1031 1045
1032 1034
1032 1040
1032 1143
1032 1147
1032 1149
1033 1040
1033 1042
1033 1060
1033 1072
1033 1081
1033 1147
1033 1156
1033 1163
1033 1538
1034 1081
1034 1082
1035 1036
1035 1037
1035 1045
1036 1037
1036 1101
1036 1108
1036 1139
1037 1051
1037 1114
1038 1042
1038 1048
1038 1436
1038 1450
1039 1049
1039 1068
1040 1042
1040 1132
1040 1136
1040 1147
1040 1447
1040 1538
1041 1045
1041 1047
1041 1048
1041 1450
1041 1526
1042 1072
1042 1081
1043 1050
1044 1045
1044 1053
1045 1046
1045 1050
1046 1047
1046 1050
1046 1052
1046 1087
1047 1087
1047 1090
1047 1094
1047 1108
1048 1447
1048 1450
1048 1456
1049 1083
1049 1357
1049 1457
1049 1467
1051 1124
1051 1126
1052 1087
1052 1094
1052 1120
1053 1355
1053 1357
1054 1076
1054 1078
1054 1158
1054 1181
1055 1069
1055 1073
1056 1058
1056 1068
1056 1082
1057 1066
1057 1088
1057 1103
1057 1110
1057 1158
1057 1206
1058 1063
1058 1073
1058 1074
1058 1079
1059 1063
1059 1064
1059 1068
1059 1070
1059 1072
1059 1074
1059 1080
1060 1062
1060 1072
1060 1077
1060 1081
1060 1464
1061 1071
1061 1466
1061 1479
1061 1485
1061 1494
1062 1070
1062 1076
1062 1077
1062 1078
1062 1080
1062 1488
1063 1070
1063 1073
1063 1074
1063 1075
1063 1077
1064 1068
1064 1074
1064 1466
1064 1467
1065 1079
1066 1069
1066 1073
1066 1075
1067 1081
1067 1084
1067 1149
1067 1167
1068 1074
1069 1070
1069 1073
1070 1071
1070 1074
1070 1077
1071 1076
1071 1118
1071 1485
1072 1080
1072 1081
1072 1083
1073 1075
1074 1079
1075 1084
1076 1077
1076 1078
1076 1481
1077 1078
1077 1162
1078 1154
1078 1158
1078 1162
1078 1488
1078 1586
1080 1083
1080 1461
1080 1465
1083 1467
1085 1093
1085 1153
1085 1204
1085 1207
1085 1598
1085 1605
1086 1103
1086 1107
1086 1111
1086 1112
1087 1096
1087 1108
1087 1114
1087 1119
1087 1120
1088 1100
1088 1102
1088 1109
1088 1110
1088 1118
1089 1091
1089 1103
1089 1193
1089 1206
1090 1105
1090 1521
1090 1526
1091 1102
1091 1103
1091 1106
1091 1112
1091 1115
1091 1219
1092 1098
1092 1099
1092 1107
1092 1111
1092 1116
1093 1104
1093 1109
1093 1194
1093 1207
1093 1216
1093 1219
1094 1105
1095 1096
1095 1098
1095 1104
1095 1105
1095 1106
1095 1108
1095 1111
1096 1098
1096 1119
1096 1120
1097 1099
1097 1104
1097 1105
1097 1503
1097 1521
1098 1105
1098 1116
1099 1107
1099 1111
1099 1117
1099 1118
1100 1118
1100 1481
1100 1498
1100 1504
1100 1524
1101 1108
1101 1114
1102 1103
1102 1104
1102 1109
1102 1110
1102 1111
1103 1206
1105 1521
1106 1112
1106 1114
1106 1115
1107 1111
1108 1113
1109 1110
1109 1207
1109 1216
1109 1498
1109 1509
1110 1158
1110 1189
1110 1206
1110 1216
1111 1112
1113 1456
1113 1516
1113 1526
1114 1119
1114 1217
1115 1211
1115 1217
1117 1118
1119 1120
1121 1133
1121 1208
1121 1214
1121 1215
1122 1129
1122 1134
1122 1146
1122 1152
1123 1132
1123 1135
1123 1138
1123 1144
1123 1147
1123 1150
1123 1530
1124 1126
1124 1133
1124 1143
1125 1138
1125 1141
1125 1150
1125 1152
1126 1139
1126 1208
1126 1215
1127 1128
1127 1130
1127 1133
1127 1136
1127 1139
1127 1140
1127 1144
1127 1148
1127 1215
1128 1130
1128 1140
1128 1142
1128 1148
1128 1197
1129 1131
1129 1134
1130 1134
1130 1135
1130 1144
1131 1214
1132 1136
1132 1144
1132 1147
1132 1151
1132 1535
1132 1538
1132 1558
1133 1134
1134 1135
1135 1137
1135 1138
1135 1144
1135 1146
1135 1175
1136 1139
1136 1143
1136 1144
1136 1151
1137 1138
1137 1146
1137 1164
1137 1175
1137 1176
1138 1150
1138 1164
1138 1175
1139 1215
1140 1148
1140 1151
1140 1153
1140 1198
1140 1533
1140 1556
1142 1145
1142 1197
1142 1200
1143 1144
1143 1147
1145 1148
1145 1200
1145 1214
1146 1176
1146 1178
1147 1156
1147 1163
1148 1197
1148 1198
1148 1202
1148 1215
1149 1163
1149 1167
1149 1178
1150 1168
1150 1590
1151 1527
1151 1533
1151 1535
1151 1558
1153 1533
1154 1157
1154 1162
1154 1165
1154 1166
1154 1174
1154 1586
1155 1157
1155 1167
1155 1170
1155 1172
1155 1174
1156 1157
1156 1163
1156 1165
1156 1464
1156 1530
1156 1588
1156 1590
1157 1162
1157 1163
1157 1165
1158 1171
1158 1181
1158 1189
1159 1161
1159 1166
1159 1169
1159 1173
1159 1183
1159 1218
1160 1170
1160 1172
1160 1176
1161 1166
1161 1169
1161 1174
1161 1180
1161 1566
1163 1175
1164 1165
1164 1168
1164 1174
1164 1175
1165 1168
1165 1590
1166 1171
1166 1174
1167 1172
1167 1175
1167 1178
1168 1180
1168 1182
1168 1226
1168 1572
1169 1174
1170 1172
1170 1173
1170 1177
1171 1179
1171 1184
1171 1189
1171 1206
1172 1176
1172 1178
1173 1177
1173 1184
1173 1187
1173 1199
1179 1206
1180 1182
1180 1255
1180 1566
1180 1585
1181 1201
1181 1576
1181 1581
1182 1226
1182 1255
1183 1188
1183 1218
1184 1186
1184 1189
1184 1193
1184 1199
1185 1186
1185 1188
1185 1190
1185 1191
1185 1196
1185 1205
1185 1209
1185 1218
1186 1189
1186 1191
1186 1192
1186 1199
1186 1201
1186 1203
1186 1218
1187 1199
1187 1205
1188 1218
1188 1610
1189 1201
1189 1203
1189 1206
1189 1216
1190 1196
1190 1200
1190 1209
1190 1615
1191 1192
1191 1194
1191 1201
1191 1210
1191 1597
1192 1194
1192 1195
1192 1196
1192 1202
1192 1203
1192 1213
1193 1203
1193 1206
1193 1211
1194 1198
1194 1203
1194 1204
1194 1207
1194 1210
1194 1216
1194 1219
1194 1597
1194 1598
1195 1202
1195 1208
1195 1211
1195 1213
1195 1217
1196 1205
1196 1212
1197 1200
1197 1546
1197 1555
1197 1556
1197 1603
1197 1615
1198 1202
1198 1204
1198 1598
1198 1603
1199 1205
1199 1212
1199 1213
1201 1210
1201 1218
1201 1610
1202 1204
1202 1215
1203 1211
1203 1216
1203 1219
1204 1215
1204 1217
1204 1219
1205 1212
1207 1210
1207 1216
1207 1509
1207 1598
1207 1605
1208 1215
1208 1217
1209 1301
1209 1611
1209 1615
1209 1619
1210 1216
1210 1597
1210 1610
1211 1213
1212 1213
1215 1217
1216 1219
1217 1219
1220 1221
1220 1228
1220 1231
1220 1250
1220 1261
1220 1273
1220 1280
1221 1247
1221 1270
1221 1280
1221 1358
1222 1225
1222 1234
1222 1236
1222 1238
1222 1242
1222 1245
1222 1251
1223 1235
1223 1313
1223 1546
1223 1555
1223 1557
1224 1229
1224 1243
1224 1248
1224 1254
1224 1294
1224 1302
1224 1316
1225 1245
1226 1239
1226 1253
1226 1255
1226 1572
1227 1228
1227 1231
1227 1250
1227 1273
1228 1231
1228 1273
1228 1280
1228 1324
1228 1333
1228 1368
1228 1377
1229 1236
1229 1238
1229 1246
1229 1248
1229 1297
1229 1313
1230 1231
1230 1233
1230 1237
1230 1243
1230 1244
1231 1233
1231 1237
1231 1324
1232 1236
1232 1240
1232 1243
1232 1318
1232 1341
1233 1244
1233 1247
1233 1324
1234 1241
1234 1242
1234 1245
1234 1289
1235 1550
1235 1557
1236 1238
1236 1243
1236 1294
1237 1238
1237 1243
1238 1243
1239 1242
1239 1250
1239 1253
1239 1261
1240 1245
1240 1331
1240 1337
1240 1341
1241 1289
1242 1253
1242 1541
1243 1294
1244 1324
1245 1247
1246 1249
1246 1297
1246 1555
1246 1557
1246 1620
1247 1333
1247 1349
1247 1358
1248 1313
1249 1252
1249 1315
1249 1593
1250 1261
1250 1273
1250 1283
1251 1252
1251 1528
1251 1541
1251 1557
1252 1554
1253 1528
1253 1548
1253 1550
1253 1553
1253 1572
1254 1316
1254 1326
1254 1331
1254 1404
1254 1416
1255 1268
1255 1283
1255 1585
1256 1274
1256 1278
1256 1279
1256 1281
1256 1288
1257 1262
1257 1263
1257 1265
1257 1271
1257 1288
1257 1290
1257 1300
1257 1309
1258 1261
1258 1267
1258 1268
1258 1274
1258 1276
1258 1282
1258 1283
1259 1262
1259 1267
1259 1268
1259 1284
1259 1585
1260 1275
1260 1276
1260 1391
1261 1267
1261 1273
1261 1283
1262 1263
1262 1265
1262 1274
1263 1288
1263 1290
1264 1284
1264 1561
1264 1567
1265 1269
1265 1274
1265 1282
1265 1309
1266 1272
1266 1274
1266 1275
1266 1277
1266 1282
1266 1286
1266 1386
1267 1281
1267 1284
1268 1269
1268 1282
1268 1283
1269 1305
1269 1589
1270 1278
1270 1358
1270 1365
1271 1277
1271 1285
1271 1288
1271 1300
1271 1309
1272 1274
1272 1275
1272 1276
1272 1279
1272 1364
1272 1386
1272 1388
1272 1391
1273 1276
1273 1280
1273 1283
1274 1279
1274 1282
1275 1276
1275 1282
1275 1286
1275 1388
1275 1391
1276 1280
1276 1391
1277 1285
1277 1292
1277 1370
1277 1392
1278 1279
1278 1281
1278 1365
1279 1386
1280 1377
1284 1289
1284 1560
1284 1561
1284 1567
1284 1585
1285 1370
1286 1371
1286 1388
1286 1392
1286 1417
1287 1296
1287 1309
1287 1311
1289 1553
1289 1567
1290 1579
1290 1612
1291 1293
1291 1299
1291 1310
1291 1599
1291 1602
1291 1619
1292 1308
1292 1309
1292 1319
1292 1322
1292 1392
1292 1418
1293 1297
1293 1312
1294 1295
1294 1297
1294 1318
1295 1308
1295 1317
1295 1318
1295 1416
1295 1426
1296 1322
1296 1392
1296 1417
1297 1298
1297 1306
1297 1312
1298 1303
1298 1304
1298 1306
1298 1312
1299 1304
1299 1310
1299 1314
1299 1602
1299 1612
1299 1616
1300 1304
1301 1310
1301 1619
1302 1312
1302 1316
1302 1321
1302 1323
1302 1409
1303 1304
1303 1320
1305 1310
1305 1311
1305 1314
1305 1589
1305 1619
1306 1315
1307 1310
1307 1311
1307 1312
1307 1321
1308 1319
1308 1322
1308 1409
1308 1426
1309 1310
1309 1311
1310 1311
1310 1314
1310 1619
1312 1323
1313 1323
1313 1555
1313 1615
1314 1579
1314 1589
1314 1612
1314 1619
1315 1599
1316 1405
1317 1318
1317 1419
1318 1331
1318 1341
1318 1416
1318 1419
1319 1320
1319 1399
1319 1406
1319 1418
1319 1426
1321 1322
1321 1409
1322 1402
1322 1409
1322 1418
1322 1426
1324 1340
1324 1368
1325 1333
1325 1340
1325 1351
1325 1356
1325 1390
1326 1327
1326 1328
1326 1347
1326 1404
1327 1337
1327 1351
1328 1336
1328 1348
1328 1355
1328 1401
1328 1424
1329 1333
1329 1349
1329 1352
1329 1356
1330 1336
1330 1345
1330 1346
1330 1354
1330 1359
1330 1437
1330 1446
1331 1337
1331 1341
1331 1347
1332 1340
1332 1342
1332 1353
1332 1362
1332 1390
1333 1349
1333 1356
1333 1377
1334 1335
1334 1336
1334 1345
1334 1346
1334 1352
1335 1337
1335 1341
1336 1347
1336 1350
1336 1354
1336 1424
1337 1349
1338 1342
1338 1343
1338 1395
1338 1432
1338 1482
1339 1340
1339 1348
1340 1368
1341 1419
1342 1345
1342 1348
1342 1351
1342 1353
1342 1357
1343 1351
1343 1352
1343 1356
1343 1432
1344 1354
1344 1355
1344 1401
1344 1410
1344 1424
1344 1449
1345 1346
1345 1348
1345 1351
1345 1437
1346 1432
1346 1446
1347 1350
1347 1420
1348 1351
1348 1355
1349 1352
1349 1358
1350 1413
1350 1424
1350 1429
1351 1352
1351 1356
1353 1357
1353 1362
1353 1369
1353 1379
1353 1390
1353 1395
1354 1359
1354 1413
1354 1424
1354 1511
1355 1437
1356 1369
1356 1375
1356 1390
1357 1457
1359 1413
1359 1508
1360 1361
1360 1363
1360 1370
1360 1384
1360 1394
1360 1396
1360 1431
1361 1363
1361 1380
1361 1381
1361 1382
1361 1385
1361 1396
1362 1374
1362 1379
1363 1372
1363 1389
1363 1394
1364 1365
1364 1373
1364 1375
1364 1386
1364 1394
1365 1377
1366 1383
1366 1385
1366 1387
1366 1393
1366 1423
1366 1485
1367 1369
1367 1375
1367 1389
1367 1474
1368 1376
1368 1377
1368 1391
1369 1374
1369 1375
1369 1379
1369 1390
1369 1395
1370 1384
1370 1386
1370 1394
1370 1406
1371 1378
1371 1381
1371 1387
1371 1388
1371 1417
1372 1375
1373 1375
1373 1376
1373 1377
1373 1378
1373 1388
1373 1391
1374 1378
1374 1379
1374 1383
1376 1377
1376 1378
1376 1390
1376 1391
1377 1391
1378 1381
1378 1388
1379 1395
1379 1466
1379 1467
1380 1396
1380 1483
1381 1384
1381 1385
1381 1387
1382 1385
1382 1393
1382 1474
1382 1483
1382 1494
1383 1385
1383 1494
1384 1386
1384 1392
1384 1396
1384 1427
1385 1387
1385 1393
1385 1411
1386 1388
1387 1411
1387 1417
1387 1427
1388 1391
1389 1462
1389 1470
1389 1483
1392 1417
1392 1418
1392 1427
1393 1411
1393 1423
1393 1485
1393 1494
1393 1520
1395 1457
1395 1467
1395 1471
1395 1482
1396 1397
1396 1406
1396 1427
1396 1431
1397 1399
1397 1411
1397 1412
1397 1421
1397 1427
1398 1399
1398 1402
1398 1403
1398 1419
1398 1420
1398 1421
1398 1426
1399 1402
1399 1406
1399 1418
1399 1426
1400 1411
1400 1415
1400 1421
1400 1507
1400 1520
1401 1404
1401 1410
1401 1424
1402 1403
1402 1404
1402 1409
1402 1412
1402 1426
1402 1428
1403 1412
1403 1421
1403 1422
1403 1428
1404 1405
1404 1416
1404 1420
1405 1409
1405 1428
1406 1418
1406 1427
1406 1431
1407 1408
1407 1415
1407 1421
1408 1425
1408 1497
1409 1416
1409 1426
1410 1414
1410 1424
1410 1521
1411 1421
1411 1423
1411 1430
1412 1422
1412 1428
1413 1424
1413 1425
1414 1422
1414 1519
1414 1521
1415 1507
1416 1420
1416 1426
1418 1426
1418 1427
1419 1420
1419 1429
1422 1428
1422 1430
1423 1430
1423 1485
1423 1519
1425 1497
1425 1508
1432 1482
1433 1448
1433 1471
1433 1482
1433 1486
1433 1491
1434 1437
1434 1438
1434 1439
1434 1446
1434 1448
1434 1452
1435 1444
1435 1455
1435 1459
1435 1506
1435 1508
1435 1522
1436 1439
1436 1450
1436 1457
1437 1449
1438 1439
1438 1441
1438 1448
1438 1454
1439 1442
1439 1444
1439 1450
1439 1452
1440 1444
1440 1446
1440 1448
1440 1451
1440 1459
1441 1471
1442 1449
1442 1450
1442 1452
1442 1456
1442 1525
1442 1526
1443 1447
1443 1454
1443 1456
1443 1527
1443 1536
1444 1445
1444 1452
1444 1459
1445 1540
1446 1452
1446 1455
1447 1454
1447 1535
1447 1538
1448 1458
1449 1450
1449 1452
1449 1526
1451 1458
1451 1545
1452 1511
1453 1458
1453 1486
1453 1492
1453 1559
1455 1459
1456 1518
1457 1471
1458 1492
1460 1468
1460 1476
1460 1479
1460 1480
1460 1483
1461 1466
1461 1467
1461 1471
1461 1473
1461 1474
1461 1479
1462 1470
1462 1482
1462 1491
1462 1493
1463 1481
1463 1498
1463 1517
1464 1465
1464 1488
1464 1588
1465 1488
1466 1467
1466 1479
1466 1494
1468 1469
1468 1476
1468 1477
1468 1478
1469 1472
1469 1476
1469 1478
1469 1484
1469 1489
1470 1473
1470 1474
1470 1483
1471 1473
1471 1482
1472 1484
1472 1489
1472 1490
1472 1562
1472 1569
1472 1570
1472 1574
1473 1478
1473 1486
1474 1494
1475 1486
1475 1489
1475 1559
1475 1565
1475 1588
1476 1479
1477 1490
1477 1496
1477 1569
1478 1484
1478 1493
1479 1494
1480 1487
1480 1496
1480 1507
1480 1520
1481 1498
1481 1524
1482 1491
1483 1487
1484 1486
1484 1492
1484 1493
1485 1494
1486 1492
1488 1489
1488 1586
1489 1565
1489 1568
1490 1569
1491 1493
1492 1493
1495 1497
1495 1501
1495 1507
1496 1501
1496 1517
1497 1508
1497 1510
1497 1514
1497 1522
1498 1504
1498 1509
1498 1517
1499 1500
1499 1506
1499 1518
1499 1525
1499 1536
1500 1506
1500 1512
1500 1513
1500 1515
1500 1607
1501 1502
1501 1512
1501 1517
1502 1503
1502 1504
1502 1519
1502 1520
1502 1524
1503 1504
1503 1516
1503 1519
1503 1521
1504 1509
1504 1517
1504 1523
1504 1524
1505 1509
1505 1513
1505 1517
1505 1523
1505 1596
1505 1613
1506 1510
1506 1512
1506 1514
1506 1515
1506 1522
1506 1525
1507 1520
1508 1510
1508 1511
1508 1522
1509 1523
1510 1511
1510 1512
1510 1525
1512 1513
1512 1514
1512 1523
1513 1607
1514 1515
1514 1522
1515 1607
1515 1618
1516 1518
1516 1526
1517 1524
1518 1523
1518 1525
1518 1605
1519 1520
1519 1524
1520 1524
1523 1605
1527 1533
1527 1535
1527 1536
1527 1549
1527 1558
1528 1531
1528 1534
1528 1541
1528 1548
1528 1550
1529 1540
1529 1544
1529 1547
1530 1535
1530 1538
1530 1551
1530 1588
1530 1590
1531 1534
1531 1537
1531 1541
1531 1554
1532 1539
1532 1540
1532 1543
1532 1609
1532 1614
1533 1536
1533 1556
1534 1537
1534 1542
1534 1544
1534 1548
1534 1553
1535 1538
1535 1542
1535 1558
1537 1544
1537 1552
1538 1551
1539 1543
1539 1554
1539 1593
1539 1620
1540 1547
1540 1618
1541 1553
1542 1544
1542 1548
1542 1549
1543 1546
1543 1549
1543 1555
1543 1556
1543 1609
1543 1620
1544 1551
1544 1552
1546 1549
1546 1555
1546 1556
1546 1557
1546 1558
1548 1550
1548 1572
1549 1558
1550 1557
1551 1584
1551 1588
1552 1559
1552 1565
1552 1577
1552 1584
1553 1567
1555 1557
1555 1615
1555 1620
1556 1558
1556 1603
1559 1565
1559 1577
1560 1561
1560 1571
1560 1573
1560 1580
1560 1583
1560 1585
1561 1567
1561 1580
1562 1569
1562 1570
1562 1574
1562 1580
1563 1568
1563 1575
1563 1583
1563 1584
1563 1590
1564 1573
1564 1578
1564 1579
1564 1582
1564 1608
1565 1574
1565 1577
1565 1584
1566 1573
1566 1581
1566 1589
1567 1587
1568 1570
1568 1574
1568 1575
1568 1576
1569 1570
1570 1576
1570 1582
1571 1574
1571 1577
1571 1580
1571 1583
1571 1587
1572 1585
1573 1575
1573 1585
1573 1589
1574 1577
1575 1586
1576 1581
1576 1582
1576 1586
1577 1587
1578 1580
1578 1582
1578 1595
1579 1589
1579 1612
1581 1592
1582 1592
1582 1595
1582 1613
1583 1584
1583 1587
1584 1588
1584 1590
1588 1590
1591 1599
1591 1601
1591 1604
1591 1609
1591 1614
1592 1608
1592 1610
1592 1613
1593 1609
1593 1614
1593 1620
1594 1595
1594 1600
1594 1602
1594 1608
1594 1612
1594 1617
1595 1596
1596 1601
1597 1598
1597 1600
1597 1603
1597 1604
1597 1610
1597 1611
1598 1603
1598 1604
1598 1605
1599 1602
1599 1617
1600 1601
1600 1604
1600 1613
1601 1607
1602 1608
1602 1611
1602 1612
1602 1619
1603 1604
1603 1615
1604 1606
1604 1609
1604 1611
1606 1609
1607 1618
1608 1610
1608 1612
1608 1619
1609 1614
1609 1620
1610 1611
1611 1619
1612 1616
1616 1617
