0.19749000 0.19874000 0.29881000
0.23984000 0.03550000 0.17130000
0.08829000 0.12047000 0.01160000
0.12976000 0.13893000 0.25647000
0.20792000 0.20407000 0.10669000
0.23862000 0.15363000 0.25195000
0.18108000 0.07053000 0.24979000
0.20209000 0.10135000 0.01436000
0.18374000 0.18375000 0.20483000
0.14238000 0.07609000 0.04179000
0.16235000 0.00658000 0.06650000
0.20967000 0.06304000 0.08067000
0.01119000 0.14061000 0.26660000
0.10119000 0.07950000 0.13181000
0.21198000 0.13125000 0.12329000
0.10581000 0.08189000 0.31476000
0.04854000 0.22760000 0.19450000
0.14549000 0.12476000 0.16629000
0.11864000 0.13979000 0.09555000
0.08045000 0.18767000 0.25393000
0.04910000 0.03739000 0.12153000
0.02660000 0.18589000 0.04301000
0.16741000 0.03806000 0.15893000
0.09024000 0.20080000 0.01591000
0.08421000 0.00713000 0.23310000
0.12235000 0.21850000 0.14242000
0.05726000 0.12101000 0.20038000
0.02587000 0.08341000 0.06210000
0.22040000 0.24172000 0.17413000
0.00855000 0.02807000 0.21162000
0.15621000 0.24783000 0.27186000
0.07694000 0.04086000 0.00473000
0.18483000 0.07670000 0.33191000
0.18703000 0.11459000 0.50445000
0.15873000 0.08206000 0.62092000
0.17775000 0.21563000 0.43950000
0.03765000 0.09163000 0.49282000
0.09313000 0.08746000 0.43004000
0.18360000 0.20346000 0.61159000
0.14681000 0.00428000 0.59398000
0.02199000 0.18283000 0.52527000
0.03411000 0.13513000 0.37659000
0.03900000 0.22621000 0.58373000
0.14780000 0.04357000 0.48776000
0.06001000 0.01764000 0.41840000
0.23285000 0.14502000 0.63647000
0.07244000 0.03761000 0.50484000
0.07880000 0.04785000 0.63347000
0.23744000 0.16059000 0.53836000
0.01254000 0.23372000 0.45511000
0.07146000 0.20255000 0.47274000
0.14359000 0.14108000 0.39180000
0.11276000 0.11590000 0.53261000
0.04893000 0.19451000 0.64998000
0.20813000 0.07605000 0.41120000
0.12097000 0.17978000 0.59659000
0.13056000 0.17131000 0.48120000
0.09504000 0.23979000 0.53835000
0.20524000 0.01745000 0.34770000
0.21774000 0.05703000 0.56151000
0.14053000 0.21389000 0.36047000
0.22543000 0.21647000 0.49556000
0.05313000 0.11644000 0.65043000
0.14339000 0.04057000 0.37424000
0.23558000 0.22078000 0.65785000
0.08311000 0.17710000 0.37288000
0.23655000 0.01425000 0.44902000
0.24443000 0.22313000 0.35136000
0.19836000 0.20766000 0.80713000
0.17014000 0.10288000 0.75617000
0.12178000 0.22494000 0.90593000
0.22346000 0.04430000 0.86117000
0.08858000 0.01252000 0.71599000
0.22855000 0.14621000 0.81432000
0.12996000 0.20666000 0.82381000
0.03596000 0.06323000 0.92771000
0.15969000 0.19687000 0.98041000
0.13506000 0.18762000 0.72154000
0.01031000 0.14086000 0.94774000
0.18151000 0.12947000 0.88130000
0.19049000 0.23717000 0.72674000
0.10305000 0.12702000 0.72421000
0.17570000 0.13017000 0.68713000
0.07764000 0.04363000 0.80803000
0.01270000 0.01991000 0.69925000
0.15534000 0.02421000 0.98595000
0.18200000 0.19449000 0.89438000
0.04090000 0.13178000 0.81327000
0.16533000 0.05082000 0.70554000
0.01431000 0.07205000 0.80919000
0.14900000 0.07554000 0.83034000
0.02582000 0.19576000 0.85124000
0.07715000 0.16885000 0.88851000
0.12820000 0.13618000 0.94596000
0.12852000 0.05933000 0.91715000
0.03787000 0.21156000 0.95836000
0.07695000 0.23054000 0.76953000
0.11964000 0.13769000 0.81012000
0.23015000 0.08028000 0.69307000
0.24668000 0.20337000 0.99629000
0.24278000 0.15493000 0.91513000
0.24786000 0.06063000 0.78732000
0.02695000 0.40706000 0.24204000
0.12803000 0.38053000 0.17210000
0.05983000 0.33124000 0.28550000
0.02823000 0.36174000 0.05121000
0.22336000 0.31003000 0.07423000
0.09269000 0.46389000 0.16970000
0.24348000 0.48538000 0.18863000
0.19700000 0.43879000 0.22844000
0.11203000 0.45725000 0.06955000
0.13648000 0.25601000 0.06694000
0.05267000 0.40356000 0.15934000
0.07040000 0.25802000 0.26517000
0.12856000 0.42659000 0.25069000
0.20538000 0.33636000 0.21467000
0.17592000 0.40933000 0.30798000
0.15889000 0.49049000 0.16270000
0.22930000 0.35552000 0.02875000
0.22283000 0.48514000 0.10598000
0.16547000 0.34708000 0.32650000
0.02780000 0.26703000 0.12082000
0.19641000 0.38283000 0.15853000
0.10154000 0.38917000 0.07320000
0.05202000 0.31786000 0.17150000
0.13101000 0.34973000 0.24514000
0.03728000 0.43525000 0.06267000
0.21812000 0.27005000 0.25769000
0.08290000 0.44388000 0.31553000
0.23837000 0.32716000 0.28691000
0.12097000 0.27536000 0.20100000
0.06657000 0.49612000 0.24080000
0.03359000 0.49611000 0.32629000
0.24892000 0.40574000 0.18676000
0.14269000 0.36055000 0.63757000
0.18536000 0.46587000 0.36463000
0.11743000 0.44610000 0.39715000
0.17585000 0.31532000 0.52783000
0.05643000 0.39096000 0.47698000
0.02322000 0.30106000 0.44878000
0.06364000 0.30693000 0.37504000
0.18261000 0.40478000 0.58943000
0.21078000 0.28215000 0.39644000
0.14741000 0.28759000 0.63668000
0.11398000 0.38942000 0.42776000
0.24018000 0.40239000 0.34379000
0.12730000 0.47832000 0.65187000
0.18373000 0.45191000 0.45173000
0.07728000 0.30689000 0.64769000
0.09590000 0.33653000 0.58004000
0.02561000 0.41651000 0.59113000
0.06730000 0.37568000 0.35158000
0.06692000 0.31617000 0.50698000
0.09040000 0.42364000 0.63550000
0.01319000 0.45579000 0.39762000
0.03470000 0.35831000 0.61831000
0.11768000 0.44335000 0.54858000
0.21012000 0.36601000 0.40699000
0.16643000 0.30031000 0.45305000
0.15029000 0.39496000 0.50463000
0.21867000 0.36906000 0.53977000
0.21270000 0.26945000 0.56172000
0.03458000 0.45625000 0.49605000
0.23111000 0.30586000 0.63989000
0.09532000 0.27414000 0.44458000
0.13150000 0.27786000 0.33917000
0.07704000 0.48774000 0.45022000
0.16118000 0.49440000 0.56847000
0.00111000 0.38905000 0.35998000
0.09141000 0.25008000 0.62327000
0.22250000 0.43918000 0.78695000
0.19977000 0.29145000 0.79188000
0.02034000 0.44444000 0.97622000
0.07027000 0.44763000 0.84298000
0.03851000 0.43536000 0.70199000
0.03959000 0.26941000 0.70307000
0.14376000 0.28754000 0.73601000
0.14439000 0.42615000 0.76179000
0.11584000 0.37637000 0.71719000
0.09917000 0.49128000 0.89421000
0.14724000 0.29141000 0.90215000
0.04585000 0.28970000 0.97834000
0.12676000 0.39663000 0.82586000
0.07941000 0.34888000 0.83184000
0.19329000 0.43978000 0.68811000
0.17374000 0.34814000 0.77046000
0.17894000 0.37483000 0.87142000
0.07139000 0.40336000 0.77834000
0.23313000 0.43394000 0.87766000
0.06431000 0.27921000 0.89324000
0.08791000 0.33390000 0.94791000
0.10956000 0.46341000 0.98925000
0.21203000 0.25266000 0.87175000
0.21758000 0.35785000 0.70067000
0.08481000 0.40212000 0.95448000
0.02820000 0.49498000 0.72208000
0.12846000 0.29484000 0.82588000
0.15673000 0.43322000 0.91885000
0.10341000 0.48455000 0.73136000
0.19720000 0.49750000 0.75714000
0.02503000 0.35033000 0.77191000
0.20750000 0.31908000 0.95245000
0.17609000 0.49802000 0.96926000
0.00447000 0.28438000 0.83357000
0.21081000 0.44483000 0.99344000
0.14591000 0.34453000 0.98906000
0.18488000 0.26619000 0.99780000
0.04595000 0.49637000 0.80015000
0.00439000 0.35617000 0.85830000
0.00349000 0.43006000 0.88750000
0.10321000 0.52185000 0.12910000
0.17259000 0.68027000 0.07634000
0.01003000 0.57728000 0.17549000
0.05139000 0.72051000 0.26699000
0.23698000 0.65120000 0.17455000
0.07431000 0.60465000 0.08791000
0.03392000 0.63771000 0.00455000
0.09236000 0.64254000 0.21685000
0.17424000 0.55963000 0.12752000
0.15818000 0.62845000 0.12644000
0.14020000 0.53228000 0.04883000
0.20620000 0.54790000 0.21538000
0.13329000 0.50399000 0.25362000
0.15286000 0.60450000 0.29795000
0.11132000 0.74066000 0.30540000
0.07851000 0.56537000 0.18581000
0.14196000 0.56636000 0.22196000
0.07688000 0.56877000 0.28805000
0.15717000 0.65205000 0.20196000
0.20677000 0.55055000 0.04870000
0.05713000 0.54893000 0.02304000
0.04475000 0.70525000 0.03142000
0.10071000 0.70410000 0.10309000
0.00549000 0.52263000 0.21145000
0.04803000 0.66309000 0.13845000
0.10539000 0.65289000 0.03012000
0.14755000 0.59640000 0.00204000
0.23138000 0.73853000 0.09923000
0.23482000 0.71263000 0.26347000
0.16212000 0.70737000 0.15507000
0.16169000 0.69733000 0.25087000
0.22124000 0.60836000 0.23891000
0.21539000 0.61390000 0.09235000
0.09125000 0.63087000 0.31660000
0.23073000 0.65048000 0.32358000
0.14140000 0.73007000 0.02240000
0.17807000 0.69935000 0.32734000
0.00236000 0.70431000 0.10084000
0.02435000 0.50415000 0.12051000
0.18574000 0.51359000 0.30607000
0.00187000 0.58629000 0.27630000
0.24779000 0.54076000 0.33086000
0.24996000 0.51036000 0.00051000
0.02070000 0.73684000 0.46595000
0.10279000 0.67838000 0.57332000
0.12083000 0.61087000 0.59674000
0.03468000 0.52413000 0.54196000
0.17817000 0.63530000 0.37862000
0.12269000 0.67217000 0.43409000
0.10413000 0.74647000 0.56240000
0.02433000 0.68227000 0.50641000
0.15423000 0.55021000 0.63622000
0.17696000 0.55709000 0.35916000
0.00543000 0.56569000 0.47755000
0.11116000 0.53817000 0.54562000
0.06662000 0.57901000 0.36702000
0.08108000 0.56202000 0.43783000
0.17965000 0.53632000 0.50603000
0.18791000 0.61827000 0.63700000
0.18716000 0.73891000 0.60666000
0.19636000 0.60501000 0.55266000
0.03193000 0.68910000 0.64406000
0.09333000 0.72717000 0.65284000
0.09387000 0.59527000 0.50677000
0.00884000 0.61386000 0.57690000
0.24814000 0.53003000 0.61648000
0.07036000 0.65035000 0.38530000
0.11823000 0.50986000 0.33938000
0.19579000 0.71085000 0.41133000
0.16856000 0.67942000 0.60013000
0.23282000 0.50305000 0.41339000
0.20204000 0.59663000 0.46426000
0.02253000 0.52090000 0.64864000
0.15783000 0.65713000 0.50983000
0.24880000 0.71118000 0.56130000
0.00016000 0.74042000 0.36287000
0.11624000 0.62700000 0.87625000
0.19770000 0.50565000 0.66820000
0.21652000 0.56998000 0.82360000
0.14337000 0.69670000 0.86766000
0.02593000 0.56853000 0.73775000
0.18322000 0.65693000 0.99721000
0.07238000 0.64563000 0.70903000
0.15903000 0.63314000 0.80696000
0.04226000 0.53711000 0.88211000
0.20779000 0.71414000 0.79135000
0.00902000 0.52097000 0.96328000
0.05552000 0.72135000 0.85936000
0.08234000 0.56616000 0.81542000
0.23389000 0.74155000 0.87256000
0.21419000 0.59710000 0.71614000
0.13007000 0.52730000 0.77812000
0.13614000 0.58416000 0.73755000
0.08214000 0.58023000 0.66888000
0.22702000 0.57988000 0.92196000
0.10509000 0.65331000 0.95036000
0.22209000 0.65430000 0.76215000
0.12084000 0.55111000 0.88937000
0.20946000 0.66961000 0.86312000
0.04187000 0.67632000 0.92878000
0.01148000 0.67132000 0.84202000
0.07054000 0.65922000 0.81681000
0.08455000 0.71468000 0.97370000
0.16234000 0.65005000 0.70486000
0.12506000 0.69759000 0.77715000
0.11715000 0.54041000 0.97634000
0.00431000 0.67930000 0.74691000
0.03494000 0.60772000 0.85569000
0.24537000 0.71555000 0.97610000
0.19263000 0.50005000 0.87853000
0.14425000 0.83413000 0.27398000
0.07064000 0.89014000 0.30836000
0.17919000 0.94144000 0.15974000
0.17884000 0.81837000 0.18879000
0.21172000 0.94811000 0.07999000
0.04076000 0.79119000 0.28699000
0.18147000 0.80446000 0.09607000
0.19972000 0.78982000 0.29780000
0.11755000 0.96290000 0.05717000
0.11672000 0.88375000 0.20839000
0.13797000 0.86118000 0.05402000
0.05824000 0.89786000 0.15636000
0.01345000 0.92662000 0.27121000
0.13453000 0.77980000 0.23127000
0.06736000 0.81196000 0.06152000
0.24707000 0.77151000 0.01973000
0.02619000 0.96453000 0.19635000
0.23349000 0.98550000 0.26362000
0.02179000 0.88693000 0.03727000
0.06429000 0.82892000 0.16020000
0.23074000 0.90102000 0.23548000
0.07597000 0.83121000 0.24300000
0.17248000 0.87992000 0.13323000
0.09260000 0.76986000 0.13283000
0.16306000 0.92593000 0.02155000
0.19522000 0.75598000 0.21523000
0.16698000 0.92990000 0.24748000
0.09728000 0.95304000 0.18378000
0.20087000 0.83622000 0.02624000
0.01438000 0.76990000 0.13029000
0.05704000 0.76481000 0.20115000
0.16830000 0.99325000 0.22573000
0.16161000 0.88771000 0.32017000
0.03948000 0.99499000 0.32007000
0.24955000 0.88223000 0.04930000
0.11433000 0.91991000 0.37145000
0.03337000 0.94740000 0.47945000
0.21943000 0.88658000 0.50796000
0.01210000 0.99471000 0.54568000
0.15776000 0.80408000 0.57518000
0.18643000 0.95813000 0.55300000
0.01495000 0.84483000 0.34169000
0.13543000 0.92113000 0.52053000
0.08697000 0.82955000 0.35906000
0.09166000 0.82464000 0.49281000
0.09097000 0.91790000 0.45204000
0.07231000 0.75305000 0.39379000
0.22654000 0.94289000 0.36567000
0.05750000 0.80043000 0.56796000
0.23062000 0.77721000 0.42336000
0.21611000 0.81537000 0.47977000
0.15340000 0.86018000 0.53021000
0.01069000 0.85006000 0.45487000
0.17177000 0.82665000 0.39501000
0.18104000 0.96922000 0.46820000
0.05910000 0.97383000 0.59349000
0.19970000 0.87090000 0.64221000
0.12308000 0.90988000 0.64550000
0.10903000 0.75984000 0.47294000
0.13698000 0.98525000 0.34200000
0.01527000 0.94690000 0.64189000
0.00845000 0.87604000 0.64837000
0.00443000 0.90615000 0.57504000
0.18573000 0.75069000 0.51950000
0.24991000 0.75782000 0.34764000
0.03982000 0.98956000 0.93962000
0.22236000 0.88374000 0.75916000
0.17142000 0.90645000 0.86488000
0.03481000 0.82834000 0.85999000
0.19914000 0.78129000 0.83040000
0.10675000 0.80402000 0.97724000
0.05367000 0.92127000 0.83918000
0.18316000 0.98383000 0.81381000
0.14841000 0.89528000 0.72741000
0.06020000 0.93737000 0.72420000
0.16932000 0.83487000 0.87961000
0.23486000 0.81652000 0.75980000
0.17405000 0.76542000 0.67986000
0.15109000 0.77017000 0.76724000
0.15329000 0.98216000 0.73778000
0.09573000 0.83653000 0.90797000
0.02218000 0.91523000 0.95164000
0.09767000 0.86261000 0.84055000
0.16626000 0.87673000 0.95122000
0.07948000 0.89709000 0.97846000
0.16090000 0.85828000 0.79970000
0.12526000 0.82018000 0.70444000
0.10698000 0.90295000 0.90601000
0.08206000 0.97277000 0.78966000
0.10593000 0.98372000 0.91184000
0.04143000 0.78095000 0.92724000
0.20727000 0.82120000 0.69350000
0.17010000 0.96660000 0.93571000
0.05327000 0.82561000 0.77702000
0.16629000 0.77231000 0.94346000
0.00799000 0.77488000 0.78891000
0.09210000 0.78302000 0.85076000
0.06795000 0.77954000 0.70994000
0.02805000 0.87830000 0.74376000
0.23070000 0.81686000 0.90794000
0.21940000 0.97105000 0.67646000
0.24475000 0.95778000 0.95630000
0.03132000 0.98959000 0.84494000
0.37151000 0.10543000 0.23280000
0.36150000 0.04534000 0.28539000
0.48431000 0.16236000 0.09365000
0.28247000 0.06062000 0.11747000
0.48024000 0.04538000 0.23633000
0.31489000 0.04505000 0.21202000
0.31993000 0.18282000 0.21585000
0.29644000 0.15917000 0.32322000
0.39390000 0.15833000 0.03135000
0.38054000 0.19278000 0.12154000
0.25866000 0.14044000 0.04415000
0.42856000 0.22851000 0.07533000
0.35653000 0.00561000 0.16767000
0.46235000 0.00100000 0.11313000
0.39749000 0.08017000 0.13280000
0.44441000 0.17694000 0.16344000
0.44341000 0.13331000 0.25502000
0.25134000 0.06156000 0.24820000
0.28510000 0.21361000 0.28355000
0.30613000 0.22915000 0.06995000
0.35883000 0.16090000 0.29727000
0.29189000 0.12831000 0.13047000
0.42974000 0.22180000 0.30968000
0.38237000 0.22336000 0.24551000
0.33804000 0.02481000 0.09055000
0.43294000 0.05790000 0.02687000
0.34382000 0.08885000 0.08750000
0.32754000 0.09995000 0.31226000
0.48133000 0.07927000 0.30508000
0.43971000 0.24076000 0.18412000
0.35708000 0.04271000 0.01355000
0.41794000 0.01167000 0.19341000
0.31988000 0.16352000 0.00330000
0.25062000 0.17522000 0.17087000
0.45355000 0.14878000 0.34121000
0.34227000 0.16838000 0.61047000
0.45346000 0.09555000 0.38007000
0.42948000 0.04824000 0.48056000
0.43380000 0.05272000 0.64388000
0.28766000 0.22975000 0.56292000
0.31878000 0.13519000 0.51025000
0.34521000 0.11557000 0.42882000
0.42730000 0.13514000 0.57314000
0.40514000 0.01550000 0.40993000
0.41359000 0.21449000 0.58865000
0.30207000 0.07705000 0.61404000
0.26957000 0.01772000 0.65744000
0.35576000 0.02730000 0.50743000
0.36784000 0.21423000 0.50908000
0.45103000 0.02809000 0.57128000
0.43210000 0.20657000 0.40185000
0.45076000 0.19294000 0.64620000
0.27716000 0.04272000 0.50391000
0.38780000 0.10365000 0.49795000
0.38409000 0.06435000 0.36149000
0.42138000 0.15086000 0.45596000
0.26728000 0.06390000 0.35420000
0.33173000 0.20575000 0.44701000
0.34180000 0.07578000 0.55415000
0.35572000 0.22088000 0.38197000
0.46768000 0.22862000 0.52848000
0.30201000 0.21550000 0.64809000
0.26756000 0.16149000 0.39789000
0.47755000 0.00113000 0.44131000
0.38040000 0.13686000 0.66507000
0.49861000 0.11628000 0.66168000
0.40553000 0.11532000 0.83121000
0.49081000 0.24456000 0.89717000
0.30843000 0.05261000 0.89167000
0.40406000 0.21401000 0.98279000
0.34239000 0.17424000 0.74269000
0.39202000 0.11989000 0.91307000
0.37166000 0.20928000 0.85625000
0.30058000 0.11729000 0.84127000
0.35074000 0.22761000 0.93279000
0.48344000 0.11816000 0.82664000
0.30420000 0.19492000 0.87425000
0.45434000 0.01845000 0.84358000
0.47465000 0.16687000 0.73671000
0.46145000 0.08608000 0.95551000
0.47849000 0.01867000 0.69584000
0.43940000 0.19472000 0.91534000
0.26675000 0.18136000 0.71030000
0.47624000 0.15682000 0.98279000
0.29098000 0.20388000 0.78035000
0.43729000 0.11599000 0.72699000
0.42434000 0.04547000 0.73970000
0.32168000 0.09940000 0.71834000
0.42493000 0.22505000 0.71904000
0.42809000 0.17636000 0.80104000
0.38066000 0.04148000 0.87903000
0.32329000 0.04076000 0.77075000
0.33235000 0.09087000 0.96149000
0.49088000 0.24467000 0.68233000
0.36723000 0.06381000 0.66947000
0.25262000 0.03927000 0.98773000
0.45777000 0.24909000 0.80796000
0.25071000 0.09034000 0.92194000
0.36891000 0.35976000 0.23097000
0.46372000 0.37417000 0.20786000
0.31992000 0.30099000 0.31834000
0.47424000 0.49590000 0.15983000
0.33273000 0.38842000 0.15809000
0.27499000 0.29936000 0.14606000
0.44934000 0.33166000 0.14410000
0.29373000 0.38340000 0.29318000
0.39711000 0.39493000 0.30418000
0.32334000 0.37786000 0.07585000
0.47338000 0.43304000 0.31199000
0.36785000 0.32323000 0.06712000
0.28320000 0.34561000 0.22284000
0.29099000 0.46257000 0.01429000
0.49627000 0.31638000 0.03648000
0.36241000 0.26085000 0.03551000
0.28808000 0.48350000 0.27583000
0.40937000 0.39437000 0.12694000
0.34663000 0.29575000 0.23657000
0.45628000 0.36231000 0.32425000
0.32402000 0.44838000 0.20597000
0.41996000 0.42671000 0.23351000
0.45777000 0.42117000 0.07347000
0.49291000 0.43374000 0.21066000
0.31140000 0.48442000 0.08635000
0.43691000 0.31691000 0.27106000
0.39984000 0.46429000 0.14309000
0.35205000 0.29509000 0.16158000
0.40549000 0.47355000 0.04717000
0.42720000 0.33976000 0.01133000
0.35487000 0.44153000 0.32493000
0.26016000 0.41786000 0.06394000
0.48734000 0.46261000 0.00593000
0.40293000 0.49916000 0.28690000
0.40076000 0.31351000 0.33860000
0.33133000 0.42037000 0.41418000
0.48679000 0.36789000 0.56170000
0.44875000 0.28214000 0.41095000
0.34532000 0.36657000 0.34816000
0.42615000 0.41308000 0.61899000
0.48806000 0.43731000 0.45093000
0.27660000 0.28264000 0.50205000
0.37944000 0.30172000 0.51696000
0.38790000 0.35359000 0.58857000
0.41935000 0.30537000 0.64612000
0.46511000 0.29145000 0.56066000
0.37101000 0.46318000 0.48467000
0.27325000 0.45830000 0.35936000
0.42770000 0.39829000 0.40623000
0.38074000 0.49638000 0.37524000
0.28547000 0.35011000 0.53462000
0.35347000 0.27395000 0.44493000
0.42319000 0.33189000 0.45839000
0.32590000 0.41366000 0.54516000
0.39320000 0.45579000 0.56614000
0.27799000 0.27456000 0.42787000
0.35943000 0.38577000 0.47726000
0.42700000 0.39763000 0.52771000
0.33994000 0.48229000 0.61816000
0.26108000 0.39080000 0.65301000
0.33041000 0.37509000 0.64513000
0.33707000 0.30360000 0.61550000
0.30808000 0.48416000 0.42850000
0.49446000 0.32643000 0.48844000
0.26406000 0.33694000 0.36897000
0.27840000 0.37486000 0.45338000
0.25596000 0.44951000 0.46413000
0.25396000 0.46066000 0.56099000
0.37822000 0.25270000 0.66635000
0.42539000 0.40464000 0.71285000
0.44374000 0.46072000 0.92461000
0.32064000 0.42070000 0.75197000
0.42548000 0.43918000 0.79062000
0.36254000 0.32606000 0.73168000
0.35372000 0.25327000 0.77303000
0.37474000 0.32876000 0.94718000
0.26265000 0.30284000 0.90930000
0.43625000 0.29114000 0.75960000
0.30210000 0.35920000 0.90587000
0.31899000 0.26998000 0.86238000
0.26306000 0.38498000 0.80634000
0.41175000 0.47336000 0.66839000
0.28509000 0.33758000 0.98102000
0.44941000 0.36253000 0.77497000
0.40719000 0.40943000 0.93099000
0.41568000 0.28037000 0.95980000
0.30293000 0.29963000 0.69359000
0.47640000 0.44579000 0.84482000
0.41448000 0.30384000 0.87215000
0.36701000 0.37991000 0.99822000
0.36903000 0.36782000 0.82213000
0.27500000 0.49649000 0.74788000
0.47612000 0.45417000 0.71421000
0.27624000 0.43245000 0.94145000
0.33802000 0.47312000 0.96464000
0.31950000 0.47295000 0.80047000
0.28089000 0.45921000 0.67500000
0.25492000 0.26604000 0.76206000
0.30408000 0.31752000 0.77975000
0.34166000 0.43396000 0.88738000
0.48602000 0.40058000 0.99290000
0.29624000 0.25122000 0.98887000
0.35135000 0.61898000 0.12274000
0.32816000 0.53019000 0.25293000
0.40324000 0.52397000 0.20820000
0.40001000 0.66743000 0.14534000
0.42877000 0.61134000 0.02721000
0.43145000 0.56365000 0.11150000
0.34758000 0.69166000 0.01887000
0.32564000 0.53047000 0.02385000
0.41642000 0.71390000 0.09576000
0.29709000 0.64028000 0.18764000
0.45706000 0.65194000 0.09413000
0.28999000 0.59149000 0.26085000
0.27856000 0.74968000 0.21045000
0.36114000 0.53621000 0.14139000
0.25782000 0.67392000 0.09009000
0.39587000 0.67401000 0.32220000
0.25570000 0.57615000 0.13676000
0.37564000 0.59532000 0.21799000
0.33074000 0.68715000 0.13595000
0.47005000 0.56253000 0.03716000
0.33334000 0.69979000 0.32028000
0.42994000 0.71321000 0.20504000
0.28219000 0.57627000 0.03542000
0.32799000 0.64881000 0.26038000
0.49674000 0.68387000 0.27548000
0.45728000 0.71857000 0.02446000
0.43733000 0.61039000 0.27204000
0.35216000 0.72579000 0.23094000
0.49846000 0.57566000 0.28821000
0.35920000 0.55178000 0.33079000
0.27300000 0.69950000 0.38311000
0.39867000 0.57899000 0.61455000
0.42346000 0.51626000 0.42868000
0.47467000 0.60765000 0.59540000
0.48539000 0.73749000 0.58488000
0.45978000 0.60323000 0.50783000
0.30841000 0.62603000 0.61880000
0.40308000 0.60766000 0.34285000
0.34694000 0.60767000 0.47414000
0.35989000 0.55125000 0.51000000
0.45181000 0.70410000 0.50841000
0.38161000 0.73548000 0.52073000
0.49504000 0.50629000 0.64444000
0.31487000 0.69978000 0.53831000
0.35447000 0.61349000 0.55980000
0.42357000 0.71516000 0.39174000
0.40732000 0.64540000 0.49369000
0.46653000 0.61209000 0.39973000
0.30463000 0.55479000 0.44155000
0.25362000 0.68326000 0.47724000
0.25938000 0.64336000 0.55912000
0.35985000 0.69729000 0.61777000
0.28212000 0.60317000 0.36426000
0.42812000 0.51445000 0.58338000
0.47006000 0.52448000 0.36010000
0.25844000 0.70059000 0.64724000
0.48944000 0.66894000 0.59499000
0.27709000 0.53249000 0.53251000
0.48590000 0.50013000 0.51599000
0.38946000 0.50914000 0.76885000
0.43957000 0.64242000 0.86630000
0.38949000 0.69468000 0.80735000
0.29505000 0.64009000 0.85172000
0.28435000 0.55908000 0.71451000
0.49096000 0.51688000 0.83443000
0.43805000 0.51517000 0.97121000
0.33832000 0.58762000 0.89903000
0.26838000 0.51873000 0.86641000
0.29119000 0.66938000 0.72156000
0.42082000 0.72999000 0.67969000
0.38554000 0.58656000 0.96517000
0.39665000 0.69098000 0.88610000
0.42557000 0.67454000 0.74128000
0.45261000 0.64401000 0.67487000
0.40939000 0.65478000 0.96970000
0.34850000 0.50543000 0.88954000
0.35178000 0.61667000 0.72051000
0.45577000 0.71464000 0.85936000
0.36613000 0.63774000 0.84564000
0.48063000 0.72164000 0.94386000
0.44553000 0.56974000 0.89830000
0.29487000 0.55104000 0.94195000
0.43877000 0.56293000 0.81352000
0.47323000 0.66119000 0.80042000
0.28220000 0.57535000 0.82352000
0.46082000 0.57464000 0.69326000
0.32972000 0.71754000 0.78009000
0.37353000 0.57334000 0.77837000
0.34812000 0.69653000 0.70800000
0.29393000 0.72779000 0.90285000
0.32969000 0.66581000 0.91386000
0.38541000 0.73212000 0.95361000
0.42074000 0.51007000 0.87601000
0.33922000 0.63684000 0.98359000
0.35199000 0.55579000 0.67228000
0.29319000 0.74785000 0.83121000
0.25288000 0.64500000 0.97259000
0.27574000 0.91460000 0.31232000
0.29992000 0.77233000 0.28755000
0.44294000 0.94962000 0.02893000
0.39310000 0.99069000 0.01287000
0.40871000 0.77294000 0.27427000
0.40176000 0.97656000 0.26747000
0.46501000 0.88911000 0.07043000
0.45891000 0.92738000 0.26801000
0.30886000 0.76472000 0.13272000
0.37761000 0.80335000 0.04702000
0.41064000 0.83161000 0.21662000
0.25652000 0.83804000 0.20442000
0.40431000 0.88195000 0.03261000
0.46792000 0.83301000 0.09835000
0.35356000 0.85488000 0.07241000
0.27961000 0.98138000 0.17567000
0.48231000 0.98151000 0.29840000
0.35742000 0.96373000 0.08307000
0.48299000 0.90550000 0.19480000
0.39381000 0.94823000 0.17876000
0.33313000 0.83130000 0.30544000
0.49133000 0.83635000 0.18261000
0.27002000 0.97793000 0.03958000
0.34846000 0.91167000 0.22022000
0.47853000 0.85394000 0.26446000
0.26276000 0.83282000 0.28734000
0.32725000 0.82631000 0.17153000
0.48895000 0.75378000 0.31941000
0.25386000 0.90598000 0.14460000
0.31314000 0.90962000 0.08577000
0.42999000 0.78152000 0.15493000
0.39175000 0.90642000 0.29210000
0.44632000 0.78933000 0.04920000
0.25653000 0.80507000 0.09187000
0.33264000 0.75631000 0.02647000
0.30263000 0.99938000 0.27671000
0.33742000 0.91843000 0.63605000
0.37642000 0.83481000 0.60310000
0.39130000 0.85868000 0.45767000
0.44186000 0.94286000 0.44443000
0.45512000 0.80593000 0.55699000
0.35635000 0.91091000 0.51508000
0.40506000 0.96018000 0.63783000
0.42288000 0.86696000 0.53172000
0.42073000 0.79639000 0.47449000
0.31292000 0.99503000 0.35995000
0.37549000 0.97007000 0.47080000
0.25379000 0.81208000 0.54540000
0.29538000 0.80550000 0.36885000
0.31554000 0.83790000 0.46241000
0.34722000 0.76232000 0.40842000
0.34674000 0.77704000 0.61460000
0.47597000 0.94543000 0.36548000
0.30847000 0.77044000 0.54326000
0.41581000 0.92845000 0.56449000
0.36877000 0.86948000 0.37677000
0.31621000 0.87030000 0.56732000
0.47239000 0.92909000 0.52151000
0.28058000 0.90506000 0.45957000
0.25966000 0.77318000 0.61654000
0.42533000 0.78596000 0.34914000
0.46094000 0.87400000 0.37946000
0.46343000 0.85775000 0.47535000
0.31809000 0.91914000 0.37330000
0.46602000 0.84241000 0.62800000
0.37252000 0.96511000 0.34243000
0.27856000 0.97748000 0.55826000
0.28382000 0.85454000 0.64584000
0.48571000 0.79002000 0.45057000
0.27135000 0.90822000 0.59709000
0.25345000 0.84297000 0.41248000
0.28925000 0.75065000 0.44978000
0.46337000 0.78159000 0.66656000
0.34722000 0.87609000 0.83884000
0.41430000 0.80294000 0.78999000
0.28999000 0.94874000 0.78502000
0.31790000 0.95202000 0.98810000
0.29207000 0.78334000 0.95565000
0.40706000 0.82685000 0.71093000
0.40051000 0.97670000 0.88155000
0.33711000 0.94464000 0.89490000
0.30370000 0.77945000 0.67407000
0.45877000 0.83377000 0.90576000
0.28893000 0.85507000 0.72523000
0.43981000 0.88385000 0.78107000
0.29510000 0.88328000 0.98665000
0.25793000 0.98206000 0.83043000
0.27461000 0.91903000 0.69656000
0.32534000 0.81277000 0.84831000
0.33770000 0.82799000 0.98936000
0.47974000 0.94106000 0.84228000
0.34531000 0.80899000 0.74966000
0.38418000 0.89665000 0.72558000
0.41450000 0.85974000 0.84535000
0.46818000 0.78872000 0.84454000
0.39589000 0.86453000 0.93133000
0.39805000 0.79198000 0.91046000
0.26816000 0.99710000 0.73251000
0.36698000 0.97713000 0.79626000
0.41698000 0.97495000 0.72862000
0.46994000 0.98816000 0.92278000
0.49083000 0.98354000 0.77744000
0.42765000 0.82791000 0.98428000
0.26129000 0.90268000 0.90551000
0.26986000 0.84867000 0.85144000
0.35357000 0.99347000 0.95442000
0.27691000 0.75066000 0.75029000
0.44818000 0.90980000 0.67305000
0.49107000 0.84157000 0.72139000
0.36214000 0.75255000 0.83926000
0.34066000 0.99890000 0.68509000
0.62159000 0.05677000 0.02878000
0.52344000 0.14709000 0.24100000
0.57801000 0.10999000 0.28590000
0.51205000 0.21131000 0.14489000
0.62303000 0.11199000 0.08358000
0.66619000 0.11598000 0.01509000
0.62432000 0.14439000 0.20916000
0.61871000 0.01196000 0.31078000
0.56261000 0.05979000 0.21995000
0.64634000 0.13931000 0.30077000
0.65315000 0.03590000 0.23199000
0.67445000 0.19771000 0.20526000
0.69625000 0.13423000 0.09736000
0.66342000 0.09007000 0.15922000
0.54063000 0.02514000 0.14552000
0.64934000 0.21999000 0.06762000
0.56295000 0.19696000 0.20413000
0.60734000 0.17082000 0.02613000
0.71039000 0.12792000 0.26870000
0.69643000 0.04314000 0.11313000
0.73439000 0.11834000 0.18308000
0.51625000 0.23934000 0.00370000
0.53903000 0.02552000 0.05052000
0.60448000 0.06776000 0.13906000
0.69453000 0.04871000 0.32135000
0.61103000 0.17648000 0.12994000
0.55561000 0.20467000 0.07505000
0.55964000 0.11779000 0.12043000
0.56846000 0.10880000 0.02005000
0.55244000 0.04260000 0.30605000
0.72701000 0.18545000 0.04893000
0.64096000 0.00737000 0.10881000
0.66369000 0.24670000 0.28846000
0.50337000 0.09744000 0.05132000
0.50235000 0.20284000 0.28326000
0.58662000 0.19255000 0.33139000
0.69657000 0.18141000 0.56187000
0.52469000 0.17062000 0.47790000
0.57721000 0.24622000 0.57099000
0.63359000 0.01231000 0.60840000
0.66696000 0.12408000 0.51159000
0.53503000 0.15271000 0.34302000
0.70557000 0.04694000 0.51079000
0.59666000 0.14351000 0.61968000
0.58624000 0.10124000 0.53998000
0.53725000 0.09008000 0.60363000
0.66758000 0.17128000 0.38372000
0.69067000 0.11058000 0.43316000
0.61703000 0.10432000 0.44711000
0.53860000 0.00227000 0.48773000
0.59336000 0.18014000 0.44729000
0.72931000 0.19373000 0.35550000
0.51470000 0.19763000 0.60225000
0.71707000 0.02116000 0.60895000
0.60551000 0.13439000 0.36773000
0.59486000 0.04680000 0.48866000
0.69437000 0.18814000 0.45747000
0.65067000 0.07664000 0.65569000
0.62743000 0.19522000 0.57915000
0.50943000 0.11502000 0.43229000
0.57912000 0.07288000 0.39134000
0.70854000 0.10759000 0.35598000
0.63940000 0.01506000 0.38887000
0.74855000 0.12294000 0.58365000
0.50542000 0.04989000 0.37222000
0.51326000 0.14632000 0.55236000
0.65849000 0.23652000 0.41033000
0.67792000 0.24943000 0.48620000
0.60198000 0.24994000 0.65613000
0.74856000 0.15421000 0.41665000
0.64195000 0.07995000 0.73040000
0.72027000 0.19593000 0.74973000
0.61295000 0.23903000 0.87927000
0.54893000 0.21238000 0.67785000
0.65178000 0.17200000 0.90722000
0.56983000 0.15558000 0.84992000
0.68823000 0.22463000 0.83200000
0.71754000 0.16061000 0.96679000
0.53514000 0.05288000 0.85425000
0.53427000 0.06891000 0.76537000
0.70579000 0.14014000 0.68933000
0.55747000 0.01135000 0.95821000
0.57649000 0.24408000 0.80200000
0.58089000 0.17638000 0.76921000
0.69104000 0.00854000 0.75646000
0.57112000 0.11066000 0.73186000
0.72958000 0.13333000 0.78115000
0.65870000 0.16402000 0.79884000
0.55175000 0.14137000 0.92800000
0.65291000 0.09466000 0.89546000
0.62318000 0.15271000 0.71279000
0.71098000 0.08176000 0.73834000
0.70824000 0.22415000 0.95346000
0.60546000 0.03523000 0.83754000
0.61173000 0.05189000 0.94762000
0.51672000 0.21839000 0.79932000
0.67770000 0.23933000 0.71154000
0.68689000 0.03686000 0.85686000
0.53531000 0.07659000 0.93933000
0.62492000 0.24447000 0.97384000
0.57817000 0.06434000 0.66958000
0.50666000 0.16947000 0.87155000
0.61403000 0.37010000 0.21971000
0.55565000 0.39524000 0.03962000
0.59078000 0.34561000 0.09967000
0.73171000 0.38296000 0.10640000
0.71295000 0.42123000 0.25690000
0.51647000 0.34729000 0.10709000
0.64952000 0.31829000 0.16906000
0.69853000 0.39590000 0.03543000
0.73043000 0.25417000 0.02140000
0.55910000 0.43302000 0.17363000
0.69097000 0.47749000 0.03418000
0.67193000 0.35077000 0.25023000
0.66561000 0.46664000 0.21033000
0.69086000 0.42448000 0.15272000
0.56902000 0.48614000 0.11827000
0.73629000 0.27911000 0.11970000
0.54420000 0.42727000 0.26124000
0.64644000 0.33229000 0.05227000
0.58311000 0.48962000 0.27181000
0.54030000 0.27527000 0.19336000
0.56199000 0.35586000 0.28448000
0.63973000 0.39953000 0.08546000
0.61295000 0.26913000 0.13014000
0.64799000 0.26278000 0.20573000
0.61164000 0.44708000 0.03457000
0.60103000 0.39949000 0.31577000
0.60315000 0.28353000 0.28204000
0.50741000 0.31576000 0.26310000
0.58244000 0.29665000 0.01265000
0.64143000 0.35998000 0.40499000
0.74682000 0.29499000 0.53389000
0.54934000 0.36506000 0.36603000
0.56365000 0.35992000 0.56304000
0.74842000 0.28336000 0.44573000
0.58107000 0.30317000 0.37047000
0.50258000 0.34450000 0.65517000
0.53062000 0.30689000 0.59583000
0.69711000 0.38435000 0.43302000
0.65535000 0.32335000 0.48583000
0.68179000 0.39373000 0.62855000
0.51199000 0.42305000 0.52793000
0.66837000 0.40173000 0.51676000
0.63404000 0.45187000 0.34758000
0.59907000 0.29142000 0.44466000
0.65374000 0.46502000 0.65889000
0.70246000 0.47689000 0.53274000
0.57836000 0.38783000 0.44912000
0.59734000 0.31427000 0.61753000
0.55065000 0.28944000 0.50257000
0.71776000 0.33056000 0.59698000
0.70745000 0.34872000 0.35698000
0.56766000 0.45411000 0.47057000
0.71152000 0.45435000 0.61220000
0.63996000 0.42949000 0.43656000
0.72167000 0.25744000 0.64349000
0.53989000 0.42784000 0.39655000
0.59462000 0.46377000 0.55949000
0.71663000 0.47381000 0.41937000
0.66045000 0.30050000 0.56428000
0.65429000 0.49406000 0.46495000
0.57272000 0.47828000 0.64817000
0.70214000 0.41531000 0.33739000
0.57285000 0.49745000 0.39927000
0.50088000 0.37470000 0.42761000
0.67870000 0.30482000 0.71165000
0.69423000 0.45469000 0.93999000
0.68033000 0.36005000 0.86327000
0.64832000 0.41078000 0.80402000
0.64484000 0.47917000 0.73839000
0.74579000 0.41501000 0.90536000
0.52862000 0.39311000 0.74466000
0.69926000 0.47628000 0.80560000
0.64980000 0.33759000 0.79628000
0.54188000 0.42739000 0.91792000
0.65271000 0.39175000 0.71815000
0.65594000 0.28076000 0.85920000
0.65289000 0.32857000 0.96137000
0.61495000 0.44237000 0.86916000
0.56576000 0.36363000 0.96424000
0.73679000 0.31304000 0.75865000
0.64591000 0.40275000 0.95748000
0.59989000 0.37897000 0.66895000
0.55553000 0.25610000 0.92203000
0.56611000 0.45197000 0.75770000
0.59310000 0.31560000 0.89391000
0.51044000 0.30840000 0.91719000
0.53749000 0.37165000 0.88116000
0.54263000 0.43664000 0.83504000
0.59544000 0.30126000 0.71258000
0.73324000 0.37268000 0.69534000
0.52184000 0.30772000 0.71225000
0.54242000 0.31475000 0.83122000
0.58642000 0.35110000 0.76407000
0.72875000 0.34019000 0.97915000
0.50878000 0.54422000 0.21964000
0.50675000 0.73448000 0.20445000
0.55627000 0.70814000 0.16119000
0.61159000 0.61322000 0.23883000
0.61270000 0.72444000 0.23923000
0.69898000 0.72264000 0.30916000
0.57012000 0.65976000 0.28609000
0.61068000 0.66742000 0.13362000
0.63850000 0.68228000 0.04297000
0.56755000 0.67641000 0.06488000
0.71059000 0.64194000 0.19289000
0.65427000 0.54974000 0.27240000
0.70182000 0.73554000 0.21575000
0.69786000 0.59544000 0.07546000
0.69174000 0.65654000 0.27092000
0.50877000 0.63790000 0.17579000
0.64393000 0.51193000 0.13944000
0.62120000 0.58603000 0.14556000
0.58843000 0.57058000 0.05486000
0.65900000 0.57160000 0.01525000
0.72522000 0.66644000 0.10609000
0.72792000 0.52676000 0.29700000
0.53917000 0.57200000 0.11366000
0.51069000 0.71232000 0.08036000
0.55577000 0.50660000 0.00641000
0.72462000 0.50257000 0.18019000
0.74048000 0.73498000 0.60799000
0.52055000 0.55243000 0.58127000
0.56073000 0.55787000 0.34833000
0.62911000 0.70437000 0.62249000
0.54535000 0.55967000 0.45065000
0.65554000 0.60826000 0.41386000
0.68200000 0.69954000 0.40476000
0.74019000 0.54166000 0.53757000
0.72334000 0.66279000 0.48378000
0.57113000 0.63060000 0.45258000
0.69155000 0.54027000 0.41289000
0.64028000 0.51587000 0.54986000
0.56752000 0.66792000 0.57604000
0.57452000 0.74033000 0.40223000
0.62969000 0.54968000 0.35763000
0.60362000 0.60240000 0.57586000
0.65900000 0.60763000 0.49275000
0.70973000 0.58675000 0.58218000
0.69698000 0.64374000 0.34502000
0.52730000 0.62257000 0.52421000
0.61439000 0.56700000 0.45028000
0.52460000 0.68119000 0.47519000
0.71972000 0.67278000 0.57087000
0.64701000 0.67888000 0.49658000
0.70655000 0.73743000 0.53292000
0.58721000 0.51771000 0.49516000
0.74507000 0.61941000 0.42994000
0.62414000 0.67977000 0.34611000
0.52249000 0.64129000 0.34379000
0.74957000 0.60079000 0.35188000
0.50014000 0.72077000 0.40826000
0.71901000 0.73577000 0.92201000
0.55767000 0.61214000 0.69541000
0.57369000 0.59792000 0.98989000
0.67922000 0.66805000 0.68515000
0.52233000 0.71578000 0.70879000
0.72688000 0.54198000 0.96370000
0.56246000 0.69822000 0.79038000
0.59894000 0.52509000 0.77558000
0.68253000 0.73190000 0.84728000
0.61919000 0.50614000 0.96161000
0.61222000 0.62005000 0.87828000
0.56055000 0.57386000 0.91660000
0.70357000 0.57875000 0.82496000
0.58756000 0.53130000 0.85340000
0.65623000 0.56157000 0.75302000
0.74767000 0.61812000 0.71840000
0.62341000 0.69653000 0.95540000
0.64593000 0.67452000 0.75834000
0.57772000 0.67208000 0.69409000
0.66803000 0.65224000 0.84906000
0.67527000 0.55763000 0.89395000
0.53723000 0.66821000 0.86773000
0.59810000 0.55295000 0.68819000
0.64742000 0.63065000 0.97155000
0.72026000 0.70753000 0.76938000
0.66386000 0.73148000 0.69939000
0.60354000 0.60738000 0.77541000
0.51891000 0.61352000 0.78226000
0.71649000 0.64811000 0.97390000
0.55021000 0.68265000 0.95333000
0.51570000 0.74056000 0.83261000
0.53906000 0.50599000 0.77896000
0.70463000 0.53054000 0.71836000
0.69298000 0.59845000 0.66826000
0.50558000 0.61332000 0.99859000
0.50236000 0.54271000 0.96037000
0.52665000 0.86387000 0.01074000
0.53479000 0.94216000 0.23632000
0.70460000 0.85535000 0.25562000
0.54050000 0.78608000 0.13147000
0.66671000 0.97382000 0.26392000
0.52206000 0.76863000 0.04349000
0.61413000 0.83938000 0.08512000
0.66092000 0.90742000 0.07893000
0.51502000 0.95474000 0.14228000
0.62970000 0.90426000 0.15953000
0.50514000 0.96753000 0.06659000
0.71149000 0.80516000 0.18900000
0.54736000 0.86649000 0.09512000
0.56276000 0.88298000 0.16892000
0.61333000 0.86278000 0.25517000
0.65203000 0.76706000 0.12578000
0.59240000 0.93191000 0.32939000
0.65596000 0.89808000 0.29838000
0.60805000 0.76485000 0.04130000
0.69426000 0.84147000 0.04084000
0.68863000 0.98703000 0.17861000
0.67311000 0.96585000 0.06219000
0.60259000 0.77909000 0.18675000
0.64786000 0.83482000 0.16959000
0.59266000 0.95400000 0.01142000
0.53240000 0.89376000 0.30018000
0.66628000 0.77388000 0.25950000
0.64334000 0.88035000 0.00367000
0.57240000 0.76339000 0.32169000
0.72878000 0.91592000 0.29531000
0.73145000 0.79822000 0.11145000
0.58337000 0.99998000 0.21628000
0.71998000 0.76759000 0.00186000
0.69529000 0.82199000 0.50778000
0.58517000 0.84121000 0.47655000
0.71783000 0.78822000 0.35297000
0.66170000 0.80278000 0.44457000
0.67209000 0.77798000 0.61065000
0.62669000 0.93739000 0.60828000
0.55216000 0.93689000 0.45825000
0.70223000 0.94771000 0.55451000
0.63061000 0.75059000 0.50856000
0.65343000 0.77925000 0.34857000
0.65171000 0.90076000 0.39042000
0.71312000 0.85675000 0.40299000
0.65116000 0.86908000 0.55733000
0.56313000 0.80616000 0.41247000
0.73045000 0.93949000 0.38370000
0.65264000 0.97397000 0.50762000
0.55288000 0.89555000 0.53739000
0.60633000 0.83150000 0.62005000
0.52995000 0.87212000 0.43548000
0.56062000 0.92131000 0.62479000
0.65501000 0.90001000 0.48138000
0.61063000 0.86065000 0.36415000
0.54542000 0.94970000 0.37202000
0.51576000 0.97677000 0.56577000
0.51172000 0.81661000 0.34770000
0.55088000 0.76502000 0.60808000
0.74602000 0.97645000 0.46446000
0.74709000 0.79223000 0.64438000
0.70183000 0.99755000 0.38962000
0.67942000 0.98899000 0.66488000
0.56664000 0.86139000 0.66981000
0.67852000 0.94051000 0.77747000
0.63051000 0.87390000 0.74137000
0.53264000 0.97162000 0.69606000
0.73900000 0.94761000 0.69486000
0.64100000 0.81097000 0.69755000
0.68942000 0.94950000 0.87832000
0.68596000 0.87971000 0.79922000
0.61297000 0.86753000 0.82462000
0.54924000 0.79084000 0.73191000
0.68544000 0.81475000 0.84239000
0.55690000 0.85178000 0.87655000
0.61754000 0.94909000 0.83321000
0.71694000 0.93468000 0.99561000
0.68200000 0.84971000 0.92966000
0.55743000 0.90494000 0.73622000
0.65147000 0.97087000 0.95433000
0.70063000 0.84948000 0.71337000
0.60808000 0.87650000 0.92371000
0.60574000 0.80670000 0.78894000
0.64210000 0.79411000 0.92357000
0.60718000 0.96815000 0.74878000
0.58829000 0.75489000 0.67561000
0.74091000 0.76083000 0.83362000
0.50596000 0.79522000 0.94722000
0.74774000 0.97407000 0.82172000
0.74185000 0.81630000 0.76457000
0.52047000 0.81743000 0.80182000
0.55038000 0.94548000 0.81282000
0.53459000 0.88161000 0.81599000
0.51797000 0.94988000 0.98622000
0.59346000 0.81251000 0.98503000
0.67032000 0.76945000 0.76562000
0.55986000 0.76972000 0.91079000
0.67506000 0.91526000 0.67335000
0.61759000 0.76133000 0.84374000
0.86394000 0.14423000 0.30580000
0.94187000 0.18966000 0.30962000
0.93602000 0.08399000 0.15824000
0.76729000 0.00493000 0.07608000
0.82955000 0.15770000 0.02063000
0.99402000 0.10216000 0.14518000
0.77534000 0.00178000 0.31477000
0.76194000 0.18442000 0.27233000
0.82703000 0.22005000 0.30462000
0.83595000 0.08474000 0.02447000
0.80452000 0.20105000 0.12868000
0.83465000 0.18082000 0.22344000
0.96793000 0.17247000 0.06986000
0.84986000 0.23914000 0.16365000
0.93839000 0.09211000 0.25084000
0.79402000 0.03369000 0.14875000
0.91016000 0.10407000 0.06680000
0.80776000 0.14275000 0.15647000
0.86478000 0.10110000 0.13030000
0.79412000 0.05562000 0.27193000
0.97086000 0.22027000 0.12041000
0.99536000 0.06337000 0.27648000
0.87110000 0.05096000 0.22780000
0.88004000 0.16821000 0.09534000
0.77930000 0.24870000 0.16208000
0.94612000 0.15156000 0.18822000
0.87076000 0.01857000 0.02362000
0.92704000 0.23218000 0.23107000
0.75633000 0.11481000 0.05568000
0.96859000 0.01701000 0.01296000
0.77739000 0.11676000 0.30143000
0.91695000 0.01335000 0.12887000
0.98026000 0.00746000 0.09587000
0.84355000 0.00066000 0.28315000
0.84473000 0.24999000 0.02692000
0.76460000 0.02844000 0.40864000
0.97809000 0.13472000 0.48114000
0.93286000 0.08417000 0.63289000
0.84419000 0.12864000 0.44811000
0.85359000 0.03783000 0.48736000
0.76239000 0.21781000 0.44923000
0.83802000 0.09462000 0.35499000
0.91065000 0.06160000 0.54707000
0.99864000 0.05746000 0.56719000
0.98984000 0.03873000 0.44621000
0.87151000 0.09841000 0.59551000
0.86288000 0.19781000 0.55904000
0.89540000 0.08324000 0.41439000
0.80488000 0.07892000 0.49083000
0.79479000 0.06523000 0.59815000
0.98976000 0.23092000 0.35304000
0.95415000 0.15366000 0.65725000
0.87133000 0.22838000 0.48714000
0.79571000 0.17031000 0.35479000
0.89481000 0.14811000 0.53257000
0.80844000 0.20483000 0.50874000
0.82434000 0.18703000 0.42217000
0.91223000 0.20415000 0.65071000
0.95732000 0.20021000 0.42993000
0.96069000 0.20698000 0.50872000
0.87476000 0.19054000 0.36735000
0.96118000 0.13143000 0.40328000
0.81412000 0.14653000 0.52915000
0.76684000 0.09429000 0.39660000
0.90819000 0.00425000 0.42972000
0.98536000 0.21768000 0.64208000
0.80117000 0.24736000 0.57898000
0.81194000 0.15121000 0.66411000
0.99690000 0.12306000 0.57166000
0.94417000 0.03200000 0.33470000
0.96633000 0.00050000 0.63087000
0.86460000 0.02193000 0.82565000
0.89331000 0.20545000 0.73937000
0.83886000 0.02520000 0.90548000
0.89311000 0.15913000 0.99162000
0.91466000 0.20629000 0.90913000
0.79098000 0.21489000 0.70630000
0.87299000 0.08772000 0.94508000
0.90590000 0.11070000 0.86696000
0.91445000 0.03812000 0.74281000
0.98081000 0.11289000 0.70779000
0.75631000 0.04492000 0.82062000
0.80140000 0.17353000 0.93399000
0.96762000 0.15498000 0.82635000
0.94174000 0.09109000 0.78435000
0.78497000 0.04251000 0.68102000
0.96123000 0.09760000 0.92141000
0.80791000 0.13836000 0.81001000
0.87010000 0.21406000 0.84040000
0.87214000 0.12709000 0.70041000
0.83276000 0.06189000 0.76878000
0.79018000 0.10463000 0.72466000
0.82380000 0.10521000 0.89368000
0.75614000 0.04932000 0.98838000
0.85453000 0.02070000 0.68063000
0.94985000 0.01196000 0.91148000
0.78800000 0.21807000 0.99750000
0.98712000 0.24463000 0.90346000
0.93585000 0.22472000 0.99151000
0.94045000 0.24653000 0.78282000
0.99676000 0.20770000 0.75911000
0.76486000 0.20350000 0.83519000
0.82858000 0.24918000 0.79335000
0.75050000 0.10156000 0.93181000
0.80873000 0.26239000 0.23428000
0.85523000 0.33722000 0.28243000
0.83036000 0.32842000 0.06789000
0.87281000 0.33538000 0.15781000
0.81121000 0.39061000 0.06942000
0.96361000 0.33177000 0.30735000
0.89104000 0.47389000 0.09459000
0.92449000 0.26889000 0.06107000
0.76242000 0.38627000 0.30134000
0.90094000 0.27834000 0.28364000
0.95489000 0.40545000 0.14807000
0.99470000 0.32859000 0.11395000
0.89254000 0.40304000 0.06162000
0.93278000 0.29532000 0.13684000
0.88767000 0.47912000 0.29832000
0.76902000 0.35332000 0.18850000
0.77724000 0.31850000 0.26909000
0.98915000 0.25940000 0.04357000
0.82216000 0.44511000 0.24738000
0.93132000 0.42162000 0.29701000
0.77850000 0.47005000 0.01421000
0.86860000 0.44300000 0.16718000
0.92744000 0.49055000 0.17876000
0.90653000 0.33414000 0.03597000
0.79448000 0.41635000 0.16765000
0.95192000 0.29133000 0.22376000
0.94739000 0.39971000 0.01073000
0.87066000 0.39697000 0.23511000
0.95669000 0.37733000 0.22963000
0.79231000 0.44078000 0.32969000
0.85791000 0.48176000 0.02179000
0.76139000 0.45570000 0.12568000
0.90028000 0.36504000 0.32802000
0.75869000 0.48624000 0.25483000
0.99718000 0.25256000 0.25532000
0.93846000 0.49836000 0.03018000
0.95890000 0.35530000 0.60075000
0.92353000 0.41258000 0.56784000
0.75190000 0.41486000 0.40021000
0.97799000 0.40126000 0.50562000
0.92121000 0.29917000 0.49190000
0.95563000 0.26866000 0.41373000
0.77861000 0.42734000 0.62610000
0.90758000 0.45238000 0.44409000
0.78829000 0.27590000 0.34147000
0.85404000 0.42110000 0.39445000
0.95200000 0.27905000 0.62435000
0.79514000 0.32605000 0.59064000
0.98390000 0.37042000 0.43177000
0.85746000 0.32403000 0.44144000
0.80336000 0.42864000 0.46370000
0.91542000 0.36066000 0.41818000
0.79784000 0.32095000 0.40160000
0.87476000 0.26928000 0.37006000
0.78164000 0.34817000 0.48688000
0.78930000 0.46840000 0.40082000
0.96050000 0.45476000 0.62016000
0.85343000 0.37335000 0.55492000
0.87204000 0.48044000 0.55054000
0.76938000 0.43438000 0.54586000
0.89524000 0.31126000 0.61346000
0.84769000 0.43122000 0.61184000
0.89863000 0.25794000 0.55380000
0.81112000 0.37414000 0.65642000
0.81294000 0.28065000 0.51530000
0.97328000 0.48181000 0.48322000
0.82955000 0.37149000 0.34456000
0.82592000 0.25088000 0.43678000
0.85756000 0.26125000 0.66338000
0.84512000 0.49595000 0.63298000
0.99670000 0.31976000 0.55410000
0.83942000 0.49740000 0.35401000
0.93080000 0.38799000 0.66590000
0.89231000 0.38125000 0.75074000
0.91351000 0.35264000 0.88092000
0.90596000 0.32675000 0.79454000
0.89773000 0.48326000 0.74015000
0.77507000 0.40553000 0.98034000
0.82700000 0.31797000 0.86064000
0.83243000 0.38761000 0.86423000
0.81821000 0.32234000 0.96550000
0.75800000 0.27106000 0.92665000
0.94469000 0.30497000 0.71649000
0.98362000 0.41157000 0.80363000
0.98074000 0.49798000 0.84464000
0.81788000 0.25385000 0.87754000
0.80661000 0.46791000 0.92079000
0.84715000 0.43925000 0.72382000
0.80366000 0.35301000 0.77544000
0.93439000 0.45073000 0.97412000
0.81382000 0.47709000 0.83152000
0.97275000 0.45710000 0.74119000
0.86811000 0.26213000 0.95399000
0.78484000 0.28980000 0.67950000
0.87190000 0.28204000 0.75195000
0.96893000 0.29887000 0.94905000
0.89072000 0.31947000 0.95672000
0.89784000 0.42245000 0.82010000
0.78353000 0.41512000 0.82305000
0.79628000 0.48749000 0.69485000
0.85356000 0.41615000 0.99369000
0.91561000 0.49392000 0.90479000
0.89180000 0.27957000 0.84785000
0.87631000 0.34385000 0.68143000
0.75045000 0.34431000 0.85941000
0.99965000 0.36487000 0.97327000
0.75019000 0.43803000 0.73595000
0.99954000 0.37477000 0.68455000
0.94890000 0.50754000 0.25626000
0.91339000 0.58670000 0.32643000
0.86259000 0.56627000 0.16691000
0.95476000 0.61047000 0.02951000
0.76824000 0.59873000 0.20805000
0.82632000 0.50870000 0.15463000
0.84798000 0.65601000 0.19798000
0.83204000 0.62431000 0.13992000
0.94905000 0.62974000 0.16266000
0.83225000 0.64698000 0.30305000
0.80456000 0.62997000 0.05078000
0.82284000 0.72754000 0.09237000
0.90038000 0.64953000 0.09437000
0.93745000 0.71324000 0.06343000
0.92840000 0.55595000 0.12353000
0.77935000 0.72335000 0.16016000
0.91790000 0.60570000 0.24099000
0.78433000 0.54379000 0.06932000
0.75846000 0.59292000 0.11873000
0.97213000 0.69471000 0.18901000
0.86445000 0.57852000 0.06566000
0.92833000 0.69084000 0.29694000
0.85564000 0.72729000 0.17119000
0.99610000 0.56822000 0.08440000
0.76520000 0.68539000 0.02609000
0.81597000 0.55064000 0.27225000
0.99536000 0.64873000 0.27647000
0.99720000 0.63727000 0.08317000
0.88130000 0.57489000 0.56910000
0.81400000 0.56369000 0.44447000
0.98237000 0.52080000 0.41718000
0.84990000 0.70181000 0.64586000
0.76006000 0.73103000 0.40987000
0.81005000 0.66561000 0.41722000
0.76980000 0.51850000 0.45270000
0.75198000 0.52783000 0.38303000
0.92044000 0.64417000 0.57737000
0.88040000 0.68317000 0.51613000
0.93815000 0.54746000 0.46986000
0.85607000 0.57433000 0.36945000
0.91976000 0.74416000 0.51263000
0.89549000 0.59895000 0.45471000
0.87064000 0.50531000 0.47216000
0.87717000 0.73324000 0.38683000
0.83349000 0.63981000 0.54210000
0.94783000 0.70368000 0.63076000
0.96288000 0.63241000 0.52201000
0.81597000 0.57372000 0.52243000
0.93505000 0.56702000 0.66190000
0.78166000 0.63753000 0.64617000
0.92009000 0.51724000 0.35982000
0.95330000 0.51653000 0.55558000
0.95611000 0.67661000 0.46142000
0.75975000 0.51937000 0.62283000
0.91416000 0.66158000 0.38716000
0.98537000 0.55760000 0.60115000
0.78243000 0.72067000 0.49402000
0.86009000 0.73784000 0.46881000
0.98868000 0.72111000 0.56869000
0.99425000 0.55754000 0.35417000
0.99571000 0.66480000 0.36798000
0.99657000 0.61321000 0.41904000
0.80263000 0.50078000 0.55237000
0.97240000 0.58814000 0.79280000
0.94482000 0.63508000 0.69555000
0.93717000 0.55758000 0.87925000
0.79527000 0.69909000 0.70946000
0.86806000 0.71751000 0.97737000
0.90811000 0.73160000 0.91714000
0.91107000 0.62844000 0.79753000
0.85196000 0.57912000 0.79472000
0.78204000 0.58928000 0.82884000
0.81227000 0.65396000 0.77255000
0.88329000 0.73618000 0.76517000
0.92306000 0.65357000 0.96217000
0.96423000 0.52975000 0.71935000
0.94321000 0.55038000 0.96419000
0.78713000 0.72792000 0.78471000
0.87707000 0.59078000 0.92150000
0.86032000 0.54840000 0.97926000
0.90291000 0.66371000 0.87079000
0.93691000 0.72651000 0.82884000
0.97565000 0.63926000 0.90765000
0.97482000 0.70287000 0.95605000
0.77121000 0.62579000 0.90621000
0.87480000 0.67395000 0.71591000
0.81653000 0.67898000 0.92834000
0.80979000 0.53711000 0.76473000
0.87236000 0.54941000 0.71136000
0.76522000 0.52835000 0.87436000
0.99277000 0.59496000 0.95579000
0.83682000 0.71365000 0.83536000
0.82646000 0.60532000 0.69029000
0.86099000 0.65004000 0.98563000
0.77056000 0.59135000 0.99873000
0.80463000 0.81495000 0.10872000
0.88381000 0.96160000 0.19038000
0.90609000 0.80383000 0.12777000
0.76539000 0.81923000 0.28525000
0.94300000 0.92892000 0.18218000
0.90295000 0.86500000 0.03590000
0.78348000 0.81255000 0.01644000
0.89973000 0.90067000 0.25240000
0.78612000 0.80032000 0.18729000
0.83667000 0.77894000 0.03763000
0.96364000 0.86375000 0.22134000
0.76654000 0.76353000 0.24577000
0.92501000 0.91888000 0.05877000
0.94101000 0.79437000 0.04072000
0.94243000 0.99505000 0.20807000
0.83006000 0.86526000 0.21119000
0.83170000 0.90376000 0.03633000
0.88813000 0.83259000 0.23050000
0.97759000 0.77060000 0.20490000
0.78432000 0.93834000 0.07284000
0.98286000 0.83836000 0.09822000
0.83443000 0.92059000 0.27592000
0.82716000 0.88881000 0.12328000
0.81479000 0.97143000 0.18346000
0.84382000 0.77390000 0.27648000
0.94558000 0.82276000 0.31539000
0.91759000 0.97482000 0.31413000
0.99518000 0.94295000 0.12849000
0.79744000 0.97781000 0.00358000
0.76198000 0.87956000 0.02668000
0.83522000 0.99432000 0.09041000
0.75139000 0.87814000 0.13954000
0.93857000 0.75558000 0.33160000
0.88770000 0.93480000 0.47081000
0.95025000 0.96602000 0.49892000
0.96931000 0.82237000 0.53135000
0.82376000 0.85849000 0.42901000
0.85786000 0.90661000 0.60122000
0.89762000 0.79320000 0.38789000
0.76548000 0.94514000 0.57006000
0.96779000 0.97429000 0.38871000
0.85854000 0.83020000 0.49273000
0.95687000 0.77396000 0.61220000
0.89848000 0.78578000 0.57398000
0.93507000 0.88379000 0.44022000
0.81495000 0.96014000 0.35263000
0.83161000 0.94431000 0.52772000
0.92537000 0.82181000 0.46657000
0.78404000 0.87037000 0.49065000
0.81342000 0.80012000 0.57474000
0.96652000 0.81937000 0.38959000
0.92184000 0.88014000 0.61626000
0.89433000 0.97437000 0.62582000
0.93923000 0.90110000 0.53190000
0.76458000 0.86511000 0.61210000
0.86660000 0.83283000 0.64039000
0.88334000 0.89553000 0.39262000
0.85456000 0.83303000 0.34805000
0.81670000 0.97295000 0.44231000
0.76446000 0.79842000 0.49122000
0.97389000 0.90096000 0.37432000
0.80362000 0.77104000 0.36046000
0.82184000 0.99541000 0.59186000
0.78130000 0.85847000 0.35704000
0.92299000 0.88175000 0.88276000
0.81660000 0.85389000 0.69482000
0.95829000 0.94227000 0.99004000
0.90378000 0.88807000 0.76206000
0.93956000 0.86108000 0.69213000
0.94988000 0.79225000 0.74517000
0.76717000 0.86375000 0.83257000
0.75893000 0.81439000 0.89305000
0.91571000 0.95449000 0.85238000
0.84844000 0.82544000 0.81622000
0.92525000 0.82377000 0.84964000
0.87940000 0.95992000 0.78435000
0.76424000 0.88993000 0.92343000
0.82676000 0.86464000 0.87794000
0.79252000 0.75303000 0.90447000
0.85669000 0.82845000 0.93999000
0.96920000 0.76626000 0.89866000
0.83704000 0.92270000 0.69677000
0.88155000 0.90961000 0.94628000
0.77348000 0.89571000 0.74619000
0.79887000 0.92912000 0.82231000
0.91861000 0.97143000 0.71364000
0.84181000 0.78328000 0.71467000
0.96253000 0.87003000 0.96933000
0.75416000 0.96876000 0.92979000
0.97927000 0.99207000 0.77455000
0.98003000 0.90369000 0.79157000
0.99424000 0.76221000 0.98267000
0.81185000 0.99728000 0.75091000
0.88491000 0.95692000 0.99981000
