1 1 0.27189167 11.04872265 3.26219675
2 1 10.95169108 3.64875244 7.21497769
3 1 5.85121444 11.61913131 11.53881204
4 1 7.04278630 3.32601401 9.02730922
5 1 3.46279125 4.88874745 3.04842299
6 1 0.37061739 9.75283746 11.17001840
7 1 7.84948626 10.92762725 8.10758487
8 1 12.10313912 8.04325530 3.13790968
9 1 5.60519206 9.80763176 5.53416449
10 1 1.56113336 5.14847243 7.62218735
11 1 7.52585598 5.98737316 3.19666357
12 1 5.79841994 1.44985718 1.09508212
13 1 8.79609165 12.02022559 4.02644928
14 1 10.88253028 0.59342227 2.53771609
15 1 1.72215659 12.87282490 10.98923720
16 1 3.86508534 7.84106433 10.69591970
17 1 12.29742288 3.87998438 1.71968117
18 1 1.57697171 9.21694920 7.23486362
19 1 8.06647166 0.33095757 5.50026801
20 1 9.81766522 10.61584768 11.94330998
21 1 10.92371000 0.68273698 10.53773615
22 1 7.69796604 6.48216569 7.26198080
23 1 11.09159650 7.43723034 8.18306102
24 1 2.98552898 3.85094340 14.36487415
25 1 10.69986131 7.21147782 12.21583764
26 1 6.77353435 4.60381709 13.07635615
27 1 4.16179043 1.98848515 10.87444113
28 1 0.06810490 3.52217760 4.29264959
29 1 3.40894086 8.41366477 0.79814900
30 1 7.59343294 0.30684808 11.74083503
31 1 3.74735361 13.62405475 0.15095230
32 1 12.55030854 11.14790033 9.13125841
33 1 12.96632920 12.17912906 3.02492143
34 1 3.57577148 13.67884905 7.83234549
35 1 6.75980778 8.67777329 23.08666315
36 1 9.97340899 1.97533451 27.21163818
37 1 8.69894977 12.78131842 23.25343380
38 1 3.89676205 6.60819258 22.27359970
39 1 12.40829133 5.57532002 25.37625704
40 1 2.99714377 9.16051107 15.40120238
41 1 6.77459024 7.66298286 15.53452852
42 1 3.43903373 11.59283005 24.05474647
43 1 0.46247982 5.18792432 23.64798877
44 1 8.08547767 11.63228195 27.13525812
45 1 5.49537950 3.45806827 19.70153518
46 1 9.82928001 2.19889526 23.78583444
47 1 10.16082947 7.92380372 28.42106441
48 1 11.74888803 7.20873811 19.90310621
49 1 4.94737259 6.99394445 26.41574894
50 1 9.62813297 6.58791869 22.86294641
51 1 4.34921091 13.38789132 29.25085011
52 1 0.43608257 8.46407552 25.40201837
53 1 3.89201054 12.64542855 16.07596821
54 1 6.26565126 1.58026761 26.50975517
55 1 6.69592643 1.11670783 15.31804303
56 1 12.38031025 11.94789711 15.63531404
57 1 4.20244220 7.13640963 18.17031841
58 1 3.19353931 10.67338170 20.00976712
59 1 1.79712478 1.61862362 18.91061743
60 1 4.24309396 0.41095725 22.81775111
61 1 12.24198866 9.97146671 25.20315904
62 1 11.77950884 7.44106594 16.29426151
63 1 12.10049940 1.80328041 15.31668717
64 1 9.63077269 11.08872249 19.84435232
65 1 11.77053377 0.98465357 19.07784004
66 1 1.83196915 4.05861380 29.92651985
67 1 7.87535556 0.05095870 20.95977233
68 1 10.43588881 11.41255680 36.84140075
69 1 8.10553959 7.13038226 34.55045099
70 1 7.79194026 6.93312278 39.62452732
71 1 2.12022712 8.45366460 31.45547685
72 1 12.35602478 3.88327204 30.34412442
73 1 4.39197445 10.59338202 34.08493940
74 1 3.45487208 4.52326947 44.32755024
75 1 4.47169415 11.59830948 38.01738245
76 1 10.93004533 7.19997102 44.90062664
77 1 8.00734182 10.35393093 44.99915240
78 1 5.26097192 6.85586282 32.42401213
79 1 11.88720962 8.52982868 41.30850420
80 1 1.19157187 1.64108928 44.40393030
81 1 5.61680686 1.46739135 30.80466453
82 1 10.73523363 7.54243540 37.13923778
83 1 11.37299119 2.82081056 36.83959294
84 1 8.35314579 11.27995460 32.98624166
85 1 7.60346389 4.46354368 44.22676472
86 1 6.07506311 12.61693552 41.80746031
87 1 2.66928992 5.04052766 35.40147849
88 1 12.49645815 1.85369117 42.09761414
89 1 12.01708409 6.66791837 32.99121314
90 1 6.89390581 3.67450576 38.61622018
91 1 5.54025483 8.13585766 36.96297611
92 1 2.31292704 8.89037518 39.86180265
93 1 10.32818804 4.67340585 41.18557298
94 1 6.11518693 0.47561452 40.36166267
95 1 4.75203295 7.87174914 42.76469677
96 1 1.23169569 1.77533532 37.75208604
97 1 12.00441341 11.03776379 31.16622693
98 1 0.20009115 12.67830513 31.17797770
99 1 9.44388016 26.23112730 11.37023357
100 1 6.15478281 18.44869287 2.31173960
101 1 5.31376642 23.84428759 0.64900451
102 1 1.02315741 15.26240432 3.79007786
103 1 2.94276543 18.78677370 7.19418785
104 1 7.46830997 24.67880478 6.22610453
105 1 1.56007747 16.42075582 12.25606145
106 1 7.00371837 23.63004187 10.70450681
107 1 11.95531452 19.14238870 8.40813361
108 1 5.13796074 16.84760342 12.95252103
109 1 12.46953295 13.91227277 0.06598514
110 1 12.74195258 25.51880140 5.20288294
111 1 10.62911668 14.22953177 13.32673811
112 1 10.27169792 20.33032913 4.91182520
113 1 12.49065075 22.94785284 8.12385518
114 1 9.13028083 15.14843218 9.18458887
115 1 11.44901527 19.98183738 13.03974796
116 1 8.65513033 19.56320893 9.42367200
117 1 5.34174751 20.67169762 11.74761433
118 1 5.33330039 16.24267435 6.08373933
119 1 9.83772713 24.68647598 3.10808078
120 1 2.71416524 24.00647872 8.34486019
121 1 4.87926769 26.23496290 4.22485664
122 1 0.37748067 15.61747139 8.23910319
123 1 4.43790567 21.82840529 4.11503207
124 1 5.16224621 24.05798536 14.01687034
125 1 6.00167876 21.64594027 7.67687366
126 1 11.77792500 22.06621255 2.08802286
127 1 1.07753574 21.93032269 10.43017133
128 1 1.52048160 18.95937574 1.83673699
129 1 12.80213830 16.53637180 11.03804812
130 1 12.72611422 15.66404654 4.52043391
131 1 3.46279125 27.09304163 10.33435730
132 1 1.64454867 24.69414718 28.25971718
133 1 11.51025689 22.49634781 21.72131313
134 1 12.12372898 15.97308639 17.12404722
135 1 10.07741416 19.27170325 22.15835168
136 1 3.20937765 24.48866856 22.16739074
137 1 3.30968720 17.91883199 16.89942658
138 1 1.55374213 15.61637550 22.49098909
139 1 12.13112021 24.79387281 25.12045165
140 1 11.54721304 15.87390871 22.56736915
141 1 10.98495161 14.02021754 28.93403106
142 1 5.50541046 14.52651687 21.27704333
143 1 0.39912642 14.65199582 27.86606612
144 1 0.79983667 19.06238903 25.88741589
145 1 0.32732590 27.28920523 25.70708664
146 1 5.99323164 16.10240094 25.42506797
147 1 5.25041302 18.37033702 22.11948373
148 1 9.69729376 20.07389180 27.86380636
149 1 2.83664848 26.55550955 17.72152908
150 1 7.16104598 26.32208583 19.11128456
151 1 7.37961521 22.69799083 29.19435599
152 1 2.77699070 22.53525176 18.75830927
153 1 1.95973184 20.08156301 21.56584130
154 1 7.98991963 22.24374608 19.60391333
155 1 3.94797271 19.98896064 26.80216876
156 1 11.65860943 21.05470977 18.28692229
157 1 8.53264709 24.20099848 22.46703558
158 1 7.38700644 16.99664392 18.05100282
159 1 2.46603109 14.25254537 19.13478611
160 1 5.77255063 25.55058209 25.35230354
161 1 0.94660538 17.63773723 29.48631763
162 1 5.93779742 17.24157444 29.67749374
163 1 12.27208152 16.89746623 26.77098400
164 1 11.48016403 23.61579536 15.78445853
165 1 7.65942606 27.16810983 15.24527860
166 1 7.07710273 14.74898173 15.17115830
167 1 2.43224261 20.67224556 41.44680182
168 1 10.51877618 25.91715596 43.50589969
169 1 6.22130388 25.30017214 31.70314709
170 1 12.26838591 22.68319637 40.16235139
171 1 5.43149816 23.36209775 37.64090560
172 1 1.42069999 16.60212496 43.70566291
173 1 11.00870914 17.19116368 33.45265715
174 1 10.41952252 20.82731343 31.74201505
175 1 8.28345705 15.14514452 32.13069463
176 1 1.77600698 25.11003592 38.53577255
177 1 1.82035436 25.76756752 34.27385575
178 1 8.08706151 17.09910926 42.68424913
179 1 12.22351059 22.63388150 35.88326039
180 1 4.44318512 17.26568393 38.30753628
181 1 7.84843037 26.03222399 35.61931984
182 1 7.91653528 19.19827889 33.16476309
183 1 11.77475733 14.66898205 36.14132555
184 1 13.14107899 15.81637469 39.63492224
185 1 8.21165653 15.04377506 37.41809278
186 1 11.72724228 20.31827438 42.93011156
187 1 9.40639606 26.06838822 39.66384723
188 1 5.15802265 26.10071686 40.87824494
189 1 3.52931232 16.38130393 34.42661587
190 1 2.25485310 21.08101104 32.77743937
191 1 6.71968396 21.62895404 41.03371678
192 1 1.44868108 14.52487304 39.64938474
193 1 9.68303924 25.25743258 30.77935516
194 1 9.06164798 19.00595090 36.81021599
195 1 9.90213642 14.38240786 41.16839877
196 1 8.52631175 22.45525208 44.99960435
197 1 0.91176102 29.11440336 6.08102762
198 1 10.27222586 38.51929701 1.63516595
199 1 7.41815519 36.35218245 2.31309545
200 1 12.27524919 38.28751713 8.81217959
201 1 7.57337102 34.93136625 11.39011951
202 1 2.65186773 32.55274569 1.55878590
203 1 8.20162557 38.59546109 5.33259345
204 1 8.83674341 30.75494470 1.70793039
205 1 12.13059227 33.36644104 2.60550905
206 1 0.99517632 37.80806700 0.51477447
207 1 4.45638375 40.71709639 1.75854912
208 1 5.75143283 40.66394592 7.46445575
209 1 9.31875719 39.95490767 12.59773792
210 1 5.88553086 28.89906176 7.86488611
211 1 3.68875171 31.85137865 11.15329613
212 1 5.62472603 32.58562227 4.21898126
213 1 8.09022918 31.89357026 8.67794955
214 1 2.35252292 36.70067420 10.32486629
215 1 10.09536429 31.98617262 11.92026037
216 1 0.22279279 31.74507770 12.95884837
217 1 6.29891179 37.64806764 13.53870407
218 1 2.05317811 38.92641866 7.21678550
219 1 8.07967028 38.42340699 9.37892866
220 1 13.16483652 39.33956768 12.28950598
221 1 2.72261236 32.87000468 6.35265137
222 1 2.61385569 36.39327817 4.18779650
223 1 5.27681027 29.86179761 1.59991362
224 1 5.08463830 34.76424363 8.21560163
225 1 11.62746068 35.88423913 11.62332725
226 1 9.34937801 35.47492571 7.81019979
227 1 9.46763768 34.43712166 0.44969324
228 1 4.92995041 29.45303214 13.51068298
229 1 12.62474878 34.71328494 7.70625060
230 1 11.40150022 28.26344788 7.76364863
231 1 10.90312014 27.45358813 1.74408663
232 1 4.05461760 28.02892828 20.87887274
233 1 3.68294432 30.89193045 17.24697843
234 1 9.87943478 31.83439241 27.50314786
235 1 3.76424785 36.22560762 27.38699594
236 1 10.80175470 34.50342277 22.66182733
237 1 1.77283931 37.60916369 18.82113073
238 1 12.38558970 34.36150553 28.77403970
239 1 1.11607573 36.69738654 22.66001951
240 1 7.97302539 34.06287659 16.76203286
241 1 7.95982676 32.37247244 21.98751345
242 1 2.42062782 33.01520958 28.98962128
243 1 6.87489979 37.68697160 29.22915637
244 1 3.76688757 33.26616747 22.40511802
245 1 9.30080706 27.77468273 27.36394634
246 1 4.15017565 40.06449627 26.99967222
247 1 12.49856993 39.92860641 25.38213243
248 1 7.08766162 38.59929669 19.58493130
249 1 9.75008826 31.24151809 15.39623090
250 1 12.12267309 37.23491862 15.38673989
251 1 0.80142051 39.35491009 29.97126320
252 1 5.61205535 33.20315403 25.34868791
253 1 12.36499984 37.28204172 19.35985871
254 1 1.19790720 32.66781372 18.86406627
255 1 1.22166473 39.82285341 24.71369395
256 1 7.03803480 30.15494712 19.36483019
257 1 3.24158230 30.04207086 24.45472488
258 1 9.78282085 37.32313744 24.69742364
259 1 10.42796964 40.52860400 15.94625770
260 1 7.15048708 29.55440159 24.46105222
261 1 3.10642838 40.76257566 15.90015849
262 1 5.23299084 36.64149635 23.38133650
263 1 1.86575763 34.59383336 15.68005738
264 1 4.97324190 30.34837100 28.18378908
265 1 10.49237893 40.39545385 22.23608760
266 1 12.30903767 30.08590630 25.54754723
267 1 12.58726469 32.87548411 17.20133118
268 1 11.18451483 28.10838001 20.40793772
269 1 0.08447120 28.60207666 15.69271207
270 1 11.58100152 27.68865568 15.17838955
271 1 5.53444744 41.08586203 23.39534705
272 1 7.07340711 28.42892667 44.21998543
273 1 12.29583905 35.06342051 33.36452632
274 1 11.81065759 29.01851334 31.40666592
275 1 7.97619306 29.68207231 38.32742221
276 1 2.08643864 30.26617955 38.16923866
277 1 7.58392992 38.72367975 42.68244132
278 1 5.96366672 29.02837631 34.01127106
279 1 8.95447514 34.41629983 37.77784736
280 1 2.28230623 29.41686790 30.82771413
281 1 9.41484318 38.22669545 33.22487284
282 1 5.14218430 35.24972113 39.14545714
283 1 1.59122623 37.23108302 38.64740494
284 1 2.43118672 30.04426263 34.35611120
285 1 10.61855778 37.80532728 38.16155546
286 1 5.51385758 33.62233042 44.63804195
287 1 2.25907665 28.88755496 44.86401845
288 1 12.65695343 28.28153000 38.06257775
289 1 1.61339992 33.76479560 43.42725986
290 1 9.29288789 30.72809550 42.03117705
291 1 10.22101520 29.52919621 34.80444858
292 1 2.47975766 40.43161808 43.01507873
293 1 4.79268471 31.83603624 40.43894663
294 1 11.38935748 34.18013640 40.90762189
295 1 5.12476212 39.46504663 32.13702197
296 1 7.35480179 32.19877451 35.16103949
297 1 3.37198471 34.14561599 35.01144305
298 1 9.29447173 35.24917319 30.73506377
299 1 0.71114191 35.56040481 30.98318596
300 1 5.40351707 37.51491749 35.22883244
301 1 4.25418081 37.29738412 44.44144240
302 1 7.81411394 28.83002095 30.65235637
303 1 5.16013443 34.06506837 31.05595040
304 1 12.67912712 40.52038485 31.09798202
305 1 9.12077782 40.98668434 35.95376506
306 1 3.29015324 40.99599937 34.77235991
307 1 6.61779057 43.09681284 13.52243376
308 1 2.36413771 52.91869111 12.49424068
309 1 9.42117853 50.20253766 13.88670788
310 1 11.81118554 46.76638711 14.42227218
311 1 4.87557207 53.64909913 3.59528611
312 1 3.39996580 42.23818615 12.18239312
313 1 6.58611387 46.88255102 13.73575558
314 1 9.44440810 46.40967621 6.49275680
315 1 1.32725373 45.44694036 10.63671386
316 1 9.14136767 49.68801918 9.15159630
317 1 9.66878473 49.84089528 3.61065252
318 1 2.67562526 46.17460867 3.01769018
319 1 1.84886339 50.78719284 1.67267805
320 1 7.96880183 53.08471784 0.77464744
321 1 6.78092558 46.19817022 1.91989634
322 1 11.43792843 44.79543614 0.84741188
323 1 12.61524577 51.72636714 7.27734721
324 1 1.15725544 50.44856407 7.15396404
325 1 5.39982146 43.41133212 4.88741974
326 1 2.93009475 45.92693843 7.35508312
327 1 12.34757766 42.90612867 13.81303954
328 1 3.55306985 48.32473700 11.84342837
329 1 6.15742253 51.81896951 10.17120227
330 1 9.30819830 43.35215427 8.70732650
331 1 5.89661770 47.58830161 8.31864692
332 1 1.15250393 54.36252092 5.51789418
333 1 5.56981975 43.90612465 9.95968826
334 1 7.65837017 42.34996653 1.75493350
335 1 11.22886220 43.56530410 4.15615979
336 1 0.88061226 41.89626972 6.18136118
337 1 1.38321590 43.99763113 14.78970997
338 1 13.13738338 42.34887064 7.89697477
339 1 12.41515462 48.65459869 20.69176420
340 1 3.88356342 44.18009615 26.14096152
341 1 11.46907718 52.38554257 26.26886422
342 1 6.57925059 42.40037728 16.98846132
343 1 12.69760519 50.59157719 29.28881417
344 1 7.57442691 53.06553983 24.34580420
345 1 10.29281572 44.50886195 23.70764657
346 1 11.71773927 45.18337978 20.28093892
347 1 7.39439767 47.36748058 27.84211261
348 1 6.25086880 46.11597877 24.01678242
349 1 0.31623905 52.43540538 19.32505833
350 1 1.19896310 49.53185543 17.81237164
351 1 5.39718174 50.54883764 26.69415199
352 1 6.54282238 52.80636280 18.17845357
353 1 3.33608445 53.30499093 28.93583887
354 1 2.58957022 49.63158105 23.78357467
355 1 5.74192982 48.84637873 21.00406372
356 1 3.18614808 46.34337511 18.19517583
357 1 12.31167740 48.84418696 25.85532722
358 1 3.83868809 51.71047680 20.32749008
359 1 0.88800349 54.55430097 25.05356260
360 1 6.61937441 43.46941408 28.39937066
361 1 7.66576140 44.54667001 20.85220751
362 1 6.65685851 49.52363628 16.39821070
363 1 8.82724040 46.04145852 17.54843108
364 1 9.02469183 52.32965239 29.16045951
365 1 11.29855095 44.86338107 27.25547762
366 1 10.90628781 49.31651383 17.51227484
367 1 2.04103537 48.86117320 27.32688619
368 1 1.97979375 42.18941923 19.59125864
369 1 12.18813827 52.19759812 20.11507217
370 1 3.88567520 51.55924453 15.52187383
371 1 0.21276183 47.14172806 23.04824714
372 1 8.83727135 41.15380696 25.41422110
373 1 5.48957211 50.42116692 32.19442000
374 1 10.70514076 49.22884295 36.92727182
375 1 5.92565468 50.25404430 38.23296404
376 1 3.83024098 47.09296113 39.19517197
377 1 3.59741723 43.03982676 37.78327080
378 1 9.16776493 54.57128720 35.73185613
379 1 3.44220140 45.84967847 44.59329860
380 1 3.41686004 52.87595156 37.33583733
381 1 11.77845295 53.06389601 33.78619847
382 1 0.96772318 51.18664329 42.47680271
383 1 6.52540020 44.54447824 42.49623668
384 1 8.61553446 47.97350554 31.34520032
385 1 11.15653374 44.36913648 35.73727957
386 1 11.53823797 41.91763950 39.03382475
387 1 1.77389520 50.64198795 34.46593578
388 1 10.35088967 43.34777073 42.54866323
389 1 9.00674170 54.35211000 31.94720171
390 1 4.86184550 52.64471961 42.90028267
391 1 1.25175759 46.17296484 35.72733660
392 1 7.75234438 41.87763966 31.43378310
393 1 6.06819983 47.05898867 35.86473032
394 1 4.09896498 43.54229049 31.40485811
395 1 8.53211914 46.16748541 38.57961199
396 1 8.06013631 51.23541021 34.61236855
397 1 0.69266384 43.78612513 41.71706971
398 1 11.55988372 47.75542422 43.23382398
399 1 12.02817093 51.03979456 39.70994644
400 1 9.98924734 53.55649676 42.04066806
401 1 7.39386972 48.06555996 41.75141814
402 1 3.71514897 54.26717883 33.74145512
403 1 6.43459366 50.10226409 44.89475126
404 1 5.83009664 41.29024477 40.80367270
405 1 23.20793425 6.95120490 4.03322857
406 1 20.41510520 7.49257258 13.35069162
407 1 22.20589464 11.56104936 3.66036735
408 1 16.06853402 4.15669560 2.17344198
409 1 26.08893012 12.37584060 11.57316047
410 1 26.15069968 10.05201434 7.38265225
411 1 16.44812647 6.78134257 9.88014453
412 1 17.10277828 4.66683053 5.45281294
413 1 25.20778991 2.00601932 7.36999757
414 1 18.26636906 9.69913904 2.34382826
415 1 15.96188913 2.83944063 12.44091023
416 1 20.71867358 1.04383142 14.38837571
417 1 18.66074397 10.44598535 9.60626101
418 1 15.43658385 9.09147026 4.91272911
419 1 21.92766763 4.27340746 1.02412550
420 1 15.71217114 9.59009839 12.88111245
421 1 21.80940795 7.80490009 9.81189963
422 1 25.07210805 6.50956284 6.83850084
423 1 13.48160352 5.28874584 10.71625758
424 1 14.90283146 1.75396554 8.73670344
425 1 13.99582195 2.36875759 5.30321650
426 1 20.19178447 5.23778714 6.84392428
427 1 21.56866503 11.21913292 11.50672338
428 1 18.03407325 1.11561195 3.26174480
429 1 20.47370710 2.49533242 10.79760912
430 1 21.18854463 0.70794236 0.37060146
431 1 20.76354890 12.76104453 7.30130072
432 1 26.06147698 13.61419178 7.60184946
433 1 25.61166784 4.26409243 1.91402096
434 1 24.70307449 8.99284052 12.38983954
435 1 17.32134750 5.61477192 14.36894173
436 1 16.21055122 13.00542711 1.40647774
437 1 20.70811468 13.42405556 14.84981972
438 1 20.86966585 8.15832333 0.11163239
439 1 16.69942829 13.30241221 10.34475222
440 1 24.97021466 10.51283440 0.05694608
441 1 17.15187716 8.15174801 26.40354621
442 1 15.92123736 0.71561356 17.25872921
443 1 24.77909857 6.32271428 16.08862289
444 1 24.60857234 0.99342066 22.23021221
445 1 23.46715525 9.05092247 17.95970831
446 1 14.02327509 2.28875791 27.19220420
447 1 20.26200115 7.01312246 19.30336458
448 1 20.25091431 9.80270027 16.25720136
449 1 23.83618880 4.41587264 27.70065132
450 1 19.65433646 5.33258128 28.69539988
451 1 20.91929268 10.81365511 25.90549401
452 1 15.90011956 5.07011658 25.55884606
453 1 23.45237279 13.13967314 17.15839565
454 1 20.53178105 1.32821383 23.99689649
455 1 24.75270133 1.12328315 18.91875258
456 1 14.48100340 4.21258578 19.12755487
457 1 21.65524801 9.38571565 29.83658120
458 1 25.72781574 9.05092247 29.24994621
459 1 17.28914286 4.32107850 21.90480605
460 1 21.38177250 10.79776476 22.09101069
461 1 20.72395303 4.95230883 16.41764468
462 1 25.29331701 10.24160261 21.45149719
463 1 16.11024167 12.96159166 19.94242613
464 1 17.04892789 11.51447420 15.91326513
465 1 22.71483362 5.58956654 21.75159398
466 1 14.10141095 2.72711231 23.03152488
467 1 16.38794075 12.85145512 24.04209179
468 1 14.57867323 9.59996136 28.73110416
469 1 15.03428976 8.06298124 18.41075741
470 1 17.63811451 9.68598841 21.40449408
471 1 26.12166271 2.01916996 25.31885901
472 1 17.20678344 13.66624636 28.92318419
473 1 20.66587908 2.36820965 36.77631952
474 1 15.35950388 13.00433122 42.25850941
475 1 16.58011272 5.31121150 39.71943745
476 1 17.81761580 8.19722728 30.22842445
477 1 21.66105540 2.63615377 33.19865957
478 1 20.42830383 4.87121327 40.48278607
479 1 14.16845997 9.46681121 38.58955495
480 1 25.13282172 0.65479189 44.63984976
481 1 13.83902228 11.13858530 34.75382984
482 1 23.23538739 5.58737477 43.05711036
483 1 17.53146961 10.50406731 40.43533100
484 1 15.05487962 7.43010708 35.03765633
485 1 25.17611321 7.27942275 32.56908904
486 1 23.59069438 12.48762097 36.11556423
487 1 22.24285079 8.13037823 39.62814295
488 1 23.47349059 11.76543210 42.11569226
489 1 19.65539235 6.83613687 35.66135147
490 1 20.73187220 10.31283520 33.87704102
491 1 19.53290911 1.11506401 41.83909702
492 1 23.31827476 2.38190822 40.79237387
493 1 21.69589977 6.53038467 32.26356881
494 1 15.95766557 0.18520473 43.04807130
495 1 17.09961060 3.35998648 30.62117161
496 1 20.71445002 11.64762435 39.47131526
497 1 16.95284189 13.44432945 36.69858360
498 1 16.89476795 1.43725449 37.55819821
499 1 17.17563468 6.53367233 43.71515393
500 1 25.40101778 2.36053844 34.14640501
501 1 25.49499199 8.71338959 41.86440639
502 1 17.51510332 11.31940649 33.24340292
503 1 17.92901220 11.20105081 44.11829600
504 1 13.76563793 5.09313019 42.98660569
505 1 14.39442042 1.50081588 33.33514937
506 1 26.15333941 11.50844683 38.95970446
507 1 13.70439631 0.25808115 39.04602748
508 1 18.05994256 0.16986233 32.31644731
509 1 13.32585974 4.71011803 38.79835724
510 1 26.37718809 5.37422494 36.15533609
511 1 21.15739587 20.51389003 9.61258836
512 1 25.78166613 20.35717834 9.86974961
513 1 18.18612141 16.16377056 2.38360012
514 1 25.43850188 15.50514307 0.93735052
515 1 18.27587206 16.18788005 6.90764965
516 1 14.31786840 17.21253346 1.70883429
517 1 21.85217150 17.57965527 8.01312669
518 1 15.41124249 17.93965382 8.26079693
519 1 14.95879363 22.84538750 11.49587651
520 1 22.93498669 23.05908527 6.76121688
521 1 21.43984645 15.48432124 4.08520317
522 1 21.34376046 21.47991354 1.97051508
523 1 16.72899321 24.59113390 14.44622569
524 1 26.17920871 16.40048193 11.65270420
525 1 24.48080965 19.56156510 0.51703423
526 1 23.79184142 18.04759859 4.52676125
527 1 20.59460650 23.44922068 11.64140537
528 1 20.81792724 20.32704147 5.63675782
529 1 18.67552643 18.41252863 11.07917584
530 1 22.93604258 14.69254360 10.11425619
531 1 16.65560886 20.03991934 4.85713889
532 1 23.55057056 25.64263651 9.25961306
533 1 19.80321695 24.82729733 0.58844281
534 1 24.63496959 25.27825442 4.62438310
535 1 16.28763119 24.97962548 4.05221060
536 1 17.58004055 21.44977668 8.35435121
537 1 17.14554182 14.87610451 13.62276733
538 1 18.93527537 20.07717946 14.64327720
539 1 20.83006997 26.31934612 4.16881447
540 1 23.17097810 17.03445198 13.38097247
541 1 17.49451347 19.94676903 0.71408574
542 1 22.42499182 21.45251639 14.98133804
543 1 14.68637401 23.77141117 17.74231892
544 1 22.54747506 18.10074906 18.33211759
545 1 25.60058100 19.40759312 26.13192246
546 1 13.36017617 20.31717850 29.41129343
547 1 20.89183954 14.36706546 19.70108322
548 1 17.99764505 18.76978746 25.28586644
549 1 14.68162250 27.01578167 22.96915537
550 1 25.54039526 23.32702940 16.13743382
551 1 20.16697106 17.45582015 27.95058133
552 1 17.93481959 21.02840851 27.96097625
553 1 23.34361612 21.16429837 23.43285914
554 1 26.01607371 23.79606860 29.72088123
555 1 26.25048129 16.46568715 19.18902047
556 1 18.45854103 21.07333984 19.14382517
557 1 19.93995471 24.75222914 21.22868436
558 1 25.72939957 15.70404638 24.13971364
559 1 15.46614877 17.27883456 28.93583887
560 1 24.33932039 23.36154980 20.27732330
561 1 19.60682141 16.08870237 23.42833961
562 1 25.95588798 26.72975543 17.33284950
563 1 21.38388428 24.57305178 17.71294198
564 1 25.16766609 27.00427487 23.13502212
565 1 16.14191837 24.09962903 21.03796020
566 1 19.42362450 22.06566461 23.79894107
567 1 16.48613852 24.55387377 25.74640655
568 1 16.10443428 18.20321440 19.90220231
569 1 17.75162268 24.73633879 29.82528238
570 1 22.63564187 25.51113019 28.38716793
571 1 22.93921025 20.86512150 28.67235027
572 1 15.00419690 18.46622704 15.49656446
573 1 17.85246018 15.72103261 17.61803185
574 1 23.11765566 13.93693021 29.47592271
575 1 14.16740407 23.88209565 28.90329826
576 1 26.10740820 20.49635586 18.00580752
577 1 14.46674889 19.66841399 25.47342694
578 1 23.15883537 27.13084970 19.49454070
579 1 22.44716551 14.02514903 23.23851935
580 1 26.04986219 17.86020208 15.35917075
581 1 19.06726162 27.35331456 26.81211173
582 1 15.59549530 24.19716288 41.36364247
583 1 15.29720637 18.21746092 41.99908838
584 1 16.06483840 17.80102424 35.56598938
585 1 21.89704682 22.30895130 34.17171438
586 1 25.15393952 23.28428984 44.06541750
587 1 15.50310492 20.34786330 38.22889646
588 1 18.42686434 24.01141020 39.50611564
589 1 18.64860123 22.10621239 36.28369075
590 1 20.79100204 18.08814637 31.82562635
591 1 24.53624388 25.39825394 36.68050548
592 1 21.05708633 18.82019822 41.16659096
593 1 13.31741262 23.87661623 44.39308343
594 1 18.06363818 16.05746961 42.10032586
595 1 17.76112569 21.24210628 41.48883345
596 1 22.14095741 19.95663200 37.20296315
597 1 25.46173146 23.22401611 33.53039307
598 1 17.81972758 20.63827309 32.69970346
599 1 17.75954186 15.67884100 32.37113363
600 1 20.97050335 22.92867483 42.85779908
601 1 21.43931850 16.54020740 35.09098678
602 1 25.07949928 18.80540376 32.11035674
603 1 16.21635862 24.51387393 36.78987811
604 1 13.68327851 14.31610676 31.55716627
605 1 24.06954049 16.81801450 41.69447206
606 1 21.44407001 15.58349892 44.87215361
607 1 17.14343004 16.65198777 38.65463618
608 1 13.66955194 20.15772708 33.32339860
609 1 13.31266112 25.72099236 32.74715852
610 1 20.99478881 15.16322664 38.97235914
611 1 25.87616828 14.64487256 32.62241949
612 1 16.45340592 26.11003189 44.93859070
613 1 25.03515190 16.86732937 38.18144139
614 1 16.98874215 26.63386540 33.80292073
615 1 17.25377054 33.87000066 7.86081853
616 1 16.99824517 30.28645344 9.71834536
617 1 14.43823986 28.11495533 2.47625049
618 1 13.21551924 30.64590405 5.37417312
619 1 20.41193753 31.33083280 8.08363136
620 1 20.51911037 29.85631818 4.92628770
621 1 18.06258228 32.25850030 2.39535090
622 1 21.23025228 38.85792579 5.74974607
623 1 16.89160028 38.51600936 11.27893907
624 1 15.79928207 34.13082153 11.62377921
625 1 23.72584830 29.27330683 1.87198933
626 1 15.10397851 30.66782177 14.12443516
627 1 17.83292621 37.15327511 3.91120126
628 1 25.37198081 37.19601467 9.01646235
629 1 13.44147970 37.05190566 3.91888446
630 1 17.53516523 39.02340457 0.91430092
631 1 17.79966567 39.98723631 7.47213895
632 1 13.25353128 31.57850303 10.23492764
633 1 22.38856361 37.10998762 2.36823372
634 1 18.22466140 28.15221545 7.08481523
635 1 13.43778408 40.23381066 2.15717167
636 1 20.43147150 38.00642237 10.26746825
637 1 15.07758125 33.67274118 4.59681396
638 1 23.58752671 29.04152694 7.32615813
639 1 15.50627259 37.08587813 7.39033546
640 1 20.87969681 35.05848903 7.59732993
641 1 22.95663243 34.48972419 14.10454922
642 1 18.97381535 32.25795235 12.71027422
643 1 25.08002722 32.14726787 11.61383624
644 1 18.98226247 28.68372016 1.90452994
645 1 24.21366948 33.73082314 4.10689691
646 1 25.45064461 37.32423333 12.68360899
647 1 22.89116725 29.40919670 10.62089550
648 1 24.64341671 37.23765834 5.21508567
649 1 21.00534771 28.49687160 13.76377666
650 1 24.93906591 39.77956591 1.60443315
651 1 18.85449979 39.00477451 14.89637088
652 1 13.72868178 27.94838066 11.41497692
653 1 21.62462720 41.07709494 2.34608802
654 1 19.22828484 34.30342357 15.54582734
655 1 16.85253235 40.56312440 17.85530717
656 1 26.21088541 32.29192482 26.19203221
657 1 22.09449825 33.10123663 29.11210054
658 1 13.85380474 32.70452590 22.61889179
659 1 13.99212634 38.33409228 28.36818590
660 1 17.45914115 37.23985011 26.65844771
661 1 23.85783455 33.40753677 23.09886588
662 1 13.93141266 35.77958201 24.65719982
663 1 21.90813367 31.01412174 16.15370413
664 1 16.40536293 32.15767878 19.29387357
665 1 22.00949910 39.44203303 23.97249103
666 1 21.06025400 32.46288304 19.83531326
667 1 16.49616947 35.77300670 21.20653867
668 1 19.58570361 36.75218084 22.58273555
669 1 20.15799599 36.52040095 18.87220142
670 1 23.15672359 35.72697949 26.57302859
671 1 23.65299189 30.00097514 25.21716959
672 1 18.97698302 29.80316771 22.83266556
673 1 26.05144603 40.59819276 28.26016914
674 1 19.53554883 40.43490574 20.19461590
675 1 25.24949757 32.94452493 19.46290399
676 1 19.32067522 33.92150730 26.21598572
677 1 21.80518439 38.92751455 28.30400858
678 1 16.83880578 31.59877692 24.83617321
679 1 25.22098854 39.27436247 21.26936013
680 1 15.35105676 29.85412641 28.13859378
681 1 15.56117888 34.95876340 15.39532699
682 1 15.94235516 33.38616699 29.66664687
683 1 26.10107285 30.53247985 15.32030279
684 1 16.25384271 39.43490977 23.34744003
685 1 19.37610945 28.04372274 17.55972991
686 1 14.96724075 28.27276291 18.94180218
687 1 23.02209761 38.85463813 15.08438333
688 1 21.84425232 27.60810806 43.91039762
689 1 23.63504176 32.42836263 43.64781293
690 1 16.21319095 39.33518414 38.87157362
691 1 21.93664269 38.46066711 38.83541738
692 1 14.42345740 28.43276227 41.98191417
693 1 15.30882116 32.49466373 33.71072232
694 1 17.29653409 30.96590276 42.20879458
695 1 17.53674907 36.87875567 42.94141039
696 1 20.87072174 31.30014799 34.86907786
697 1 17.59165534 38.66998134 34.06686128
698 1 19.48644995 34.11493118 44.32800219
699 1 24.95596015 29.53741536 36.69270821
700 1 22.30831597 35.12369424 35.16736684
701 1 23.18892823 31.94507690 39.97072332
702 1 25.07738750 32.80863507 33.75682152
703 1 25.84290775 35.15602288 41.73017635
704 1 19.00760384 30.38727495 38.93801072
705 1 25.84132391 40.84312328 40.32821814
706 1 14.13678327 36.78670125 41.05721833
707 1 14.96671280 36.09081364 36.10923689
708 1 24.35463079 38.94450078 34.28018310
709 1 20.22082145 40.20367380 41.65967168
710 1 25.14602035 28.12372242 31.10792499
711 1 13.55657171 31.30398359 43.38748800
712 1 13.65793715 31.91822769 37.32905804
713 1 16.27548846 33.92534290 39.94857762
714 1 16.77545237 37.01409759 30.46434392
715 1 18.43319968 33.89191838 36.46356804
716 1 16.19999232 28.64207650 36.80569646
717 1 19.87132186 30.23878240 31.15086053
718 1 23.50939085 35.53958298 38.70118734
719 1 19.87079391 35.21794044 39.90293037
720 1 13.95886580 39.35874569 43.83944100
721 1 21.72071319 27.74399792 35.97229513
722 1 18.59580674 27.53797135 40.80864418
723 1 15.68419006 33.69739861 44.87079775
724 1 23.27075971 52.92033494 3.30332448
725 1 17.01513940 47.41734339 1.50229177
726 1 13.72023466 53.67320862 13.48401776
727 1 20.57876816 50.53623495 5.93595070
728 1 17.70727530 51.13513665 2.94899333
729 1 22.72908814 46.85789359 5.02707322
730 1 17.12759169 44.74995687 12.52587740
731 1 19.93203553 44.93954515 1.84125652
732 1 17.45069403 53.39320975 7.20639059
733 1 13.93141266 46.88748251 3.18039326
734 1 19.17443445 45.12694165 5.87855267
735 1 24.18410456 43.75215266 12.12499508
736 1 24.19624729 50.68143984 13.32131468
737 1 24.34512778 43.49900300 3.55777402
738 1 20.68541305 48.06501202 8.74303079
739 1 16.75433458 49.96637423 8.71772142
740 1 18.84710855 44.10886356 9.58682704
741 1 20.85593928 54.29183627 6.21254594
742 1 22.15151631 51.78280527 10.47807835
743 1 18.05677489 52.41951504 11.56818899
744 1 14.65839292 48.33843557 11.61248038
745 1 24.01410627 54.10170005 13.21600963
746 1 15.69633279 46.03543114 7.77675527
747 1 15.36531128 53.32416893 3.93560672
748 1 18.57521688 50.10938735 14.96687555
749 1 18.15022116 41.72202385 4.43456284
750 1 20.78889026 46.63652462 13.01082296
751 1 13.48635502 50.60253605 0.62369514
752 1 26.12905394 50.05733276 6.34542012
753 1 19.94629004 54.51704084 18.39629491
754 1 15.48779452 45.21899607 16.10986469
755 1 21.97518268 51.45842302 19.96276401
756 1 15.69158129 49.68692330 20.33381742
757 1 25.68980370 54.13402868 28.92860762
758 1 17.77907582 51.08417795 27.08961087
759 1 14.95932157 43.26996282 26.05780217
760 1 21.66263924 48.90884424 23.27557950
761 1 21.52590148 43.56859176 21.42799564
762 1 21.47152315 46.29734790 26.34795599
763 1 17.48817812 53.93293360 21.48991320
764 1 18.68080588 46.29515613 28.87663303
765 1 18.69558834 46.00255457 23.31037988
766 1 15.52633451 43.06393626 21.79407757
767 1 26.12271860 51.51321732 19.97541869
768 1 22.95188093 42.01462541 26.25620953
769 1 13.88759322 53.77403013 22.94520186
770 1 24.46919486 48.17186090 15.97156707
771 1 21.44407001 52.45732310 25.52133396
772 1 25.76899545 43.94228888 24.70646270
773 1 15.73434483 48.43049000 24.31597531
774 1 24.58903838 44.21680833 19.09456230
775 1 20.20128748 44.32475310 15.67689371
776 1 25.54514677 53.34225105 25.31072386
777 1 15.03006620 51.52636795 16.61740790
778 1 23.36262214 47.99925886 19.68978440
779 1 18.41788927 50.39760537 22.89096750
780 1 17.84190127 46.03159554 20.05993391
781 1 24.10227309 42.57845876 15.61949568
782 1 18.74838284 42.26339153 23.92187229
783 1 23.12874250 44.38447889 29.16497904
784 1 21.23764352 54.04854958 28.92002052
785 1 20.18228146 42.08695389 29.75387380
786 1 17.71044297 41.18887531 27.58404745
787 1 25.37831615 50.22390744 29.98165811
788 1 18.03829681 54.71375238 26.44602980
789 1 19.55877842 47.44583643 36.55802622
790 1 19.88188075 48.56528398 44.07084094
791 1 19.89666322 53.37731940 35.18951253
792 1 19.33440179 44.10667178 41.15032065
793 1 20.10678532 52.18609132 43.51132312
794 1 16.19629671 48.09624477 34.52107405
795 1 26.17023365 46.02502023 31.20147926
796 1 25.56679251 54.53019147 38.45758468
797 1 16.95178600 52.54170633 37.83343758
798 1 15.51947122 51.16253380 42.66752687
799 1 16.28182380 49.00692603 39.08308763
800 1 20.71550591 47.36912441 32.01409076
801 1 25.27061537 42.81407425 43.67312230
802 1 16.43387196 44.31653395 32.59033083
803 1 22.80880783 52.70718511 37.12115966
804 1 19.01024356 43.92639854 37.14014168
805 1 13.64896208 47.65569860 31.75421778
806 1 23.84674770 46.48693618 38.82818614
807 1 23.14774853 52.56910348 32.84071279
808 1 16.27232079 45.00255859 43.86520232
809 1 23.56218535 43.94228888 33.84540431
810 1 14.75289508 42.48804816 41.53222094
811 1 19.88293665 42.34393915 44.68820873
812 1 16.29871804 50.32089335 30.70387901
813 1 21.96251200 51.85458580 40.53521262
814 1 25.08477873 49.08528188 35.62203155
815 1 20.08249986 51.21075278 31.84732010
816 1 22.47725838 45.33515999 44.76006926
817 1 23.72004090 51.99705098 43.58860709
818 1 22.41073730 43.25516836 38.75903733
819 1 14.81888821 43.07653895 35.49141714
820 1 13.78992340 45.30885873 38.67678188
821 1 25.79064119 48.80692684 44.09886202
822 1 20.84960394 41.14230015 33.75953324
823 1 32.82973188 3.27231560 13.06098975
824 1 32.94324006 11.79392513 13.87134148
825 1 29.18796727 7.71065390 7.67958538
826 1 36.71804680 1.58355527 9.32605016
827 1 37.72906148 9.05092247 2.33026967
828 1 31.38896998 2.97916609 9.13261427
829 1 34.27577323 12.84926335 7.99278881
830 1 39.35407619 5.63614170 0.48856119
831 1 38.34042179 5.28217052 13.31272757
832 1 29.40759239 12.47940182 4.69940729
833 1 28.53384341 2.53807198 0.39907450
834 1 30.92437837 8.48599324 0.84470016
835 1 35.27042162 9.53037260 9.97731443
836 1 35.37706650 4.83340520 6.59309036
837 1 36.40972693 4.30957169 1.79199365
838 1 33.07364247 13.57967137 3.69110015
839 1 29.19799823 11.77255536 8.92336003
840 1 36.66050080 8.98407343 14.06387345
841 1 34.17546368 6.32216633 11.66038740
842 1 35.75929868 11.83666469 1.35088752
843 1 37.33363067 5.14189711 9.57733602
844 1 31.36785217 9.93201482 10.90201027
845 1 28.43300592 10.12817841 2.58336335
846 1 29.39861732 4.10847661 5.74929411
847 1 32.44327614 1.32602206 4.99543651
848 1 34.09732782 10.01146655 4.93758653
849 1 32.35035782 6.66791837 5.68737655
850 1 29.20591740 7.41092907 13.57576421
851 1 38.66299619 12.28652589 7.39982647
852 1 27.14112450 5.99504436 10.81659115
853 1 36.15525744 2.38629176 14.69705961
854 1 28.10409618 0.90355801 4.04407544
855 1 36.22072261 0.93314693 5.72805232
856 1 26.73935836 3.21916512 13.07319248
857 1 37.85946389 0.34739586 0.09491013
858 1 37.65250946 9.56160535 17.78525446
859 1 26.57727924 9.20927800 25.53037302
860 1 30.43919692 2.59724982 26.17756971
861 1 30.79080829 10.05530199 25.54845114
862 1 29.11352702 11.14516062 19.71057424
863 1 31.62179372 4.64765253 28.86669006
864 1 38.03949314 1.63067837 20.06580929
865 1 29.62510573 0.08547911 29.48631763
866 1 33.54192968 4.00765510 20.97197506
867 1 38.51781131 5.57805974 23.70493485
868 1 33.37562701 12.39995009 18.15088443
869 1 29.75867582 3.65149215 18.44555779
870 1 29.43662937 12.82570180 15.59599412
871 1 30.96344630 5.37860849 23.00892723
872 1 30.54214619 13.63939716 27.73048022
873 1 27.58671009 9.46681121 16.94688164
874 1 29.92814616 7.69311972 19.41183330
875 1 29.20538945 8.00106369 28.95165723
876 1 33.43845246 7.11120425 25.40563399
877 1 28.51430945 2.13642976 22.35269147
878 1 35.01014473 7.32709380 19.66131136
879 1 34.20978011 3.08327526 24.53291275
880 1 34.03450237 3.95888817 17.51498656
881 1 34.82061247 10.13639756 22.50319182
882 1 27.57245557 5.53641607 24.45879245
883 1 26.54665844 6.43120699 20.74780637
884 1 26.58414253 12.62077112 26.78951408
885 1 36.85584045 0.05260253 23.96977931
886 1 38.64082249 10.74735400 29.74754646
887 1 33.11429423 7.16928621 15.34335240
888 1 39.06476233 13.69364351 18.29460549
889 1 35.06927457 6.18956413 31.54315573
890 1 31.48663980 13.15611143 36.54808325
891 1 38.21424294 9.86023429 36.37317744
892 1 33.50338970 2.90574173 33.02284985
893 1 30.10395185 12.60652460 40.61837197
894 1 28.38232320 1.12985847 41.47075533
895 1 33.28429252 10.37146510 43.82769022
896 1 28.77986578 11.05913357 35.53706439
897 1 30.51574895 4.67066613 35.69253622
898 1 27.29158883 3.79012173 30.79246180
899 1 36.27351711 10.16653442 41.46533189
900 1 35.07613785 1.30520023 36.42831571
901 1 32.05734835 3.64053329 41.70983846
902 1 31.79337584 10.07174028 34.01443473
903 1 36.13149991 9.83941245 32.13928174
904 1 26.54454665 4.31011964 40.22833653
905 1 29.64463969 6.73586330 33.19956347
906 1 31.26331906 7.63120216 38.82728223
907 1 26.80693532 12.82296209 42.68470109
908 1 30.11873431 8.86078625 42.38098867
909 1 36.39230474 7.11558780 43.46793563
910 1 38.94280704 12.37090911 42.42121249
911 1 27.66537389 8.45256872 38.46436397
912 1 35.21604328 7.55942163 35.01777039
913 1 38.46290503 5.35888254 38.58774714
914 1 28.34378321 11.84543177 30.69619581
915 1 34.74722812 11.34077627 37.32137483
916 1 30.25969562 1.82848579 38.22889646
917 1 39.45596957 6.01641414 31.57931197
918 1 31.29077221 0.23835520 44.27331588
919 1 26.98960429 6.23887900 44.26744049
920 1 31.99346700 10.03831576 30.24333890
921 1 30.33466381 0.91506481 34.58299161
922 1 36.11618951 1.48547347 30.27813928
923 1 30.00047463 26.83824814 2.60144147
924 1 32.22629075 22.36703326 5.14096537
925 1 32.38520219 17.65307963 5.03656423
926 1 38.15722487 27.06674037 14.64192134
927 1 38.32194372 23.71880864 7.49925613
928 1 29.89382974 17.64212077 2.26247672
929 1 38.75591450 19.48978457 8.83974873
930 1 31.58642140 14.47446229 10.05233863
931 1 36.31364093 24.40428533 11.50988705
932 1 37.65990069 18.32376186 13.51158689
933 1 29.08976950 26.42674295 11.84071665
934 1 34.32117650 20.65471138 13.36199045
935 1 39.03097385 20.61635537 5.28830205
936 1 36.08240103 20.73690283 3.22332880
937 1 28.79148058 22.40210161 7.32344641
938 1 36.62882410 15.79062137 7.33384133
939 1 32.02883931 23.74510990 1.55426637
940 1 33.36981961 27.07824717 11.25905314
941 1 35.31529694 24.71222930 1.25507348
942 1 30.37848324 17.56157315 8.02080989
943 1 31.44862776 18.18951583 14.66949047
944 1 35.61411381 21.06457275 7.52049792
945 1 34.97160474 18.42074777 10.35333932
946 1 36.62301670 27.05304180 9.06708109
947 1 29.32100941 21.48977652 13.75473760
948 1 36.81677252 15.08158313 3.55732206
949 1 29.22017192 20.28484986 10.42294009
950 1 34.87235108 15.39884213 0.95452474
951 1 26.83491641 25.80756736 8.02080989
952 1 27.25991213 20.47443814 4.04588326
953 1 30.49304731 26.88317947 7.34875578
954 1 26.40147356 22.92867483 12.00387168
955 1 35.86013618 14.07446390 15.06404544
956 1 30.81403787 15.51664987 17.97281495
957 1 28.23977805 16.50185139 27.25366981
958 1 33.24152898 16.26294824 29.85013979
959 1 29.39861732 16.58733050 23.33342948
960 1 34.52918683 18.99663587 25.18372507
961 1 35.81209319 20.22019259 21.90706582
962 1 38.89634788 17.98732486 22.40963755
963 1 36.98096341 14.00213542 23.51240287
964 1 29.80830264 22.36484149 28.93177130
965 1 31.85831308 18.56595267 20.80158878
966 1 31.42909380 26.33249675 23.75329382
967 1 33.08156165 15.34678754 23.70583876
968 1 36.68214655 13.77145142 27.65681188
969 1 36.21702700 25.95386814 20.55617830
970 1 36.30941737 23.99606780 15.42018441
971 1 37.87794197 24.54291491 24.54511548
972 1 26.72035234 26.27441479 26.83064180
973 1 30.73748584 22.98785268 19.33274153
974 1 27.34174360 22.10566445 24.86057867
975 1 31.26859851 19.40759312 27.47512678
976 1 36.89438043 23.68593206 29.47547075
977 1 35.91451451 16.15171581 18.05687821
978 1 27.67540484 25.43113052 21.02892114
979 1 39.27330061 21.81196700 16.56724112
980 1 32.61802593 21.73251527 23.19151624
981 1 27.59515720 20.81525868 21.31274762
982 1 37.81089295 17.48102553 26.10390137
983 1 30.89481345 25.54619855 27.93024345
984 1 38.88578898 20.11717930 28.86759397
985 1 32.09536038 24.24647775 15.98467370
986 1 37.44344324 24.29743645 35.36758202
987 1 28.66794145 23.56922020 44.69092045
988 1 38.54579239 25.18948765 43.85797107
989 1 33.75627535 23.93250641 36.28278684
990 1 32.53725035 22.21963659 33.25018221
991 1 32.71252809 25.82345770 31.68506897
992 1 36.56230303 16.96376734 43.23563179
993 1 38.52995404 24.71332519 40.21432599
994 1 30.70052969 16.91116481 37.81581142
995 1 36.23656097 26.82180985 31.93454703
996 1 37.14568226 19.42019581 34.54276779
997 1 35.53808973 19.53362001 38.70435101
998 1 32.70460891 15.10240497 42.59883002
999 1 39.30497731 14.80815957 30.97098323
1000 1 28.29362844 20.75662878 36.76321288
1001 1 28.15900247 20.08868627 44.40167053
1002 1 32.59743608 25.89085469 43.69029651
1003 1 29.14573167 25.42181548 32.99211705
1004 1 28.43617359 18.33800838 32.21204617
1005 1 29.98146860 26.07496354 36.50017623
1006 1 33.73885317 22.31607456 41.52498969
1007 1 34.70974402 19.79608470 44.52957323
1008 1 39.12389217 15.55445794 39.18703682
1009 1 38.66933153 21.99936351 32.23645163
1010 1 31.75958736 15.40322567 33.66778678
1011 1 38.63871072 13.80268417 35.71694168
1012 1 27.43255015 24.49688770 39.16172745
1013 1 32.00402590 19.21526512 42.17986958
1014 1 31.13080487 19.05910137 34.84828802
1015 1 34.29108364 15.61582756 36.44684578
1016 1 31.05425285 22.61744321 38.97326305
1017 1 35.35964432 15.74897771 40.10359750
1018 1 26.98168512 19.66457838 40.43035952
1019 1 28.22288381 15.17199373 35.35989881
1020 1 35.38129006 27.26345191 35.55288274
1021 1 38.67408303 21.70018663 43.10140175
1022 1 35.42194183 19.64266066 30.60580521
1023 1 32.79383162 27.21194527 39.14952472
1024 1 35.50430125 13.76761582 32.09589425
1025 1 29.35849350 14.88322777 45.01723052
1026 1 35.13790742 28.58728220 1.02457745
1027 1 28.89073424 35.53355561 0.28111477
1028 1 33.66441292 35.16259820 11.01906609
1029 1 29.01110569 35.80807505 13.43430292
1030 1 27.81214260 29.93412609 11.62016358
1031 1 31.66930877 31.15165544 15.02201381
1032 1 30.08758555 36.52807215 4.78392251
1033 1 33.81223753 39.17025330 7.40886553
1034 1 27.50118299 33.81630224 8.32316645
1035 1 30.00311435 37.37683586 8.28384654
1036 1 35.80998140 36.58341439 2.83781289
1037 1 32.75265191 36.68752356 14.73231194
1038 1 34.19816532 31.03056003 7.35553508
1039 1 36.14522648 32.16808970 11.39554294
1040 1 38.22163416 37.69519074 11.69880341
1041 1 26.71137728 41.07764288 11.08098365
1042 1 31.72104738 32.26288384 5.06639313
1043 1 32.58106978 34.16808165 2.07446427
1044 1 28.35592595 31.15001161 1.06254150
1045 1 37.31832027 31.60425635 2.14316113
1046 1 33.85975258 34.49082008 6.28305061
1047 1 38.98821030 37.35217842 5.40219421
1048 1 32.39206548 39.53901894 11.22651252
1049 1 32.40262438 37.81847792 1.44444179
1050 1 31.23111442 31.12754594 9.28130681
1051 1 37.96505289 34.04424653 6.35943066
1052 1 32.56153582 28.76371984 4.49693235
1053 1 28.76666716 40.04970181 13.85597507
1054 1 26.45690778 31.18288819 5.48218989
1055 1 38.12660406 31.63658499 14.17821756
1056 1 39.42957233 29.03823929 3.85651495
1057 1 39.46811231 41.07380728 6.02634130
1058 1 33.49124697 40.51654925 28.57246866
1059 1 28.23291476 36.27985397 21.76876820
1060 1 30.94180056 34.42945046 29.28158292
1061 1 37.56223086 37.61628695 21.79498147
1062 1 27.73400674 38.58943372 17.35409129
1063 1 35.52858672 33.41192031 21.13196642
1064 1 28.70806526 33.97137011 16.94914141
1065 1 31.10493556 38.13902457 26.89617498
1066 1 33.12590902 40.25353661 15.91281318
1067 1 30.61183493 31.95822753 26.72624066
1068 1 33.46220999 32.47329395 17.61712794
1069 1 33.86714380 29.75275696 29.08498336
1070 1 38.88156541 30.91110846 19.18766461
1071 1 31.02363203 35.60588408 19.32099075
1072 1 27.72503168 29.44481299 24.15101246
1073 1 33.59578008 35.62780180 24.33134171
1074 1 39.02094290 35.21574867 29.62009571
1075 1 36.43559623 31.97192611 24.62556311
1076 1 32.87935871 38.21409276 20.99502466
1077 1 34.50754109 33.47876936 27.46789553
1078 1 27.62788979 36.39930555 26.06367756
1079 1 38.51728337 30.63713696 28.60229756
1080 1 36.98782670 37.29026087 25.29354965
1081 1 34.17018424 28.13468128 15.70536675
1082 1 34.12055740 39.87764771 24.85651109
1083 1 29.76395526 31.19384705 20.71752552
1084 1 38.29079496 27.99659964 23.21456585
1085 1 33.76313864 29.24645762 24.69832754
1086 1 38.34306151 39.98778425 17.89869466
1087 1 29.12619770 28.06509252 15.46628361
1088 1 26.55140994 30.04426263 20.72927630
1089 1 27.30742718 31.29247679 29.88674798
1090 1 36.38280173 35.08040675 15.22629657
1091 1 32.30020304 27.60920394 20.15168036
1092 1 37.71691875 31.02782032 35.02680945
1093 1 28.59930859 30.49083618 38.01828636
1094 1 28.48263275 32.56370455 43.00287600
1095 1 27.72555962 38.63272121 42.61736009
1096 1 36.06656267 38.04642220 44.57748025
1097 1 26.93417006 29.25029323 41.07394059
1098 1 30.77549788 32.21082926 32.27351178
1099 1 37.02636668 30.03659143 38.73282405
1100 1 38.90426705 37.26834315 35.47650269
1101 1 29.16684947 34.84095566 39.47131526
1102 1 38.09598326 29.34234765 43.88418435
1103 1 27.34438333 28.44426907 34.44333813
1104 1 34.83645082 33.11164755 33.40972162
1105 1 31.57850223 30.20480993 41.04004412
1106 1 31.63816001 40.54942583 40.43849468
1107 1 37.30142603 39.18559570 32.49632461
1108 1 35.22607423 38.53135176 35.97003536
1109 1 30.10131212 35.79163676 34.60106973
1110 1 37.81986802 34.23054715 37.19618385
1111 1 31.73319011 37.18779552 37.74530675
1112 1 33.29749115 33.86561711 39.16850675
1113 1 33.14280327 31.09740908 36.77812733
1114 1 30.64139985 39.12696580 31.95036538
1115 1 38.45920941 35.57300750 43.92621598
1116 1 38.30346564 36.97628953 39.68418512
1117 1 34.75831496 34.97136609 44.52912128
1118 1 33.36348427 29.80481154 33.45943645
1119 1 29.66364571 39.79600420 36.03014511
1120 1 34.96526940 38.84751487 39.81705930
1121 1 35.78727977 31.88699494 42.17083052
1122 1 34.59834763 36.68478385 30.71337002
1123 1 27.69229908 36.50341472 31.12600311
1124 1 32.23896142 31.81631030 44.60414548
1125 1 39.54572022 28.11988682 33.82054690
1126 1 34.31959267 48.89240595 4.36451012
1127 1 36.18376646 51.05349314 6.64868058
1128 1 38.80606928 44.96146287 14.94744157
1129 1 29.08871361 46.90885229 3.56319745
1130 1 29.52374029 45.55817279 13.12064754
1131 1 38.37262644 48.38720250 1.67448587
1132 1 32.64495113 45.45625539 3.82804191
1133 1 35.03706992 49.43870512 14.06703713
1134 1 37.14779403 51.54280624 2.56754499
1135 1 27.73559057 50.43979698 9.96375584
1136 1 30.21798797 49.30500703 13.38910763
1137 1 35.89656438 43.56201644 11.60163351
1138 1 36.16212072 48.87158411 10.60326933
1139 1 28.93296984 47.43432962 7.06673711
1140 1 34.98427542 46.94666035 1.21936919
1141 1 30.50096648 50.53020757 2.64211724
1142 1 32.12281353 52.37403577 9.00697134
1143 1 33.23572158 45.15105114 13.36560607
1144 1 35.70861596 42.98996395 2.48483759
1145 1 37.59760317 46.03871880 4.56291749
1146 1 28.57079957 41.50010693 0.38370810
1147 1 37.53530566 52.04033848 12.35097158
1148 1 31.14189171 43.26174368 9.73958715
1149 1 31.31558562 48.37733953 9.51270674
1150 1 29.99255545 43.12749764 4.35185544
1151 1 33.25155994 52.99759490 2.08485919
1152 1 26.51973324 45.31762581 1.22750435
1153 1 34.67331582 44.56858773 7.79573730
1154 1 29.58550985 53.04581389 13.53508844
1155 1 34.17229602 53.69238663 14.16511093
1156 1 26.63640908 41.61846262 5.49800825
1157 1 36.78456788 41.57791484 8.84020068
1158 1 27.44627672 54.29183627 10.60372129
1159 1 26.51550968 46.50994978 11.18357699
1160 1 38.06008299 41.18613560 13.44921737
1161 1 39.49398162 47.60145224 9.08651507
1162 1 26.47274613 50.85568572 2.80210860
1163 1 37.03481380 43.38831851 25.71657765
1164 1 27.57879091 42.58393819 21.69103228
1165 1 29.35532584 50.68911104 21.93418300
1166 1 34.14695466 44.47379359 28.77313579
1167 1 39.18566173 47.17022110 25.23027623
1168 1 34.53657806 49.82281316 23.59375441
1169 1 31.11602241 54.61019115 17.60221349
1170 1 33.78214466 43.81954965 16.92654376
1171 1 39.07373739 52.62170600 21.74255492
1172 1 27.16857764 46.09186927 21.80582834
1173 1 37.03534175 45.49241963 18.36239844
1174 1 28.20229395 46.32364916 17.33375341
1175 1 39.44171506 47.11761857 21.52787725
1176 1 35.83162715 52.35814542 17.23929523
1177 1 28.72601539 45.84529492 28.37496520
1178 1 28.69645047 41.26284761 25.59635816
1179 1 33.76630631 47.03707095 25.90413815
1180 1 32.85032173 53.62663347 27.24417879
1181 1 30.89270167 47.79432817 23.80481646
1182 1 31.17040074 41.48312070 21.73848735
1183 1 34.94203982 48.66884520 18.82610221
1184 1 31.07273092 45.43652945 20.61448024
1185 1 38.09070380 41.82448919 29.10667711
1186 1 34.72558237 44.01023382 20.36138656
1187 1 26.78053807 50.28363322 24.16547496
1188 1 29.75498020 42.66448581 18.30771212
1189 1 31.08012215 48.97514534 27.43671077
1190 1 27.48956820 53.43540136 16.50622747
1191 1 37.60341057 48.66336577 28.25926523
1192 1 30.60180398 54.10005622 23.76233288
1193 1 34.12636480 54.58991726 19.31330755
1194 1 29.30411517 49.73185462 36.87800894
1195 1 33.09106465 51.68965496 33.07979593
1196 1 32.12122969 45.56200839 44.52460175
1197 1 26.94156130 49.14555561 39.32895006
1198 1 29.70957693 47.61186316 31.05640235
1199 1 26.59945293 42.18887128 33.90415820
1200 1 30.85363374 52.11705050 39.37550122
1201 1 37.01105628 49.40856825 37.33583733
1202 1 32.39787287 47.08693376 36.48119421
1203 1 37.30248192 47.40309687 42.99700061
1204 1 32.45172326 42.40366494 31.65930765
1205 1 32.99445072 49.00309043 44.33975297
1206 1 28.00589842 52.31869353 43.85977889
1207 1 35.42880512 46.27488224 39.15494815
1208 1 39.58267637 46.65734645 35.82902603
1209 1 27.44786055 45.34118736 34.48310999
1210 1 34.90244395 47.79542406 33.90370625
1211 1 28.17220109 42.32147349 30.69122432
1212 1 38.86203145 51.23376639 44.21953347
1213 1 31.72843861 43.16530571 36.67960157
1214 1 33.21143611 43.90228905 40.36979782
1215 1 35.67746721 42.22887112 37.09359052
1216 1 27.19180723 42.73297868 37.47775057
1217 1 28.89759752 51.26828680 33.68224928
1218 1 38.66141235 53.15649837 32.71055033
1219 1 34.69232184 52.36526868 36.44006648
1220 1 33.38618591 48.81678981 30.43225526
1221 1 29.99994668 45.82392515 41.74735056
1222 1 35.78252826 43.60475600 43.54883522
1223 1 36.94242343 54.17402852 40.07512446
1224 1 37.12350856 41.15983433 41.18647689
1225 1 33.08631315 54.77293022 40.80276879
1226 1 39.52565831 41.83435216 38.78796232
1227 1 44.86265432 1.25643330 5.95674054
1228 1 49.74667352 2.42464777 7.01837814
1229 1 41.06145032 9.33859255 0.70052715
1230 1 45.33780482 5.88052428 2.88391209
1231 1 40.05254742 7.41586056 8.42395197
1232 1 46.11493986 9.47064681 2.13457402
1233 1 46.21894502 11.06570888 8.19390789
1234 1 48.85550235 5.84162032 8.80359249
1235 1 41.30852858 3.76929990 5.10390523
1236 1 45.07541615 5.28545818 7.42332803
1237 1 46.89735435 0.70191498 10.69004431
1238 1 48.43578608 12.56323710 10.72529664
1239 1 51.52848789 7.52270945 3.22106903
1240 1 47.54091931 3.98244972 12.23255990
1241 1 40.12804356 8.97914194 12.80066482
1242 1 42.20128357 1.00437952 10.92189620
1243 1 44.28719427 6.99942388 11.12979458
1244 1 40.54300833 10.03886370 5.24401066
1245 1 48.94947657 4.04107963 2.79532931
1246 1 46.61648761 9.33914049 12.75411366
1247 1 50.68113616 10.76214846 7.76726426
1248 1 51.00687823 11.52762483 13.97483871
1249 1 44.41548490 12.74844184 5.49800825
1250 1 44.97827427 8.88653957 5.59065861
1251 1 49.27099507 11.40105000 2.26835211
1252 1 47.84871124 0.59890170 3.52252168
1253 1 51.92286281 5.63833347 11.42672770
1254 1 45.30823990 13.32323404 0.49669635
1255 1 42.20392330 13.19830304 9.17148223
1256 1 44.47408680 5.29915675 27.67534196
1257 1 50.67796849 7.52599711 22.02412164
1258 1 43.36381846 2.03396442 19.34268449
1259 1 44.17579788 6.46243974 16.17087834
1260 1 41.29480201 0.45369680 15.66830660
1261 1 41.12005221 1.52108977 24.82351852
1262 1 47.80066825 4.23724322 16.67796961
1263 1 48.24783766 9.89530264 23.86357035
1264 1 48.01290213 8.00051574 27.07469642
1265 1 49.29000109 3.71505354 24.59528226
1266 1 43.97887439 8.46681524 25.35908283
1267 1 39.78487931 11.27447517 24.02943710
1268 1 45.70683838 3.85532695 22.68126131
1269 1 44.28455454 8.64051317 29.09718609
1270 1 42.46842374 7.40873730 21.81125178
1271 1 41.90827410 11.64050109 15.47306291
1272 1 48.44845676 5.66079913 20.11100459
1273 1 45.13560188 10.68160084 21.64267331
1274 1 40.61058529 6.69312374 28.15170042
1275 1 51.55277336 11.91337671 25.67635384
1276 1 51.50420242 5.34189631 28.18378908
1277 1 42.51593879 4.57368022 24.69832754
1278 1 50.98100892 2.32875775 20.98327388
1279 1 51.30199948 0.27451944 16.61921572
1280 1 52.50729792 10.24489027 19.39013956
1281 1 45.76174465 11.66680236 15.96840340
1282 1 48.55510165 10.55612189 17.85078764
1283 1 46.54785476 1.80492424 27.62607908
1284 1 39.85720777 2.31999066 28.52682141
1285 1 43.36117874 9.42681137 18.75288583
1286 1 42.63842203 13.21693310 19.52436960
1287 1 47.52402507 12.68597634 27.55195879
1288 1 51.27771402 5.26299251 17.10190152
1289 1 49.74931324 9.89201498 29.87635307
1290 1 48.60472848 0.06191756 22.77526753
1291 1 45.52680913 4.41751647 30.97911839
1292 1 40.62959131 11.59118622 33.75546566
1293 1 49.83325649 3.64820449 44.09931398
1294 1 52.54530996 4.07450415 40.97767460
1295 1 43.45040144 0.66958635 35.47198316
1296 1 41.49278138 9.47064681 39.01348687
1297 1 41.64060598 5.86572981 40.54605949
1298 1 45.59280225 5.81093552 43.92260035
1299 1 44.59815388 10.39173899 43.78430273
1300 1 50.11201146 12.93309863 41.17111049
1301 1 48.47432606 2.92601562 36.02924121
1302 1 49.00015929 6.82517801 31.65388421
1303 1 46.67192183 8.08654279 34.92647589
1304 1 50.71598053 6.11833154 34.84150872
1305 1 51.73755411 2.94902923 33.58733915
1306 1 45.45342478 10.41584849 39.84056086
1307 1 52.13773642 12.27775880 44.87531728
1308 1 47.99970351 11.13913325 32.77291984
1309 1 41.97954668 2.19396377 32.12753096
1310 1 40.56043051 3.66519073 35.43221129
1311 1 44.67312207 5.25696514 37.24499478
1312 1 43.39866284 8.08763868 32.93065144
1313 1 49.32959696 9.26845585 43.52488171
1314 1 48.83755223 4.20327075 40.06789321
1315 1 44.08657517 1.95451268 44.56392166
1316 1 44.92547977 12.69255165 31.30633236
1317 1 52.05273727 10.09256212 36.15624000
1318 1 39.69618455 3.06574108 42.06959305
1319 1 44.87902062 12.82789357 35.12217154
1320 1 50.79147667 0.10136945 39.73751557
1321 1 40.21515448 8.37695258 42.36923789
1322 1 51.41973122 13.53200033 35.39153552
1323 1 52.61552664 8.30078851 44.55985408
1324 1 50.98787221 1.93095113 30.35903887
1325 1 45.65351593 22.01689768 2.90786560
1326 1 44.36585807 25.79989615 10.57072872
1327 1 46.64922020 20.48868466 12.67231017
1328 1 42.57137302 20.24430208 7.15170427
1329 1 46.23689515 26.67879673 0.09897771
1330 1 49.66642587 21.97854167 14.18680467
1331 1 50.30840699 15.12815829 13.52966501
1332 1 43.49633266 21.80648757 14.32465034
1333 1 48.95475601 19.97854972 9.62795476
1334 1 42.11047703 20.14841205 11.04979890
1335 1 52.32938045 26.10400452 7.28322259
1336 1 45.70842221 15.96541519 9.49101300
1337 1 50.82896076 19.89361856 3.23824325
1338 1 49.45999938 16.21034571 9.15114434
1339 1 41.98377024 18.74348620 2.13367011
1340 1 46.45440849 15.64048499 4.72652447
1341 1 48.16547824 25.43441817 12.34102862
1342 1 48.86183770 23.97853362 2.14496894
1343 1 47.93423833 26.15057967 8.15775165
1344 1 49.49114813 13.96377941 5.06910485
1345 1 42.32693448 25.81962210 14.51944208
1346 1 41.89877109 23.64319251 8.74709836
1347 1 40.35294813 24.66401032 3.16141124
1348 1 50.47259789 15.15993898 1.08875478
1349 1 42.85910304 26.40318140 6.44349392
1350 1 46.60751254 18.57307593 7.13769373
1351 1 44.27927509 17.49034056 12.89512300
1352 1 44.15468007 13.97638210 14.02952503
1353 1 40.28959473 15.31336302 2.24891813
1354 1 40.54934367 17.45582015 5.97662647
1355 1 39.91211406 16.36322181 9.90455000
1356 1 52.03689893 20.95772386 6.92527582
1357 1 52.51310532 23.42894679 3.69742749
1358 1 47.99072845 27.35715016 3.76024896
1359 1 39.66925936 13.77857468 13.90297819
1360 1 51.46883010 27.35660222 19.53340866
1361 1 51.45035203 24.34346366 21.14507306
1362 1 46.13711355 25.00428292 29.49038520
1363 1 51.65941825 22.55333388 27.59896190
1364 1 51.03221959 15.94514130 17.90547395
1365 1 43.38124065 18.05417391 26.45823253
1366 1 44.95557264 21.09909316 27.83307355
1367 1 46.22158475 24.99277612 16.27844315
1368 1 44.11508420 14.27994252 25.81419950
1369 1 46.83980834 14.10569665 22.20625870
1370 1 42.95994054 15.86240191 29.75206599
1371 1 46.39475071 20.84320378 15.98693347
1372 1 46.86198204 23.74237019 21.24947420
1373 1 40.32338321 26.89687804 18.23675550
1374 1 41.43629127 25.65907480 23.76233288
1375 1 44.69846342 17.60760036 22.80871205
1376 1 43.43139542 17.16815008 16.69740358
1377 1 51.51845693 19.27827857 15.47939025
1378 1 42.77885540 22.62949796 21.74888227
1379 1 51.30199948 22.08429467 17.98185401
1380 1 50.28728919 16.14075695 22.64781678
1381 1 44.96190798 24.15935481 25.59500230
1382 1 49.35229860 25.41140457 25.85713504
1383 1 45.40115822 15.91664826 19.50719539
1384 1 47.21834491 18.77526690 26.47947432
1385 1 51.64621962 25.12757009 15.53136485
1386 1 51.64516374 21.59224186 23.80210475
1387 1 47.29225721 15.71555318 15.52820117
1388 1 47.78166222 19.63553741 19.86785388
1389 1 40.94055091 14.92103583 23.20462288
1390 1 43.00270408 20.88429950 17.68266112
1391 1 42.54603166 23.51935739 29.40089851
1392 1 39.70727139 26.22016844 28.48162611
1393 1 50.30893494 22.00484294 33.38260444
1394 1 42.74453898 17.20157460 37.79999306
1395 1 49.74086612 17.25636890 37.28115102
1396 1 45.75646520 22.35826617 38.51543466
1397 1 43.28145904 22.23771871 35.33865702
1398 1 50.19384293 15.75993657 30.29350568
1399 1 49.84275950 22.01634974 38.70028344
1400 1 51.40811643 24.42729894 30.99358088
1401 1 41.77259223 25.64702006 36.82332263
1402 1 44.80563626 14.71829692 39.19562392
1403 1 40.50182862 20.09252187 37.97987036
1404 1 43.45462500 14.10405282 42.84198073
1405 1 51.97196169 16.93527430 40.86739807
1406 1 49.44152130 24.77743452 43.76622461
1407 1 46.37627263 16.84869931 35.15877973
1408 1 42.17963783 18.74622592 31.90607399
1409 1 40.32602293 16.73198745 42.61600423
1410 1 45.75382548 18.47609002 30.85483131
1411 1 46.35832251 27.03660351 39.01529468
1412 1 49.02919626 24.59716127 36.24843841
1413 1 46.38471975 19.66896193 42.16043561
1414 1 47.13756932 20.53361598 33.49875636
1415 1 43.30996807 24.13634121 43.65504418
1416 1 43.50319595 27.03934322 33.53762432
1417 1 46.74741797 16.05253813 42.60108978
1418 1 52.00258250 21.62621432 42.47092732
1419 1 51.69479056 18.70732196 34.28153896
1420 1 51.12566586 18.75280123 44.95802468
1421 1 48.20296234 21.12758619 44.91734891
1422 1 52.63770033 20.30019226 37.52656150
1423 1 47.04940251 27.34947896 34.33260965
1424 1 50.11148351 20.17909686 30.16741080
1425 1 39.80758094 29.30399164 7.37316124
1426 1 51.48836407 30.72809550 8.66936245
1427 1 46.10174123 29.89577008 8.67252612
1428 1 44.51209884 37.18176815 3.30287252
1429 1 44.09713407 27.91276436 2.94582965
1430 1 47.83392878 39.84312730 13.06234561
1431 1 46.06003358 37.11930265 11.06200163
1432 1 44.13197844 32.62233445 10.16216321
1433 1 50.18117225 32.64644394 11.25588947
1434 1 43.66633095 36.90122134 8.59207848
1435 1 42.57876425 34.05684922 6.71602158
1436 1 43.99471274 29.37412834 11.65315615
1437 1 46.84561574 35.30889898 6.21390180
1438 1 48.37665624 38.84970664 7.05589024
1439 1 51.86848447 38.69299494 11.96003224
1440 1 41.54188027 32.71986830 14.33820892
1441 1 47.33871637 34.32424541 13.28380258
1442 1 48.11743524 30.65741085 5.43066725
1443 1 40.78163947 33.47219404 0.84470016
1444 1 42.93512712 37.56149265 13.56310953
1445 1 45.69575153 32.10452831 2.27332359
1446 1 48.69447913 38.79381646 3.15463194
1447 1 44.47461474 39.73408664 6.50495953
1448 1 48.50811454 29.00207505 11.72411277
1449 1 50.95566756 36.46286694 9.17826152
1450 1 52.09127726 40.25901604 2.96797535
1451 1 40.69083293 27.89413430 0.77419549
1452 1 49.59356946 32.75219694 1.74725030
1453 1 41.17284671 40.74778119 9.46796340
1454 1 52.62661349 28.03714742 11.77021198
1455 1 40.55039956 28.53961116 12.48791334
1456 1 40.26636515 32.14726787 10.90020245
1457 1 52.66409758 28.71933646 2.46133604
1458 1 45.43653054 30.92261526 24.70149122
1459 1 43.51428279 36.34889479 21.36201050
1460 1 43.91763277 36.69464682 26.08311154
1461 1 51.23706225 34.35931376 21.14914064
1462 1 43.95934043 30.96316304 16.30872401
1463 1 42.84590442 39.45080011 19.16506697
1464 1 51.04964177 30.56426054 23.16439906
1465 1 52.07491097 37.13409711 26.51608251
1466 1 48.74463390 39.96203093 27.32191471
1467 1 48.78845334 38.04697015 21.72176509
1468 1 47.47545412 34.94013334 23.54539544
1469 1 48.55510165 29.68097642 16.05291861
1470 1 45.92910322 39.27600630 16.83931683
1471 1 44.68948836 34.84040771 16.17268615
1472 1 45.70367071 40.50504245 21.46505578
1473 1 47.30123228 36.05355351 27.55557441
1474 1 39.87726968 34.08862992 23.64708487
1475 1 48.22883164 29.72645569 20.36319437
1476 1 42.74506692 39.06230853 29.77240387
1477 1 42.16432742 40.54668611 26.16988651
1478 1 46.09751767 34.25465664 20.06987687
1479 1 40.48335055 34.67492893 17.63204239
1480 1 43.83580129 32.79603238 28.37406129
1481 1 49.42093145 32.48096515 18.15540396
1482 1 42.12684333 29.42015556 23.49342085
1483 1 44.57122868 29.15056760 29.35886688
1484 1 52.21428844 32.59822496 26.51111103
1485 1 50.37598395 38.82888481 17.31386748
1486 1 43.76452872 28.93358217 19.78695429
1487 1 50.52803211 40.78504132 23.33342948
1488 1 39.66925936 38.24916111 27.81002395
1489 1 49.06456858 35.84259546 16.13698186
1490 1 51.12619380 30.60316449 29.62687501
1491 1 39.91369789 40.54668611 21.26664842
1492 1 48.43631403 27.54673844 28.57066085
1493 1 51.54854980 40.15271510 38.67858969
1494 1 50.81734598 31.26891524 41.35098778
1495 1 44.23387183 30.71713664 33.52587354
1496 1 50.89020238 29.68481202 33.90686992
1497 1 41.16017603 39.32422528 33.26283689
1498 1 47.25952462 30.95768361 30.76489266
1499 1 50.93085415 40.18230402 42.52109410
1500 1 47.13651343 33.11055166 37.50396385
1501 1 42.54867138 30.35439837 37.14330535
1502 1 44.55433444 35.37410419 34.83879701
1503 1 48.05038623 38.38395509 43.84215272
1504 1 43.47732664 34.50725837 38.59407448
1505 1 41.06197827 38.84039161 38.54029208
1506 1 47.42265963 32.42014348 42.51069918
1507 1 52.73220249 36.54396250 35.45752066
1508 1 52.71953181 33.45192015 38.37713704
1509 1 46.63866130 39.75107288 30.29847717
1510 1 44.38644793 39.38175930 35.79106198
1511 1 49.86440525 33.98890429 35.02048211
1512 1 47.59793736 38.42395493 37.96495591
1513 1 40.46592836 33.52698834 40.92524806
1514 1 49.09571733 29.77686645 44.72707669
1515 1 43.67794574 29.45741568 42.24540277
1516 1 43.58133180 37.88477902 41.90914974
1517 1 42.33590955 33.72369988 32.06877707
1518 1 52.02528413 27.98290107 42.92875570
1519 1 44.88007650 34.86177749 44.36144672
1520 1 51.60767964 27.73303906 39.41165746
1521 1 40.55039956 28.11331150 39.83106984
1522 1 52.62344582 40.29079673 34.48085023
1523 1 49.91456002 36.59108560 30.26141702
1524 1 41.48908577 41.07709494 43.47878251
1525 1 40.37987332 49.30774674 5.25892511
1526 1 50.71914821 43.38886646 0.74346269
1527 1 48.63429340 42.61955448 6.54337553
1528 1 47.10958824 51.86116112 12.88337222
1529 1 40.47173575 44.34283522 6.61975559
1530 1 51.35057042 51.56855956 0.31817491
1531 1 45.42227602 43.00311458 4.43682260
1532 1 43.04018818 49.81349813 9.07114866
1533 1 46.73738701 41.67873635 9.78252268
1534 1 49.01441380 46.21953999 6.38971151
1535 1 51.36429699 51.60143614 12.19233608
1536 1 43.12201966 46.47816909 5.04379548
1537 1 47.86560548 46.05899269 14.64146939
1538 1 48.33811626 47.51980873 10.01392262
1539 1 41.50861973 54.17676824 5.90160227
1540 1 48.76733554 51.44582033 5.39677077
1541 1 51.51264954 47.80528703 14.38385618
1542 1 51.09821272 44.87269610 12.38848368
1543 1 52.12981724 54.37402772 8.88178036
1544 1 42.84748825 44.00694616 1.92757955
1545 1 41.21085875 51.02335627 14.34815189
1546 1 41.98746585 53.40471655 1.73278780
1547 1 45.85835859 45.64310396 7.47801434
1548 1 45.37687275 49.67267678 3.57946776
1549 1 43.21810564 46.60638775 10.68642869
1550 1 42.42090869 48.39816136 1.18863639
1551 1 44.53744020 43.76365947 12.63344221
1552 1 45.84093640 52.07759861 7.17565778
1553 1 51.97248963 41.59216136 9.67902545
1554 1 49.77201487 47.73076679 1.03316456
1555 1 47.09111017 42.06777588 1.19496373
1556 1 48.05830540 53.75320830 0.16541480
1557 1 52.53105544 47.36912441 6.09639402
1558 1 41.78895853 41.33736786 13.34120061
1559 1 43.87011772 51.70390148 16.91614884
1560 1 45.14827256 53.96197458 22.12490716
1561 1 41.63532654 49.80308721 20.75368176
1562 1 41.65433255 52.70334951 27.34857994
1563 1 45.53789598 42.36695276 26.42343215
1564 1 43.39232750 45.67817231 21.26619646
1565 1 51.35004248 44.49187571 18.13551803
1566 1 49.83536828 49.03487113 22.88509211
1567 1 43.57710824 47.48419244 29.59885392
1568 1 48.48963647 42.97407360 20.96790748
1569 1 45.33674893 48.17953210 18.99965217
1570 1 43.71015039 51.15705437 24.05384257
1571 1 50.96886619 47.87871140 26.80216876
1572 1 42.79099814 46.85515387 25.92221627
1573 1 49.66695382 47.30172742 19.72187306
1574 1 47.55253409 53.20362147 18.90880961
1575 1 52.55270119 43.02667613 27.29298972
1576 1 42.40401445 46.74337350 16.17087834
1577 1 43.77772735 42.77078675 16.17359006
1578 1 50.45200803 44.65954627 24.47958229
1579 1 46.81129931 43.04366236 17.59724201
1580 1 47.53194424 49.56747172 25.91679283
1581 1 50.70436574 50.81732971 29.77195192
1582 1 39.65500484 50.60198811 24.68702872
1583 1 50.76983092 41.50996991 15.20415087
1584 1 45.48404558 54.75813576 15.87304131
1585 1 39.98444252 54.57621869 36.83823708
1586 1 42.33643749 48.79815975 32.44932149
1587 1 40.08897563 49.96089480 39.12331145
1588 1 49.28894520 44.15763048 40.91982462
1589 1 48.82540949 47.17405670 37.53514860
1590 1 50.30682316 49.58445796 35.14838481
1591 1 47.24632599 49.16144596 41.25878937
1592 1 46.48766903 44.45680736 34.92692784
1593 1 42.13159484 49.63925226 36.37950478
1594 1 44.30884001 47.73350650 39.16715089
1595 1 45.79183752 44.94228486 43.61888794
1596 1 41.44632223 46.45186782 41.12139566
1597 1 49.36127366 52.25951568 33.17063848
1598 1 41.73510814 50.23157864 42.24404691
1599 1 46.05897769 47.49241158 32.57948396
1600 1 43.28093110 43.81461817 36.04370370
1601 1 46.38102414 53.15430660 30.94974144
1602 1 46.10913247 50.18007200 44.95214929
1603 1 49.45102431 43.20968909 35.41503708
1604 1 39.74845110 45.63762453 31.60416938
1605 1 48.28162614 42.73955400 32.30605239
1606 1 49.26149206 46.46337463 30.23204008
1607 1 52.11450684 46.71981195 43.90226247
1608 1 45.54264748 52.07814655 39.73435190
1609 1 45.95497252 50.41842720 36.05545448
1610 1 42.73873158 52.48910380 32.27531959
1611 1 45.91168103 42.75325257 40.17003459
1612 1 50.58716195 49.25514421 40.15963967
1613 1 46.87412477 54.56854748 34.73891539
1614 1 42.45944868 43.00914196 31.06408555
1615 1 40.88881231 53.39211386 40.61656416
1616 1 52.50571408 43.83050851 30.83132975
1617 1 39.78329547 44.74502538 44.10473741
1618 1 52.62978116 53.76526305 32.70060736
1619 1 39.94167897 42.72256777 34.26798037
1620 1 52.73959372 47.55487708 31.44598583
