1 34
1 101
1 831
1 858
1 882
2 7
2 29
2 31
2 44
2 47
2 65
2 71
2 609
2 657
2 675
3 31
3 47
3 52
3 57
3 121
3 139
3 142
3 204
4 38
4 60
4 72
4 293
5 20
5 36
5 55
5 75
5 77
5 79
5 82
5 237
6 33
6 63
6 203
6 208
6 304
7 29
7 58
7 94
7 609
7 701
8 9
8 17
8 20
8 36
8 102
9 17
9 88
9 89
9 102
9 103
10 23
10 40
10 59
10 97
10 107
10 194
10 208
11 28
11 84
11 118
11 171
11 404
12 40
12 51
12 54
12 66
12 132
12 135
12 200
13 21
13 27
13 32
13 47
13 62
13 74
13 81
13 93
13 121
14 33
14 35
14 42
14 59
14 60
14 70
14 77
14 98
15 19
15 22
15 90
15 95
16 28
16 64
16 68
16 86
16 90
16 118
17 20
17 50
17 89
17 839
17 844
18 33
18 35
18 41
18 67
18 69
18 72
19 38
19 76
19 240
19 821
19 829
19 894
20 55
20 75
20 155
21 27
21 49
21 81
21 83
21 93
22 44
22 58
22 61
22 72
23 33
23 59
23 84
23 107
24 61
24 76
24 83
24 249
24 264
24 274
24 856
25 53
25 64
25 86
25 649
25 659
25 668
26 48
26 65
26 69
26 659
26 681
27 44
27 61
27 73
27 81
27 93
28 84
28 118
29 31
29 47
29 106
29 134
29 609
29 800
30 55
30 375
30 913
30 1048
30 1106
31 47
31 657
31 736
32 49
32 74
32 93
32 99
32 150
32 261
33 59
33 60
34 46
34 87
34 807
34 831
35 53
35 59
36 49
36 62
36 67
36 75
36 82
37 95
37 671
37 841
37 1421
37 1446
38 240
38 249
38 293
39 40
39 54
39 63
39 98
39 132
39 306
39 363
40 51
40 59
40 132
40 194
41 44
41 48
41 65
41 67
41 69
41 81
42 46
42 51
42 77
42 79
42 80
42 87
42 98
42 309
43 606
43 642
43 696
43 700
43 804
43 844
43 1455
44 47
44 65
44 81
45 46
45 51
45 59
45 78
46 51
46 85
46 87
47 121
48 52
48 67
48 88
48 639
49 62
49 81
49 99
49 218
50 55
50 79
50 82
50 89
50 96
50 807
50 861
51 54
51 66
51 87
51 92
52 57
52 62
52 81
52 639
53 78
53 637
53 668
54 92
54 217
54 292
54 309
54 363
55 96
55 237
56 73
56 106
56 114
56 886
56 979
57 102
57 139
57 644
57 695
58 95
58 701
58 878
58 880
60 70
60 98
60 235
60 263
61 73
61 76
61 83
61 880
62 81
62 186
62 204
63 203
63 208
63 269
63 323
64 69
64 71
64 659
65 69
65 71
65 657
66 92
66 200
66 882
67 70
67 81
68 86
68 177
68 630
68 671
69 71
69 659
70 77
70 212
71 659
73 91
74 121
74 209
75 99
75 186
76 249
76 856
76 879
76 880
76 894
77 79
77 82
77 239
78 85
78 101
78 637
78 656
78 668
78 669
79 80
79 82
79 87
79 96
79 239
79 807
80 87
80 92
80 239
80 309
80 807
82 89
83 93
83 215
83 235
83 264
83 293
84 117
84 118
84 122
84 208
85 89
85 669
85 700
86 107
86 118
86 122
86 143
86 648
87 92
87 807
88 639
88 676
88 695
90 100
90 821
90 829
90 841
91 209
91 886
91 1061
92 818
93 215
94 106
94 609
94 824
94 863
94 1435
95 819
95 821
95 841
95 880
96 237
96 239
96 807
96 852
96 861
97 107
97 144
97 649
97 685
97 707
98 263
98 306
98 309
99 150
99 182
99 218
99 245
99 367
100 177
100 937
100 1004
100 1005
101 608
101 631
101 669
101 700
101 1511
102 186
102 190
103 130
103 190
103 642
103 644
103 670
103 696
104 111
104 146
104 157
104 169
104 187
104 205
105 176
105 192
105 311
105 976
105 1174
106 134
106 172
106 863
106 979
107 122
107 144
107 173
108 116
108 138
108 169
108 188
108 191
108 725
108 726
108 765
109 140
109 152
109 750
109 1526
109 1616
110 138
110 165
110 170
110 175
110 193
111 138
111 154
111 156
111 157
111 164
111 187
111 193
112 181
112 183
112 201
112 203
112 341
113 115
113 158
113 167
113 178
113 184
113 202
113 727
114 134
114 145
114 185
114 195
115 119
115 152
115 167
115 178
115 202
115 757
115 767
116 138
116 168
116 169
116 725
116 726
117 122
117 124
117 157
117 181
117 203
117 208
117 404
118 122
118 133
118 177
119 167
119 714
119 744
119 767
120 180
120 761
120 904
120 957
120 997
121 142
121 145
121 204
122 143
123 148
123 156
123 163
123 170
123 175
123 198
124 127
124 129
124 157
124 354
124 358
124 404
125 184
125 202
125 938
125 951
125 959
125 987
126 147
126 154
126 161
126 185
126 187
126 205
126 912
126 990
127 128
127 129
127 157
127 164
127 205
127 377
128 148
128 157
128 164
128 183
128 193
128 341
129 199
129 205
129 343
129 364
129 974
129 998
130 158
130 190
130 644
130 727
130 786
130 789
131 135
131 136
131 151
131 152
131 166
131 179
131 192
132 135
132 363
132 395
133 146
133 171
133 199
134 142
134 172
134 195
134 207
134 800
135 192
135 197
136 140
136 149
136 200
136 945
137 150
137 156
137 162
137 163
137 170
137 186
137 204
138 168
138 169
138 170
138 188
138 191
138 193
139 142
139 158
139 188
139 204
139 760
139 789
140 149
140 159
140 200
140 710
140 792
140 1616
141 145
141 154
141 209
141 351
141 361
142 191
142 204
142 760
143 160
143 706
143 788
144 159
144 173
144 194
144 685
144 707
144 710
145 154
145 156
145 191
146 177
146 189
146 199
146 1002
146 1005
147 154
147 333
147 351
147 364
147 377
147 921
147 990
148 175
148 183
148 201
148 318
148 341
148 353
149 200
149 792
149 858
149 945
149 1616
150 182
150 186
150 204
151 152
151 179
151 196
152 179
152 202
152 908
153 160
153 161
153 169
153 189
153 763
153 982
154 164
154 187
155 162
155 184
155 186
155 206
156 164
156 170
157 193
158 162
158 165
158 167
158 178
158 188
158 190
158 789
159 194
159 200
159 685
159 773
159 792
160 168
160 169
160 189
160 706
160 739
161 187
161 912
161 982
161 1002
162 163
162 186
162 198
163 182
163 198
163 206
163 362
164 377
165 167
165 170
165 178
165 188
166 174
166 175
166 179
166 192
166 196
166 201
167 178
167 727
167 767
167 786
167 789
168 169
169 187
170 175
170 188
171 358
171 829
171 855
171 924
172 195
172 207
172 912
172 979
172 1588
173 181
173 196
174 176
174 192
174 198
174 201
174 332
174 346
175 179
175 181
175 183
175 196
175 198
175 201
176 179
176 192
176 198
176 951
177 706
178 179
178 184
178 198
178 202
179 198
180 190
180 839
180 915
180 957
181 183
181 193
181 196
182 313
182 362
182 367
182 400
183 193
183 201
184 198
184 206
184 959
185 912
185 921
185 922
185 965
185 977
186 204
187 205
188 191
188 725
189 706
189 724
189 763
189 982
189 1002
189 1005
192 395
194 200
195 207
197 972
197 1174
198 206
199 205
199 973
199 998
199 1002
201 395
201 397
202 757
202 925
202 997
203 208
203 341
203 396
203 404
205 364
205 973
205 990
205 1002
206 329
207 800
207 1588
209 335
209 381
210 247
210 275
210 289
210 292
210 298
210 299
210 303
210 1011
210 1101
211 255
211 258
211 300
211 435
211 456
212 218
212 242
212 243
212 267
212 283
212 290
213 225
213 229
213 233
213 241
213 289
213 298
213 303
213 429
213 497
214 234
214 258
214 265
214 453
214 1044
214 1390
215 218
215 221
215 228
215 235
215 259
215 261
216 238
216 242
216 246
216 260
216 263
216 278
216 293
217 247
217 268
217 292
217 309
217 1018
217 1101
218 245
218 267
218 290
219 232
219 256
219 281
219 305
219 1055
219 1079
219 1297
220 227
220 279
220 281
220 282
220 295
220 365
220 1035
220 1069
220 1090
220 1161
221 250
221 264
221 284
221 288
222 251
222 254
222 327
222 392
223 224
223 236
223 279
223 315
223 331
223 525
224 231
224 252
224 253
224 257
224 430
224 477
224 493
224 525
225 231
225 233
225 253
225 270
225 468
225 491
226 244
226 267
226 272
226 280
226 302
227 295
227 349
227 358
227 1089
227 1161
228 255
228 259
228 261
228 284
229 231
229 298
229 433
229 472
229 497
229 505
230 294
230 297
230 1030
230 1032
230 1068
230 1100
231 253
231 301
231 430
232 252
232 257
232 281
232 282
232 449
233 285
233 291
233 294
233 303
233 503
234 248
234 258
234 262
234 265
234 300
234 1038
235 242
235 293
236 246
236 260
236 269
236 301
237 239
237 267
237 280
237 283
238 242
238 253
238 255
238 273
238 286
239 266
239 283
239 309
240 855
240 894
240 1089
241 299
241 303
241 429
241 433
241 1011
241 1212
242 243
242 263
242 286
242 290
243 246
243 263
243 266
243 289
244 285
244 286
244 290
244 302
245 267
245 290
245 302
245 367
246 253
246 260
246 263
246 269
246 277
246 301
247 291
247 292
247 303
247 1046
247 1101
248 259
248 264
248 265
248 271
248 284
248 287
248 288
248 308
249 250
249 274
249 894
250 256
250 274
250 282
250 288
250 293
250 305
251 254
251 327
251 446
251 579
251 603
252 257
252 477
252 478
252 490
253 257
253 301
253 489
254 307
254 446
255 284
255 286
256 276
256 288
256 305
257 260
257 276
257 282
258 300
258 352
258 442
258 528
258 603
259 261
259 264
259 271
259 284
260 278
260 282
260 295
261 335
262 439
262 1038
262 1055
262 1235
264 274
264 287
264 288
265 271
265 308
265 1050
265 1128
266 283
266 291
266 306
266 309
267 283
267 290
267 302
268 275
268 292
268 363
268 393
268 1123
269 277
269 301
269 323
269 396
270 273
270 491
270 496
271 284
271 352
271 398
272 297
272 302
272 307
272 317
272 344
272 356
272 390
273 450
273 467
273 489
274 287
274 288
274 856
275 393
275 406
275 1101
276 435
277 289
277 292
277 298
277 301
277 306
277 323
278 282
278 293
278 295
278 304
279 295
279 296
279 315
279 365
280 1048
280 1068
281 282
281 305
281 1069
281 1079
281 1090
282 295
283 285
283 290
283 291
284 300
285 290
285 291
286 290
287 288
287 308
287 1014
287 1061
287 1063
288 305
289 291
289 298
289 301
289 306
291 303
292 306
292 309
292 363
294 303
294 429
294 503
294 1032
296 365
296 490
296 553
296 575
296 1090
297 434
297 445
297 1030
297 1062
297 1068
298 301
298 371
298 406
299 406
299 433
299 484
299 1011
299 1093
299 1212
300 435
302 313
302 344
302 367
303 1011
303 1032
305 1053
305 1055
305 1079
306 309
307 390
307 418
307 511
308 381
308 1014
308 1061
308 1128
308 1132
310 348
310 375
310 400
311 329
311 332
311 382
312 322
312 330
312 337
312 340
312 357
312 384
312 1147
313 344
313 362
313 367
313 387
313 400
314 326
314 388
315 379
315 402
315 525
316 384
316 573
316 588
316 589
316 1147
316 1168
316 1318
316 1326
317 319
317 342
317 344
317 348
317 356
317 376
318 341
318 353
318 360
318 369
318 373
318 383
318 397
319 321
319 342
319 356
319 376
319 380
319 529
319 538
319 1117
319 1193
320 368
320 401
320 402
320 578
320 595
321 328
321 342
321 380
321 529
321 557
321 561
321 1336
322 337
322 340
322 343
322 349
322 354
322 378
322 389
323 350
323 396
324 325
324 336
324 359
324 360
324 368
324 557
325 336
325 339
325 345
325 372
325 548
325 549
325 570
326 388
326 393
326 1107
326 1140
326 1174
327 352
327 372
327 392
328 380
328 541
328 561
328 602
328 1143
328 1336
329 334
329 375
329 999
330 337
330 357
330 379
330 402
330 573
330 578
331 394
331 396
332 338
332 346
333 351
333 364
333 377
333 378
333 391
333 1144
334 348
334 375
334 376
334 382
334 400
335 361
335 366
335 398
336 339
336 345
336 360
336 368
336 383
336 399
337 379
337 389
337 566
338 342
338 360
338 376
338 387
339 372
339 387
340 357
340 373
340 377
340 378
340 391
340 399
341 369
341 396
342 376
342 534
343 349
343 354
343 358
343 378
343 389
343 1183
344 348
344 400
345 357
345 368
345 372
345 386
345 399
345 403
345 548
346 360
346 362
346 387
347 350
347 355
347 359
347 370
347 371
347 374
348 375
348 400
348 1170
349 389
349 394
349 1161
350 355
350 370
350 371
350 393
351 361
351 377
351 391
352 386
352 403
352 565
353 362
353 373
353 399
354 377
354 378
354 394
355 359
355 370
355 371
355 374
355 405
356 538
356 576
356 1117
357 368
357 384
357 386
357 391
357 578
357 589
359 374
359 557
359 564
359 567
359 595
360 387
360 397
361 366
363 393
364 378
364 974
364 990
364 1116
364 1177
365 389
365 1035
365 1090
365 1161
365 1173
366 372
366 392
366 398
368 383
368 399
368 401
369 370
369 374
369 383
369 396
369 397
370 374
370 397
371 405
371 406
371 505
372 386
372 392
372 399
372 548
373 377
373 383
373 399
374 383
374 401
375 400
375 999
375 1106
375 1134
376 382
376 387
377 378
378 1116
378 1183
379 402
379 531
379 553
379 566
380 1137
380 1143
380 1193
380 1336
380 1406
381 385
381 1132
382 1130
382 1134
382 1137
383 399
383 401
384 391
384 589
384 1168
385 391
385 1132
385 1144
386 391
386 399
386 403
387 400
388 393
388 395
388 1174
389 1161
389 1173
389 1183
390 511
390 549
391 399
392 398
394 404
395 397
401 402
402 525
402 531
403 548
403 565
403 582
403 589
405 430
405 505
405 567
406 1180
407 410
407 413
407 424
407 451
407 467
407 483
408 494
408 613
408 661
408 1220
408 1254
408 1439
408 1474
409 431
409 513
409 535
409 542
410 413
410 420
410 447
410 473
410 483
410 504
410 1209
411 421
411 423
411 458
411 462
411 468
411 470
411 472
411 487
411 492
411 493
412 437
412 441
412 465
412 482
412 619
412 650
413 424
413 447
413 461
413 482
413 483
414 479
414 486
414 592
414 693
415 417
415 459
415 498
415 500
415 612
416 428
416 487
416 571
416 572
416 594
417 500
417 612
417 673
417 1250
417 1304
417 1438
418 434
418 445
418 454
418 576
419 429
419 433
419 462
419 464
419 488
419 497
419 498
420 447
420 476
420 494
420 501
420 1254
421 436
421 448
421 452
421 487
421 492
422 444
422 486
422 498
422 1261
422 1289
423 438
423 462
423 472
423 474
423 479
423 492
423 521
424 436
424 448
424 461
424 469
424 494
424 691
425 427
425 452
425 462
425 475
425 492
425 632
425 645
425 654
425 682
426 482
426 495
426 633
426 636
426 799
427 460
427 469
427 485
427 616
427 645
427 654
428 448
428 490
428 530
428 571
428 604
429 464
429 488
429 491
429 497
429 503
430 470
430 472
430 493
431 454
431 455
431 457
431 480
431 500
431 542
432 446
432 511
432 535
432 579
433 438
433 484
433 497
433 505
434 445
434 576
434 1062
434 1222
435 439
435 442
435 456
435 504
436 448
436 452
436 494
436 691
436 698
437 443
437 447
437 574
437 1255
437 1295
438 484
438 505
439 442
439 473
439 504
440 446
440 450
440 451
440 466
440 467
440 496
441 463
441 465
441 483
441 495
441 547
441 587
442 453
442 456
442 473
442 483
442 502
442 528
443 447
443 473
443 483
443 502
443 1266
443 1277
444 475
444 486
444 612
444 625
444 693
445 503
445 1030
445 1222
446 463
446 496
447 473
447 610
447 1232
447 1255
448 494
448 501
449 476
449 504
449 1059
449 1228
449 1297
450 458
450 467
450 468
450 489
451 463
451 467
451 469
451 482
451 499
452 492
452 640
452 645
452 663
453 502
453 528
453 1231
453 1277
453 1306
453 1382
454 457
454 542
454 563
454 1241
455 459
455 460
455 500
455 654
456 463
456 467
456 483
456 603
457 500
457 542
457 1250
457 1264
458 462
458 468
458 488
458 492
459 462
459 480
459 488
459 500
460 466
460 481
460 485
460 499
460 616
461 482
461 635
461 636
461 650
461 691
461 697
462 475
462 479
462 488
462 492
463 495
463 499
463 579
464 480
464 488
464 503
464 1249
464 1271
465 558
465 574
465 587
465 619
465 799
466 480
466 499
468 472
468 489
468 491
468 497
469 485
469 697
470 472
470 487
470 493
470 521
470 525
471 490
471 530
471 575
471 1228
471 1329
472 497
472 521
473 483
473 1209
473 1277
474 479
474 492
474 551
474 663
474 682
475 479
475 612
475 632
475 682
476 501
476 504
476 1228
476 1244
476 1254
476 1297
477 490
477 493
477 525
477 553
478 489
478 504
479 682
480 488
480 496
480 500
481 633
481 674
482 485
482 636
484 505
484 552
484 1180
484 1208
484 1212
484 1221
484 1289
485 616
485 636
485 697
486 592
486 693
486 1261
486 1289
486 1343
487 492
487 551
487 571
488 491
489 493
490 530
490 553
491 496
491 497
491 503
494 501
494 635
494 691
494 698
495 518
495 520
495 547
495 579
496 503
498 1271
500 1250
501 1228
501 1254
502 528
502 543
502 1277
502 1306
504 1297
506 531
506 537
506 539
506 572
506 581
506 600
507 509
507 516
507 526
507 556
507 568
507 596
508 527
508 544
508 581
508 593
508 600
508 758
509 514
509 544
509 568
509 570
509 590
510 527
510 545
510 704
510 743
510 762
510 1314
511 549
511 555
511 576
512 515
512 521
512 546
512 562
512 585
513 517
513 523
513 535
513 542
513 555
513 599
514 562
514 568
514 570
514 595
515 569
515 580
515 583
515 585
515 598
515 728
516 533
516 540
516 556
516 596
516 599
517 519
517 542
517 556
517 599
517 713
517 740
518 520
518 535
518 555
518 579
519 542
519 563
519 599
519 740
519 1322
519 1361
520 523
520 535
520 590
520 721
520 755
521 551
522 539
522 544
522 559
522 573
522 578
522 582
522 589
523 535
523 713
523 721
523 722
523 755
524 533
524 584
524 585
524 711
524 1372
525 531
525 553
526 556
526 568
526 593
526 598
526 747
526 755
527 544
527 558
527 559
527 586
528 543
528 565
528 597
528 603
529 534
529 538
529 561
529 1406
530 537
530 553
530 571
530 604
531 537
531 553
531 571
532 536
532 554
532 600
532 780
532 782
532 1314
533 556
533 584
533 795
534 538
534 549
534 555
534 596
535 555
536 537
536 600
536 601
536 1329
536 1395
537 539
537 550
537 566
537 1395
538 576
538 1117
538 1308
538 1406
539 544
539 559
539 573
539 600
540 591
540 1347
540 1354
540 1361
541 602
541 1143
541 1181
541 1336
541 1347
542 563
542 1264
543 565
543 588
543 597
543 1381
544 581
544 586
545 559
545 560
545 1314
545 1371
545 1375
546 561
546 562
546 564
546 591
547 579
547 582
547 586
547 597
547 603
548 549
548 570
548 582
549 555
549 570
550 566
550 575
550 1197
550 1318
550 1395
550 1397
551 569
551 594
552 591
552 1339
553 571
554 572
554 577
554 600
554 779
554 780
554 781
555 576
555 596
555 599
556 718
556 795
557 561
557 562
557 564
558 586
558 587
558 590
559 588
559 1348
560 574
560 587
560 743
561 564
561 1336
562 564
562 567
562 568
562 580
562 595
563 576
563 599
563 1308
564 567
564 602
565 589
565 597
566 575
567 595
568 596
568 598
569 583
569 594
569 738
569 748
569 787
570 596
571 572
572 594
572 600
572 779
573 589
574 587
574 743
574 777
575 1115
575 1206
575 1329
575 1397
575 1403
577 601
577 604
577 613
577 720
577 779
579 603
580 581
580 583
581 583
581 593
581 600
582 586
582 597
583 593
583 598
583 781
584 730
584 734
584 1372
584 1594
585 592
585 711
585 728
585 778
586 587
586 590
586 597
587 597
588 1318
588 1348
588 1352
590 755
590 758
591 1323
591 1347
592 1343
593 598
593 758
593 772
594 779
597 603
598 728
599 1361
601 782
601 1337
601 1527
605 606
605 611
605 627
605 666
605 673
605 1470
605 1478
606 642
606 677
606 1422
606 1455
606 1469
606 1470
607 643
607 662
607 678
607 694
607 1473
608 634
608 664
608 773
608 792
608 858
608 1409
608 1412
609 621
609 675
610 635
610 650
610 672
610 1255
610 1447
611 620
611 622
611 624
611 666
611 676
611 677
611 692
612 632
612 673
612 1213
612 1465
613 626
613 661
613 720
613 1220
613 1439
613 1509
614 638
614 703
614 717
614 777
614 1435
614 1456
614 1528
615 619
615 638
615 646
615 650
615 667
615 1456
616 620
616 623
616 645
616 652
616 654
617 621
617 622
617 657
617 690
617 699
617 736
618 631
618 632
618 634
618 656
618 677
618 688
619 638
619 650
619 777
620 624
620 652
620 654
620 655
620 688
620 692
621 638
621 657
621 736
622 623
622 655
622 674
622 689
622 695
623 633
623 636
623 665
623 690
624 655
624 676
624 681
624 688
625 664
625 693
625 785
625 1426
625 1465
625 1486
626 628
626 661
626 662
626 680
626 686
626 698
626 720
627 666
627 1424
627 1459
627 1470
627 1478
627 1525
627 1548
628 680
628 686
628 748
629 634
629 637
629 647
629 653
629 656
629 664
629 679
630 671
630 678
630 694
630 702
630 796
631 634
631 656
631 669
631 677
631 700
631 1422
631 1511
632 654
632 673
632 682
632 692
633 674
633 721
634 637
634 656
634 664
635 650
635 667
635 672
635 684
635 691
636 652
636 665
636 697
637 656
637 668
637 685
638 667
638 717
639 657
639 695
640 645
640 647
640 663
640 679
640 682
640 687
641 643
641 667
641 675
641 683
642 670
642 676
642 696
643 651
643 662
643 684
643 694
644 670
644 689
644 695
644 699
644 789
645 652
645 654
645 658
645 697
646 667
646 1451
646 1481
647 660
647 679
647 729
647 748
648 649
648 702
649 660
649 668
649 685
650 665
650 667
651 658
651 659
651 660
651 683
651 694
652 655
652 658
652 665
652 684
652 697
653 664
653 682
653 693
654 692
655 658
655 681
655 683
656 668
656 669
656 688
657 683
658 679
658 684
658 687
658 688
659 694
660 680
660 687
661 662
661 672
661 678
661 698
661 1439
662 672
662 680
662 687
662 691
662 698
663 686
664 773
664 775
664 783
664 1412
665 667
665 684
666 670
666 674
667 675
668 681
669 700
670 689
670 741
670 768
671 841
671 1421
672 1439
672 1447
673 692
673 1469
674 689
675 701
676 677
676 695
677 700
677 1422
677 1469
678 680
678 702
678 716
679 688
680 686
680 702
683 684
684 691
684 697
685 707
686 687
686 698
687 691
689 695
689 768
689 798
690 737
690 799
691 697
691 698
693 785
696 839
696 1470
696 1504
699 736
699 760
699 798
700 804
700 1422
701 1446
701 1451
702 790
703 717
703 731
703 800
704 735
704 758
704 766
704 780
705 725
705 745
705 760
705 765
705 771
705 786
705 789
705 798
706 724
706 739
706 790
706 796
707 710
707 729
707 733
707 788
708 751
708 764
708 766
708 774
708 791
709 732
709 738
709 749
709 769
709 770
709 772
710 733
710 744
710 750
710 752
711 719
711 728
711 730
711 778
711 795
712 742
712 773
712 775
712 792
712 1560
712 1616
713 722
713 740
713 784
714 744
714 756
714 767
714 769
714 771
714 794
715 718
715 734
715 745
715 754
715 756
715 767
715 771
715 784
715 786
715 794
716 720
716 759
716 1509
716 1527
716 1569
717 731
717 737
717 777
717 791
718 722
718 734
718 747
718 784
718 795
719 730
719 734
719 742
719 756
719 794
720 779
720 782
721 722
721 751
721 755
721 799
722 745
722 751
722 755
722 784
723 728
723 732
723 733
723 738
723 752
723 778
723 783
724 759
724 763
724 796
724 919
724 983
724 1551
725 760
725 765
726 764
726 765
726 793
727 757
727 761
727 767
727 786
728 738
728 747
728 778
728 795
729 732
729 733
729 748
730 734
730 1372
730 1565
730 1593
730 1594
731 735
731 765
731 791
731 797
731 800
732 733
732 738
732 748
732 776
733 744
733 752
734 746
734 754
734 795
734 1594
735 753
735 762
735 766
735 793
735 797
736 737
736 760
736 800
737 791
737 798
738 772
738 781
739 753
739 763
739 790
739 793
740 746
740 784
740 1548
740 1615
741 761
741 768
741 1525
742 750
742 752
742 1526
742 1593
743 762
743 777
744 749
744 769
745 751
745 768
745 771
745 786
745 798
746 754
746 784
746 1570
747 772
747 774
747 794
747 795
748 787
749 769
749 770
749 788
750 752
750 756
751 755
751 798
752 783
753 770
753 793
753 1619
754 756
754 757
754 1530
754 1535
755 774
756 757
756 767
756 794
757 767
758 766
758 772
759 790
759 796
759 1551
759 1569
759 1619
760 765
760 789
760 798
761 997
761 1525
761 1530
762 797
762 1584
763 793
763 982
763 1551
763 1607
764 765
764 769
764 770
766 791
767 771
767 786
768 784
768 786
769 770
769 771
770 772
770 776
771 774
771 794
772 774
772 781
773 775
773 783
773 792
773 1412
775 783
775 785
775 1412
776 781
776 790
777 1507
778 787
779 781
780 781
780 782
782 1549
782 1611
782 1619
785 1426
785 1537
786 789
792 858
792 1560
792 1616
793 797
793 1607
796 983
796 1569
797 1587
797 1588
801 804
801 825
801 831
801 846
801 867
801 1442
801 1492
802 805
802 849
802 875
802 1045
802 1105
803 812
803 816
803 850
803 866
803 871
803 872
803 884
804 831
804 844
804 1422
804 1455
805 811
805 879
805 1060
805 1087
805 1088
806 848
806 875
806 918
806 952
806 1000
807 828
807 861
807 862
808 814
808 848
808 859
808 972
809 837
809 860
809 887
809 888
809 1047
810 834
810 870
810 874
810 885
810 891
810 892
811 829
811 855
811 876
811 879
811 894
811 1060
811 1087
811 1089
812 830
812 844
812 866
812 867
812 1490
812 1492
813 817
813 819
813 827
813 837
813 870
813 891
814 859
814 1017
814 1018
814 1123
815 821
815 838
815 879
816 871
816 884
816 927
816 996
816 1506
816 1508
817 823
817 827
817 837
817 857
817 870
817 873
817 884
817 1466
818 820
818 862
818 893
818 1018
819 827
819 878
819 883
820 831
820 843
820 846
820 862
820 882
821 829
821 838
821 879
822 835
822 840
822 852
822 866
822 1074
823 850
823 857
823 867
823 870
823 884
823 1466
824 863
824 896
824 1417
824 1450
825 831
825 843
825 846
825 890
825 897
825 1442
826 832
826 836
826 887
826 1008
826 1037
826 1039
827 873
827 1417
828 831
828 846
828 861
828 862
828 866
829 855
829 876
829 894
830 839
830 866
830 872
830 927
830 957
830 970
830 1490
830 1504
831 846
832 871
832 889
832 899
832 931
832 950
832 1008
833 842
833 846
833 868
834 868
834 952
834 1476
835 850
835 887
835 889
835 1104
836 854
836 1075
836 1091
837 845
837 857
837 860
837 888
838 885
838 937
839 844
839 864
839 957
840 842
840 852
840 862
840 1074
841 883
841 1421
842 850
842 877
843 847
843 848
844 861
844 866
845 857
845 865
845 881
845 888
846 867
847 882
847 890
847 900
847 1000
848 859
848 875
849 874
849 875
849 885
849 978
850 857
851 863
851 865
851 878
851 886
851 979
852 861
852 862
852 1028
852 1074
853 865
853 881
853 941
854 902
854 1014
854 1061
854 1075
854 1091
855 876
855 924
855 1089
856 869
856 888
856 1013
856 1075
857 871
857 884
857 887
858 882
858 890
858 1409
859 875
859 964
859 1017
859 1105
859 1149
859 1202
860 1027
861 864
861 866
863 979
863 1001
864 866
864 915
865 869
865 886
865 941
866 872
867 897
867 1492
867 1493
868 870
868 897
869 888
869 1075
870 874
870 891
870 1466
871 881
871 884
871 887
871 996
872 899
872 966
872 970
873 881
873 884
873 896
873 1417
873 1428
873 1506
875 964
875 978
875 1105
875 1202
876 911
876 924
876 937
877 893
877 1027
877 1105
878 880
879 894
879 1013
880 888
881 896
883 892
883 1421
883 1433
883 1487
884 1428
884 1506
884 1508
885 928
885 935
885 937
885 952
885 1004
886 941
886 965
886 979
889 899
889 1008
889 1039
890 1409
890 1442
890 1505
891 892
891 1411
891 1466
891 1491
892 1433
893 1017
893 1019
893 1074
893 1105
894 1089
895 913
895 1009
895 1016
895 1048
895 1106
896 1417
896 1506
896 1613
897 1425
897 1493
898 960
898 1001
898 1536
898 1613
899 905
899 909
899 931
899 934
899 950
899 966
899 1008
900 958
900 968
900 1000
900 1007
901 906
901 914
901 929
901 940
901 946
901 987
901 988
902 921
902 922
902 965
902 1121
902 1132
902 1155
903 920
903 929
903 944
903 949
903 1529
903 1597
904 927
904 957
904 970
904 981
904 997
904 1504
904 1610
905 907
905 934
905 940
905 966
905 1125
906 917
906 920
906 926
906 933
906 986
906 992
907 913
907 940
907 966
907 988
907 999
907 1003
907 1125
908 926
908 938
908 951
908 967
908 995
909 916
909 946
909 950
909 966
909 970
909 981
909 988
910 912
910 943
910 973
910 977
910 980
910 990
911 978
911 989
911 1060
911 1070
911 1135
911 1198
912 939
912 977
913 915
913 966
913 999
913 1106
914 917
914 940
914 953
914 961
914 1006
914 1109
915 957
915 959
915 966
916 923
916 931
916 944
916 946
916 949
916 950
916 956
917 933
917 986
917 991
917 993
917 1006
918 935
918 952
918 978
919 948
919 982
919 983
919 985
919 1514
919 1551
919 1605
920 926
920 929
920 933
920 954
920 968
920 986
921 922
921 965
921 1132
922 965
922 977
922 1121
923 949
923 956
923 975
923 1557
923 1597
924 937
924 969
924 989
924 998
925 938
925 995
925 997
925 1581
925 1583
926 933
926 938
926 967
926 968
926 992
926 995
927 950
927 970
927 1490
927 1610
928 952
928 955
928 985
928 1004
928 1512
929 938
929 944
929 946
929 949
929 981
930 936
930 942
930 949
930 962
930 980
930 986
930 993
931 950
931 956
931 994
931 996
932 942
932 971
932 973
932 974
932 984
932 989
933 963
933 968
933 991
933 992
934 940
934 946
934 947
934 953
935 937
935 969
935 978
936 948
936 954
936 955
936 962
936 971
936 985
937 969
937 1004
938 951
938 995
939 943
939 960
939 975
939 1001
939 1536
939 1588
939 1612
940 953
940 1003
940 1108
940 1125
940 1162
941 965
941 977
941 979
942 947
942 980
942 993
943 948
943 975
943 980
943 982
944 981
944 1529
944 1597
944 1599
945 958
945 967
946 947
946 949
946 953
946 986
947 953
947 956
947 993
947 994
948 969
948 971
948 973
948 982
948 1002
949 986
950 996
951 967
951 987
952 963
952 1000
952 1600
953 993
953 1109
953 1169
954 955
954 963
954 1609
955 963
955 985
955 1566
955 1600
955 1609
956 960
956 980
956 994
957 970
958 967
958 972
958 992
959 988
959 999
960 977
960 980
961 976
961 987
961 1003
961 1006
961 1157
961 1162
962 971
962 984
962 993
963 968
963 1000
963 1592
963 1600
963 1609
964 972
964 991
964 992
964 1149
964 1202
966 970
966 988
967 972
967 976
967 992
968 1000
968 1007
968 1592
969 971
969 973
969 989
970 981
971 973
971 989
972 976
972 992
973 974
973 990
973 998
973 1002
974 989
974 990
974 998
974 1163
974 1177
975 1514
975 1532
975 1536
975 1555
975 1557
975 1612
976 992
976 1157
978 1198
981 988
982 1002
982 1514
982 1607
983 985
983 1004
983 1005
983 1605
984 993
984 1129
985 1004
985 1605
986 993
987 988
987 1003
988 1003
989 998
989 1135
989 1189
990 1177
991 1006
991 1129
991 1198
995 1007
995 1575
995 1581
995 1583
996 1506
996 1580
997 1583
998 1189
999 1003
999 1134
1000 1480
1000 1592
1001 1536
1001 1563
1003 1162
1004 1005
1004 1441
1006 1109
1006 1129
1006 1139
1007 1575
1007 1592
1008 1037
1008 1039
1009 1016
1009 1026
1009 1039
1009 1057
1009 1083
1009 1104
1010 1030
1010 1042
1010 1068
1010 1073
1010 1083
1010 1092
1010 1100
1011 1012
1011 1093
1011 1101
1012 1054
1012 1066
1012 1082
1012 1093
1012 1212
1013 1047
1013 1053
1013 1087
1013 1088
1013 1096
1014 1050
1014 1061
1014 1063
1014 1075
1014 1091
1014 1128
1015 1026
1015 1034
1015 1054
1015 1076
1015 1077
1015 1097
1016 1039
1016 1071
1016 1086
1016 1188
1017 1018
1017 1058
1017 1065
1018 1046
1019 1043
1019 1057
1019 1058
1019 1074
1020 1023
1020 1027
1020 1029
1020 1043
1020 1047
1020 1064
1020 1088
1020 1096
1020 1097
1021 1023
1021 1031
1021 1047
1021 1063
1021 1091
1021 1094
1022 1024
1022 1042
1022 1071
1022 1113
1022 1133
1023 1029
1023 1031
1023 1077
1023 1097
1024 1056
1024 1113
1024 1127
1024 1204
1024 1230
1025 1035
1025 1041
1025 1085
1025 1098
1025 1145
1025 1165
1025 1178
1026 1042
1026 1057
1026 1071
1026 1097
1027 1043
1027 1045
1027 1088
1028 1046
1028 1057
1028 1074
1029 1047
1029 1097
1029 1104
1030 1222
1031 1033
1031 1077
1031 1094
1032 1082
1032 1092
1032 1100
1033 1034
1033 1049
1033 1064
1033 1072
1033 1103
1033 1252
1034 1064
1034 1072
1034 1078
1034 1080
1035 1041
1035 1069
1035 1090
1035 1098
1035 1161
1036 1040
1036 1078
1036 1084
1036 1085
1036 1111
1036 1122
1036 1145
1036 1184
1036 1287
1037 1039
1037 1091
1037 1187
1038 1044
1038 1050
1038 1051
1038 1094
1038 1231
1040 1065
1040 1066
1040 1067
1040 1078
1040 1081
1040 1111
1040 1126
1041 1049
1041 1059
1041 1079
1041 1098
1042 1071
1042 1073
1042 1086
1042 1133
1043 1074
1043 1097
1043 1104
1044 1050
1044 1094
1044 1164
1044 1231
1044 1286
1044 1382
1045 1052
1045 1088
1045 1105
1046 1058
1047 1075
1047 1096
1048 1083
1048 1106
1049 1052
1049 1053
1049 1064
1049 1072
1049 1096
1049 1103
1050 1063
1050 1094
1050 1128
1051 1094
1051 1226
1051 1231
1051 1235
1051 1253
1051 1268
1052 1064
1052 1070
1052 1085
1052 1087
1052 1088
1052 1098
1053 1069
1053 1079
1053 1087
1053 1096
1054 1066
1054 1080
1054 1092
1054 1095
1055 1079
1055 1096
1056 1077
1056 1102
1056 1127
1056 1204
1056 1230
1056 1253
1056 1278
1057 1092
1058 1065
1059 1079
1059 1090
1059 1206
1059 1217
1059 1297
1060 1070
1060 1087
1060 1098
1062 1068
1062 1073
1062 1112
1062 1124
1062 1170
1063 1091
1064 1088
1064 1096
1065 1066
1065 1081
1066 1067
1066 1080
1067 1093
1067 1186
1067 1212
1067 1221
1067 1224
1068 1073
1068 1083
1068 1100
1068 1170
1069 1079
1069 1089
1070 1085
1070 1098
1070 1178
1071 1077
1071 1187
1072 1078
1072 1080
1072 1084
1072 1245
1072 1282
1073 1086
1073 1112
1073 1124
1073 1133
1073 1170
1074 1104
1076 1077
1076 1095
1076 1204
1076 1252
1076 1278
1076 1282
1077 1102
1078 1080
1078 1084
1078 1085
1079 1297
1080 1233
1080 1282
1080 1287
1081 1093
1081 1126
1081 1152
1082 1092
1082 1249
1082 1260
1083 1086
1083 1100
1084 1085
1084 1287
1084 1290
1085 1098
1085 1178
1086 1106
1086 1133
1087 1088
1087 1098
1090 1115
1090 1206
1093 1180
1093 1212
1094 1102
1094 1253
1095 1260
1095 1282
1097 1104
1098 1178
1099 1105
1099 1126
1099 1149
1099 1202
1102 1119
1102 1127
1102 1286
1103 1217
1103 1226
1106 1134
1107 1140
1107 1143
1107 1152
1107 1180
1107 1181
1108 1109
1108 1125
1108 1162
1108 1188
1109 1153
1109 1166
1110 1119
1110 1131
1110 1146
1110 1155
1110 1169
1110 1187
1110 1195
1111 1122
1111 1126
1111 1152
1111 1172
1111 1179
1112 1117
1112 1170
1112 1193
1112 1200
1113 1127
1113 1131
1113 1148
1113 1159
1114 1118
1114 1146
1114 1153
1114 1154
1114 1176
1114 1196
1115 1138
1115 1173
1115 1206
1115 1397
1115 1403
1115 1408
1116 1144
1116 1163
1116 1177
1116 1183
1116 1196
1117 1193
1117 1308
1117 1406
1118 1120
1118 1121
1118 1146
1118 1153
1118 1166
1118 1196
1119 1127
1119 1131
1119 1164
1119 1185
1119 1195
1120 1121
1120 1144
1120 1146
1120 1155
1120 1177
1120 1196
1121 1155
1122 1145
1122 1156
1122 1172
1122 1178
1122 1184
1122 1190
1122 1333
1123 1126
1123 1149
1123 1174
1124 1257
1124 1321
1124 1374
1125 1134
1125 1188
1125 1200
1126 1149
1126 1152
1127 1131
1127 1148
1128 1132
1128 1192
1129 1153
1129 1198
1130 1134
1130 1137
1130 1150
1130 1162
1130 1200
1131 1159
1131 1185
1131 1187
1131 1195
1132 1144
1132 1155
1133 1188
1133 1200
1134 1200
1135 1176
1135 1190
1135 1198
1136 1137
1136 1143
1136 1158
1136 1181
1136 1191
1136 1199
1136 1324
1137 1143
1137 1150
1137 1193
1138 1142
1138 1154
1138 1165
1138 1173
1138 1197
1138 1408
1139 1141
1139 1149
1139 1157
1139 1179
1140 1141
1140 1152
1140 1157
1141 1157
1141 1158
1141 1162
1141 1191
1142 1154
1142 1156
1142 1197
1142 1408
1143 1181
1143 1324
1143 1336
1144 1168
1144 1192
1145 1333
1145 1367
1145 1408
1146 1166
1146 1195
1146 1196
1147 1182
1147 1197
1147 1326
1148 1159
1148 1185
1148 1201
1148 1327
1148 1330
1149 1202
1150 1191
1150 1193
1150 1194
1150 1200
1151 1164
1151 1168
1151 1185
1151 1192
1151 1341
1151 1390
1151 1398
1152 1179
1152 1186
1153 1160
1153 1166
1153 1175
1153 1176
1153 1190
1154 1165
1154 1176
1154 1182
1154 1183
1155 1195
1156 1333
1156 1401
1157 1162
1157 1174
1158 1172
1158 1175
1158 1179
1158 1191
1158 1199
1159 1160
1159 1171
1159 1185
1159 1201
1160 1166
1160 1171
1160 1175
1161 1173
1163 1177
1163 1189
1163 1196
1164 1185
1164 1192
1164 1382
1164 1390
1165 1176
1165 1178
1167 1398
1167 1400
1168 1182
1168 1192
1169 1187
1169 1188
1171 1191
1171 1194
1171 1201
1172 1175
1172 1179
1172 1190
1172 1199
1175 1179
1175 1190
1176 1190
1177 1196
1178 1190
1179 1190
1180 1181
1180 1186
1180 1221
1180 1393
1181 1186
1181 1324
1181 1393
1182 1326
1184 1287
1184 1309
1184 1333
1184 1360
1185 1195
1185 1341
1186 1221
1186 1309
1186 1393
1187 1188
1192 1195
1193 1379
1193 1406
1194 1201
1194 1327
1194 1368
1194 1374
1197 1326
1197 1377
1197 1397
1197 1408
1198 1202
1199 1338
1199 1346
1199 1368
1199 1401
1201 1327
1201 1330
1201 1368
1203 1227
1203 1248
1203 1265
1203 1274
1203 1276
1203 1281
1203 1285
1203 1427
1204 1230
1204 1240
1204 1243
1204 1278
1205 1215
1205 1219
1205 1242
1205 1248
1205 1272
1205 1288
1205 1296
1206 1228
1206 1403
1207 1236
1207 1237
1207 1238
1207 1276
1207 1452
1207 1513
1208 1212
1208 1221
1208 1259
1208 1271
1208 1279
1208 1289
1208 1298
1209 1210
1209 1232
1209 1235
1209 1268
1209 1294
1210 1219
1210 1227
1210 1232
1210 1234
1210 1244
1210 1265
1210 1288
1210 1294
1211 1227
1211 1232
1211 1265
1211 1266
1211 1269
1211 1482
1212 1221
1212 1259
1213 1261
1213 1273
1213 1307
1213 1498
1213 1499
1214 1236
1214 1269
1214 1270
1214 1280
1214 1303
1214 1328
1214 1331
1214 1396
1215 1216
1215 1242
1215 1244
1215 1267
1215 1288
1215 1296
1215 1388
1216 1220
1216 1228
1216 1254
1216 1267
1216 1329
1216 1337
1216 1388
1216 1403
1217 1226
1217 1244
1217 1245
1217 1294
1217 1296
1218 1233
1218 1239
1218 1248
1219 1226
1219 1245
1219 1256
1219 1265
1219 1294
1220 1267
1220 1337
1220 1474
1220 1509
1220 1527
1221 1298
1221 1393
1222 1249
1222 1275
1222 1301
1223 1229
1223 1240
1223 1247
1223 1256
1223 1260
1223 1274
1224 1233
1224 1287
1224 1293
1224 1309
1224 1384
1225 1226
1225 1252
1225 1253
1225 1263
1225 1265
1225 1268
1225 1278
1226 1235
1226 1245
1226 1252
1226 1265
1226 1268
1226 1294
1227 1234
1227 1265
1227 1288
1228 1244
1228 1254
1229 1246
1229 1247
1229 1260
1229 1273
1229 1274
1229 1279
1230 1240
1230 1257
1230 1278
1230 1291
1230 1300
1231 1251
1231 1268
1231 1277
1231 1382
1232 1234
1232 1255
1232 1266
1233 1239
1233 1282
1233 1287
1234 1288
1234 1443
1234 1447
1235 1268
1235 1294
1235 1297
1236 1269
1236 1303
1236 1396
1236 1482
1236 1497
1237 1238
1237 1276
1237 1291
1237 1300
1238 1247
1238 1276
1238 1283
1238 1285
1238 1483
1239 1245
1239 1248
1239 1287
1239 1290
1239 1293
1240 1243
1240 1247
1240 1278
1240 1291
1240 1300
1241 1264
1241 1283
1241 1301
1241 1404
1242 1248
1242 1272
1242 1293
1242 1315
1242 1387
1243 1275
1243 1301
1244 1254
1244 1294
1244 1296
1245 1252
1245 1282
1245 1290
1246 1250
1246 1273
1246 1275
1246 1283
1246 1304
1247 1274
1247 1276
1247 1283
1247 1285
1248 1272
1249 1271
1249 1275
1250 1283
1250 1304
1251 1262
1251 1263
1251 1266
1251 1277
1251 1280
1251 1306
1251 1382
1252 1253
1252 1256
1252 1282
1253 1278
1253 1286
1255 1295
1255 1458
1256 1282
1257 1291
1257 1301
1257 1321
1257 1356
1258 1263
1258 1270
1258 1286
1258 1366
1259 1260
1259 1279
1260 1275
1261 1279
1261 1289
1261 1292
1262 1266
1262 1280
1262 1295
1262 1306
1262 1328
1262 1380
1263 1270
1263 1280
1264 1305
1264 1404
1264 1459
1266 1277
1266 1295
1267 1337
1267 1388
1267 1449
1267 1474
1267 1564
1268 1294
1269 1276
1269 1482
1270 1280
1270 1300
1270 1331
1271 1279
1272 1281
1272 1302
1272 1454
1273 1274
1273 1304
1273 1498
1274 1285
1275 1301
1276 1285
1276 1300
1277 1306
1278 1300
1280 1306
1280 1328
1280 1366
1280 1380
1281 1285
1281 1427
1281 1429
1281 1454
1281 1503
1283 1304
1284 1292
1284 1298
1284 1299
1284 1343
1284 1344
1284 1384
1284 1407
1285 1427
1286 1382
1287 1290
1288 1449
1289 1298
1289 1343
1290 1296
1290 1360
1290 1367
1291 1300
1291 1356
1292 1307
1292 1343
1292 1407
1292 1426
1293 1299
1293 1315
1293 1316
1293 1360
1293 1384
1294 1297
1295 1303
1295 1458
1295 1507
1298 1339
1299 1302
1299 1384
1302 1387
1302 1410
1302 1431
1302 1454
1302 1524
1303 1328
1303 1457
1303 1482
1303 1507
1303 1547
1304 1438
1304 1483
1305 1404
1305 1436
1305 1459
1305 1513
1305 1620
1306 1380
1306 1381
1306 1382
1307 1448
1307 1498
1308 1321
1308 1361
1308 1369
1308 1374
1308 1406
1309 1338
1309 1360
1309 1384
1309 1393
1310 1335
1310 1368
1310 1369
1310 1374
1310 1379
1311 1350
1311 1354
1311 1358
1311 1365
1311 1601
1311 1617
1312 1320
1312 1349
1312 1351
1312 1359
1312 1365
1312 1370
1312 1385
1313 1328
1313 1332
1313 1342
1313 1351
1313 1359
1313 1396
1313 1618
1314 1364
1314 1375
1314 1402
1314 1405
1314 1611
1315 1316
1315 1334
1315 1360
1315 1362
1315 1367
1315 1387
1315 1388
1316 1319
1316 1334
1316 1345
1316 1360
1316 1384
1316 1399
1317 1319
1317 1353
1317 1363
1317 1370
1317 1377
1317 1391
1317 1394
1317 1400
1318 1326
1318 1348
1318 1353
1318 1377
1318 1395
1319 1345
1319 1346
1319 1363
1319 1370
1319 1378
1320 1331
1320 1340
1320 1359
1320 1396
1320 1553
1321 1374
1322 1361
1322 1365
1322 1369
1322 1404
1322 1615
1323 1339
1323 1343
1323 1344
1323 1392
1323 1520
1324 1325
1324 1335
1324 1336
1324 1347
1324 1379
1325 1335
1325 1338
1325 1339
1325 1345
1325 1386
1326 1377
1326 1398
1327 1374
1327 1385
1328 1396
1328 1547
1328 1567
1329 1337
1329 1403
1330 1341
1330 1349
1330 1370
1330 1391
1330 1400
1331 1340
1331 1349
1331 1385
1331 1396
1332 1342
1332 1351
1332 1375
1332 1394
1332 1402
1332 1618
1333 1357
1333 1360
1333 1401
1334 1363
1334 1376
1334 1378
1334 1387
1334 1388
1334 1399
1334 1544
1335 1346
1335 1368
1335 1379
1335 1386
1336 1347
1336 1406
1337 1362
1337 1373
1337 1388
1337 1527
1339 1393
1340 1356
1340 1404
1340 1513
1340 1553
1341 1366
1341 1381
1341 1391
1341 1398
1342 1352
1342 1366
1342 1380
1342 1391
1343 1344
1343 1407
1344 1355
1344 1407
1345 1355
1345 1384
1346 1368
1346 1370
1346 1401
1347 1386
1347 1406
1348 1353
1348 1364
1348 1375
1348 1395
1349 1351
1349 1366
1349 1385
1350 1355
1350 1358
1350 1392
1350 1522
1350 1601
1351 1359
1351 1370
1352 1353
1352 1375
1352 1380
1352 1381
1352 1391
1353 1364
1353 1375
1353 1377
1353 1389
1353 1391
1354 1361
1354 1386
1354 1392
1355 1399
1356 1385
1356 1404
1357 1363
1357 1367
1357 1377
1357 1397
1357 1408
1358 1370
1358 1378
1358 1383
1359 1383
1359 1618
1360 1367
1360 1384
1361 1369
1362 1367
1362 1388
1362 1389
1362 1403
1363 1376
1363 1389
1363 1394
1364 1375
1364 1376
1364 1389
1364 1395
1364 1402
1364 1405
1365 1369
1366 1380
1366 1381
1366 1382
1367 1408
1368 1379
1369 1374
1369 1379
1371 1375
1371 1402
1371 1567
1371 1584
1372 1392
1372 1520
1372 1565
1372 1594
1373 1376
1373 1388
1373 1405
1373 1527
1373 1544
1373 1564
1373 1591
1374 1379
1375 1402
1376 1389
1376 1394
1376 1405
1376 1544
1377 1389
1377 1397
1377 1400
1378 1394
1378 1399
1378 1522
1379 1406
1380 1381
1381 1382
1381 1390
1382 1390
1383 1534
1383 1585
1383 1601
1386 1392
1387 1388
1387 1399
1387 1604
1389 1395
1389 1397
1391 1398
1391 1400
1394 1559
1396 1538
1397 1403
1397 1408
1399 1522
1399 1524
1400 1401
1402 1405
1402 1554
1407 1426
1407 1537
1407 1573
1409 1412
1409 1442
1409 1460
1409 1511
1410 1414
1410 1416
1410 1431
1410 1448
1410 1454
1410 1524
1410 1614
1411 1423
1411 1433
1411 1467
1411 1485
1411 1487
1411 1491
1411 1496
1412 1460
1412 1560
1413 1437
1413 1444
1413 1452
1413 1463
1413 1484
1413 1489
1413 1497
1413 1502
1414 1420
1414 1426
1414 1448
1414 1460
1414 1486
1414 1614
1415 1421
1415 1434
1415 1441
1415 1475
1415 1477
1415 1569
1416 1423
1416 1431
1416 1432
1416 1501
1416 1517
1416 1540
1417 1428
1417 1440
1417 1450
1418 1430
1418 1456
1418 1457
1418 1472
1418 1507
1418 1528
1419 1424
1419 1436
1419 1445
1419 1464
1419 1470
1419 1502
1420 1425
1420 1448
1420 1460
1420 1486
1420 1499
1421 1433
1421 1441
1421 1446
1421 1473
1421 1487
1422 1455
1422 1469
1422 1479
1422 1511
1423 1433
1423 1475
1423 1491
1423 1496
1423 1501
1423 1512
1424 1436
1424 1459
1424 1470
1424 1515
1424 1525
1424 1548
1424 1552
1424 1620
1425 1442
1425 1468
1425 1493
1425 1495
1426 1486
1426 1537
1427 1452
1427 1461
1427 1482
1427 1489
1427 1503
1427 1510
1428 1440
1428 1444
1428 1466
1428 1467
1428 1494
1429 1432
1429 1454
1429 1461
1429 1463
1429 1495
1430 1440
1430 1450
1430 1457
1430 1472
1430 1563
1430 1613
1431 1449
1431 1453
1431 1454
1431 1604
1432 1454
1432 1461
1432 1485
1432 1496
1433 1441
1433 1475
1433 1487
1434 1453
1434 1475
1434 1477
1434 1509
1434 1517
1434 1564
1434 1569
1435 1450
1435 1456
1435 1563
1436 1459
1436 1483
1436 1620
1437 1444
1437 1457
1437 1497
1437 1521
1437 1582
1437 1613
1438 1445
1438 1469
1438 1478
1438 1483
1438 1499
1439 1474
1439 1477
1439 1509
1440 1444
1440 1472
1440 1489
1440 1500
1441 1475
1442 1511
1443 1447
1443 1449
1443 1453
1443 1474
1443 1477
1443 1488
1443 1503
1444 1494
1444 1506
1444 1582
1445 1471
1445 1479
1445 1502
1446 1451
1446 1473
1448 1468
1448 1495
1449 1453
1449 1474
1449 1503
1450 1451
1450 1456
1450 1472
1451 1473
1451 1481
1452 1463
1452 1471
1453 1477
1453 1485
1455 1464
1455 1479
1455 1492
1456 1458
1456 1472
1457 1472
1457 1489
1457 1497
1457 1547
1458 1472
1458 1507
1459 1478
1459 1548
1460 1505
1460 1568
1461 1463
1461 1485
1461 1500
1461 1503
1461 1510
1462 1463
1462 1466
1462 1467
1462 1491
1462 1493
1462 1494
1462 1495
1462 1496
1463 1489
1463 1494
1464 1470
1464 1490
1464 1502
1464 1504
1465 1469
1465 1486
1465 1499
1466 1467
1466 1491
1466 1493
1467 1491
1467 1500
1468 1476
1468 1496
1468 1501
1469 1479
1470 1504
1470 1525
1471 1483
1471 1498
1472 1481
1472 1489
1473 1477
1473 1481
1473 1487
1473 1488
1474 1509
1475 1512
1475 1517
1475 1569
1476 1480
1476 1491
1476 1496
1476 1501
1477 1488
1479 1492
1480 1501
1480 1505
1480 1562
1480 1592
1480 1600
1481 1488
1481 1500
1481 1510
1482 1489
1482 1510
1484 1497
1484 1502
1484 1513
1484 1608
1484 1620
1485 1488
1485 1500
1485 1503
1486 1499
1488 1500
1488 1503
1488 1510
1489 1510
1490 1504
1490 1508
1490 1610
1491 1496
1492 1493
1493 1494
1493 1495
1494 1502
1494 1508
1497 1538
1498 1499
1500 1510
1501 1512
1501 1540
1501 1562
1501 1589
1501 1600
1501 1602
1502 1508
1503 1510
1504 1552
1504 1610
1505 1560
1505 1562
1506 1582
1506 1613
1507 1547
1507 1567
1509 1527
1509 1564
1509 1569
1512 1600
1512 1602
1513 1553
1513 1620
1514 1532
1514 1551
1514 1555
1514 1586
1514 1607
1514 1612
1515 1525
1515 1548
1515 1550
1515 1552
1515 1570
1515 1615
1515 1620
1516 1523
1516 1530
1516 1550
1516 1552
1516 1583
1516 1599
1517 1546
1517 1591
1517 1602
1518 1523
1518 1561
1518 1576
1518 1585
1518 1597
1519 1529
1519 1543
1519 1556
1519 1575
1519 1576
1519 1595
1519 1603
1519 1609
1520 1537
1521 1557
1521 1561
1521 1580
1521 1582
1521 1596
1521 1613
1522 1524
1522 1541
1522 1598
1523 1529
1523 1534
1523 1550
1523 1556
1523 1585
1523 1590
1524 1541
1524 1573
1524 1604
1525 1530
1525 1548
1525 1552
1526 1535
1526 1539
1526 1581
1526 1593
1527 1549
1527 1564
1528 1533
1528 1563
1528 1587
1529 1556
1529 1575
1529 1583
1529 1597
1530 1535
1530 1570
1531 1535
1531 1556
1531 1565
1531 1570
1531 1581
1531 1590
1532 1543
1532 1555
1532 1566
1533 1547
1533 1558
1533 1567
1533 1584
1533 1587
1533 1596
1534 1542
1534 1550
1534 1570
1534 1585
1534 1590
1534 1601
1534 1617
1535 1565
1535 1570
1535 1581
1536 1555
1536 1557
1536 1587
1536 1596
1536 1612
1537 1568
1537 1573
1538 1547
1538 1561
1538 1574
1538 1618
1539 1545
1539 1568
1539 1575
1539 1581
1539 1593
1539 1595
1540 1562
1540 1589
1540 1602
1540 1603
1540 1614
1541 1544
1541 1559
1541 1598
1541 1603
1542 1553
1542 1615
1542 1617
1542 1620
1543 1572
1543 1576
1543 1597
1543 1603
1543 1609
1544 1559
1544 1591
1544 1604
1545 1562
1545 1568
1545 1577
1545 1589
1545 1595
1545 1614
1546 1569
1546 1579
1546 1586
1546 1591
1546 1605
1547 1567
1549 1591
1549 1619
1550 1552
1550 1574
1550 1599
1550 1608
1551 1586
1551 1606
1551 1607
1551 1619
1552 1610
1553 1574
1553 1585
1554 1558
1554 1579
1554 1606
1554 1611
1555 1557
1555 1572
1555 1596
1555 1612
1556 1575
1556 1581
1556 1590
1556 1595
1557 1596
1557 1597
1558 1571
1558 1584
1558 1618
1559 1571
1559 1579
1560 1568
1560 1616
1561 1571
1561 1574
1561 1585
1561 1596
1562 1589
1562 1592
1562 1614
1564 1604
1565 1578
1565 1593
1565 1594
1566 1602
1566 1605
1566 1609
1567 1584
1568 1593
1570 1594
1570 1615
1571 1585
1571 1618
1572 1576
1572 1579
1572 1586
1572 1603
1573 1577
1573 1614
1574 1585
1574 1608
1575 1581
1575 1595
1576 1598
1576 1603
1577 1578
1577 1595
1577 1614
1578 1590
1578 1595
1578 1601
1579 1586
1579 1591
1580 1582
1580 1599
1581 1583
1582 1608
1582 1613
1584 1587
1585 1590
1586 1605
1586 1606
1587 1596
1587 1606
1587 1612
1588 1607
1588 1612
1589 1592
1589 1600
1589 1602
1589 1603
1589 1609
1590 1595
1590 1598
1590 1601
1592 1600
1594 1615
1594 1617
1598 1603
1599 1608
1599 1610
1600 1602
1600 1609
1601 1617
1602 1603
1606 1607
1606 1611
1606 1612
1606 1619
1607 1612
1608 1610
1611 1619
1615 1617
