0.49206000 0.06295000 0.13158000
0.11992000 0.01032000 0.35413000
0.22038000 0.04501000 0.47292000
0.15011000 0.21131000 0.17463000
0.37615000 0.21153000 0.35405000
0.22489000 0.23409000 0.05706000
0.05737000 0.03000000 0.36980000
0.36072000 0.10391000 0.40737000
0.39574000 0.04823000 0.40436000
0.29908000 0.11927000 0.00673000
0.11430000 0.19987000 0.01340000
0.41817000 0.17437000 0.00620000
0.17111000 0.15657000 0.43462000
0.31569000 0.16637000 0.17437000
0.06655000 0.13294000 0.17397000
0.12038000 0.07702000 0.08339000
0.44325000 0.09954000 0.39967000
0.21726000 0.11806000 0.19877000
0.03866000 0.18926000 0.15653000
0.40512000 0.17346000 0.45181000
0.19499000 0.18877000 0.33227000
0.09764000 0.12775000 0.25394000
0.24375000 0.11100000 0.06893000
0.05184000 0.24717000 0.27736000
0.20560000 0.01610000 0.11082000
0.22760000 0.00763000 0.23911000
0.12591000 0.15426000 0.36041000
0.14716000 0.14736000 0.06505000
0.10085000 0.01706000 0.46270000
0.48552000 0.24019000 0.47393000
0.17282000 0.00801000 0.42833000
0.20513000 0.22178000 0.46845000
0.23322000 0.17018000 0.12809000
0.48551000 0.09397000 0.22515000
0.28565000 0.09218000 0.18677000
0.32042000 0.15466000 0.37235000
0.03160000 0.01322000 0.17157000
0.09112000 0.23417000 0.14838000
0.34598000 0.23884000 0.04886000
0.35581000 0.16265000 0.03567000
0.20018000 0.09082000 0.29759000
0.39139000 0.19325000 0.16987000
0.47849000 0.00159000 0.35696000
0.14034000 0.08274000 0.34120000
0.37795000 0.08507000 0.11199000
0.41496000 0.10551000 0.18682000
0.15069000 0.06944000 0.43557000
0.28037000 0.06080000 0.31091000
0.25843000 0.20171000 0.38255000
0.46021000 0.14234000 0.34090000
0.41205000 0.14870000 0.08969000
0.26397000 0.07159000 0.39983000
0.29654000 0.03588000 0.14070000
0.44369000 0.23083000 0.05250000
0.44446000 0.21057000 0.39667000
0.06416000 0.11868000 0.47641000
0.30455000 0.03920000 0.46988000
0.04811000 0.08447000 0.29345000
0.30907000 0.14167000 0.09440000
0.24412000 0.22775000 0.18660000
0.06215000 0.18290000 0.30045000
0.26189000 0.12903000 0.44153000
0.28322000 0.24180000 0.02482000
0.12736000 0.05325000 0.16236000
0.17051000 0.02890000 0.30008000
0.46946000 0.13538000 0.04175000
0.27109000 0.12836000 0.29316000
0.09650000 0.01634000 0.04419000
0.17995000 0.04645000 0.21570000
0.28695000 0.20318000 0.26046000
0.11630000 0.00678000 0.24983000
0.15995000 0.15353000 0.22174000
0.06007000 0.17182000 0.38696000
0.13810000 0.19141000 0.49628000
0.34236000 0.20295000 0.44329000
0.00743000 0.20197000 0.23313000
0.36326000 0.20510000 0.25201000
0.35768000 0.01585000 0.15930000
0.43275000 0.19383000 0.26308000
0.46168000 0.22003000 0.19746000
0.21439000 0.12291000 0.36706000
0.37915000 0.15015000 0.29825000
0.12559000 0.24977000 0.30946000
0.18581000 0.14273000 0.00904000
0.38005000 0.04754000 0.24645000
0.17684000 0.04188000 0.02009000
0.46318000 0.14955000 0.18246000
0.34833000 0.01493000 0.36361000
0.41096000 0.07733000 0.30794000
0.03198000 0.10522000 0.08984000
0.04468000 0.21866000 0.43660000
0.48742000 0.18578000 0.10972000
0.15181000 0.22471000 0.38010000
0.00419000 0.00942000 0.42220000
0.01302000 0.08598000 0.20380000
0.47875000 0.20653000 0.32140000
0.27870000 0.02867000 0.02060000
0.32043000 0.23142000 0.13824000
0.29133000 0.24533000 0.45517000
0.00560000 0.09249000 0.01626000
0.45049000 0.00140000 0.15821000
0.34394000 0.08977000 0.48590000
0.40928000 0.00169000 0.46823000
0.10075000 0.10860000 0.80769000
0.49068000 0.23847000 0.81744000
0.02261000 0.04548000 0.51649000
0.23576000 0.06448000 0.97216000
0.17288000 0.01851000 0.67779000
0.47851000 0.00603000 0.83463000
0.27670000 0.10029000 0.76638000
0.15916000 0.14326000 0.73462000
0.28940000 0.22099000 0.88923000
0.40419000 0.05495000 0.64185000
0.07579000 0.12978000 0.57515000
0.38448000 0.01681000 0.72736000
0.20426000 0.01020000 0.74436000
0.17763000 0.19029000 0.92445000
0.11203000 0.10919000 0.99453000
0.31855000 0.00138000 0.76604000
0.49902000 0.03198000 0.55566000
0.17335000 0.10890000 0.51279000
0.16266000 0.10389000 0.93652000
0.29474000 0.19420000 0.70615000
0.10352000 0.23564000 0.87618000
0.49407000 0.12920000 0.68188000
0.04679000 0.16632000 0.69853000
0.11897000 0.22179000 0.78577000
0.18910000 0.22175000 0.79501000
0.03441000 0.23597000 0.83466000
0.36685000 0.00241000 0.54793000
0.43027000 0.12556000 0.84289000
0.38021000 0.22081000 0.95720000
0.05642000 0.15568000 0.92205000
0.09281000 0.04125000 0.54296000
0.43661000 0.17475000 0.92089000
0.44922000 0.08048000 0.90178000
0.25007000 0.15218000 0.59892000
0.20299000 0.08684000 0.74308000
0.25530000 0.04183000 0.54155000
0.41966000 0.02086000 0.91083000
0.10500000 0.21881000 0.59996000
0.18086000 0.04507000 0.55420000
0.14967000 0.01611000 0.92225000
0.31599000 0.02278000 0.94824000
0.14866000 0.14759000 0.60670000
0.05790000 0.09388000 0.88112000
0.05134000 0.24643000 0.69395000
0.26591000 0.24560000 0.76784000
0.49889000 0.04894000 0.96301000
0.24630000 0.19311000 0.53436000
0.36968000 0.07610000 0.81573000
0.44162000 0.06779000 0.78244000
0.05935000 0.02837000 0.76337000
0.11145000 0.17556000 0.67109000
0.40462000 0.18514000 0.53094000
0.21939000 0.17975000 0.66261000
0.14040000 0.17204000 0.84017000
0.33515000 0.06819000 0.59791000
0.38481000 0.01426000 0.98386000
0.12330000 0.00578000 0.83846000
0.02563000 0.07930000 0.73083000
0.33711000 0.14868000 0.59836000
0.32011000 0.21251000 0.62331000
0.16589000 0.20788000 0.71768000
0.31082000 0.08237000 0.69092000
0.36415000 0.17531000 0.82725000
0.34038000 0.01184000 0.66037000
0.18252000 0.03356000 0.81217000
0.13079000 0.05164000 0.74354000
0.26902000 0.13507000 0.69552000
0.04479000 0.20111000 0.98656000
0.01939000 0.04644000 0.60029000
0.26216000 0.06798000 0.88767000
0.39084000 0.24127000 0.75907000
0.30481000 0.15888000 0.77656000
0.44057000 0.19998000 0.76069000
0.07022000 0.05214000 0.97962000
0.37799000 0.09343000 0.69368000
0.39930000 0.13798000 0.76164000
0.46077000 0.09125000 0.51566000
0.25991000 0.15778000 0.87604000
0.32339000 0.24533000 0.55755000
0.24725000 0.18894000 0.81034000
0.43293000 0.14429000 0.62486000
0.00892000 0.16628000 0.62412000
0.31563000 0.14973000 0.51607000
0.09395000 0.11879000 0.72885000
0.24817000 0.05847000 0.64959000
0.03377000 0.03483000 0.85447000
0.40109000 0.06640000 0.52104000
0.18826000 0.08143000 0.63091000
0.42643000 0.21665000 0.85562000
0.19680000 0.13659000 0.81236000
0.35381000 0.08179000 0.97974000
0.08768000 0.06855000 0.61963000
0.32287000 0.11188000 0.86951000
0.49489000 0.22117000 0.95474000
0.36902000 0.17929000 0.69680000
0.01427000 0.14935000 0.85996000
0.41850000 0.08565000 0.96881000
0.32716000 0.24107000 0.81596000
0.46465000 0.05194000 0.69362000
0.22842000 0.24052000 0.94795000
0.23629000 0.11823000 0.53386000
0.03986000 0.17482000 0.78752000
0.41006000 0.21713000 0.63551000
0.06377000 0.00425000 0.63912000
0.25228000 0.18272000 0.99204000
0.08754000 0.23694000 0.50038000
0.44775000 0.38913000 0.10594000
0.16012000 0.49080000 0.38288000
0.31097000 0.27738000 0.29737000
0.39905000 0.45635000 0.17285000
0.01459000 0.46872000 0.48799000
0.17831000 0.29020000 0.35202000
0.20008000 0.35640000 0.18681000
0.47892000 0.29684000 0.10680000
0.27273000 0.27198000 0.36718000
0.02983000 0.45567000 0.21716000
0.03344000 0.39145000 0.05437000
0.12448000 0.34539000 0.30709000
0.25018000 0.43098000 0.45592000
0.20142000 0.43479000 0.00922000
0.21244000 0.47629000 0.09012000
0.30998000 0.45654000 0.20484000
0.39772000 0.36693000 0.40807000
0.04978000 0.33353000 0.01296000
0.17009000 0.34571000 0.41298000
0.36952000 0.48770000 0.09369000
0.47083000 0.41184000 0.34101000
0.29394000 0.46366000 0.12553000
0.07224000 0.47022000 0.14542000
0.39787000 0.43645000 0.24869000
0.02426000 0.44754000 0.40489000
0.19862000 0.27602000 0.26043000
0.21756000 0.38228000 0.06967000
0.42377000 0.27280000 0.36751000
0.22386000 0.41020000 0.25602000
0.43541000 0.26294000 0.25434000
0.05368000 0.25397000 0.08270000
0.46428000 0.49541000 0.16459000
0.24714000 0.33799000 0.26232000
0.30303000 0.33364000 0.21359000
0.33876000 0.40199000 0.36447000
0.26810000 0.32548000 0.41415000
0.25345000 0.36774000 0.14012000
0.46427000 0.34142000 0.17455000
0.05119000 0.36292000 0.41139000
0.03551000 0.28525000 0.20201000
0.08168000 0.35296000 0.23983000
0.23039000 0.49964000 0.47403000
0.14832000 0.49422000 0.12040000
0.24087000 0.45067000 0.16403000
0.28333000 0.48460000 0.41148000
0.19925000 0.41042000 0.35485000
0.06886000 0.42307000 0.26480000
0.15807000 0.44368000 0.17731000
0.08788000 0.49231000 0.45944000
0.10791000 0.31553000 0.42192000
0.16183000 0.38620000 0.12480000
0.16969000 0.29699000 0.45930000
0.00221000 0.47614000 0.32919000
0.25705000 0.29611000 0.16124000
0.06823000 0.28795000 0.35100000
0.01295000 0.39213000 0.46994000
0.37389000 0.29944000 0.20977000
0.35746000 0.30608000 0.38858000
0.48634000 0.31172000 0.01292000
0.26565000 0.32894000 0.04946000
0.29558000 0.48256000 0.28720000
0.08835000 0.38554000 0.48802000
0.38753000 0.43650000 0.47003000
0.22759000 0.49812000 0.28372000
0.00958000 0.30267000 0.27231000
0.47104000 0.38607000 0.03085000
0.13399000 0.46645000 0.25422000
0.33098000 0.34894000 0.08337000
0.14108000 0.32414000 0.13947000
0.10732000 0.43188000 0.04110000
0.45717000 0.32706000 0.42124000
0.02472000 0.42082000 0.13456000
0.09036000 0.38466000 0.14083000
0.37245000 0.31167000 0.30327000
0.11316000 0.37973000 0.38610000
0.37064000 0.38445000 0.28663000
0.27390000 0.39282000 0.32467000
0.00222000 0.31436000 0.37961000
0.04115000 0.36549000 0.30280000
0.35895000 0.38492000 0.15401000
0.31356000 0.33814000 0.32890000
0.41423000 0.36296000 0.22563000
0.41448000 0.30931000 0.09073000
0.14042000 0.28522000 0.20449000
0.45710000 0.45647000 0.27670000
0.10187000 0.35139000 0.07456000
0.05834000 0.48967000 0.02709000
0.46825000 0.44943000 0.42489000
0.38214000 0.41940000 0.07536000
0.48503000 0.47605000 0.09304000
0.09829000 0.46220000 0.38930000
0.29262000 0.40280000 0.08569000
0.33737000 0.35661000 0.45773000
0.46082000 0.42199000 0.20459000
0.17828000 0.28049000 0.08599000
0.00630000 0.38744000 0.21931000
0.35041000 0.29560000 0.12011000
0.35216000 0.49071000 0.45078000
0.02073000 0.30552000 0.47818000
0.41129000 0.26173000 0.15064000
0.40177000 0.28400000 0.50384000
0.48697000 0.28436000 0.74630000
0.07431000 0.43058000 0.78313000
0.31677000 0.32805000 0.56071000
0.45188000 0.36069000 0.83532000
0.14548000 0.44243000 0.95625000
0.01383000 0.49953000 0.72648000
0.40122000 0.41136000 0.57917000
0.25451000 0.31649000 0.77663000
0.45760000 0.46043000 0.63664000
0.21989000 0.49533000 0.81304000
0.42728000 0.48238000 0.73488000
0.11150000 0.37385000 0.83762000
0.32236000 0.32357000 0.99768000
0.30507000 0.45351000 0.74980000
0.27366000 0.46382000 0.67413000
0.49595000 0.37340000 0.91337000
0.18752000 0.43622000 0.50419000
0.44701000 0.46550000 0.80936000
0.47896000 0.25997000 0.66799000
0.12098000 0.49101000 0.81381000
0.21559000 0.36152000 0.95580000
0.41996000 0.30758000 0.74666000
0.06288000 0.31439000 0.69231000
0.45096000 0.31190000 0.63045000
0.14691000 0.29398000 0.53854000
0.26343000 0.39907000 0.70589000
0.08533000 0.45514000 0.86554000
0.38982000 0.39266000 0.72182000
0.29638000 0.40448000 0.63970000
0.13498000 0.37291000 0.75791000
0.22694000 0.28165000 0.86255000
0.38366000 0.45863000 0.66051000
0.04926000 0.32350000 0.87184000
0.36980000 0.37492000 0.52503000
0.20612000 0.45903000 0.68580000
0.33633000 0.28584000 0.69897000
0.36512000 0.43273000 0.89537000
0.43916000 0.34841000 0.53839000
0.08647000 0.36289000 0.92703000
0.35791000 0.38371000 0.94509000
0.11665000 0.29240000 0.64962000
0.11479000 0.45094000 0.54197000
0.22273000 0.29302000 0.70358000
0.11929000 0.30662000 0.84160000
0.29586000 0.42333000 0.93459000
0.43194000 0.47392000 0.55472000
0.13343000 0.45154000 0.73754000
0.05879000 0.26418000 0.95088000
0.32224000 0.47539000 0.84522000
0.32374000 0.36251000 0.74748000
0.18383000 0.25667000 0.60705000
0.28771000 0.26918000 0.63432000
0.41803000 0.27616000 0.99139000
0.02062000 0.26497000 0.76478000
0.03077000 0.43190000 0.98359000
0.19113000 0.33330000 0.58489000
0.27568000 0.29496000 0.50373000
0.21427000 0.43202000 0.75800000
0.28337000 0.32932000 0.86559000
0.34646000 0.37428000 0.87103000
0.36754000 0.44849000 0.97965000
0.22957000 0.41491000 0.59753000
0.17897000 0.32315000 0.74906000
0.28128000 0.41030000 0.85259000
0.46320000 0.28357000 0.56191000
0.41958000 0.39541000 0.65266000
0.12339000 0.28591000 0.73331000
0.07198000 0.33021000 0.77646000
0.11695000 0.49961000 0.92131000
0.48654000 0.45004000 0.73635000
0.04937000 0.29099000 0.55452000
0.49749000 0.35478000 0.67088000
0.23146000 0.37836000 0.79814000
0.05424000 0.42569000 0.70018000
0.04156000 0.36531000 0.59804000
0.15739000 0.42581000 0.63425000
0.35736000 0.34395000 0.66299000
0.45544000 0.31449000 0.89463000
0.03974000 0.40311000 0.88642000
0.32301000 0.46745000 0.53985000
0.10496000 0.38318000 0.66985000
0.21964000 0.37805000 0.52625000
0.43538000 0.35575000 0.96110000
0.15246000 0.32108000 0.93968000
0.39398000 0.27331000 0.87318000
0.26796000 0.31519000 0.93939000
0.33157000 0.31264000 0.81367000
0.13353000 0.35719000 0.54272000
0.19610000 0.37693000 0.69134000
0.37804000 0.30176000 0.58961000
0.21123000 0.42688000 0.84499000
0.18524000 0.47251000 0.89711000
0.14687000 0.49274000 0.60900000
0.15746000 0.26268000 0.96626000
0.31713000 0.48441000 0.98824000
0.44165000 0.44741000 0.99982000
0.14521000 0.62399000 0.27679000
0.03190000 0.73479000 0.11236000
0.38746000 0.65167000 0.49567000
0.06110000 0.62024000 0.27190000
0.27638000 0.60772000 0.12030000
0.10735000 0.72112000 0.40808000
0.10244000 0.67107000 0.30751000
0.41920000 0.70697000 0.01256000
0.46919000 0.67596000 0.24310000
0.18024000 0.69431000 0.02320000
0.49724000 0.74489000 0.28909000
0.40872000 0.54949000 0.44125000
0.40863000 0.59637000 0.17411000
0.02433000 0.65903000 0.21135000
0.20279000 0.64271000 0.14707000
0.48494000 0.67443000 0.10854000
0.34844000 0.63223000 0.08221000
0.14099000 0.68356000 0.23476000
0.31997000 0.71881000 0.18954000
0.20463000 0.72389000 0.43948000
0.29525000 0.71966000 0.27334000
0.12936000 0.63317000 0.05884000
0.41843000 0.52771000 0.22195000
0.27068000 0.51043000 0.07664000
0.41757000 0.65622000 0.40787000
0.30890000 0.57424000 0.47561000
0.42387000 0.53778000 0.08884000
0.47536000 0.51835000 0.46429000
0.11203000 0.52057000 0.32964000
0.18075000 0.71470000 0.15405000
0.02985000 0.71598000 0.42052000
0.42110000 0.59393000 0.04303000
0.04288000 0.53556000 0.34551000
0.27258000 0.59331000 0.32664000
0.11725000 0.64787000 0.47681000
0.08215000 0.55747000 0.41728000
0.01614000 0.64870000 0.39963000
0.45974000 0.74468000 0.11395000
0.44009000 0.50207000 0.38389000
0.26092000 0.54852000 0.39281000
0.02791000 0.68885000 0.31166000
0.13294000 0.64989000 0.16318000
0.01416000 0.52718000 0.14134000
0.24746000 0.58134000 0.24137000
0.21137000 0.64099000 0.35335000
0.25531000 0.71735000 0.15362000
0.00129000 0.54363000 0.45880000
0.47139000 0.61432000 0.44319000
0.40124000 0.71841000 0.32429000
0.14802000 0.56265000 0.40163000
0.46869000 0.69658000 0.41065000
0.30125000 0.61707000 0.19814000
0.39195000 0.66526000 0.26686000
0.31837000 0.70940000 0.34734000
0.13336000 0.73226000 0.29255000
0.35230000 0.65615000 0.16313000
0.19583000 0.61073000 0.42990000
0.45616000 0.57957000 0.27018000
0.11164000 0.72416000 0.49092000
0.32794000 0.63371000 0.36816000
0.19810000 0.57979000 0.30717000
0.30119000 0.54921000 0.18697000
0.22793000 0.68332000 0.26203000
0.26186000 0.56979000 0.01990000
0.04074000 0.58633000 0.03095000
0.32616000 0.55855000 0.09169000
0.02500000 0.59697000 0.33927000
0.32431000 0.70036000 0.05244000
0.39156000 0.71730000 0.16561000
0.01453000 0.58901000 0.16729000
0.16644000 0.52897000 0.05314000
0.14023000 0.55423000 0.18994000
0.38850000 0.68199000 0.08432000
0.39548000 0.61745000 0.34831000
0.34311000 0.74337000 0.42938000
0.17053000 0.70391000 0.35721000
0.09861000 0.62971000 0.37377000
0.48125000 0.54886000 0.02788000
0.25241000 0.72910000 0.33479000
0.48754000 0.71430000 0.04618000
0.23162000 0.64824000 0.05209000
0.37557000 0.60140000 0.25077000
0.22897000 0.53804000 0.18698000
0.09580000 0.55205000 0.06361000
0.33943000 0.52453000 0.24999000
0.28570000 0.67049000 0.11461000
0.22528000 0.55632000 0.10701000
0.09014000 0.71228000 0.18298000
0.20449000 0.64167000 0.49554000
0.34235000 0.54000000 0.33435000
0.37203000 0.53641000 0.15742000
0.46680000 0.64681000 0.17597000
0.27726000 0.65658000 0.41358000
0.46411000 0.66662000 0.33006000
0.05906000 0.63226000 0.14524000
0.01944000 0.60512000 0.47787000
0.42367000 0.51211000 0.29927000
0.06056000 0.54722000 0.23754000
0.39129000 0.53294000 0.00169000
0.15021000 0.59555000 0.85647000
0.31449000 0.65221000 0.67402000
0.15741000 0.69918000 0.74124000
0.22979000 0.62747000 0.69049000
0.05333000 0.73897000 0.67330000
0.33666000 0.53208000 0.52349000
0.36828000 0.63085000 0.90593000
0.37736000 0.67027000 0.56888000
0.26933000 0.58079000 0.77486000
0.32559000 0.68856000 0.87769000
0.39661000 0.64589000 0.71781000
0.42075000 0.71745000 0.59935000
0.26131000 0.61106000 0.57459000
0.48649000 0.68474000 0.59347000
0.24824000 0.69201000 0.55534000
0.31632000 0.60270000 0.99539000
0.13110000 0.57271000 0.70945000
0.32286000 0.72379000 0.56812000
0.45092000 0.70994000 0.80661000
0.20285000 0.51414000 0.98894000
0.29032000 0.71842000 0.71045000
0.10506000 0.66909000 0.68010000
0.06742000 0.55220000 0.51452000
0.45273000 0.54461000 0.68339000
0.10069000 0.60666000 0.98225000
0.16460000 0.55088000 0.91357000
0.05397000 0.71364000 0.79250000
0.42324000 0.70776000 0.73601000
0.37872000 0.53561000 0.64107000
0.30668000 0.65525000 0.52980000
0.03417000 0.65133000 0.87493000
0.07953000 0.58696000 0.88697000
0.46697000 0.52212000 0.60767000
0.09530000 0.59219000 0.78071000
0.47709000 0.62799000 0.74288000
0.49636000 0.51251000 0.85288000
0.45428000 0.67676000 0.51094000
0.02331000 0.58352000 0.58030000
0.15962000 0.63454000 0.72038000
0.00836000 0.68126000 0.65300000
0.40364000 0.61063000 0.83017000
0.15747000 0.59458000 0.53502000
0.22822000 0.50094000 0.59757000
0.31126000 0.52007000 0.59612000
0.00169000 0.54800000 0.86625000
0.27377000 0.67741000 0.98236000
0.47648000 0.58094000 0.93750000
0.12354000 0.54607000 0.98562000
0.12281000 0.71779000 0.86106000
0.35599000 0.58800000 0.58596000
0.37174000 0.71661000 0.67856000
0.35125000 0.51237000 0.77059000
0.14508000 0.69922000 0.58482000
0.05632000 0.62909000 0.69893000
0.01791000 0.68585000 0.57485000
0.41762000 0.54525000 0.77278000
0.32703000 0.58631000 0.82455000
0.47500000 0.61474000 0.53462000
0.37132000 0.53353000 0.85175000
0.07725000 0.51076000 0.58716000
0.05578000 0.51654000 0.91015000
0.30710000 0.53104000 0.91101000
0.30285000 0.63762000 0.75584000
0.26555000 0.74644000 0.93278000
0.27458000 0.54606000 0.66976000
0.17816000 0.61282000 0.97563000
0.15822000 0.67226000 0.91681000
0.07583000 0.53085000 0.77771000
0.03463000 0.72178000 0.51506000
0.01381000 0.54035000 0.96447000
0.41476000 0.54814000 0.52518000
0.07676000 0.73136000 0.95711000
0.17655000 0.53418000 0.74854000
0.24440000 0.58412000 0.50004000
0.25271000 0.62996000 0.87414000
0.18548000 0.64623000 0.80219000
0.17633000 0.56187000 0.61907000
0.24603000 0.69579000 0.85254000
0.48590000 0.73452000 0.71651000
0.39230000 0.70855000 0.87820000
0.14234000 0.63442000 0.61236000
0.08482000 0.66093000 0.55141000
0.00174000 0.57344000 0.69075000
0.08850000 0.50321000 0.67191000
0.20043000 0.69217000 0.63482000
0.48717000 0.61147000 0.84588000
0.45813000 0.69530000 0.95092000
0.22868000 0.70751000 0.75866000
0.19841000 0.72453000 0.95269000
0.26288000 0.53153000 0.84869000
0.35338000 0.58976000 0.69456000
0.09994000 0.58767000 0.57892000
0.30318000 0.69755000 0.79494000
0.43323000 0.62795000 0.61597000
0.11059000 0.66333000 0.81780000
0.00587000 0.71721000 0.91032000
0.43079000 0.50359000 0.88797000
0.15866000 0.53933000 0.50821000
0.08382000 0.67674000 0.99301000
0.46589000 0.85489000 0.38016000
0.48853000 0.92041000 0.35488000
0.05481000 0.88784000 0.14328000
0.44782000 0.95417000 0.06832000
0.07009000 0.96817000 0.39426000
0.02711000 0.75558000 0.28334000
0.37571000 0.87023000 0.35914000
0.46949000 0.76045000 0.19094000
0.04075000 0.76038000 0.03355000
0.02537000 0.87244000 0.49821000
0.03872000 0.83521000 0.37842000
0.29555000 0.78418000 0.32092000
0.22113000 0.90900000 0.42209000
0.40984000 0.86588000 0.19875000
0.08964000 0.79121000 0.43601000
0.33293000 0.84666000 0.29446000
0.12677000 0.92041000 0.42994000
0.28732000 0.87706000 0.40457000
0.24249000 0.81452000 0.40445000
0.32993000 0.91254000 0.29626000
0.48119000 0.83236000 0.09656000
0.11755000 0.79612000 0.04046000
0.47934000 0.85055000 0.46223000
0.18461000 0.83190000 0.00852000
0.34272000 0.88189000 0.09505000
0.06558000 0.94278000 0.04355000
0.43041000 0.93649000 0.20876000
0.39314000 0.77755000 0.21105000
0.26648000 0.76297000 0.46599000
0.40919000 0.89938000 0.12142000
0.09514000 0.78299000 0.25690000
0.19751000 0.77429000 0.34742000
0.35270000 0.97015000 0.10029000
0.08588000 0.87490000 0.41924000
0.25840000 0.98806000 0.36566000
0.27392000 0.79263000 0.13871000
0.09278000 0.91049000 0.24637000
0.42615000 0.93924000 0.41840000
0.13338000 0.88291000 0.18902000
0.32436000 0.96744000 0.49436000
0.26677000 0.78363000 0.22582000
0.01044000 0.85200000 0.30133000
0.28978000 0.85412000 0.05685000
0.17833000 0.95882000 0.02193000
0.25306000 0.96579000 0.07517000
0.09712000 0.79124000 0.33701000
0.20308000 0.91422000 0.18414000
0.23977000 0.82485000 0.27861000
0.38255000 0.80366000 0.07775000
0.34388000 0.77635000 0.26574000
0.25741000 0.88540000 0.30111000
0.35534000 0.93518000 0.17009000
0.17593000 0.95671000 0.36564000
0.25527000 0.86906000 0.21445000
0.16766000 0.97411000 0.17668000
0.21839000 0.88620000 0.10661000
0.05395000 0.79943000 0.09548000
0.11013000 0.82431000 0.14253000
0.25240000 0.75013000 0.06331000
0.42836000 0.87772000 0.04152000
0.16385000 0.83923000 0.34934000
0.40266000 0.84235000 0.45739000
0.08426000 0.85817000 0.30853000
0.28366000 0.97197000 0.15159000
0.37940000 0.98259000 0.23116000
0.39329000 0.91150000 0.47786000
0.03228000 0.99543000 0.08635000
0.03781000 0.80251000 0.19591000
0.45569000 0.80880000 0.28084000
0.32691000 0.81019000 0.47095000
0.06863000 0.94401000 0.32159000
0.37547000 0.94101000 0.35656000
0.43449000 0.91197000 0.28928000
0.06101000 0.87544000 0.04679000
0.30844000 0.84812000 0.15017000
0.13141000 0.86267000 0.07084000
0.28145000 0.95952000 0.25904000
0.34972000 0.75917000 0.12448000
0.18193000 0.92103000 0.29146000
0.17021000 0.83386000 0.25150000
0.32504000 0.97208000 0.03425000
0.19087000 0.79147000 0.06787000
0.20426000 0.82260000 0.13847000
0.33728000 0.88173000 0.21940000
0.31932000 0.89753000 0.47848000
0.19886000 0.83903000 0.46143000
0.15190000 0.77080000 0.19225000
0.38917000 0.81480000 0.31029000
0.43274000 0.76521000 0.04095000
0.11875000 0.93911000 0.14010000
0.32113000 0.96184000 0.40797000
0.49697000 0.99910000 0.44296000
0.19818000 0.76811000 0.26241000
0.12787000 0.75913000 0.11788000
0.23124000 0.94610000 0.48432000
0.44894000 0.98358000 0.26678000
0.02014000 0.99933000 0.29151000
0.11744000 0.90942000 0.00285000
0.05198000 0.93120000 0.52773000
0.09662000 0.77647000 0.71996000
0.27778000 0.92677000 0.62529000
0.08577000 0.98497000 0.92254000
0.28375000 0.96394000 0.95207000
0.19440000 0.84697000 0.62956000
0.23397000 0.85637000 0.80229000
0.34206000 0.96765000 0.88536000
0.40392000 0.75747000 0.83687000
0.47204000 0.92804000 0.92579000
0.38628000 0.76673000 0.54776000
0.31377000 0.92703000 0.76249000
0.37316000 0.86993000 0.66783000
0.00680000 0.84208000 0.96285000
0.09119000 0.86702000 0.53065000
0.36285000 0.78850000 0.67208000
0.40678000 0.84341000 0.79110000
0.07505000 0.79390000 0.95037000
0.23500000 0.76329000 0.55814000
0.32424000 0.79221000 0.59140000
0.32953000 0.83823000 0.88652000
0.01093000 0.97637000 0.88935000
0.23959000 0.99258000 0.66646000
0.13931000 0.95002000 0.72290000
0.41058000 0.98774000 0.61941000
0.33166000 0.77275000 0.83550000
0.26202000 0.89555000 0.97978000
0.48077000 0.79951000 0.78767000
0.09643000 0.90894000 0.61235000
0.23820000 0.85578000 0.90306000
0.28828000 0.90446000 0.89283000
0.43988000 0.81456000 0.71171000
0.08331000 0.85518000 0.69701000
0.16127000 0.93859000 0.50379000
0.16644000 0.87179000 0.52219000
0.25912000 0.79727000 0.85106000
0.08997000 0.92994000 0.84003000
0.46710000 0.76419000 0.59612000
0.44866000 0.91262000 0.55167000
0.43741000 0.90897000 0.85829000
0.05288000 0.76464000 0.59089000
0.27072000 0.96802000 0.82423000
0.30736000 0.86150000 0.59251000
0.46849000 0.82658000 0.63764000
0.31006000 0.79609000 0.74498000
0.26622000 0.82578000 0.97554000
0.19416000 0.92779000 0.82591000
0.40005000 0.95753000 0.82234000
0.25385000 0.82575000 0.57086000
0.36464000 0.89962000 0.88702000
0.08051000 0.86913000 0.78515000
0.44543000 0.88439000 0.68204000
0.26487000 0.75820000 0.63543000
0.39392000 0.90513000 0.73774000
0.43863000 0.96574000 0.70156000
0.16923000 0.75227000 0.70510000
0.00678000 0.89448000 0.91743000
0.22847000 0.97113000 0.56050000
0.49676000 0.96634000 0.57303000
0.03240000 0.82585000 0.64231000
0.03090000 0.96345000 0.81158000
0.18737000 0.88435000 0.70007000
0.18196000 0.94494000 0.63951000
0.13504000 0.80394000 0.65787000
0.35731000 0.95197000 0.68975000
0.36471000 0.87989000 0.55378000
0.23817000 0.90830000 0.75231000
0.16840000 0.84952000 0.77422000
0.30261000 0.87806000 0.68410000
0.21999000 0.78249000 0.75706000
0.43075000 0.93112000 0.99595000
0.25936000 0.80864000 0.68860000
0.46826000 0.86870000 0.96273000
0.15401000 0.84960000 0.87269000
0.03913000 0.80067000 0.50020000
0.39008000 0.77403000 0.92650000
0.14294000 0.75784000 0.92530000
0.10155000 0.77414000 0.81941000
0.17943000 0.76310000 0.84404000
0.02959000 0.78329000 0.85164000
0.38381000 0.86033000 0.97805000
0.41640000 0.82343000 0.58598000
0.47480000 0.79798000 0.99040000
0.34748000 0.93424000 0.60361000
0.32855000 0.76503000 0.96152000
0.19733000 0.94948000 0.90296000
0.29611000 0.98658000 0.57108000
0.10092000 0.91754000 0.91296000
0.12951000 0.84168000 0.58959000
0.46824000 0.99347000 0.98581000
0.05085000 0.92333000 0.74376000
0.33231000 0.85562000 0.75887000
0.37533000 0.75901000 0.74455000
0.00639000 0.95172000 0.97370000
0.01692000 0.90639000 0.64901000
0.25513000 0.89337000 0.53719000
0.17367000 0.76878000 0.51112000
0.10652000 0.98154000 0.54746000
0.57746000 0.00237000 0.23662000
0.79222000 0.22677000 0.09648000
0.67812000 0.09375000 0.39480000
0.51680000 0.00734000 0.28531000
0.86722000 0.23907000 0.11513000
0.69025000 0.11907000 0.00737000
0.50327000 0.16448000 0.24480000
0.58096000 0.18305000 0.03310000
0.84870000 0.20553000 0.29197000
0.80450000 0.07254000 0.11090000
0.94075000 0.24936000 0.08111000
0.60205000 0.04402000 0.36226000
0.84567000 0.07356000 0.22538000
0.55907000 0.24911000 0.04233000
0.89267000 0.15007000 0.15778000
0.71767000 0.03434000 0.43953000
0.79760000 0.06053000 0.28975000
0.56383000 0.19530000 0.15363000
0.93221000 0.05479000 0.23659000
0.57902000 0.13142000 0.14844000
0.96820000 0.14198000 0.15080000
0.63557000 0.19734000 0.34798000
0.73096000 0.05176000 0.29265000
0.94160000 0.00311000 0.38501000
0.59880000 0.02635000 0.15034000
0.79602000 0.21479000 0.44395000
0.87670000 0.02683000 0.28706000
0.57487000 0.10986000 0.27771000
0.99703000 0.17550000 0.08077000
0.59494000 0.06341000 0.44936000
0.53833000 0.05896000 0.19689000
0.75355000 0.14776000 0.46598000
0.66770000 0.10420000 0.20831000
0.74828000 0.04182000 0.06225000
0.70844000 0.18612000 0.36505000
0.85835000 0.23655000 0.41292000
0.84296000 0.14066000 0.25975000
0.90342000 0.10342000 0.09220000
0.52956000 0.07219000 0.44083000
0.64168000 0.19346000 0.26170000
0.98673000 0.04256000 0.12512000
0.70332000 0.15365000 0.25379000
0.62941000 0.10284000 0.09958000
0.52161000 0.06114000 0.35484000
0.86533000 0.11951000 0.34859000
0.60415000 0.07266000 0.22368000
0.59532000 0.06932000 0.03185000
0.65589000 0.16093000 0.06408000
0.80004000 0.16786000 0.07888000
0.69180000 0.11552000 0.32062000
0.96854000 0.09995000 0.43110000
0.57187000 0.21028000 0.30630000
0.86749000 0.13538000 0.46625000
0.91160000 0.23940000 0.46675000
0.98610000 0.23013000 0.02902000
0.95666000 0.23787000 0.27391000
0.77455000 0.11226000 0.32918000
0.50623000 0.02477000 0.05323000
0.64048000 0.22395000 0.04340000
0.80083000 0.19179000 0.24335000
0.53576000 0.14768000 0.33751000
0.57144000 0.16671000 0.22554000
0.94842000 0.04046000 0.45653000
0.53918000 0.15793000 0.41818000
0.92515000 0.14833000 0.42427000
0.59491000 0.11435000 0.35763000
0.65062000 0.01814000 0.27105000
0.70872000 0.05430000 0.16286000
0.93931000 0.18564000 0.36161000
0.76903000 0.06915000 0.20866000
0.76567000 0.10221000 0.41133000
0.63030000 0.12436000 0.46249000
0.81929000 0.01970000 0.35836000
0.79028000 0.13048000 0.14945000
0.72324000 0.19489000 0.03627000
0.91343000 0.18414000 0.02173000
0.71028000 0.19610000 0.17282000
0.96865000 0.08487000 0.32499000
0.92781000 0.20480000 0.16741000
0.99839000 0.14227000 0.26626000
0.85116000 0.07850000 0.42625000
0.53586000 0.09647000 0.06254000
0.91614000 0.02384000 0.16605000
0.74811000 0.03300000 0.36780000
0.84410000 0.10299000 0.02545000
0.99912000 0.16720000 0.48068000
0.77917000 0.17844000 0.35978000
0.91535000 0.16581000 0.27270000
0.69695000 0.19541000 0.44283000
0.58407000 0.00609000 0.07176000
0.80689000 0.01420000 0.18261000
0.84981000 0.02097000 0.10560000
0.63911000 0.24944000 0.16871000
0.99275000 0.24803000 0.14725000
0.59778000 0.24643000 0.46518000
0.85657000 0.00282000 0.42947000
0.66441000 0.00406000 0.18001000
0.86984000 0.02044000 0.55584000
0.69396000 0.17153000 0.52054000
0.60636000 0.06284000 0.95101000
0.64610000 0.16402000 0.70028000
0.93732000 0.24393000 0.56789000
0.72323000 0.02676000 0.73380000
0.58646000 0.02201000 0.56682000
0.66908000 0.23067000 0.57181000
0.65160000 0.14539000 0.79247000
0.60664000 0.22078000 0.59775000
0.52946000 0.08503000 0.80635000
0.66555000 0.12160000 0.57824000
0.94313000 0.13506000 0.70714000
0.85870000 0.24524000 0.98055000
0.99471000 0.09632000 0.65330000
0.56362000 0.22202000 0.52830000
0.67245000 0.22978000 0.74515000
0.52674000 0.14942000 0.52731000
0.74480000 0.08169000 0.62614000
0.71037000 0.17893000 0.80284000
0.76492000 0.13534000 0.95137000
0.93262000 0.01514000 0.84492000
0.68664000 0.07429000 0.79741000
0.98869000 0.24780000 0.62943000
0.92938000 0.21314000 0.63004000
0.80686000 0.03501000 0.65603000
0.96366000 0.18370000 0.96001000
0.52784000 0.00650000 0.73131000
0.60733000 0.10596000 0.82086000
0.65640000 0.02827000 0.51374000
0.83518000 0.02564000 0.99178000
0.66053000 0.07997000 0.70646000
0.80528000 0.10833000 0.75803000
0.77455000 0.13365000 0.53919000
0.87752000 0.20843000 0.79311000
0.68537000 0.11804000 0.87661000
0.72189000 0.19773000 0.61628000
0.84994000 0.13266000 0.95487000
0.83434000 0.07242000 0.84519000
0.91499000 0.11709000 0.99666000
0.56577000 0.08555000 0.73060000
0.92278000 0.03254000 0.66300000
0.65264000 0.23414000 0.66865000
0.92452000 0.15080000 0.52133000
0.84676000 0.18163000 0.71226000
0.90871000 0.07114000 0.73796000
0.68648000 0.01745000 0.64235000
0.51966000 0.10471000 0.92064000
0.71121000 0.14850000 0.67134000
0.78309000 0.17575000 0.65202000
0.92673000 0.08320000 0.82945000
0.75554000 0.08354000 0.71103000
0.71199000 0.10062000 0.52259000
0.51802000 0.14620000 0.76105000
0.76028000 0.06829000 0.98893000
0.74753000 0.22653000 0.68008000
0.75922000 0.04936000 0.84247000
0.81443000 0.02119000 0.90341000
0.80574000 0.11964000 0.61884000
0.54708000 0.07492000 0.52302000
0.59104000 0.13014000 0.93758000
0.50686000 0.16950000 0.61327000
0.87615000 0.09606000 0.60208000
0.60153000 0.23035000 0.78331000
0.80173000 0.14679000 0.84119000
0.71839000 0.03698000 0.91016000
0.66721000 0.19705000 0.94430000
0.99882000 0.19859000 0.55313000
0.61177000 0.16230000 0.53926000
0.55500000 0.14170000 0.86738000
0.64512000 0.05438000 0.87863000
0.89880000 0.14064000 0.89864000
0.61360000 0.08815000 0.53397000
0.88446000 0.14257000 0.82490000
0.57248000 0.20193000 0.93612000
0.95253000 0.15608000 0.80690000
0.94465000 0.22342000 0.79967000
0.86012000 0.01775000 0.70529000
0.56583000 0.21384000 0.84890000
0.93030000 0.14021000 0.60978000
0.79670000 0.19454000 0.98615000
0.98134000 0.09844000 0.51783000
0.86389000 0.11712000 0.69043000
0.63318000 0.07777000 0.62460000
0.98406000 0.03330000 0.77552000
0.95437000 0.00120000 0.92813000
0.80636000 0.21812000 0.81490000
0.88401000 0.04021000 0.92118000
0.73772000 0.13358000 0.75257000
0.56135000 0.18166000 0.71337000
0.59542000 0.15114000 0.63889000
0.89129000 0.21556000 0.89445000
0.98407000 0.19340000 0.73105000
0.71807000 0.20189000 0.88214000
0.61846000 0.17497000 0.88329000
0.78409000 0.18717000 0.74096000
0.82498000 0.18015000 0.57844000
0.58662000 0.01549000 0.79736000
0.77190000 0.05324000 0.50628000
0.53463000 0.01958000 0.64240000
0.96828000 0.20972000 0.88012000
0.52562000 0.23706000 0.60778000
0.67452000 0.05921000 0.98341000
0.93488000 0.01332000 0.55248000
0.99221000 0.10066000 0.81147000
0.58220000 0.24046000 0.67148000
0.92092000 0.05163000 0.99065000
0.98541000 0.07223000 0.92622000
0.68007000 0.24649000 0.82218000
0.60686000 0.00146000 0.88028000
0.74824000 0.22805000 0.50117000
0.65057000 0.28620000 0.38704000
0.57762000 0.41164000 0.40348000
0.50981000 0.42361000 0.13989000
0.57046000 0.44963000 0.17160000
0.90712000 0.27504000 0.21496000
0.93307000 0.30655000 0.44271000
0.71206000 0.42033000 0.30644000
0.67305000 0.30385000 0.48348000
0.59896000 0.29550000 0.10017000
0.54147000 0.26497000 0.12670000
0.65911000 0.31871000 0.23266000
0.80748000 0.31901000 0.26549000
0.87697000 0.35792000 0.37047000
0.69468000 0.40635000 0.49285000
0.80148000 0.35394000 0.33731000
0.70447000 0.47715000 0.47272000
0.86992000 0.41634000 0.02071000
0.67708000 0.35555000 0.37586000
0.76389000 0.25302000 0.21679000
0.57611000 0.28218000 0.29976000
0.78042000 0.27565000 0.34848000
0.51572000 0.46869000 0.36927000
0.82387000 0.41277000 0.32877000
0.51326000 0.41051000 0.25510000
0.80951000 0.43159000 0.24022000
0.74124000 0.38577000 0.20811000
0.95791000 0.40053000 0.04774000
0.75122000 0.43486000 0.01636000
0.77738000 0.28492000 0.47729000
0.94711000 0.44870000 0.38570000
0.71014000 0.26059000 0.44886000
0.67832000 0.42213000 0.05045000
0.89317000 0.41954000 0.09386000
0.64872000 0.40001000 0.42725000
0.71810000 0.28969000 0.24405000
0.92646000 0.46440000 0.46225000
0.77456000 0.27973000 0.13690000
0.53916000 0.29529000 0.21103000
0.86783000 0.28869000 0.30166000
0.53264000 0.27652000 0.41573000
0.85603000 0.40822000 0.15469000
0.94411000 0.39144000 0.44982000
0.89346000 0.48243000 0.31991000
0.82233000 0.33536000 0.12184000
0.93400000 0.35687000 0.16764000
0.63947000 0.42749000 0.23698000
0.95248000 0.41696000 0.26172000
0.75103000 0.48058000 0.42394000
0.63419000 0.34904000 0.30853000
0.59139000 0.35155000 0.18111000
0.93918000 0.48985000 0.11154000
0.88017000 0.27599000 0.05168000
0.98418000 0.25760000 0.44944000
0.52141000 0.46041000 0.48763000
0.93914000 0.34778000 0.37947000
0.82442000 0.36866000 0.20934000
0.63469000 0.37331000 0.11853000
0.64312000 0.43803000 0.12743000
0.62833000 0.48717000 0.05887000
0.51003000 0.38259000 0.43819000
0.98624000 0.35029000 0.11137000
0.82669000 0.30680000 0.02599000
0.72738000 0.36817000 0.43114000
0.78913000 0.44704000 0.15512000
0.57332000 0.40514000 0.49020000
0.63754000 0.25814000 0.27286000
0.92057000 0.25387000 0.35477000
0.73599000 0.47856000 0.29897000
0.76352000 0.42703000 0.35921000
0.74436000 0.39590000 0.11391000
0.96139000 0.42934000 0.16413000
0.71471000 0.45161000 0.16931000
0.59521000 0.39233000 0.03042000
0.55172000 0.48357000 0.24263000
0.56932000 0.33526000 0.40250000
0.79024000 0.46334000 0.07729000
0.80180000 0.37363000 0.04675000
0.59551000 0.34455000 0.48533000
0.89179000 0.30715000 0.14165000
0.83833000 0.28149000 0.18728000
0.99170000 0.29745000 0.05007000
0.99093000 0.46108000 0.05078000
0.86153000 0.31774000 0.43907000
0.59934000 0.41680000 0.29712000
0.54652000 0.44893000 0.06708000
0.87583000 0.42145000 0.37982000
0.65637000 0.49537000 0.24685000
0.88128000 0.36106000 0.24812000
0.73470000 0.33192000 0.31838000
0.88709000 0.35276000 0.06203000
0.69338000 0.30621000 0.04849000
0.52086000 0.37219000 0.34608000
0.51297000 0.36392000 0.10515000
0.80839000 0.42507000 0.44795000
0.87536000 0.46095000 0.20852000
0.70508000 0.27074000 0.32632000
0.70174000 0.25129000 0.12153000
0.53836000 0.29030000 0.49801000
0.54552000 0.41952000 0.92456000
0.66489000 0.30858000 0.67058000
0.71701000 0.29655000 0.74331000
0.82627000 0.33944000 0.59550000
0.69616000 0.39113000 0.97196000
0.54230000 0.42149000 0.58742000
0.72876000 0.43382000 0.56438000
0.85906000 0.36148000 0.78097000
0.93459000 0.48419000 0.96961000
0.98651000 0.33497000 0.76511000
0.51779000 0.48073000 0.60495000
0.83275000 0.30638000 0.71978000
0.85074000 0.41077000 0.53128000
0.91942000 0.30555000 0.67569000
0.86558000 0.25875000 0.64338000
0.77846000 0.42429000 0.93396000
0.57041000 0.29790000 0.97306000
0.59273000 0.48728000 0.51760000
0.62485000 0.29505000 0.58810000
0.64010000 0.35448000 0.99322000
0.77957000 0.46118000 0.52258000
0.94999000 0.35123000 0.51726000
0.74746000 0.26260000 0.85419000
0.56459000 0.35017000 0.67335000
0.78986000 0.39687000 0.56709000
0.98058000 0.30744000 0.58284000
0.63388000 0.38140000 0.53626000
0.54945000 0.30552000 0.59429000
0.83513000 0.28137000 0.91057000
0.59971000 0.44615000 0.79182000
0.54683000 0.40622000 0.74183000
0.92349000 0.42700000 0.89276000
0.63456000 0.28143000 0.87933000
0.56217000 0.36635000 0.85841000
0.62161000 0.34226000 0.79779000
0.87776000 0.45569000 0.84790000
0.52176000 0.45208000 0.82823000
0.98814000 0.34313000 0.66362000
0.82641000 0.46875000 0.96116000
0.85934000 0.36666000 0.69723000
0.99587000 0.46243000 0.79371000
0.76862000 0.49919000 0.59197000
0.65400000 0.26943000 0.96665000
0.60312000 0.41432000 0.67774000
0.92072000 0.46263000 0.62659000
0.61284000 0.40151000 0.93538000
0.79694000 0.32775000 0.79696000
0.90828000 0.40031000 0.82166000
0.89432000 0.30677000 0.59948000
0.80675000 0.45060000 0.83559000
0.57599000 0.29393000 0.81794000
0.65416000 0.42358000 0.83120000
0.76149000 0.44245000 0.64661000
0.76468000 0.40287000 0.74237000
0.99579000 0.36601000 0.95945000
0.59961000 0.29746000 0.71946000
0.92986000 0.29371000 0.83915000
0.91396000 0.45806000 0.53916000
0.88611000 0.37775000 0.92544000
0.77078000 0.34464000 0.71357000
0.84919000 0.46667000 0.73339000
0.98611000 0.41845000 0.67787000
0.75745000 0.28697000 0.60580000
0.50669000 0.39344000 0.52483000
0.70245000 0.41497000 0.68673000
0.71550000 0.42720000 0.88457000
0.98192000 0.43552000 0.93541000
0.51353000 0.28463000 0.89636000
0.73091000 0.37813000 0.83326000
0.83571000 0.36122000 0.86013000
0.95363000 0.26155000 0.73995000
0.83028000 0.36737000 0.97485000
0.68806000 0.35328000 0.89076000
0.52668000 0.47556000 0.97871000
0.56310000 0.49057000 0.88391000
0.94710000 0.42347000 0.74580000
0.99761000 0.36280000 0.83784000
0.72802000 0.49417000 0.97995000
0.84845000 0.45060000 0.60712000
0.62011000 0.47791000 0.97179000
0.77283000 0.33922000 0.52411000
0.69568000 0.32638000 0.56477000
0.95391000 0.27327000 0.92227000
0.76749000 0.34892000 0.89983000
0.64700000 0.39054000 0.73197000
0.94374000 0.39408000 0.60290000
0.54881000 0.45981000 0.67983000
0.64736000 0.46150000 0.62928000
0.87879000 0.37377000 0.60025000
0.90847000 0.31824000 0.75871000
0.94620000 0.49247000 0.84899000
0.78049000 0.25582000 0.94198000
0.69294000 0.47490000 0.80073000
0.59407000 0.36490000 0.61002000
0.72207000 0.49692000 0.67840000
0.71934000 0.26299000 0.99854000
0.77457000 0.67135000 0.26471000
0.68613000 0.50116000 0.38075000
0.83186000 0.63721000 0.14444000
0.95376000 0.51593000 0.02755000
0.70299000 0.73083000 0.42798000
0.51572000 0.58060000 0.09152000
0.96739000 0.60811000 0.28418000
0.89195000 0.63014000 0.23918000
0.86851000 0.69193000 0.33353000
0.54269000 0.51521000 0.10183000
0.56034000 0.72845000 0.17648000
0.81468000 0.68704000 0.47975000
0.89299000 0.66506000 0.08654000
0.95054000 0.64548000 0.04330000
0.88800000 0.51858000 0.15055000
0.69809000 0.60829000 0.13923000
0.83695000 0.59200000 0.21222000
0.97258000 0.72839000 0.02281000
0.56824000 0.54042000 0.02161000
0.50680000 0.53085000 0.35952000
0.67941000 0.59373000 0.26124000
0.66965000 0.55188000 0.04664000
0.82751000 0.56310000 0.34125000
0.86118000 0.53867000 0.25231000
0.84779000 0.68459000 0.24617000
0.99086000 0.58827000 0.08480000
0.61069000 0.63166000 0.22413000
0.69320000 0.55465000 0.43533000
0.92862000 0.53225000 0.39150000
0.95558000 0.67369000 0.30897000
0.70786000 0.54045000 0.14902000
0.92727000 0.71359000 0.23441000
0.94631000 0.51688000 0.27736000
0.77978000 0.74644000 0.42988000
0.69673000 0.65954000 0.42637000
0.65784000 0.71242000 0.36022000
0.76643000 0.56233000 0.10084000
0.67373000 0.56698000 0.34497000
0.55301000 0.62367000 0.44574000
0.80678000 0.66231000 0.06636000
0.60985000 0.51792000 0.35257000
0.93043000 0.59451000 0.14776000
0.80835000 0.53125000 0.16865000
0.55966000 0.64326000 0.28020000
0.66988000 0.64949000 0.31082000
0.76191000 0.63616000 0.15895000
0.51616000 0.54085000 0.26952000
0.52066000 0.69237000 0.35197000
0.90833000 0.60999000 0.43960000
0.79849000 0.50065000 0.27184000
0.82969000 0.50103000 0.37504000
0.98842000 0.65325000 0.11607000
0.98507000 0.74296000 0.35076000
0.75297000 0.57675000 0.25128000
0.62659000 0.56121000 0.46289000
0.80371000 0.55179000 0.48932000
0.59412000 0.55798000 0.14851000
0.61495000 0.54549000 0.22246000
0.55478000 0.68203000 0.11250000
0.94364000 0.67471000 0.48960000
0.84417000 0.60416000 0.41258000
0.52603000 0.70524000 0.47190000
0.84118000 0.62507000 0.29234000
0.93950000 0.64879000 0.39117000
0.90375000 0.72192000 0.03437000
0.91124000 0.55830000 0.32060000
0.80323000 0.69696000 0.38643000
0.79161000 0.61148000 0.46477000
0.50719000 0.58594000 0.19134000
0.76352000 0.69971000 0.13969000
0.60666000 0.71084000 0.23545000
0.68209000 0.66917000 0.23588000
0.57125000 0.57063000 0.30187000
0.73815000 0.66600000 0.35991000
0.97883000 0.59236000 0.40451000
0.75890000 0.53585000 0.38152000
0.57084000 0.62358000 0.16047000
0.87146000 0.64223000 0.49639000
0.77042000 0.73896000 0.20186000
0.74382000 0.51586000 0.20715000
0.58752000 0.65677000 0.37167000
0.62272000 0.65819000 0.00828000
0.72105000 0.71314000 0.27638000
0.85113000 0.50326000 0.45450000
0.72651000 0.50311000 0.07677000
0.87981000 0.68409000 0.16918000
0.51426000 0.63573000 0.04757000
0.81327000 0.53347000 0.05616000
0.66032000 0.60739000 0.42989000
0.58980000 0.71805000 0.06063000
0.74753000 0.60696000 0.03570000
0.92820000 0.55812000 0.22517000
0.95877000 0.73267000 0.43040000
0.87773000 0.58522000 0.08640000
0.98215000 0.50912000 0.21040000
0.57846000 0.60466000 0.02047000
0.70406000 0.67280000 0.03653000
0.73106000 0.60343000 0.39160000
0.56991000 0.55369000 0.39651000
0.73507000 0.73521000 0.04383000
0.87311000 0.74750000 0.44199000
0.56403000 0.72252000 0.29707000
0.58728000 0.73704000 0.48213000
0.95306000 0.59260000 0.49798000
0.64196000 0.74824000 0.12777000
0.52692000 0.56796000 0.60938000
0.66798000 0.54099000 0.96534000
0.64778000 0.57593000 0.68173000
0.62357000 0.68188000 0.70438000
0.71094000 0.64858000 0.65615000
0.82527000 0.69980000 0.60778000
0.99099000 0.73661000 0.74077000
0.81216000 0.62165000 0.98514000
0.75105000 0.62911000 0.92703000
0.83510000 0.60511000 0.77027000
0.97115000 0.56573000 0.75906000
0.75525000 0.61134000 0.82916000
0.72666000 0.71000000 0.59935000
0.56374000 0.55519000 0.52655000
0.55940000 0.67096000 0.59131000
0.54670000 0.67577000 0.88279000
0.59026000 0.51797000 0.81023000
0.62887000 0.59170000 0.85984000
0.94470000 0.50345000 0.75411000
0.67805000 0.52748000 0.58916000
0.86334000 0.71928000 0.51936000
0.99578000 0.61361000 0.95426000
0.79809000 0.54457000 0.67526000
0.75472000 0.64225000 0.53641000
0.86609000 0.68871000 0.69353000
0.77493000 0.50242000 0.89774000
0.81095000 0.68181000 0.89925000
0.64895000 0.58053000 0.76255000
0.50225000 0.50097000 0.77689000
0.95002000 0.68012000 0.96176000
0.67248000 0.52726000 0.87577000
0.56957000 0.60075000 0.91133000
0.68390000 0.69477000 0.53587000
0.85966000 0.53246000 0.61541000
0.87563000 0.64056000 0.61796000
0.53327000 0.69439000 0.99153000
0.61004000 0.69629000 0.93721000
0.69291000 0.62042000 0.87289000
0.71625000 0.56200000 0.77668000
0.51591000 0.56891000 0.79459000
0.99070000 0.62929000 0.75327000
0.77567000 0.59660000 0.61569000
0.64342000 0.69676000 0.80931000
0.78302000 0.64516000 0.66582000
0.93711000 0.59642000 0.65056000
0.91400000 0.61905000 0.75410000
0.55701000 0.66682000 0.73264000
0.66569000 0.67781000 0.89831000
0.64389000 0.61692000 0.53129000
0.84502000 0.54981000 0.88220000
0.70116000 0.67837000 0.76596000
0.75393000 0.72616000 0.67762000
0.75593000 0.55389000 0.96780000
0.51350000 0.63320000 0.64890000
0.88256000 0.61492000 0.96161000
0.83774000 0.62078000 0.85076000
0.94863000 0.67148000 0.79509000
0.61701000 0.65967000 0.63252000
0.85436000 0.59633000 0.55562000
0.83572000 0.55643000 0.97558000
0.66509000 0.50424000 0.72797000
0.58385000 0.60190000 0.64597000
0.75894000 0.60947000 0.73547000
0.94524000 0.72935000 0.63513000
0.52569000 0.74413000 0.79438000
0.90483000 0.72986000 0.90644000
0.61086000 0.54076000 0.60376000
0.94685000 0.67590000 0.68726000
0.87616000 0.68949000 0.83853000
0.90700000 0.55166000 0.79880000
0.75939000 0.69637000 0.81318000
0.59272000 0.52368000 0.70692000
0.92490000 0.63882000 0.55179000
0.93979000 0.56342000 0.57765000
0.91744000 0.53976000 0.50081000
0.69718000 0.74888000 0.72627000
0.69732000 0.61016000 0.97044000
0.70857000 0.59748000 0.57491000
0.57268000 0.60626000 0.76746000
0.80068000 0.69129000 0.99499000
0.87324000 0.67574000 0.98297000
0.92585000 0.62576000 0.86715000
0.96586000 0.50078000 0.57420000
0.87215000 0.58002000 0.67402000
0.56907000 0.68466000 0.80516000
0.57693000 0.53198000 0.94373000
0.82587000 0.68359000 0.77164000
0.99666000 0.60201000 0.82886000
0.78321000 0.72748000 0.52682000
0.93221000 0.54257000 0.90118000
0.90708000 0.50937000 0.68601000
0.73564000 0.70028000 0.92468000
0.83350000 0.53674000 0.76102000
0.76293000 0.51407000 0.79267000
0.92565000 0.73277000 0.72887000
0.93656000 0.57262000 0.98008000
0.61030000 0.67830000 0.50960000
0.92448000 0.72888000 0.81889000
0.52032000 0.52502000 0.69408000
0.60875000 0.74496000 0.98642000
0.88200000 0.50045000 0.92060000
0.52505000 0.95376000 0.09608000
0.70710000 0.81059000 0.04075000
0.83107000 0.93094000 0.17225000
0.51281000 0.90703000 0.03268000
0.74070000 0.84769000 0.40478000
0.62109000 0.83756000 0.05151000
0.96549000 0.90680000 0.07195000
0.78359000 0.84860000 0.03374000
0.86761000 0.97553000 0.34699000
0.91815000 0.85304000 0.46947000
0.58585000 0.86496000 0.40203000
0.58832000 0.86844000 0.12428000
0.97034000 0.95460000 0.13915000
0.50190000 0.93629000 0.27515000
0.80882000 0.92184000 0.07035000
0.57287000 0.84437000 0.48127000
0.63634000 0.93551000 0.17824000
0.54844000 0.79002000 0.03007000
0.79094000 0.75886000 0.29471000
0.77992000 0.95666000 0.33114000
0.72433000 0.81542000 0.21444000
0.88557000 0.90264000 0.44270000
0.78768000 0.77755000 0.05078000
0.76616000 0.84377000 0.14568000
0.88095000 0.95927000 0.10016000
0.89614000 0.84957000 0.03438000
0.98469000 0.92292000 0.42527000
0.60159000 0.78464000 0.41874000
0.79381000 0.88185000 0.48562000
0.56148000 0.81469000 0.29996000
0.99206000 0.80836000 0.10899000
0.83745000 0.90198000 0.35884000
0.92816000 0.98786000 0.04832000
0.56697000 0.95846000 0.16786000
0.91263000 0.78159000 0.17095000
0.76443000 0.91945000 0.42464000
0.61682000 0.86732000 0.32710000
0.99430000 0.96561000 0.22253000
0.97576000 0.75346000 0.22058000
0.65764000 0.83996000 0.12780000
0.84911000 0.75115000 0.11479000
0.93102000 0.93666000 0.36682000
0.96170000 0.93192000 0.28010000
0.72041000 0.79228000 0.34767000
0.86384000 0.82151000 0.09478000
0.74877000 0.78148000 0.12122000
0.54255000 0.95946000 0.34985000
0.96986000 0.85969000 0.41121000
0.85681000 0.81610000 0.45512000
0.94478000 0.79147000 0.37423000
0.51865000 0.78042000 0.47477000
0.57735000 0.89304000 0.04992000
0.79942000 0.83925000 0.25182000
0.73642000 0.91852000 0.23047000
0.75065000 0.85895000 0.30439000
0.59307000 0.93375000 0.42173000
0.51057000 0.82703000 0.18681000
0.75269000 0.99456000 0.23629000
0.79862000 0.94192000 0.25919000
0.68188000 0.90028000 0.10290000
0.51310000 0.87024000 0.28013000
0.51631000 0.90633000 0.44812000
0.65846000 0.80847000 0.32138000
0.90974000 0.85508000 0.37357000
0.97374000 0.89235000 0.20240000
0.93916000 0.75784000 0.09712000
0.87854000 0.91644000 0.02573000
0.71827000 0.96341000 0.08724000
0.93923000 0.86188000 0.12196000
0.50476000 0.79954000 0.38418000
0.57501000 0.90962000 0.29334000
0.66942000 0.99035000 0.01187000
0.94234000 0.84152000 0.26979000
0.84107000 0.75702000 0.35264000
0.60199000 0.75404000 0.34671000
0.68713000 0.82914000 0.46507000
0.83572000 0.85836000 0.16751000
0.54723000 0.81027000 0.11918000
0.90245000 0.95076000 0.17975000
0.89535000 0.85391000 0.20778000
0.82265000 0.82742000 0.36466000
0.62459000 0.99136000 0.45300000
0.76800000 0.96333000 0.15689000
0.60622000 0.97189000 0.31616000
0.67888000 0.95976000 0.25744000
0.71669000 0.93079000 0.33038000
0.65911000 0.87607000 0.22237000
0.74144000 0.90397000 0.14614000
0.77826000 0.81041000 0.46870000
0.63478000 0.77069000 0.22759000
0.57824000 0.80105000 0.19427000
0.86354000 0.88114000 0.26763000
0.73166000 0.92379000 0.01811000
0.66216000 0.88244000 0.40605000
0.85595000 0.78095000 0.21635000
0.56440000 0.98100000 0.48573000
0.61947000 0.94690000 0.03243000
0.79066000 0.99199000 0.43985000
0.94856000 0.78005000 0.48466000
0.68452000 0.97179000 0.39521000
0.96997000 0.80665000 0.02701000
0.86156000 0.80943000 0.28598000
0.50265000 0.93567000 0.18446000
0.80189000 0.96241000 0.01392000
0.67565000 0.75427000 0.49802000
0.90593000 0.97822000 0.77330000
0.56606000 0.83848000 0.57429000
0.60558000 0.92707000 0.62805000
0.83963000 0.86774000 0.94827000
0.74130000 0.89330000 0.67921000
0.70110000 0.94157000 0.79441000
0.53871000 0.75568000 0.87793000
0.79892000 0.90986000 0.57276000
0.70736000 0.76079000 0.84808000
0.66345000 0.87694000 0.67773000
0.72224000 0.77264000 0.95363000
0.52512000 0.89516000 0.53498000
0.50476000 0.93458000 0.81008000
0.96047000 0.76123000 0.95037000
0.95360000 0.88067000 0.56139000
0.66750000 0.95965000 0.72326000
0.51304000 0.91174000 0.64454000
0.57563000 0.88068000 0.74163000
0.83371000 0.99009000 0.77152000
0.88862000 0.83215000 0.58368000
0.63381000 0.80431000 0.67316000
0.50657000 0.88563000 0.72392000
0.89200000 0.96088000 0.62484000
0.56523000 0.79851000 0.95250000
0.79532000 0.79628000 0.56349000
0.56385000 0.91269000 0.85136000
0.73721000 0.86658000 0.95456000
0.77125000 0.79566000 0.86386000
0.63236000 0.76145000 0.60107000
0.76859000 0.94978000 0.77895000
0.83262000 0.75556000 0.88001000
0.62677000 0.89962000 0.91152000
0.89329000 0.88360000 0.89654000
0.87233000 0.78152000 0.52367000
0.51450000 0.82474000 0.52858000
0.96385000 0.81146000 0.86315000
0.65072000 0.86653000 0.58885000
0.96972000 0.93851000 0.83202000
0.59426000 0.90845000 0.54482000
0.70031000 0.76817000 0.57493000
0.90347000 0.82033000 0.75645000
0.85701000 0.94913000 0.71714000
0.63688000 0.91123000 0.75426000
0.82224000 0.96229000 0.64053000
0.87637000 0.80290000 0.67104000
0.82072000 0.77104000 0.77597000
0.55292000 0.95914000 0.96448000
0.77626000 0.85507000 0.62080000
0.66931000 0.91612000 0.97523000
0.94822000 0.95111000 0.50130000
0.88627000 0.77204000 0.99109000
0.54776000 0.82683000 0.78888000
0.83014000 0.95699000 0.86850000
0.92942000 0.76285000 0.57241000
0.56494000 0.88346000 0.93672000
0.94495000 0.88195000 0.96706000
0.55611000 0.84238000 0.66364000
0.80764000 0.81553000 0.67658000
0.82494000 0.88419000 0.78073000
0.63877000 0.79988000 0.93800000
0.72632000 0.82626000 0.57461000
0.63268000 0.96429000 0.81166000
0.76679000 0.88779000 0.74720000
0.65663000 0.84552000 0.87450000
0.60934000 0.81746000 0.82276000
0.86952000 0.83940000 0.81983000
0.75236000 0.98917000 0.55300000
0.56178000 0.94900000 0.75319000
0.74746000 0.93603000 0.50008000
0.59862000 0.98608000 0.69046000
0.95321000 0.81676000 0.64750000
0.71113000 0.81160000 0.66005000
0.90982000 0.91253000 0.82074000
0.93195000 0.90027000 0.64101000
0.99167000 0.98879000 0.65184000
0.72087000 0.92132000 0.91773000
0.65369000 0.83580000 0.74680000
0.87263000 0.80772000 0.88554000
0.66936000 0.98634000 0.92630000
0.50600000 0.85560000 0.85134000
0.52854000 0.78268000 0.71675000
0.64006000 0.89717000 0.82779000
0.86215000 0.89713000 0.62990000
0.75161000 0.97694000 0.68139000
0.73263000 0.82170000 0.78850000
0.68904000 0.94247000 0.59936000
0.74066000 0.98417000 0.96195000
0.62878000 0.76483000 0.75101000
0.78721000 0.91802000 0.94072000
0.76259000 0.88408000 0.84559000
0.81212000 0.76545000 0.97617000
0.89691000 0.95589000 0.91977000
0.94663000 0.87846000 0.74917000
0.97387000 0.96371000 0.75544000
0.69863000 0.89059000 0.52993000
0.75731000 0.98624000 0.85248000
0.65195000 0.96171000 0.52507000
0.99609000 0.81452000 0.75177000
0.92497000 0.95920000 0.69804000
0.83881000 0.94584000 0.51857000
0.66239000 0.85639000 0.97528000
0.54340000 0.75957000 0.62454000
0.50742000 0.99724000 0.90834000
0.58993000 0.75145000 0.67995000
0.80848000 0.75451000 0.64666000
0.99850000 0.86414000 0.84427000
0.62238000 0.79581000 0.50016000
