Simulation began at: 2022-12-02 20:44:03.099561

Box details:
	cell parameters = 52.79450 54.79430 45.19530
	cell volume = 130742.65416 Å^3
	Ca number density = 0.01239075

Lennard-Jones parameters set:
	eps = 0.00950718 eV
	sigma = 3.75849720 Å

Gaussian parameters set:
	eps = 0.03968365 eV
	H = -0.05979992 eV # See LAMMPS documentation
	r0 = 5.99124646 Å
	sigma = 0.60117255 Å

Gaussian (II) parameters set:
	eps = -0.03112717 eV
	H = 0.07261839 eV # See LAMMPS documentation
	r0 = 5.91965995 Å
	sigma = 0.93071570 Å

Performing Monte-Carlo simulation.
	Max moves = 8000000
	Max accepted moves = 4000000
	Temperature = 300 K
	Max translation = 0.1 Å
	Energy(start) = 778781728.28681 eV
	Number of cores = 48


Tracking simulation progress:
nmoves, naccept, nboltzmann, nhardspherereject, nreject | curr_e, hs_violations
-------------------------------------------------------------------------------
         0          0          0          0          0 | 778781728.28681386            -
     10000       5812        765          0       4188 | 88922.11679945            -
     20000      11646       1749          0       8354 | 2866.54449626            -
     30000      17678       2961          0      12322 | 258.06399872            -
     40000      23849       4412          0      16151 |  23.46599060            -
     50000      30218       6182          0      19782 |  11.93685107            -
     60000      36811       8170          0      23189 |   6.78288405            -
     70000      43749      10577          0      26251 |   0.86537077            -
     80000      50855      13185          0      29145 |   0.16257549            -
     90000      58171      16093          0      31829 |   0.08534799            -
    100000      65764      19351          0      34236 |   0.05706441            -
    110000      73601      22875          0      36399 |   0.04221306            -
    120000      81597      26470          0      38403 |   0.03224551            -
    130000      89705      30214          0      40295 |   0.02610668            -
    140000      97890      34110          0      42110 |   0.02267878            -
    150000     106175      38020          0      43825 |   0.01944095            -
    160000     114552      42028          0      45448 |   0.01654159            -
    170000     122945      46093          0      47055 |   0.01498755            -
    180000     131413      50140          0      48587 |   0.01280112            -
    190000     139922      54265          0      50078 |   0.01164113            -
    200000     148466      58457          0      51534 |   0.01047425            -
    210000     157009      62651          0      52991 |   0.00986381            -
    220000     165521      66872          0      54479 |   0.00928367            -
    230000     174096      71112          0      55904 |   0.00868849            -
    240000     182706      75414          0      57294 |   0.00870684            -
    250000     191257      79629          0      58743 |   0.00811518            -
    260000     199867      83851          0      60133 |   0.00718174            -
    270000     208445      88093          0      61555 |   0.00669215            -
    280000     217118      92418          0      62882 |   0.00686401            -
    290000     225783      96786          0      64217 |   0.00715497            -
    300000     234306     100973          0      65694 |   0.00671590            -
    310000     242903     105277          0      67097 |   0.00673972            -
    320000     251539     109467          0      68461 |   0.00638959            -
    330000     260254     113724          0      69746 |   0.00505107            -
    340000     268932     118025          0      71068 |   0.00430058            -
    350000     277612     122382          0      72388 |   0.00440434            -
    360000     286205     126757          0      73795 |   0.00482807            -
    370000     294892     131054          0      75108 |   0.00450052            -
    380000     303586     135360          0      76414 |   0.00377759            -
    390000     312320     139714          0      77680 |   0.00370095            -
    400000     321029     144043          0      78971 |   0.00342229            -
    410000     329700     148365          0      80300 |   0.00349334            -
    420000     338455     152796          0      81545 |   0.00388679            -
    430000     347173     157116          0      82827 |   0.00344806            -
    440000     355842     161356          0      84158 |   0.00288602            -
    450000     364563     165713          0      85437 |   0.00295390            -
    460000     373337     169988          0      86663 |   0.00250745            -
    470000     382066     174376          0      87934 |   0.00231759            -
    480000     390803     178668          0      89197 |   0.00205730            -
    490000     399551     183031          0      90449 |   0.00251479            -
    500000     408264     187404          0      91736 |   0.00200629            -
    510000     417012     191823          0      92988 |   0.00216269            -
    520000     425752     196084          0      94248 |   0.00139273            -
    530000     434528     200422          0      95472 |   0.00143903            -
    540000     443289     204817          0      96711 |   0.00146789            -
    550000     452028     209214          0      97972 |   0.00126114            -
    560000     460819     213619          0      99181 |   0.00148754            -
    570000     469532     217981          0     100468 |   0.00179761            -
    580000     478280     222277          0     101720 |   0.00080329            -
    590000     487003     226639          0     102997 |   0.00132061            -
    600000     495770     231022          0     104230 |   0.00116163            -
    610000     504566     235450          0     105434 |   0.00162342            -
    620000     513247     239804          0     106753 |   0.00141679            -
    630000     521941     244170          0     108059 |   0.00137088            -
    640000     530708     248515          0     109292 |   0.00090793            -
    650000     539465     252896          0     110535 |   0.00123531            -
    660000     548208     257301          0     111792 |   0.00162649            -
    670000     556979     261615          0     113021 |   0.00143492            -
    680000     565722     265899          0     114278 |   0.00062145            -
    690000     574525     270269          0     115475 |   0.00040043            -
    700000     583272     274637          0     116728 |   0.00048330            -
    710000     592035     279019          0     117965 |   0.00061256            -
    720000     600817     283418          0     119183 |   0.00081549            -
    730000     609618     287708          0     120382 |   0.00001645            -
    740000     618459     292095          0     121541 |  -0.00018548            -
    750000     627219     296471          0     122781 |  -0.00032538            -
    760000     636004     300905          0     123996 |   0.00018759            -
    770000     644759     305175          0     125241 |  -0.00044947            -
    780000     653560     309590          0     126440 |  -0.00037886            -
    790000     662296     313979          0     127704 |   0.00001070            -
    800000     671107     318298          0     128893 |  -0.00066179            -
    810000     679850     322711          0     130150 |  -0.00074722            -
    820000     688571     327097          0     131429 |  -0.00009885            -
    830000     697317     331461          0     132683 |  -0.00032184            -
    840000     706163     335826          0     133837 |  -0.00117088            -
    850000     714943     340210          0     135057 |  -0.00081506            -
    860000     723753     344600          0     136247 |  -0.00089374            -
    870000     732514     349012          0     137486 |  -0.00042467            -
    880000     741299     353400          0     138701 |   0.00003608            -
    890000     750095     357663          0     139905 |  -0.00059582            -
    900000     758895     362081          0     141105 |  -0.00030532            -
    910000     767687     366497          0     142313 |  -0.00031553            -
    920000     776462     370771          0     143538 |  -0.00105135            -
    930000     785241     375157          0     144759 |  -0.00116888            -
    940000     794042     379583          0     145958 |  -0.00102185            -
    950000     802842     383991          0     147158 |  -0.00071793            -
    960000     811662     388409          0     148338 |  -0.00089882            -
    970000     820451     392860          0     149549 |  -0.00030132            -
    980000     829229     397255          0     150771 |  -0.00023561            -
    990000     837995     401589          0     152005 |  -0.00045735            -
   1000000     846768     405970          0     153232 |  -0.00030965            -
   1010000     855544     410313          0     154456 |  -0.00096474            -
   1020000     864327     414704          0     155673 |  -0.00051438            -
   1030000     873062     419056          0     156938 |  -0.00074515            -
   1040000     881792     423476          0     158208 |  -0.00041848            -
   1050000     890523     427780          0     159477 |  -0.00052962            -
   1060000     899283     432250          0     160717 |  -0.00052585            -
   1070000     908059     436652          0     161941 |  -0.00039553            -
   1080000     916839     440990          0     163161 |  -0.00143540            -
   1090000     925683     445397          0     164317 |  -0.00114338            -
   1100000     934458     449779          0     165542 |  -0.00101285            -
   1110000     943226     454164          0     166774 |  -0.00076797            -
   1120000     952033     458570          0     167967 |  -0.00126559            -
   1130000     960874     463057          0     169126 |  -0.00118534            -
   1140000     969653     467478          0     170347 |  -0.00081663            -
   1150000     978445     471977          0     171555 |  -0.00055075            -
   1160000     987264     476429          0     172736 |   0.00000231            -
   1170000     996098     480848          0     173902 |   0.00024191            -
   1180000    1004908     485227          0     175092 |  -0.00038609            -
   1190000    1013669     489555          0     176331 |  -0.00037486            -
   1200000    1022517     493926          0     177483 |  -0.00093027            -
   1210000    1031360     498335          0     178640 |  -0.00112661            -
   1220000    1040179     502754          0     179821 |  -0.00095935            -
   1230000    1048975     507072          0     181025 |  -0.00132734            -
   1240000    1057821     511506          0     182179 |  -0.00121123            -
   1250000    1066682     515913          0     183318 |  -0.00112917            -
   1260000    1075517     520344          0     184483 |  -0.00112614            -
   1270000    1084273     524769          0     185727 |  -0.00083922            -
   1280000    1093115     529137          0     186885 |  -0.00080532            -
   1290000    1102014     533588          0     187986 |  -0.00116017            -
   1300000    1110807     538009          0     189193 |  -0.00093200            -
   1310000    1119619     542403          0     190381 |  -0.00100753            -
   1320000    1128513     546861          0     191487 |  -0.00091141            -
   1330000    1137338     551299          0     192662 |  -0.00090464            -
   1340000    1146205     555711          0     193795 |  -0.00113085            -
   1350000    1154996     560100          0     195004 |  -0.00109379            -
   1360000    1163783     564466          0     196217 |  -0.00139314            -
   1370000    1172647     568906          0     197353 |  -0.00095948            -
   1380000    1181501     573366          0     198499 |  -0.00100248            -
   1390000    1190332     577738          0     199668 |  -0.00147638            -
   1400000    1199221     582176          0     200779 |  -0.00132915            -
   1410000    1208043     586513          0     201957 |  -0.00135712            -
   1420000    1216876     590929          0     203124 |  -0.00153098            -
   1430000    1225677     595358          0     204323 |  -0.00140049            -
   1440000    1234537     599869          0     205463 |  -0.00067733            -
   1450000    1243413     604264          0     206587 |  -0.00139757            -
   1460000    1252274     608727          0     207726 |  -0.00108085            -
   1470000    1261084     613192          0     208916 |  -0.00098519            -
   1480000    1269921     617640          0     210079 |  -0.00078925            -
   1490000    1278720     622013          0     211280 |  -0.00100795            -
   1500000    1287554     626478          0     212446 |  -0.00082418            -
   1510000    1296346     630890          0     213654 |  -0.00115736            -
   1520000    1305179     635328          0     214821 |  -0.00096909            -
   1530000    1314021     639755          0     215979 |  -0.00099722            -
   1540000    1322836     644106          0     217164 |  -0.00164933            -
   1550000    1331659     648569          0     218341 |  -0.00125676            -
   1560000    1340500     652921          0     219500 |  -0.00158895            -
   1570000    1349278     657334          0     220722 |  -0.00156347            -
   1580000    1358138     661805          0     221862 |  -0.00148181            -
   1590000    1366968     666185          0     223032 |  -0.00164767            -
   1600000    1375774     670559          0     224226 |  -0.00231511            -
   1610000    1384627     674970          0     225373 |  -0.00247051            -
   1620000    1393545     679424          0     226455 |  -0.00237405            -
   1630000    1402395     683888          0     227605 |  -0.00223222            -
   1640000    1411238     688330          0     228762 |  -0.00170404            -
   1650000    1420182     692730          0     229818 |  -0.00254440            -
   1660000    1429136     697237          0     230864 |  -0.00265466            -
   1670000    1437983     701655          0     232017 |  -0.00218887            -
   1680000    1446828     706135          0     233172 |  -0.00168594            -
   1690000    1455687     710574          0     234313 |  -0.00184544            -
   1700000    1464528     714994          0     235472 |  -0.00175626            -
   1710000    1473386     719395          0     236614 |  -0.00124286            -
   1720000    1482207     723749          0     237793 |  -0.00126311            -
   1730000    1490963     728069          0     239037 |  -0.00152891            -
   1740000    1499768     732430          0     240232 |  -0.00200081            -
   1750000    1508634     736904          0     241366 |  -0.00186120            -
   1760000    1517460     741330          0     242540 |  -0.00169493            -
   1770000    1526326     745776          0     243674 |  -0.00151309            -
   1780000    1535146     750133          0     244854 |  -0.00236344            -
   1790000    1543961     754480          0     246039 |  -0.00307655            -
   1800000    1552851     758935          0     247149 |  -0.00325187            -
   1810000    1561743     763443          0     248257 |  -0.00288965            -
   1820000    1570589     767807          0     249411 |  -0.00282866            -
   1830000    1579388     772215          0     250612 |  -0.00218215            -
   1840000    1588222     776682          0     251778 |  -0.00181297            -
   1850000    1597042     781055          0     252958 |  -0.00223466            -
   1860000    1605897     785461          0     254103 |  -0.00219585            -
   1870000    1614727     789889          0     255273 |  -0.00202970            -
   1880000    1623528     794247          0     256472 |  -0.00203142            -
   1890000    1632323     798663          0     257677 |  -0.00210706            -
   1900000    1641163     803090          0     258837 |  -0.00236904            -
   1910000    1650015     807608          0     259985 |  -0.00209257            -
   1920000    1658836     811974          0     261164 |  -0.00244971            -
   1930000    1667741     816409          0     262259 |  -0.00245235            -
   1940000    1676604     820791          0     263396 |  -0.00232425            -
   1950000    1685439     825252          0     264561 |  -0.00228305            -
   1960000    1694318     829744          0     265682 |  -0.00189532            -
   1970000    1703101     834113          0     266899 |  -0.00196551            -
   1980000    1711853     838511          0     268147 |  -0.00181357            -
   1990000    1720717     842842          0     269283 |  -0.00236370            -
   2000000    1729552     847246          0     270448 |  -0.00233728            -
   2010000    1738394     851651          0     271606 |  -0.00215679            -
   2020000    1747170     856034          0     272830 |  -0.00211284            -
   2030000    1756023     860475          0     273977 |  -0.00195295            -
   2040000    1764857     864880          0     275143 |  -0.00225182            -
   2050000    1773721     869275          0     276279 |  -0.00252038            -
   2060000    1782558     873787          0     277442 |  -0.00177093            -
   2070000    1791392     878193          0     278608 |  -0.00248253            -
   2080000    1800212     882688          0     279788 |  -0.00185403            -
   2090000    1809016     887087          0     280984 |  -0.00203798            -
   2100000    1817882     891575          0     282118 |  -0.00185833            -
   2110000    1826700     895983          0     283300 |  -0.00220602            -
   2120000    1835538     900386          0     284462 |  -0.00247180            -
   2130000    1844409     904800          0     285591 |  -0.00280273            -
   2140000    1853221     909198          0     286779 |  -0.00292452            -
   2150000    1862091     913625          0     287909 |  -0.00275647            -
   2160000    1870902     918051          0     289098 |  -0.00223262            -
   2170000    1879713     922487          0     290287 |  -0.00168979            -
   2180000    1888518     926911          0     291482 |  -0.00130990            -
   2190000    1897383     931363          0     292617 |  -0.00121633            -
   2200000    1906179     935731          0     293821 |  -0.00140421            -
   2210000    1915033     940175          0     294967 |  -0.00149178            -
   2220000    1923819     944538          0     296181 |  -0.00219586            -
   2230000    1932599     948979          0     297401 |  -0.00225059            -
   2240000    1941420     953358          0     298580 |  -0.00258774            -
   2250000    1950273     957722          0     299727 |  -0.00304533            -
   2260000    1959125     962180          0     300875 |  -0.00273043            -
   2270000    1968031     966688          0     301969 |  -0.00218269            -
   2280000    1976875     971180          0     303125 |  -0.00209360            -
   2290000    1985742     975660          0     304258 |  -0.00173636            -
   2300000    1994568     980107          0     305432 |  -0.00171080            -
   2310000    2003420     984562          0     306580 |  -0.00166838            -
   2320000    2012287     989076          0     307713 |  -0.00131498            -
   2330000    2021093     993475          0     308907 |  -0.00162534            -
   2340000    2029855     997893          0     310145 |  -0.00129380            -
   2350000    2038674    1002320          0     311326 |  -0.00125623            -
   2360000    2047508    1006718          0     312492 |  -0.00185883            -
   2370000    2056390    1011145          0     313610 |  -0.00191268            -
   2380000    2065240    1015568          0     314760 |  -0.00206566            -
   2390000    2074045    1020010          0     315955 |  -0.00174924            -
   2400000    2082866    1024408          0     317134 |  -0.00164394            -
   2410000    2091707    1028747          0     318293 |  -0.00197683            -
   2420000    2100516    1033155          0     319484 |  -0.00153946            -
   2430000    2109360    1037597          0     320640 |  -0.00121531            -
   2440000    2118198    1042040          0     321802 |  -0.00093009            -
   2450000    2127011    1046488          0     322989 |  -0.00055492            -
   2460000    2135810    1050870          0     324190 |  -0.00084733            -
   2470000    2144602    1055310          0     325398 |  -0.00091829            -
   2480000    2153421    1059661          0     326579 |  -0.00124866            -
   2490000    2162270    1064052          0     327730 |  -0.00164544            -
   2500000    2171150    1068534          0     328850 |  -0.00162021            -
   2510000    2180036    1072969          0     329964 |  -0.00167038            -
   2520000    2188872    1077335          0     331128 |  -0.00179135            -
   2530000    2197691    1081733          0     332309 |  -0.00144077            -
   2540000    2206528    1086190          0     333472 |  -0.00127324            -
   2550000    2215373    1090603          0     334627 |  -0.00091066            -
   2560000    2224232    1094894          0     335768 |  -0.00189536            -
   2570000    2233061    1099274          0     336939 |  -0.00243073            -
   2580000    2241923    1103750          0     338077 |  -0.00229709            -
   2590000    2250775    1108066          0     339225 |  -0.00300332            -
   2600000    2259639    1112463          0     340361 |  -0.00321789            -
   2610000    2268463    1116846          0     341537 |  -0.00280872            -
   2620000    2277302    1121291          0     342698 |  -0.00228792            -
   2630000    2286142    1125650          0     343858 |  -0.00251268            -
   2640000    2294959    1130026          0     345041 |  -0.00245637            -
   2650000    2303800    1134483          0     346200 |  -0.00250467            -
   2660000    2312642    1138919          0     347358 |  -0.00249523            -
   2670000    2321474    1143308          0     348526 |  -0.00291738            -
   2680000    2330306    1147750          0     349694 |  -0.00298916            -
   2690000    2339137    1152114          0     350863 |  -0.00244224            -
   2700000    2348001    1156534          0     351999 |  -0.00274165            -
   2710000    2356811    1160874          0     353189 |  -0.00287709            -
   2720000    2365613    1165357          0     354387 |  -0.00259892            -
   2730000    2374402    1169709          0     355598 |  -0.00303953            -
   2740000    2383215    1174167          0     356785 |  -0.00288078            -
   2750000    2392036    1178602          0     357964 |  -0.00308714            -
   2760000    2400875    1182953          0     359125 |  -0.00319585            -
   2770000    2409730    1187402          0     360270 |  -0.00287442            -
   2780000    2418529    1191763          0     361471 |  -0.00308720            -
   2790000    2427287    1196107          0     362713 |  -0.00299779            -
   2800000    2436053    1200508          0     363947 |  -0.00321951            -
   2810000    2444826    1204966          0     365174 |  -0.00292704            -
   2820000    2453579    1209415          0     366421 |  -0.00207242            -
   2830000    2462386    1213811          0     367614 |  -0.00236549            -
   2840000    2471231    1218221          0     368769 |  -0.00238657            -
   2850000    2480048    1222574          0     369952 |  -0.00257745            -
   2860000    2488862    1226902          0     371138 |  -0.00286284            -
   2870000    2497657    1231294          0     372343 |  -0.00301001            -
   2880000    2506506    1235750          0     373494 |  -0.00223418            -
   2890000    2515359    1240192          0     374641 |  -0.00235855            -
   2900000    2524213    1244644          0     375787 |  -0.00270757            -
   2910000    2533033    1249019          0     376967 |  -0.00260174            -
   2920000    2541810    1253373          0     378190 |  -0.00255563            -
   2930000    2550673    1257888          0     379327 |  -0.00197716            -
   2940000    2559419    1262235          0     380581 |  -0.00231599            -
   2950000    2568278    1266657          0     381722 |  -0.00264352            -
   2960000    2577112    1271117          0     382888 |  -0.00259514            -
   2970000    2585907    1275521          0     384093 |  -0.00260849            -
   2980000    2594736    1279866          0     385264 |  -0.00284856            -
   2990000    2603562    1284287          0     386438 |  -0.00305547            -
   3000000    2612359    1288712          0     387641 |  -0.00256402            -
   3010000    2621135    1293066          0     388865 |  -0.00267919            -
   3020000    2629887    1297403          0     390113 |  -0.00258279            -
   3030000    2638777    1301942          0     391223 |  -0.00232592            -
   3040000    2647607    1306257          0     392393 |  -0.00272695            -
   3050000    2656437    1310672          0     393563 |  -0.00274472            -
   3060000    2665272    1315028          0     394728 |  -0.00285247            -
   3070000    2674112    1319457          0     395888 |  -0.00287166            -
   3080000    2682924    1323851          0     397076 |  -0.00288479            -
   3090000    2691766    1328306          0     398234 |  -0.00231961            -
   3100000    2700573    1332731          0     399427 |  -0.00175657            -
   3110000    2709391    1337074          0     400609 |  -0.00251894            -
   3120000    2718219    1341435          0     401781 |  -0.00285140            -
   3130000    2727048    1345806          0     402952 |  -0.00297588            -
   3140000    2735852    1350229          0     404148 |  -0.00282974            -
   3150000    2744686    1354643          0     405314 |  -0.00255070            -
   3160000    2753507    1359075          0     406493 |  -0.00239158            -
   3170000    2762286    1363487          0     407714 |  -0.00190778            -
   3180000    2771051    1367826          0     408949 |  -0.00230399            -
   3190000    2779884    1372195          0     410116 |  -0.00287603            -
   3200000    2788718    1376682          0     411282 |  -0.00250914            -
   3210000    2797537    1381069          0     412463 |  -0.00296238            -
   3220000    2806376    1385530          0     413624 |  -0.00270526            -
   3230000    2815239    1389953          0     414761 |  -0.00220605            -
   3240000    2823961    1394258          0     416039 |  -0.00218577            -
   3250000    2832771    1398657          0     417229 |  -0.00306047            -
   3260000    2841626    1403147          0     418374 |  -0.00250177            -
   3270000    2850468    1407578          0     419532 |  -0.00232172            -
   3280000    2859299    1412003          0     420701 |  -0.00266961            -
   3290000    2868136    1416411          0     421864 |  -0.00292161            -
   3300000    2876958    1420779          0     423042 |  -0.00310690            -
   3310000    2885819    1425187          0     424181 |  -0.00326808            -
   3320000    2894646    1429632          0     425354 |  -0.00263247            -
   3330000    2903438    1434068          0     426562 |  -0.00248276            -
   3340000    2912230    1438401          0     427770 |  -0.00307250            -
   3350000    2921017    1442805          0     428983 |  -0.00281215            -
   3360000    2929799    1447192          0     430201 |  -0.00278281            -
   3370000    2938690    1451586          0     431310 |  -0.00346951            -
   3380000    2947560    1456064          0     432440 |  -0.00297919            -
   3390000    2956425    1460534          0     433575 |  -0.00315840            -
   3400000    2965310    1464972          0     434690 |  -0.00338472            -
   3410000    2974144    1469474          0     435856 |  -0.00247081            -
   3420000    2983012    1473866          0     436988 |  -0.00278478            -
   3430000    2991887    1478328          0     438113 |  -0.00267750            -
   3440000    3000763    1482809          0     439237 |  -0.00240880            -
   3450000    3009557    1487236          0     440443 |  -0.00213281            -
   3460000    3018400    1491621          0     441600 |  -0.00218549            -
   3470000    3027216    1496020          0     442784 |  -0.00244568            -
   3480000    3036072    1500412          0     443928 |  -0.00302710            -
   3490000    3044931    1504865          0     445069 |  -0.00232087            -
   3500000    3053740    1509310          0     446260 |  -0.00247157            -
   3510000    3062578    1513672          0     447422 |  -0.00305646            -
   3520000    3071461    1518077          0     448539 |  -0.00336838            -
   3530000    3080331    1522487          0     449669 |  -0.00357421            -
   3540000    3089204    1526968          0     450796 |  -0.00273545            -
   3550000    3098093    1531408          0     451907 |  -0.00265478            -
   3560000    3106996    1535899          0     453004 |  -0.00255855            -
   3570000    3115897    1540417          0     454103 |  -0.00207776            -
   3580000    3124715    1544819          0     455285 |  -0.00189397            -
   3590000    3133563    1549138          0     456437 |  -0.00237280            -
   3600000    3142416    1553551          0     457584 |  -0.00246674            -
   3610000    3151175    1557927          0     458825 |  -0.00260997            -
   3620000    3159938    1562325          0     460062 |  -0.00274452            -
   3630000    3168705    1566721          0     461295 |  -0.00291576            -
   3640000    3177506    1571133          0     462494 |  -0.00280390            -
   3650000    3186335    1575487          0     463665 |  -0.00343982            -
   3660000    3195113    1579915          0     464887 |  -0.00327529            -
   3670000    3203986    1584341          0     466014 |  -0.00373671            -
   3680000    3212798    1588808          0     467202 |  -0.00338738            -
   3690000    3221633    1593288          0     468367 |  -0.00309172            -
   3700000    3230498    1597717          0     469502 |  -0.00237334            -
   3710000    3239329    1602181          0     470671 |  -0.00235162            -
   3720000    3248165    1606585          0     471835 |  -0.00284259            -
   3730000    3256979    1610972          0     473021 |  -0.00290849            -
   3740000    3265832    1615502          0     474168 |  -0.00263048            -
   3750000    3274657    1619941          0     475343 |  -0.00242535            -
   3760000    3283474    1624359          0     476526 |  -0.00235827            -
   3770000    3292335    1628760          0     477665 |  -0.00259413            -
   3780000    3301122    1633058          0     478878 |  -0.00285412            -
   3790000    3309933    1637499          0     480067 |  -0.00204417            -
   3800000    3318795    1641898          0     481205 |  -0.00255472            -
   3810000    3327619    1646315          0     482381 |  -0.00313599            -
   3820000    3336446    1650787          0     483554 |  -0.00238940            -
   3830000    3345313    1655209          0     484687 |  -0.00287236            -
   3840000    3354138    1659600          0     485862 |  -0.00286639            -
   3850000    3362936    1663960          0     487064 |  -0.00351147            -
   3860000    3371758    1668361          0     488242 |  -0.00348572            -
   3870000    3380618    1672738          0     489382 |  -0.00384342            -
   3880000    3389434    1677210          0     490566 |  -0.00347478            -
   3890000    3398221    1681592          0     491779 |  -0.00320002            -
   3900000    3406987    1686065          0     493013 |  -0.00253613            -
   3910000    3415825    1690491          0     494175 |  -0.00298217            -
   3920000    3424734    1694888          0     495266 |  -0.00309278            -
   3930000    3433593    1699284          0     496407 |  -0.00343101            -
   3940000    3442459    1703689          0     497541 |  -0.00382321            -
   3950000    3451253    1708076          0     498747 |  -0.00355757            -
   3960000    3460086    1712415          0     499914 |  -0.00375225            -
   3970000    3468993    1716859          0     501007 |  -0.00335625            -
   3980000    3477731    1721313          0     502269 |  -0.00271661            -
   3990000    3486561    1725675          0     503439 |  -0.00248855            -
   4000000    3495387    1730009          0     504613 |  -0.00326659            -
   4010000    3504238    1734427          0     505762 |  -0.00296827            -
   4020000    3513068    1738793          0     506932 |  -0.00345230            -
   4030000    3521883    1743136          0     508117 |  -0.00396087            -
   4040000    3530696    1747557          0     509304 |  -0.00361123            -
   4050000    3539533    1751952          0     510467 |  -0.00353404            -
   4060000    3548393    1756434          0     511607 |  -0.00302105            -
   4070000    3557211    1760870          0     512789 |  -0.00290379            -
   4080000    3565971    1765243          0     514029 |  -0.00316053            -
   4090000    3574781    1769658          0     515219 |  -0.00300077            -
   4100000    3583574    1774003          0     516426 |  -0.00339701            -
   4110000    3592460    1778489          0     517540 |  -0.00287663            -
   4120000    3601262    1782930          0     518738 |  -0.00327105            -
   4130000    3610078    1787315          0     519922 |  -0.00315214            -
   4140000    3618874    1791665          0     521126 |  -0.00357064            -
   4150000    3627684    1796036          0     522316 |  -0.00360454            -
   4160000    3636533    1800498          0     523467 |  -0.00378285            -
   4170000    3645426    1804975          0     524574 |  -0.00353395            -
   4180000    3654243    1809463          0     525757 |  -0.00338898            -
   4190000    3663089    1813958          0     526911 |  -0.00353958            -
   4200000    3671961    1818423          0     528039 |  -0.00319410            -
   4210000    3680852    1822855          0     529148 |  -0.00343042            -
   4220000    3689725    1827276          0     530275 |  -0.00365894            -
   4230000    3698615    1831710          0     531385 |  -0.00295182            -
   4240000    3707458    1836181          0     532542 |  -0.00317763            -
   4250000    3716294    1840567          0     533706 |  -0.00309692            -
   4260000    3725114    1844960          0     534886 |  -0.00282356            -
   4270000    3733866    1849373          0     536134 |  -0.00298889            -
   4280000    3742720    1853830          0     537280 |  -0.00254701            -
   4290000    3751529    1858259          0     538471 |  -0.00283670            -
   4300000    3760377    1862730          0     539623 |  -0.00210666            -
   4310000    3769129    1867074          0     540871 |  -0.00281342            -
   4320000    3778019    1871489          0     541981 |  -0.00323892            -
   4330000    3786941    1875949          0     543059 |  -0.00271593            -
   4340000    3795751    1880283          0     544249 |  -0.00300748            -
   4350000    3804619    1884797          0     545381 |  -0.00233566            -
   4360000    3813442    1889197          0     546558 |  -0.00272802            -
   4370000    3822241    1893620          0     547759 |  -0.00242636            -
   4380000    3831067    1897988          0     548933 |  -0.00319166            -
   4390000    3839841    1902444          0     550159 |  -0.00240188            -
   4400000    3848670    1906878          0     551330 |  -0.00290841            -
   4410000    3857495    1911303          0     552505 |  -0.00243179            -
   4420000    3866295    1915729          0     553705 |  -0.00219366            -
   4430000    3875120    1920096          0     554880 |  -0.00248519            -
   4440000    3883978    1924444          0     556022 |  -0.00304970            -
   4450000    3892875    1928930          0     557125 |  -0.00283370            -
   4460000    3901680    1933314          0     558320 |  -0.00325747            -
   4470000    3910486    1937801          0     559514 |  -0.00237220            -
   4480000    3919355    1942215          0     560645 |  -0.00294004            -
   4490000    3928180    1946595          0     561820 |  -0.00286858            -
   4500000    3936933    1950938          0     563067 |  -0.00287674            -
   4510000    3945775    1955374          0     564225 |  -0.00299953            -
   4520000    3954609    1959705          0     565391 |  -0.00342836            -
   4530000    3963406    1964065          0     566594 |  -0.00368973            -
   4540000    3972271    1968574          0     567729 |  -0.00360877            -
   4550000    3981146    1973003          0     568854 |  -0.00341072            -
   4560000    3989954    1977400          0     570046 |  -0.00325891            -
   4570000    3998794    1981907          0     571206 |  -0.00258180            -
   4571349    4000000    1982505          0     571349 |  -0.00275510            -


Monte Carlo simulation results:
	Total accepted moves = 4000000
	E_start, E_last, E_diff = 778781728.28681, -0.00276, -778781728.28957 eV

Simulation ended at: 2022-12-03 06:06:32.395970
Elapsed time = 9:22:29.296409

