1 18
1 74
1 79
1 87
1 88
1 660
2 13
2 17
2 41
2 86
2 89
2 681
3 34
3 76
4 33
4 62
4 68
4 69
4 80
4 296
5 13
5 62
5 69
5 73
5 80
5 85
5 87
5 99
6 20
6 28
6 40
6 58
6 66
6 72
6 88
7 21
7 53
7 60
7 98
7 887
7 890
7 909
8 32
8 38
8 60
8 132
8 176
8 201
8 655
9 25
9 45
9 96
9 109
9 124
9 247
9 263
10 16
10 71
10 158
10 175
10 198
11 18
11 25
11 31
11 35
11 36
11 41
11 88
12 30
12 64
12 67
12 94
12 108
12 131
12 261
12 1037
13 73
13 89
13 99
13 659
14 54
14 69
14 85
14 147
14 167
15 31
15 50
15 141
15 173
16 23
16 58
16 63
16 74
16 130
17 55
17 89
17 834
17 859
17 900
17 1515
18 33
18 36
18 52
18 73
18 88
19 54
19 59
19 81
19 85
19 901
19 903
20 26
20 27
20 42
20 53
20 58
20 72
20 84
21 38
21 51
21 60
21 885
21 909
22 30
22 55
22 65
22 70
22 82
22 95
23 34
23 74
23 130
24 49
24 70
24 75
24 93
24 837
24 844
24 883
25 36
25 39
25 50
25 96
26 42
26 216
26 244
26 245
26 250
26 294
27 29
27 40
27 77
27 84
27 92
27 843
27 882
28 43
28 56
28 66
28 696
29 63
29 84
29 90
29 91
29 902
30 67
30 108
30 125
30 131
31 50
31 645
31 701
32 66
32 88
32 655
32 662
33 36
33 45
33 82
34 57
34 133
34 158
34 167
35 41
35 619
35 660
35 662
35 692
35 701
36 45
36 65
36 82
37 39
37 60
37 61
37 124
37 157
37 176
38 51
38 60
38 111
38 176
38 201
39 42
39 52
39 60
39 88
40 44
40 56
40 58
40 77
40 92
41 73
41 701
42 52
42 53
42 61
42 250
43 66
43 77
43 613
43 688
43 696
43 1425
44 48
44 63
44 90
44 92
44 886
44 891
44 1494
45 65
45 224
45 263
46 55
46 86
46 125
46 200
46 834
46 968
46 1440
47 49
47 89
47 812
47 840
47 883
47 900
47 903
48 56
48 63
48 121
48 130
48 648
49 70
49 883
49 900
50 100
50 141
50 157
51 66
51 655
51 905
53 72
53 843
54 85
54 147
54 685
54 721
55 86
55 200
56 74
56 79
56 648
56 696
57 83
57 101
57 133
57 150
57 304
58 74
58 76
58 84
59 78
59 81
59 110
59 203
59 901
59 986
60 176
61 98
61 239
61 247
61 250
62 69
62 80
62 81
63 90
63 106
63 130
64 65
64 96
64 131
64 261
64 263
64 305
64 397
65 95
65 261
65 263
66 72
66 88
67 70
67 94
67 108
67 864
67 872
67 1104
68 83
68 240
68 252
68 296
69 80
70 94
70 95
70 837
71 76
71 84
71 97
71 230
71 246
73 80
73 82
74 79
75 82
75 95
75 219
76 84
76 245
77 92
77 613
77 885
77 891
77 906
78 93
78 110
78 203
78 213
78 838
78 965
79 697
79 698
80 87
81 93
81 840
81 903
82 95
83 101
83 213
83 240
84 294
85 87
85 99
85 685
86 200
86 608
86 651
86 1440
87 659
87 660
87 685
88 662
89 99
89 636
89 681
89 900
89 1489
89 1515
90 92
90 862
90 866
90 902
91 97
91 265
91 833
91 882
91 1076
92 862
92 866
92 891
92 906
93 240
93 270
93 844
94 95
94 898
94 1037
95 261
96 109
96 157
96 177
97 159
97 230
97 396
98 217
98 317
99 659
99 678
100 137
100 141
100 157
100 177
100 182
101 115
101 150
101 203
101 213
101 304
101 376
102 117
102 146
102 169
102 173
102 200
102 711
102 724
103 105
103 112
103 752
103 754
103 919
103 923
103 1000
103 1607
104 117
104 128
104 146
104 178
104 191
105 107
105 112
105 118
105 139
105 156
105 162
105 179
105 185
105 1000
106 175
106 184
106 957
107 123
107 152
107 156
107 163
107 170
107 174
107 185
108 131
108 195
108 341
108 872
108 992
108 1104
108 1184
109 124
109 164
109 177
109 183
109 214
109 243
109 305
109 330
110 115
110 135
110 203
110 965
110 986
111 118
111 129
111 154
111 176
111 909
111 912
111 966
112 118
112 129
112 132
112 156
112 170
113 120
113 128
113 144
113 148
113 195
113 196
113 356
113 383
114 136
114 149
114 698
114 703
114 748
115 135
115 150
115 151
115 160
115 190
115 203
116 136
116 138
116 149
116 151
116 158
116 167
116 189
116 193
117 146
117 148
117 165
117 169
117 186
117 191
118 129
118 154
118 179
118 1000
119 123
119 149
119 161
119 186
119 189
119 202
119 746
120 128
120 140
120 166
120 197
120 383
120 951
121 199
121 722
121 785
121 804
121 886
121 1586
122 134
122 164
122 194
122 196
122 330
122 356
122 371
123 163
123 174
123 181
123 189
123 202
123 801
124 157
124 183
124 243
124 247
125 146
125 178
125 864
125 968
126 134
126 193
126 194
126 196
126 357
126 361
126 389
127 147
127 149
127 151
127 161
127 190
128 178
128 191
129 132
129 176
129 201
129 923
130 175
130 184
130 199
131 195
131 305
132 156
132 176
132 182
132 201
132 744
133 150
133 187
133 209
133 304
133 328
134 166
134 186
134 189
134 194
134 196
135 197
135 376
135 951
135 965
136 149
136 174
136 184
136 199
136 202
136 748
136 772
137 156
137 163
137 165
137 177
137 181
137 182
138 153
138 158
138 163
138 174
138 180
138 189
138 193
139 162
139 179
139 378
140 166
140 357
140 389
141 165
141 173
141 177
142 143
142 159
142 192
142 315
142 999
143 153
143 162
143 185
143 192
143 999
144 178
144 195
144 370
144 383
144 921
144 1126
144 1140
145 179
145 180
145 183
145 194
145 312
145 371
145 378
146 148
146 178
147 167
147 190
147 203
148 164
148 165
148 195
149 161
149 202
150 151
150 304
150 357
151 160
151 166
152 170
152 174
152 185
152 752
153 174
153 175
153 180
153 184
153 185
154 188
154 317
154 909
154 913
154 966
155 165
155 173
155 181
155 783
156 163
156 170
156 179
156 181
156 182
157 177
157 182
158 167
158 175
158 187
159 192
159 396
159 902
159 972
160 166
160 171
160 191
160 1009
161 171
161 734
161 803
162 185
162 988
162 1000
162 1007
163 181
163 189
163 194
164 177
164 305
164 330
165 173
165 177
165 186
166 186
166 191
166 196
168 180
168 187
168 193
168 194
168 312
168 353
168 361
168 387
169 171
169 191
170 181
170 738
170 752
170 757
170 789
171 172
171 191
171 718
171 803
172 718
172 1001
172 1612
174 184
174 772
175 184
175 192
176 182
178 195
178 937
178 992
179 182
180 312
180 378
180 387
181 783
183 330
183 342
183 371
184 199
185 919
186 189
186 191
187 193
187 198
187 328
188 303
188 313
188 317
188 913
189 193
192 198
192 315
192 387
193 194
194 312
194 371
195 341
196 356
196 389
197 951
197 1194
198 209
198 230
198 325
198 387
199 748
199 772
199 785
199 804
200 608
200 724
200 968
200 1440
201 609
201 744
202 748
202 772
202 801
204 238
204 258
204 279
204 284
204 300
204 405
204 414
205 210
205 211
205 249
205 258
205 273
205 274
205 295
206 215
206 226
206 231
206 235
206 236
206 248
207 258
207 284
207 287
207 300
208 237
208 251
208 272
208 281
208 297
208 1022
209 230
209 277
209 290
209 314
210 221
210 249
210 258
210 279
210 292
211 232
211 295
211 433
212 215
212 226
212 341
212 355
212 1031
212 1037
212 1104
212 1184
213 240
213 291
213 376
213 382
214 242
214 243
214 263
214 384
215 223
215 236
215 271
215 1037
216 245
216 249
216 250
216 256
216 274
217 259
217 317
217 329
217 1019
217 1094
217 1128
218 224
218 229
218 245
218 260
218 289
218 296
219 233
219 254
219 260
219 271
219 1079
220 229
220 234
220 238
220 242
220 256
220 264
220 266
221 275
221 279
221 292
221 299
221 1049
221 1086
221 1273
222 241
222 280
222 287
222 406
222 428
223 242
223 261
223 271
223 301
223 397
224 229
224 253
224 260
224 261
224 263
225 252
225 262
225 285
225 290
225 297
225 327
225 335
225 382
226 235
226 1031
226 1172
227 244
227 249
227 275
227 1041
227 1083
227 1086
227 1090
228 238
228 242
228 253
228 267
228 269
228 284
228 286
228 428
229 247
229 263
230 246
230 276
230 277
231 235
231 267
231 269
231 301
231 352
232 292
232 298
232 442
232 1033
232 1085
232 1219
233 252
233 254
233 260
233 262
233 280
233 281
233 289
234 255
234 256
234 264
234 275
234 279
234 283
235 267
235 352
235 1241
236 271
236 1037
236 1079
236 1096
236 1110
237 257
237 285
237 297
237 417
237 488
237 496
238 242
238 264
238 278
238 284
239 243
239 247
239 250
239 259
239 374
240 251
240 252
240 270
241 248
241 280
241 281
241 483
241 494
241 1034
242 286
242 384
243 247
243 266
243 342
243 374
244 250
244 259
244 275
244 1094
245 246
245 296
246 265
246 273
246 277
247 250
248 494
248 1034
248 1077
248 1096
248 1241
249 265
249 275
250 256
250 259
251 268
251 270
251 291
251 1106
251 1111
252 262
252 290
253 260
253 269
253 280
253 284
253 289
254 268
254 269
254 271
254 280
254 281
254 1096
255 264
255 266
255 392
255 395
256 275
256 279
257 285
257 287
257 293
257 354
257 399
257 425
257 488
257 606
258 274
258 279
258 295
258 300
260 289
261 263
261 271
262 285
262 289
264 266
264 278
265 288
265 294
265 1041
265 1076
266 372
267 269
267 432
267 490
268 270
268 281
268 1022
268 1073
268 1079
268 1106
269 280
270 291
270 844
270 1106
272 281
272 483
272 496
272 1015
272 1022
272 1304
273 274
273 276
273 277
273 295
274 279
275 279
275 1083
276 277
276 282
276 295
277 290
278 286
278 394
278 405
278 453
278 559
279 299
280 281
281 1022
281 1034
282 285
282 290
282 293
282 327
282 365
283 423
283 1049
283 1078
283 1119
284 300
286 301
286 306
286 384
286 394
286 453
287 425
287 460
287 496
288 323
288 336
288 346
290 327
291 382
291 1065
291 1106
291 1111
292 298
292 1033
292 1086
293 295
293 354
293 399
293 462
293 606
294 882
294 1041
295 399
297 417
298 1033
298 1075
298 1090
299 401
299 414
299 441
299 475
299 1273
300 405
300 409
300 414
300 428
300 456
301 306
301 384
301 386
301 397
302 307
302 332
302 340
302 359
302 367
302 379
303 313
303 317
303 329
303 375
303 390
303 1128
304 327
304 328
304 347
304 357
305 330
305 356
305 385
305 397
306 320
306 368
306 384
307 332
307 335
307 337
307 388
308 339
308 388
308 1118
308 1127
308 1164
308 1395
309 319
309 334
309 345
309 350
309 364
309 528
310 311
310 316
310 336
310 346
310 1166
311 315
311 316
311 321
311 323
311 325
311 377
312 353
312 361
312 378
313 317
313 369
313 374
313 375
313 390
314 327
314 328
314 365
314 381
315 324
315 325
315 387
316 321
316 331
316 336
316 358
316 391
316 604
317 329
317 374
317 1128
318 333
318 334
318 343
318 372
318 394
318 559
319 326
319 344
319 345
319 369
319 377
319 520
320 330
320 351
320 384
321 323
321 325
321 331
321 336
321 381
321 391
322 340
322 356
322 368
322 370
322 379
322 383
323 325
323 336
323 346
324 349
324 1141
324 1153
325 353
325 387
326 344
326 349
326 390
326 1175
327 347
327 363
328 357
328 361
329 1078
329 1128
330 342
330 356
330 371
331 338
331 345
331 358
331 381
331 391
331 512
332 348
332 360
332 363
333 348
333 351
333 364
333 518
334 342
334 350
334 351
334 369
334 372
334 392
335 339
335 347
335 363
335 367
335 382
336 346
336 391
336 492
336 1085
337 339
337 373
337 557
337 605
338 345
338 348
338 360
338 377
338 381
339 366
339 367
339 1138
340 359
340 368
340 373
341 385
341 397
341 1184
342 371
343 344
343 392
343 395
343 421
343 501
343 559
343 577
344 375
344 392
344 395
345 358
345 377
345 528
346 396
346 1113
347 357
347 363
347 367
347 376
347 382
348 360
348 364
349 377
349 1124
349 1166
350 351
350 369
350 377
351 359
352 362
352 453
353 361
353 377
353 387
354 360
354 365
354 543
354 573
354 606
355 370
355 386
355 1140
355 1184
355 1202
356 385
357 389
358 512
358 527
358 528
358 604
359 380
361 380
362 386
362 393
362 530
362 550
362 581
363 365
363 381
364 518
364 528
364 531
364 593
365 381
366 367
366 1138
366 1157
366 1163
366 1194
367 379
368 370
368 385
368 386
369 375
369 377
369 378
369 390
370 383
370 1140
372 394
373 393
373 530
373 605
373 1158
375 390
375 392
375 395
376 382
378 390
379 383
379 389
380 389
383 1126
384 397
385 397
386 393
388 417
388 549
388 573
390 1153
390 1175
391 592
391 604
392 395
393 1202
394 453
394 559
394 580
395 501
396 1076
398 432
398 451
398 452
398 453
398 471
398 580
399 425
399 429
399 433
399 460
399 462
400 411
400 449
400 454
400 472
400 475
400 484
401 423
401 441
401 1223
401 1232
401 1243
401 1273
402 417
402 439
402 476
402 591
402 1118
402 1266
402 1304
402 1411
403 413
403 478
403 487
403 490
404 444
404 446
404 447
404 456
404 471
404 486
405 414
405 430
405 468
406 408
406 446
406 460
406 464
406 465
406 496
407 411
407 484
407 485
407 486
407 491
407 499
408 426
408 444
408 446
408 456
408 460
408 465
408 477
409 411
409 414
409 430
409 456
409 471
409 477
409 486
410 448
410 474
410 631
410 691
410 1244
410 1256
410 1306
411 414
411 430
411 449
411 485
411 486
412 433
412 443
412 462
412 470
412 492
412 503
412 556
412 592
413 495
413 1233
413 1290
414 430
414 475
415 443
415 454
415 457
415 467
415 470
415 472
416 445
416 454
416 470
416 480
416 1216
416 1242
416 1262
416 1300
417 476
417 488
417 591
417 1118
418 473
418 489
418 491
418 493
418 643
419 444
419 450
419 627
419 668
420 504
420 515
420 1313
420 1552
421 468
421 501
421 559
421 607
422 437
422 584
422 600
422 606
423 441
423 481
423 501
423 1119
424 431
424 451
424 459
424 478
424 498
424 509
425 460
425 465
425 488
425 496
426 444
426 465
426 477
427 443
427 540
427 579
427 780
428 432
428 456
428 471
429 433
429 437
429 458
429 462
430 440
430 468
430 471
430 486
431 451
431 478
431 555
432 453
432 490
433 458
433 462
434 437
434 467
434 571
434 622
434 626
434 683
435 436
435 461
435 554
435 584
435 693
435 706
436 461
436 465
436 466
436 476
436 600
437 467
437 556
438 444
438 446
438 455
438 463
438 479
438 495
439 464
439 476
439 1218
439 1274
440 447
440 452
440 471
440 485
440 486
440 489
440 493
441 449
441 468
441 469
441 481
442 454
442 458
442 470
442 475
442 1219
443 470
443 480
443 503
443 540
443 599
444 446
444 479
445 454
445 457
445 484
445 691
445 1242
445 1262
446 456
447 450
447 451
447 471
447 493
447 497
448 449
448 469
448 474
448 485
449 475
450 455
450 493
450 627
450 668
450 705
451 497
451 569
452 468
452 489
452 519
453 580
454 470
454 484
455 459
455 495
455 668
456 460
456 471
456 486
457 635
457 687
457 1262
458 470
458 475
459 667
459 674
459 702
461 465
461 466
461 479
461 706
462 512
462 556
462 592
462 606
463 464
463 479
463 487
463 495
463 1274
464 476
464 483
464 496
464 1274
465 476
465 479
466 566
466 706
467 571
467 599
467 626
468 469
468 607
469 481
469 515
469 607
471 486
472 477
472 484
473 474
473 489
473 641
473 644
474 631
474 641
474 644
474 650
474 672
474 682
474 1244
476 488
476 496
476 591
477 486
477 499
478 490
478 498
478 570
479 482
479 689
480 503
480 553
480 1216
480 1300
480 1372
480 1388
480 1403
481 501
481 515
481 551
481 607
482 653
482 689
482 690
482 1234
482 1293
483 494
483 496
484 650
484 691
485 489
485 491
487 490
487 494
487 1214
488 496
488 573
488 600
489 596
491 493
491 499
491 620
491 627
491 650
491 682
492 1085
493 497
493 627
494 1034
494 1077
495 612
495 1290
495 1293
497 586
498 570
498 574
498 1233
498 1404
499 620
499 627
499 683
499 709
500 511
500 516
500 563
500 565
500 1326
500 1342
500 1346
500 1396
501 537
501 551
501 607
502 516
502 535
502 542
502 569
502 572
502 598
502 771
503 524
503 553
503 592
504 562
504 576
504 587
504 1313
504 1353
504 1552
505 508
505 540
505 546
505 571
505 599
505 602
505 780
505 787
506 507
506 522
506 523
506 548
506 582
506 583
506 590
506 595
507 523
507 546
507 560
507 561
508 541
508 546
508 564
508 571
508 584
508 597
508 599
509 538
509 771
510 511
510 514
510 532
510 727
510 751
510 766
510 786
511 514
511 736
511 775
511 786
511 1326
511 1523
511 1530
512 541
512 592
513 517
513 540
513 582
513 602
513 603
513 716
513 799
514 532
514 567
514 575
514 766
514 1326
514 1385
515 551
515 576
515 607
516 542
516 563
516 565
516 568
516 572
517 524
517 540
517 544
517 546
517 548
517 582
518 550
518 593
519 534
519 559
519 580
519 607
520 527
520 536
520 1323
521 547
521 552
521 593
521 605
522 562
522 582
522 583
522 587
522 595
522 731
522 760
522 1351
523 595
523 603
523 760
523 764
524 527
524 541
524 553
524 592
524 594
524 604
525 532
525 533
525 554
525 584
525 601
526 530
526 557
526 565
526 1346
526 1374
526 1410
527 528
527 536
527 544
527 548
528 531
528 560
529 534
529 578
529 586
529 596
529 598
530 550
530 565
530 568
530 605
531 577
531 590
532 558
532 567
533 566
533 567
533 585
533 591
533 600
534 578
534 590
534 595
534 596
535 539
535 572
535 578
535 589
535 598
535 751
536 544
536 545
536 548
536 583
536 588
536 1323
537 551
537 577
537 588
537 1123
537 1413
538 563
538 702
538 712
538 771
538 774
538 775
538 1404
538 1616
539 564
539 589
539 751
540 599
540 602
541 546
541 556
541 592
541 599
542 550
542 555
542 568
542 569
542 589
543 547
543 552
543 573
543 606
544 545
544 548
544 1323
544 1350
544 1376
544 1407
545 583
545 1323
545 1351
545 1353
545 1373
545 1376
546 548
546 560
547 552
547 560
547 561
547 593
548 560
548 582
549 557
549 567
549 585
549 1374
549 1395
550 555
550 568
551 1313
551 1353
551 1367
551 1413
552 585
552 589
553 1350
553 1388
553 1403
553 1407
554 566
554 601
554 693
554 706
554 747
554 758
555 568
555 569
555 574
555 581
556 592
556 599
556 606
557 1135
557 1164
557 1374
557 1405
558 565
558 567
558 585
558 1374
559 580
560 561
561 578
561 589
561 593
562 576
562 587
562 595
562 596
562 717
563 574
563 775
563 1310
564 584
564 597
564 781
565 568
565 1346
566 575
566 758
566 1419
567 575
567 585
567 1371
567 1374
568 574
568 581
569 580
569 586
570 574
570 581
570 1415
571 597
571 622
571 768
571 787
572 751
572 774
572 775
572 786
573 585
573 600
574 581
575 1371
575 1385
575 1406
575 1419
576 583
576 588
576 595
576 1353
577 588
578 590
579 780
579 799
579 1388
582 603
582 1351
583 588
583 1351
583 1353
584 597
584 600
586 598
587 717
587 737
587 1339
587 1543
588 590
591 1411
592 604
594 604
594 1317
594 1350
595 596
595 760
596 741
597 601
597 768
597 781
598 719
598 771
601 726
601 727
601 747
602 603
602 716
602 735
602 755
602 780
603 735
603 760
608 679
608 701
608 724
609 715
609 905
609 1466
609 1525
610 630
610 634
610 636
610 665
610 671
611 635
611 657
611 666
611 669
611 673
611 687
611 691
611 1441
611 1481
612 616
612 653
612 668
612 1426
613 688
613 696
613 704
613 891
613 1425
613 1494
613 1509
614 652
614 678
614 686
614 699
614 710
614 721
614 776
614 777
615 618
615 655
615 663
615 664
615 805
616 638
616 647
616 649
616 665
616 681
616 1461
617 644
617 672
617 715
617 753
617 1483
617 1543
617 1552
618 664
618 672
618 715
618 753
619 630
619 665
619 684
619 692
619 695
619 701
620 623
620 627
620 628
621 624
621 635
621 658
621 666
621 669
621 687
621 1485
622 626
622 629
622 637
622 683
622 806
623 639
623 663
623 680
623 682
624 629
624 658
624 675
624 785
624 802
625 633
625 639
625 669
625 696
626 629
626 635
626 787
628 637
628 639
628 646
628 673
628 683
628 694
629 635
629 646
629 694
629 787
629 806
630 659
630 660
630 671
630 676
630 695
631 650
631 657
631 672
631 682
631 691
631 1244
631 1451
632 636
632 640
632 1455
632 1491
632 1503
633 657
633 677
633 688
633 704
634 637
634 665
634 668
634 671
635 669
635 673
635 687
635 709
636 681
636 1489
637 671
637 683
637 694
638 649
638 674
638 708
638 1461
638 1463
638 1511
639 695
639 697
640 652
640 686
640 690
640 707
640 1503
641 643
641 644
641 672
641 682
642 654
642 671
642 676
642 685
642 686
642 703
643 664
643 680
643 741
644 672
644 1244
644 1552
645 692
645 700
645 779
645 805
646 669
646 670
646 675
646 694
646 697
647 656
647 665
647 667
647 705
648 658
648 696
649 651
649 656
649 708
650 682
650 691
650 709
651 681
651 834
651 1434
651 1440
651 1515
652 678
652 686
652 699
652 707
652 777
652 1422
653 1293
653 1426
653 1514
654 693
654 703
654 710
654 790
655 677
656 661
656 679
656 784
657 1451
657 1481
658 666
658 669
658 739
658 785
658 1485
659 660
660 662
660 695
660 697
661 679
661 680
661 684
661 692
661 700
661 701
662 692
662 695
663 664
663 692
664 700
664 753
664 761
665 668
665 684
666 669
666 687
666 704
666 1441
666 1481
666 1485
666 1513
667 674
667 702
667 708
667 712
668 689
669 673
670 675
670 676
670 694
670 697
670 698
671 676
671 694
672 682
672 1244
672 1483
673 709
674 702
674 1213
674 1461
674 1463
675 748
675 763
675 785
676 685
676 694
676 697
677 688
677 1466
678 686
678 699
679 701
679 724
679 779
679 784
680 684
680 705
681 1515
683 709
684 692
684 695
684 705
685 698
685 703
685 721
686 710
687 1262
687 1441
687 1467
687 1485
688 1425
688 1466
689 690
691 1441
691 1519
692 695
692 701
693 706
693 710
693 747
695 697
696 704
698 703
699 777
699 901
699 1471
700 761
700 779
700 797
700 805
702 708
702 712
702 1404
702 1463
703 721
703 763
703 790
704 1481
704 1494
704 1509
704 1513
706 707
706 758
708 712
708 1463
708 1511
710 747
710 776
710 790
711 749
711 791
711 1008
711 1593
711 1611
712 771
712 774
713 732
713 733
713 772
713 785
713 802
713 804
714 757
714 767
714 796
714 801
715 1525
716 732
716 735
716 780
716 798
716 799
717 737
717 742
717 753
717 760
717 1543
718 728
718 749
718 803
718 1612
719 725
719 729
719 745
719 794
719 797
720 750
720 773
720 779
720 783
720 797
721 777
722 739
722 785
722 804
722 957
722 1538
722 1586
723 730
723 737
723 740
723 757
723 782
723 789
723 1554
724 750
724 769
724 784
724 791
725 729
725 751
725 764
725 767
725 794
725 800
726 727
726 747
726 788
726 795
727 751
727 759
727 766
727 786
727 795
728 776
728 777
728 803
728 1526
728 1531
728 1612
729 756
729 774
729 786
730 737
730 740
730 793
730 1554
730 1573
730 1575
730 1607
731 760
731 1573
731 1597
732 739
732 798
732 1550
733 748
733 763
733 778
733 802
734 743
734 746
734 749
734 759
734 792
734 803
735 755
735 800
736 766
736 770
736 1385
736 1523
736 1531
737 1527
737 1543
737 1554
737 1573
738 744
738 757
738 761
738 773
738 782
738 783
738 789
738 796
738 805
739 785
739 798
739 1586
740 757
740 760
740 793
741 742
741 753
741 794
742 753
742 761
742 764
742 782
742 794
742 796
743 759
743 767
743 778
743 788
744 782
744 789
744 805
745 771
745 784
745 797
746 801
747 758
747 766
747 795
748 763
748 772
749 756
749 759
749 770
750 756
750 769
751 786
752 757
752 789
752 793
753 782
754 789
754 1525
754 1554
754 1607
755 768
755 781
755 787
755 800
755 802
756 759
756 765
756 770
756 786
757 789
757 793
757 796
758 766
758 1419
759 770
759 786
760 764
761 773
761 797
761 805
762 765
762 791
762 1530
762 1545
762 1611
762 1614
762 1616
763 790
763 806
764 794
764 796
764 800
765 774
765 775
765 786
765 1530
765 1616
766 795
766 1385
766 1531
767 773
767 778
767 801
768 781
768 787
768 806
769 784
769 791
771 774
772 804
773 783
773 796
773 797
774 775
775 1530
775 1616
776 777
776 795
776 1531
777 803
777 1526
778 788
778 792
779 797
779 805
780 787
781 800
782 789
783 801
784 797
785 804
787 802
787 806
788 800
790 792
791 1611
791 1614
792 795
792 803
794 796
798 799
798 1550
798 1551
799 1309
799 1597
802 806
807 817
807 845
807 848
807 849
807 916
807 994
807 1108
808 847
808 861
808 879
808 893
808 915
808 962
808 1462
808 1557
809 824
809 842
809 862
809 896
809 950
809 1437
810 833
810 902
810 1043
810 1076
811 813
811 838
811 854
811 873
811 986
811 997
811 1013
812 818
812 825
812 903
812 1431
813 873
813 876
813 997
813 1013
813 1117
814 834
814 855
814 859
814 864
814 924
815 820
815 878
815 880
815 888
815 895
815 899
816 839
816 857
816 861
816 884
816 895
817 827
817 836
817 848
817 868
817 874
818 821
818 825
818 827
818 840
818 854
819 836
819 842
819 851
819 856
819 874
819 875
819 892
819 894
820 846
820 880
820 899
820 1027
820 1036
820 1084
821 830
821 854
821 871
821 881
821 883
821 897
822 851
822 867
822 875
822 892
822 1017
822 1028
822 1035
823 837
823 853
823 859
823 871
823 877
823 881
824 826
824 836
824 842
824 849
824 862
824 865
824 896
824 952
825 840
825 858
825 901
825 903
825 1471
826 839
826 842
826 850
826 862
826 904
826 1443
826 1517
827 832
827 852
827 868
828 895
828 910
828 1462
828 1490
829 852
829 894
829 897
829 910
829 1443
829 1445
829 1447
830 837
830 844
830 854
830 870
830 873
830 881
830 888
830 1042
830 1082
831 834
831 847
831 855
831 871
831 910
831 1473
831 1502
832 835
832 848
832 858
832 1013
833 866
833 875
833 882
833 902
833 1076
834 859
834 1459
834 1515
835 858
835 1439
835 1471
835 1499
835 1516
836 842
836 845
836 848
836 849
836 894
836 896
837 853
837 881
837 883
837 898
837 1042
838 873
838 965
838 1065
839 850
839 856
839 895
839 904
840 854
840 883
840 903
841 863
841 884
841 893
841 905
841 908
841 1518
842 850
842 862
842 866
842 875
842 896
843 860
843 885
843 890
843 906
844 873
844 883
844 1042
845 849
845 874
845 896
845 996
845 1043
846 877
846 880
846 907
846 1006
846 1030
847 855
847 861
847 879
847 889
847 910
847 1462
847 1502
848 849
848 955
848 994
848 1013
849 896
849 952
849 994
849 1003
850 862
850 904
850 906
851 856
851 874
851 888
851 1074
851 1115
852 865
852 894
852 1443
852 1445
852 1499
853 872
853 877
853 898
853 899
854 868
854 873
855 877
856 860
856 867
856 878
856 892
856 895
857 869
857 878
857 884
857 887
857 908
858 901
858 943
858 986
858 1013
859 864
859 871
859 900
860 867
860 890
860 892
860 1105
861 880
861 962
862 866
862 891
862 906
863 884
863 904
863 905
863 1423
863 1425
863 1501
863 1518
864 872
864 924
865 952
865 1445
865 1450
865 1499
866 875
866 902
866 906
867 878
867 892
867 1069
867 1105
868 870
868 876
868 888
869 880
869 938
869 958
869 1027
870 876
870 888
870 1074
870 1082
870 1095
871 897
871 900
872 907
872 924
872 992
872 1104
873 1065
873 1082
874 876
874 1017
874 1074
874 1108
875 892
876 1070
876 1074
876 1082
876 1108
878 880
879 915
879 926
879 962
879 1448
879 1619
881 888
881 899
882 1041
882 1105
883 900
884 885
885 906
885 1425
886 891
886 950
886 1437
886 1494
886 1586
887 890
887 909
887 1019
889 895
889 897
889 910
890 1094
891 1494
891 1509
892 1105
893 908
893 915
893 929
893 1423
893 1518
893 1557
894 895
896 902
896 1003
897 910
898 1037
898 1042
898 1055
898 1079
899 1095
900 1515
901 903
901 928
901 986
902 972
904 1425
904 1452
904 1509
905 1466
905 1518
907 924
907 940
907 1010
907 1021
907 1030
908 929
908 958
909 912
909 966
910 1447
910 1462
910 1482
910 1502
911 943
911 948
911 956
911 974
911 975
911 995
911 1012
911 1570
912 923
912 954
912 966
912 1002
913 914
913 966
913 983
914 961
914 980
914 983
914 1007
914 1153
914 1154
914 1208
915 929
915 962
915 976
915 1557
916 939
916 971
916 994
916 996
916 1191
917 952
917 984
917 1539
917 1579
917 1610
918 946
918 963
918 970
918 976
918 989
918 1528
919 967
919 979
919 988
920 923
920 930
920 1521
920 1599
920 1607
921 931
921 937
921 964
921 1126
921 1149
922 927
922 936
922 948
922 956
922 973
922 989
923 1000
923 1002
924 940
925 938
925 966
925 978
925 983
925 1002
926 945
926 962
926 1562
926 1619
927 937
927 993
927 1001
928 943
928 974
928 1526
928 1570
929 954
929 1002
930 944
930 946
930 960
930 963
930 988
930 1521
931 949
931 964
931 973
931 993
931 1004
931 1130
932 940
932 945
932 958
932 969
932 970
932 1004
932 1006
933 941
933 947
933 961
933 971
933 980
933 985
933 1125
934 946
934 953
934 955
934 959
934 971
934 982
934 984
934 985
934 994
935 936
935 953
935 956
935 981
935 1011
935 1012
935 1539
936 956
936 989
936 1011
936 1528
937 964
937 992
937 993
938 969
938 983
938 1169
939 942
939 971
939 977
939 998
939 1171
939 1185
940 945
940 993
940 1006
940 1010
941 942
941 946
941 947
941 971
941 985
942 949
942 971
942 973
942 977
942 982
943 975
943 1012
943 1570
944 946
944 978
944 980
944 985
944 988
944 1002
945 962
945 970
946 953
946 963
946 982
946 985
946 989
947 961
947 969
947 1162
948 995
948 1001
948 1583
948 1612
948 1618
949 977
949 1004
949 1121
949 1130
949 1162
950 957
950 972
950 1586
951 964
951 987
951 1009
952 984
953 960
953 963
953 982
953 984
953 1011
954 1518
954 1525
954 1608
955 975
955 982
955 994
955 998
956 973
956 975
956 982
956 989
957 967
957 979
957 1586
958 962
958 970
959 979
959 984
959 985
959 990
959 999
959 1003
960 963
960 967
960 979
960 984
960 1613
961 978
961 980
961 983
961 1154
961 1206
963 1011
963 1521
963 1582
963 1592
963 1613
964 973
964 987
964 995
965 991
965 1065
965 1194
966 983
967 979
967 1521
967 1538
967 1575
967 1613
968 1008
968 1440
968 1529
969 1004
969 1006
969 1121
972 999
972 1003
973 989
974 995
974 1009
974 1570
974 1612
975 997
975 998
975 1013
976 1528
976 1553
976 1567
976 1582
977 1005
977 1171
977 1185
978 980
978 983
978 1002
979 999
980 985
980 988
980 1007
981 1012
981 1499
981 1506
981 1539
981 1579
982 989
983 1128
984 994
985 988
986 997
987 991
987 995
987 997
987 1005
988 1000
988 1007
990 996
990 1141
990 1160
990 1193
991 997
991 1005
991 1194
992 1010
992 1184
993 1004
993 1010
994 1003
995 1009
996 1003
996 1043
996 1191
997 998
997 1013
998 1013
998 1171
999 1007
1001 1008
1001 1618
1004 1121
1005 1157
1005 1171
1005 1183
1006 1030
1006 1121
1008 1529
1008 1593
1008 1618
1010 1149
1010 1184
1011 1539
1011 1574
1011 1592
1011 1601
1012 1547
1014 1020
1014 1025
1014 1059
1014 1060
1014 1062
1014 1066
1014 1107
1014 1114
1015 1022
1015 1054
1015 1092
1015 1118
1015 1266
1015 1296
1015 1304
1016 1047
1016 1053
1016 1054
1016 1057
1016 1127
1016 1197
1016 1296
1016 1389
1016 1414
1017 1028
1017 1035
1017 1043
1017 1074
1017 1091
1017 1116
1018 1021
1018 1031
1018 1063
1018 1067
1018 1072
1018 1084
1018 1129
1019 1032
1019 1102
1019 1128
1020 1023
1020 1039
1020 1046
1020 1060
1020 1100
1020 1114
1021 1030
1021 1031
1021 1084
1022 1073
1022 1092
1022 1304
1023 1039
1023 1057
1023 1088
1023 1099
1023 1100
1023 1279
1023 1299
1024 1042
1024 1050
1024 1073
1024 1079
1024 1082
1025 1040
1025 1046
1025 1062
1025 1089
1025 1107
1026 1036
1026 1038
1026 1048
1026 1059
1026 1067
1026 1072
1026 1080
1027 1030
1027 1084
1027 1087
1027 1169
1028 1044
1028 1062
1028 1066
1028 1074
1028 1115
1029 1047
1029 1056
1029 1061
1029 1070
1029 1117
1029 1177
1029 1190
1030 1084
1030 1087
1031 1063
1031 1104
1031 1110
1031 1147
1032 1051
1032 1069
1032 1093
1032 1094
1032 1102
1033 1040
1033 1075
1033 1112
1033 1219
1034 1077
1034 1096
1035 1041
1035 1062
1035 1090
1035 1105
1036 1059
1036 1067
1036 1084
1036 1095
1036 1115
1037 1104
1038 1048
1038 1068
1038 1087
1038 1098
1038 1102
1038 1151
1038 1169
1038 1188
1039 1046
1039 1097
1039 1100
1039 1301
1039 1303
1040 1046
1040 1064
1040 1086
1040 1212
1040 1217
1041 1090
1041 1105
1042 1079
1043 1103
1043 1116
1043 1191
1044 1066
1044 1070
1044 1074
1044 1101
1044 1115
1045 1050
1045 1052
1045 1088
1046 1064
1046 1217
1046 1278
1047 1053
1047 1054
1047 1056
1047 1177
1048 1068
1048 1072
1048 1151
1048 1165
1048 1285
1049 1058
1049 1086
1049 1089
1049 1273
1050 1055
1050 1067
1050 1095
1050 1101
1051 1058
1051 1069
1051 1071
1051 1081
1051 1083
1052 1063
1052 1067
1052 1072
1052 1080
1052 1088
1052 1109
1052 1110
1053 1057
1053 1099
1053 1100
1053 1197
1054 1056
1054 1073
1054 1092
1054 1099
1054 1111
1055 1067
1055 1095
1055 1110
1056 1070
1056 1073
1056 1082
1056 1106
1057 1099
1057 1287
1057 1296
1057 1299
1057 1414
1058 1068
1058 1071
1058 1081
1058 1089
1058 1098
1059 1060
1059 1071
1059 1093
1059 1107
1060 1080
1060 1101
1061 1070
1061 1091
1061 1116
1061 1190
1061 1210
1062 1066
1062 1069
1062 1090
1063 1072
1063 1109
1063 1148
1063 1172
1064 1075
1064 1097
1064 1112
1065 1117
1065 1168
1065 1194
1066 1091
1066 1100
1067 1072
1067 1080
1067 1084
1068 1071
1068 1098
1068 1107
1068 1285
1068 1289
1069 1071
1069 1083
1069 1093
1069 1105
1070 1074
1070 1101
1071 1093
1071 1107
1072 1080
1072 1151
1073 1092
1073 1106
1074 1108
1074 1115
1075 1085
1075 1113
1077 1088
1077 1214
1077 1227
1077 1241
1078 1081
1078 1119
1078 1132
1079 1096
1080 1114
1080 1264
1081 1098
1081 1132
1083 1086
1083 1094
1084 1087
1085 1113
1085 1150
1086 1090
1087 1129
1087 1151
1087 1169
1087 1188
1088 1279
1089 1212
1089 1232
1089 1243
1089 1273
1089 1291
1091 1103
1091 1116
1092 1099
1092 1299
1092 1304
1094 1105
1095 1115
1096 1110
1097 1100
1097 1122
1097 1211
1098 1102
1098 1132
1098 1188
1099 1100
1099 1101
1100 1101
1102 1169
1103 1113
1103 1116
1104 1184
1106 1111
1107 1114
1108 1116
1108 1190
1109 1221
1109 1227
1109 1268
1109 1283
1109 1288
1111 1168
1112 1211
1112 1217
1112 1219
1112 1229
1112 1418
1113 1211
1114 1261
1114 1264
1114 1285
1116 1190
1116 1191
1117 1171
1118 1127
1118 1266
1118 1395
1119 1123
1119 1260
1119 1367
1120 1131
1120 1135
1120 1139
1120 1152
1120 1156
1120 1159
1120 1204
1120 1207
1120 1209
1121 1180
1122 1161
1122 1197
1122 1361
1122 1414
1123 1133
1123 1186
1123 1367
1123 1413
1124 1141
1124 1155
1124 1166
1124 1187
1124 1193
1124 1208
1125 1187
1125 1193
1125 1208
1126 1140
1126 1149
1126 1183
1127 1163
1127 1164
1127 1203
1127 1389
1129 1148
1129 1151
1129 1176
1129 1180
1130 1149
1130 1183
1131 1178
1131 1180
1131 1181
1131 1207
1132 1133
1132 1170
1132 1174
1132 1189
1132 1200
1133 1144
1133 1186
1133 1200
1133 1367
1133 1401
1134 1144
1134 1394
1135 1152
1135 1156
1135 1158
1135 1386
1135 1405
1136 1157
1136 1159
1136 1177
1136 1185
1136 1201
1136 1209
1137 1150
1137 1182
1137 1205
1137 1211
1137 1317
1137 1416
1138 1157
1138 1158
1139 1140
1139 1158
1139 1181
1139 1209
1140 1149
1140 1181
1141 1160
1141 1166
1141 1193
1141 1208
1142 1143
1142 1179
1142 1198
1142 1392
1142 1399
1143 1146
1143 1165
1143 1176
1143 1198
1143 1397
1144 1179
1144 1186
1144 1323
1144 1370
1144 1394
1145 1162
1145 1195
1145 1201
1145 1204
1146 1165
1146 1260
1146 1289
1146 1297
1146 1364
1146 1397
1147 1148
1147 1181
1147 1184
1148 1172
1148 1173
1148 1207
1149 1181
1150 1211
1150 1317
1150 1416
1151 1165
1151 1176
1151 1188
1152 1159
1152 1163
1152 1164
1152 1209
1152 1386
1152 1405
1153 1154
1153 1175
1153 1208
1154 1175
1154 1187
1154 1189
1154 1200
1154 1206
1154 1208
1155 1179
1155 1182
1155 1187
1155 1192
1155 1193
1156 1199
1156 1207
1156 1322
1156 1334
1156 1363
1156 1386
1157 1163
1157 1183
1157 1194
1157 1209
1159 1196
1159 1203
1159 1204
1159 1209
1160 1193
1160 1205
1161 1182
1161 1195
1161 1196
1161 1197
1161 1201
1161 1210
1162 1185
1163 1168
1163 1209
1164 1395
1164 1405
1165 1173
1165 1176
1165 1297
1165 1397
1167 1179
1167 1195
1167 1378
1167 1394
1167 1400
1167 1416
1168 1194
1169 1188
1170 1188
1170 1189
1170 1192
1170 1198
1170 1200
1170 1206
1171 1190
1172 1202
1172 1415
1173 1176
1173 1199
1173 1283
1173 1329
1173 1393
1174 1175
1174 1186
1174 1189
1174 1200
1175 1187
1175 1200
1176 1178
1176 1198
1176 1199
1177 1190
1177 1197
1178 1198
1178 1199
1178 1204
1179 1195
1179 1392
1179 1394
1181 1207
1182 1193
1182 1201
1182 1205
1182 1210
1185 1201
1186 1200
1187 1192
1187 1200
1187 1208
1188 1198
1189 1206
1190 1210
1191 1210
1192 1198
1192 1200
1192 1206
1193 1205
1195 1196
1195 1204
1196 1197
1196 1201
1196 1203
1196 1409
1197 1203
1197 1414
1199 1322
1199 1329
1199 1381
1199 1399
1201 1210
1202 1207
1203 1324
1203 1409
1204 1322
1205 1211
1207 1334
1212 1217
1212 1243
1212 1252
1212 1269
1212 1273
1212 1277
1213 1233
1213 1247
1213 1270
1213 1290
1213 1463
1213 1488
1213 1512
1214 1227
1214 1248
1214 1275
1215 1224
1215 1225
1215 1237
1215 1242
1215 1263
1215 1277
1216 1219
1216 1229
1216 1237
1216 1257
1216 1300
1216 1372
1216 1403
1217 1229
1217 1237
1217 1269
1217 1278
1218 1228
1218 1238
1218 1253
1218 1255
1218 1274
1218 1286
1218 1305
1220 1224
1220 1235
1220 1272
1220 1458
1220 1465
1221 1227
1221 1251
1221 1268
1221 1283
1221 1292
1221 1294
1222 1230
1222 1254
1222 1313
1222 1364
1222 1380
1223 1230
1223 1232
1223 1243
1223 1254
1224 1263
1224 1298
1225 1237
1225 1246
1225 1261
1225 1263
1225 1269
1225 1277
1225 1278
1226 1240
1226 1271
1226 1307
1226 1458
1227 1248
1227 1264
1227 1288
1227 1294
1228 1282
1228 1287
1228 1296
1228 1358
1228 1369
1228 1382
1229 1237
1229 1258
1229 1418
1230 1246
1230 1254
1230 1276
1231 1276
1231 1306
1231 1328
1231 1424
1231 1430
1231 1442
1231 1449
1231 1457
1232 1243
1232 1254
1232 1260
1232 1289
1232 1291
1233 1247
1233 1404
1234 1255
1234 1286
1234 1419
1234 1435
1235 1257
1235 1467
1235 1474
1235 1486
1236 1259
1236 1280
1236 1302
1236 1492
1236 1510
1236 1512
1237 1258
1237 1277
1237 1278
1238 1253
1238 1265
1238 1282
1238 1286
1238 1307
1239 1271
1239 1272
1239 1282
1239 1298
1239 1358
1239 1382
1240 1265
1240 1295
1240 1453
1240 1456
1240 1514
1241 1288
1242 1262
1242 1277
1243 1252
1243 1256
1243 1269
1243 1277
1243 1291
1244 1306
1244 1424
1245 1250
1245 1263
1245 1271
1245 1280
1245 1295
1246 1261
1246 1263
1247 1251
1247 1270
1247 1302
1248 1251
1248 1275
1248 1279
1248 1295
1249 1251
1249 1261
1249 1264
1249 1268
1249 1280
1249 1284
1250 1253
1250 1271
1250 1279
1250 1287
1250 1301
1251 1280
1251 1295
1251 1302
1252 1273
1252 1277
1253 1271
1253 1279
1253 1287
1253 1299
1253 1305
1254 1260
1254 1289
1254 1297
1254 1364
1255 1286
1255 1419
1256 1277
1256 1281
1257 1258
1257 1262
1257 1300
1257 1311
1257 1354
1257 1372
1258 1298
1258 1303
1258 1327
1259 1263
1259 1276
1259 1280
1259 1421
1259 1430
1259 1444
1259 1457
1260 1289
1260 1364
1260 1367
1261 1269
1261 1278
1262 1300
1262 1467
1263 1421
1264 1268
1264 1279
1265 1275
1265 1295
1265 1514
1266 1296
1266 1304
1266 1389
1266 1395
1266 1411
1267 1276
1267 1284
1267 1308
1267 1355
1267 1360
1268 1283
1268 1285
1268 1292
1269 1277
1269 1278
1269 1291
1270 1308
1270 1316
1270 1412
1270 1512
1270 1589
1271 1282
1271 1298
1272 1354
1272 1368
1272 1498
1274 1275
1274 1286
1274 1305
1275 1286
1275 1293
1275 1305
1276 1284
1276 1449
1278 1301
1279 1299
1279 1305
1280 1284
1280 1295
1280 1302
1281 1306
1281 1457
1281 1519
1282 1307
1282 1358
1283 1292
1283 1329
1283 1393
1284 1292
1284 1360
1285 1289
1285 1291
1285 1297
1286 1293
1287 1299
1287 1301
1288 1294
1288 1415
1289 1291
1289 1297
1290 1293
1290 1426
1290 1454
1292 1297
1292 1329
1292 1360
1294 1366
1295 1302
1296 1299
1296 1389
1297 1360
1297 1364
1297 1397
1298 1301
1299 1304
1299 1305
1300 1311
1300 1372
1300 1388
1301 1303
1302 1510
1303 1327
1303 1361
1303 1414
1304 1305
1306 1424
1307 1417
1307 1435
1307 1500
1307 1514
1308 1321
1308 1333
1308 1412
1309 1332
1309 1388
1309 1532
1309 1597
1310 1316
1310 1357
1310 1396
1310 1404
1310 1524
1311 1354
1311 1372
1311 1388
1311 1429
1312 1330
1312 1347
1312 1352
1313 1402
1314 1330
1314 1362
1314 1370
1314 1380
1314 1392
1314 1401
1315 1334
1315 1357
1315 1366
1315 1415
1316 1365
1316 1404
1316 1412
1316 1589
1317 1349
1317 1350
1317 1403
1317 1416
1318 1337
1318 1342
1318 1357
1318 1359
1318 1363
1318 1396
1318 1398
1318 1410
1319 1349
1319 1350
1319 1370
1319 1376
1319 1391
1319 1394
1319 1407
1320 1344
1320 1352
1320 1375
1320 1377
1321 1329
1321 1333
1321 1337
1321 1381
1321 1393
1321 1412
1322 1325
1322 1338
1322 1363
1322 1381
1322 1386
1322 1399
1323 1350
1323 1370
1323 1373
1323 1413
1324 1335
1324 1338
1324 1369
1324 1386
1324 1409
1325 1338
1325 1347
1325 1363
1325 1377
1325 1381
1325 1387
1325 1399
1326 1342
1326 1385
1326 1396
1327 1356
1327 1361
1327 1400
1327 1418
1328 1355
1328 1442
1328 1449
1328 1552
1328 1563
1328 1598
1329 1381
1329 1393
1329 1397
1330 1376
1330 1391
1331 1340
1331 1368
1331 1379
1331 1382
1332 1349
1332 1356
1332 1388
1332 1407
1333 1344
1333 1360
1333 1362
1333 1377
1334 1393
1335 1340
1335 1369
1335 1383
1335 1390
1335 1398
1336 1352
1336 1379
1336 1564
1336 1595
1337 1357
1337 1363
1337 1366
1337 1412
1338 1340
1338 1386
1338 1409
1339 1348
1339 1351
1339 1402
1339 1563
1339 1588
1340 1382
1340 1387
1341 1343
1341 1358
1341 1368
1341 1417
1341 1568
1342 1346
1342 1371
1342 1374
1342 1396
1342 1398
1342 1410
1343 1358
1343 1390
1344 1365
1344 1375
1344 1377
1344 1580
1344 1596
1345 1352
1345 1355
1345 1548
1345 1565
1346 1357
1346 1410
1347 1378
1347 1391
1347 1392
1348 1351
1348 1573
1348 1588
1348 1597
1348 1620
1349 1356
1349 1372
1349 1391
1349 1400
1349 1403
1349 1407
1349 1416
1350 1394
1351 1353
1351 1376
1352 1571
1352 1595
1352 1620
1353 1373
1353 1402
1353 1413
1354 1356
1354 1372
1354 1384
1355 1380
1355 1449
1355 1565
1356 1372
1356 1379
1356 1391
1356 1400
1357 1366
1357 1396
1357 1410
1358 1382
1359 1375
1359 1387
1359 1390
1359 1408
1359 1615
1360 1397
1361 1378
1361 1400
1361 1409
1361 1414
1362 1377
1363 1381
1363 1386
1363 1410
1364 1367
1364 1380
1364 1401
1365 1375
1365 1524
1365 1580
1365 1589
1365 1600
1365 1603
1366 1393
1366 1412
1367 1413
1368 1384
1368 1498
1369 1382
1369 1383
1369 1389
1369 1409
1369 1414
1370 1373
1370 1376
1370 1392
1370 1394
1371 1374
1371 1383
1371 1390
1371 1398
1372 1388
1372 1403
1373 1376
1373 1402
1373 1413
1374 1398
1374 1405
1375 1377
1375 1396
1375 1408
1375 1580
1376 1407
1378 1391
1378 1400
1379 1384
1379 1391
1380 1402
1381 1399
1383 1389
1383 1390
1383 1395
1383 1411
1384 1532
1384 1590
1385 1406
1386 1405
1388 1407
1389 1395
1390 1398
1391 1400
1392 1394
1392 1399
1392 1401
1395 1411
1396 1408
1398 1405
1398 1410
1400 1416
1400 1418
1403 1418
1404 1589
1405 1410
1406 1417
1406 1419
1406 1549
1408 1523
1408 1524
1408 1535
1408 1580
1408 1615
1409 1414
1416 1418
1417 1419
1417 1497
1417 1568
1420 1447
1420 1464
1420 1473
1420 1496
1421 1444
1421 1458
1422 1439
1422 1497
1422 1549
1422 1556
1423 1427
1423 1462
1423 1479
1423 1501
1423 1518
1424 1442
1424 1451
1424 1457
1424 1483
1425 1501
1425 1509
1426 1454
1426 1461
1426 1491
1427 1433
1427 1446
1427 1479
1427 1501
1428 1450
1428 1475
1428 1487
1428 1504
1428 1506
1428 1587
1429 1465
1429 1467
1429 1468
1429 1532
1429 1551
1429 1590
1430 1432
1430 1442
1430 1444
1430 1446
1430 1449
1430 1457
1430 1492
1431 1473
1431 1476
1431 1477
1431 1516
1432 1444
1432 1472
1432 1480
1432 1484
1432 1492
1432 1507
1432 1510
1433 1452
1433 1493
1433 1508
1434 1461
1434 1473
1434 1489
1434 1491
1434 1505
1434 1515
1435 1478
1435 1503
1435 1514
1436 1437
1436 1468
1436 1485
1436 1586
1436 1604
1436 1610
1437 1494
1437 1517
1437 1610
1438 1458
1438 1475
1438 1487
1438 1493
1438 1495
1438 1508
1439 1460
1439 1471
1439 1547
1439 1556
1440 1459
1440 1529
1440 1614
1441 1481
1441 1519
1442 1446
1442 1449
1442 1457
1442 1598
1443 1445
1443 1452
1443 1490
1443 1517
1444 1484
1444 1510
1445 1450
1445 1499
1445 1516
1446 1449
1446 1479
1446 1480
1447 1473
1447 1482
1447 1490
1447 1496
1448 1469
1448 1502
1448 1537
1448 1619
1449 1492
1449 1581
1450 1499
1450 1504
1450 1579
1450 1610
1451 1483
1452 1470
1452 1490
1452 1501
1452 1508
1453 1456
1453 1464
1453 1495
1453 1496
1453 1514
1454 1456
1454 1488
1454 1514
1455 1464
1455 1477
1455 1489
1455 1491
1455 1503
1456 1495
1456 1510
1458 1475
1458 1495
1459 1469
1459 1505
1459 1529
1459 1619
1460 1476
1460 1506
1460 1516
1460 1594
1461 1488
1461 1491
1462 1482
1462 1502
1463 1511
1463 1589
1464 1491
1464 1496
1465 1468
1465 1475
1465 1486
1465 1590
1466 1483
1466 1501
1467 1486
1468 1486
1468 1504
1468 1587
1469 1505
1469 1507
1469 1511
1469 1529
1469 1537
1469 1546
1469 1619
1470 1481
1470 1493
1470 1501
1470 1509
1471 1477
1472 1480
1472 1492
1472 1507
1472 1512
1472 1546
1473 1489
1473 1515
1474 1486
1474 1493
1474 1519
1475 1487
1475 1498
1475 1590
1476 1477
1476 1478
1476 1496
1476 1516
1477 1503
1478 1497
1478 1500
1478 1503
1478 1514
1479 1557
1479 1617
1480 1507
1481 1486
1481 1513
1482 1484
1482 1490
1482 1502
1485 1486
1485 1513
1486 1513
1487 1495
1487 1496
1488 1507
1488 1510
1488 1512
1489 1491
1489 1515
1490 1508
1492 1581
1493 1508
1494 1509
1494 1513
1495 1496
1497 1500
1497 1549
1497 1556
1497 1568
1498 1590
1499 1506
1499 1516
1500 1568
1500 1594
1504 1513
1505 1507
1506 1520
1506 1547
1506 1594
1509 1513
1509 1517
1511 1545
1511 1614
1512 1589
1520 1540
1520 1541
1520 1579
1520 1587
1520 1594
1520 1602
1521 1522
1521 1575
1521 1582
1521 1592
1521 1607
1521 1613
1522 1544
1522 1560
1522 1572
1522 1575
1522 1592
1522 1601
1522 1613
1523 1524
1523 1530
1523 1535
1523 1578
1523 1606
1524 1530
1524 1578
1524 1580
1524 1616
1525 1554
1525 1558
1525 1599
1526 1556
1526 1570
1526 1609
1526 1612
1527 1543
1527 1554
1527 1558
1527 1572
1527 1573
1527 1588
1527 1591
1528 1562
1528 1566
1528 1567
1529 1614
1529 1619
1530 1578
1530 1616
1531 1549
1532 1540
1532 1551
1532 1590
1533 1537
1533 1546
1533 1555
1533 1566
1533 1577
1533 1578
1533 1600
1533 1605
1534 1559
1534 1583
1534 1593
1534 1606
1534 1609
1534 1612
1535 1564
1535 1578
1535 1580
1535 1584
1535 1606
1535 1615
1536 1569
1536 1574
1536 1606
1536 1609
1537 1562
1537 1605
1537 1619
1538 1550
1538 1575
1538 1586
1538 1604
1539 1579
1539 1601
1540 1587
1540 1590
1540 1595
1540 1602
1541 1564
1541 1569
1541 1595
1542 1544
1542 1561
1542 1571
1542 1574
1542 1592
1542 1595
1542 1601
1543 1552
1543 1563
1543 1598
1544 1560
1544 1561
1544 1571
1544 1572
1544 1591
1545 1603
1545 1605
1545 1611
1545 1614
1546 1555
1546 1600
1546 1603
1546 1605
1547 1556
1548 1563
1548 1565
1548 1588
1548 1591
1549 1556
1549 1576
1550 1560
1550 1575
1550 1597
1551 1604
1552 1563
1553 1555
1553 1557
1553 1567
1553 1608
1554 1558
1554 1572
1554 1599
1554 1607
1555 1577
1555 1581
1556 1576
1556 1609
1557 1608
1558 1599
1558 1617
1559 1578
1559 1583
1559 1593
1559 1605
1559 1611
1559 1618
1560 1573
1560 1597
1561 1567
1561 1571
1561 1574
1561 1577
1561 1584
1561 1592
1562 1566
1562 1583
1562 1618
1563 1588
1563 1598
1564 1569
1564 1571
1564 1584
1564 1595
1564 1615
1565 1581
1565 1585
1565 1591
1565 1596
1566 1567
1566 1574
1566 1577
1566 1583
1567 1577
1567 1582
1568 1576
1568 1594
1569 1576
1570 1609
1570 1612
1571 1584
1571 1595
1571 1620
1572 1591
1572 1599
1573 1588
1573 1597
1575 1607
1577 1584
1578 1580
1578 1603
1578 1605
1578 1606
1579 1587
1579 1602
1579 1610
1580 1600
1581 1585
1581 1596
1582 1592
1582 1599
1582 1608
1583 1618
1585 1591
1585 1598
1585 1617
1587 1590
1587 1602
1589 1603
1592 1601
1592 1613
1593 1611
1593 1618
1595 1620
1596 1600
1599 1607
1599 1608
1599 1617
1600 1603
1601 1602
1601 1613
1602 1604
1602 1610
1603 1605
1604 1610
1605 1611
1606 1609
1608 1617
1609 1612
1611 1614
