0.27737000 0.04775000 0.21100000
0.08482000 0.01082000 0.32746000
0.27197000 0.16918000 0.09107000
0.19253000 0.19371000 0.18120000
0.13282000 0.07346000 0.17757000
0.37007000 0.09339000 0.23308000
0.47469000 0.16975000 0.40275000
0.38674000 0.03896000 0.47833000
0.25722000 0.20370000 0.42972000
0.34922000 0.19415000 0.01614000
0.24373000 0.07258000 0.35703000
0.06179000 0.23173000 0.42283000
0.11397000 0.02666000 0.25451000
0.19634000 0.08538000 0.06448000
0.19480000 0.04926000 0.48901000
0.36050000 0.12534000 0.08109000
0.02245000 0.05828000 0.33689000
0.24900000 0.11460000 0.27878000
0.06834000 0.06067000 0.06365000
0.39238000 0.15677000 0.23996000
0.48380000 0.10025000 0.40468000
0.09039000 0.13552000 0.37124000
0.29405000 0.07629000 0.03758000
0.02708000 0.20153000 0.22465000
0.24385000 0.13098000 0.41663000
0.37752000 0.23706000 0.27398000
0.45218000 0.16022000 0.20681000
0.37148000 0.01700000 0.23817000
0.44852000 0.16830000 0.09334000
0.06135000 0.16390000 0.44834000
0.24758000 0.03473000 0.42903000
0.35051000 0.01340000 0.38832000
0.20715000 0.18898000 0.26973000
0.25294000 0.15918000 0.01615000
0.20809000 0.01074000 0.32423000
0.20834000 0.14024000 0.35333000
0.36563000 0.16861000 0.46969000
0.44322000 0.06477000 0.46251000
0.33394000 0.12590000 0.40126000
0.42714000 0.07691000 0.17445000
0.14931000 0.04627000 0.36041000
0.37402000 0.19415000 0.34234000
0.44594000 0.00874000 0.27414000
0.47208000 0.04193000 0.09889000
0.21252000 0.21448000 0.33778000
0.00985000 0.04871000 0.47101000
0.00498000 0.07188000 0.20093000
0.39806000 0.03021000 0.06303000
0.04114000 0.11503000 0.24658000
0.26470000 0.08723000 0.47160000
0.46705000 0.03264000 0.39176000
0.30435000 0.17455000 0.31799000
0.43788000 0.16392000 0.32323000
0.12528000 0.03078000 0.03013000
0.05113000 0.07137000 0.42186000
0.37561000 0.02953000 0.13737000
0.18932000 0.19803000 0.00740000
0.34975000 0.13150000 0.16428000
0.02632000 0.12896000 0.02815000
0.40207000 0.11703000 0.41760000
0.38953000 0.22307000 0.43223000
0.12164000 0.15015000 0.17520000
0.42114000 0.10455000 0.03957000
0.14014000 0.23184000 0.46239000
0.14819000 0.19214000 0.39143000
0.38904000 0.04891000 0.32791000
0.00176000 0.18783000 0.42298000
0.16622000 0.24475000 0.13165000
0.17232000 0.13898000 0.11314000
0.04170000 0.16486000 0.32242000
0.35819000 0.23506000 0.08426000
0.40438000 0.10673000 0.30291000
0.17078000 0.08315000 0.26386000
0.31769000 0.06666000 0.11910000
0.09443000 0.22183000 0.24795000
0.32581000 0.20033000 0.14788000
0.48246000 0.07608000 0.23231000
0.03347000 0.19825000 0.03538000
0.30653000 0.00661000 0.11581000
0.19592000 0.10916000 0.17851000
0.03828000 0.13364000 0.12009000
0.14590000 0.15073000 0.28739000
0.12610000 0.22410000 0.07433000
0.39144000 0.19266000 0.15642000
0.14652000 0.03934000 0.10172000
0.05400000 0.00223000 0.42273000
0.20628000 0.01719000 0.16741000
0.31189000 0.07011000 0.31412000
0.03866000 0.01631000 0.26499000
0.49379000 0.11152000 0.08191000
0.47622000 0.23316000 0.11307000
0.49716000 0.10325000 0.16754000
0.03668000 0.20688000 0.13872000
0.02935000 0.23058000 0.34187000
0.11142000 0.20684000 0.31948000
0.21409000 0.17470000 0.48255000
0.42948000 0.24973000 0.03371000
0.46223000 0.22023000 0.44582000
0.08538000 0.01285000 0.17196000
0.27125000 0.07147000 0.56175000
0.12027000 0.20455000 0.96427000
0.10580000 0.02448000 0.59197000
0.48409000 0.03989000 0.69349000
0.04788000 0.10134000 0.63969000
0.42852000 0.11531000 0.70457000
0.45290000 0.10633000 0.93675000
0.35690000 0.07445000 0.75616000
0.02657000 0.22690000 0.52057000
0.23454000 0.22837000 0.52632000
0.01426000 0.14921000 0.95407000
0.48330000 0.11270000 0.54451000
0.41475000 0.06056000 0.65654000
0.08876000 0.23820000 0.68182000
0.23270000 0.01614000 0.98304000
0.08386000 0.15542000 0.90125000
0.23448000 0.11225000 0.86828000
0.12268000 0.09314000 0.65522000
0.45694000 0.12807000 0.62048000
0.19769000 0.04360000 0.79485000
0.05405000 0.21904000 0.76633000
0.42914000 0.00594000 0.98794000
0.21473000 0.24298000 0.66663000
0.28200000 0.05445000 0.76252000
0.30322000 0.22196000 0.50920000
0.01030000 0.11739000 0.52102000
0.20811000 0.22213000 0.79733000
0.14085000 0.06527000 0.91219000
0.04331000 0.16376000 0.70485000
0.45288000 0.06023000 0.58363000
0.36164000 0.09083000 0.98664000
0.09700000 0.19748000 0.50967000
0.37312000 0.04472000 0.56814000
0.24325000 0.23399000 0.97730000
0.19786000 0.17494000 0.72095000
0.02234000 0.19513000 0.89551000
0.29413000 0.04322000 0.90062000
0.26814000 0.12609000 0.64806000
0.30375000 0.13082000 0.83444000
0.43961000 0.19790000 0.70836000
0.10725000 0.23234000 0.82954000
0.19685000 0.09248000 0.54595000
0.48208000 0.22164000 0.90112000
0.45170000 0.17141000 0.83821000
0.01262000 0.24641000 0.65854000
0.34306000 0.21444000 0.67575000
0.07442000 0.10878000 0.56628000
0.14413000 0.09419000 0.98607000
0.12219000 0.16894000 0.63537000
0.20603000 0.03267000 0.90589000
0.17266000 0.19153000 0.91628000
0.15496000 0.12020000 0.85388000
0.40797000 0.02874000 0.78462000
0.37626000 0.14909000 0.83811000
0.47390000 0.18279000 0.55821000
0.21612000 0.03614000 0.66928000
0.35127000 0.07776000 0.64989000
0.29169000 0.14369000 0.52260000
0.29410000 0.15213000 0.93666000
0.47823000 0.19231000 0.98046000
0.08494000 0.12635000 0.81738000
0.14075000 0.02256000 0.82546000
0.47772000 0.15339000 0.74126000
0.30142000 0.13271000 0.72059000
0.19013000 0.20014000 0.59664000
0.18682000 0.10575000 0.64300000
0.13093000 0.16132000 0.76120000
0.21929000 0.11235000 0.97062000
0.30563000 0.22777000 0.81752000
0.11972000 0.03028000 0.69820000
0.37040000 0.00737000 0.69169000
0.07852000 0.03741000 0.78612000
0.01357000 0.04306000 0.73768000
0.18033000 0.03688000 0.58452000
0.33076000 0.06532000 0.83612000
0.37943000 0.15211000 0.93749000
0.40466000 0.12007000 0.51478000
0.23480000 0.15759000 0.56620000
0.01779000 0.16320000 0.61453000
0.39003000 0.16394000 0.65836000
0.36131000 0.19250000 0.77912000
0.28729000 0.04907000 0.67304000
0.34231000 0.12786000 0.58878000
0.31013000 0.23692000 0.58874000
0.37891000 0.08440000 0.90615000
0.43463000 0.08834000 0.79147000
0.17699000 0.10552000 0.73690000
0.28372000 0.21858000 0.91138000
0.45982000 0.23950000 0.59624000
0.24826000 0.12080000 0.76981000
0.07419000 0.06520000 0.92265000
0.09697000 0.10470000 0.73309000
0.41464000 0.20432000 0.92229000
0.25683000 0.18574000 0.82104000
0.26858000 0.21022000 0.71971000
0.05581000 0.21423000 0.60742000
0.16059000 0.24084000 0.72019000
0.00258000 0.24676000 0.84286000
0.34411000 0.24587000 0.96127000
0.33511000 0.01350000 0.96297000
0.05915000 0.01205000 0.51063000
0.44564000 0.00565000 0.52714000
0.25660000 0.00129000 0.84517000
0.09496000 0.14631000 0.99733000
0.30481000 0.45540000 0.32321000
0.36759000 0.40766000 0.16829000
0.03485000 0.40168000 0.40367000
0.23736000 0.45487000 0.22487000
0.05640000 0.41641000 0.10278000
0.27724000 0.27660000 0.01580000
0.39643000 0.44006000 0.23112000
0.39625000 0.43981000 0.10836000
0.01380000 0.33334000 0.48998000
0.08432000 0.25529000 0.02287000
0.22331000 0.29694000 0.47209000
0.05778000 0.34024000 0.41739000
0.34332000 0.32102000 0.27101000
0.49499000 0.28586000 0.45134000
0.24779000 0.28501000 0.25465000
0.07427000 0.30307000 0.27301000
0.30095000 0.36510000 0.39114000
0.44721000 0.43682000 0.29439000
0.15091000 0.49849000 0.26545000
0.12998000 0.33704000 0.41670000
0.19292000 0.28851000 0.32465000
0.13408000 0.36212000 0.02269000
0.00481000 0.40964000 0.48213000
0.48396000 0.33767000 0.27379000
0.18815000 0.44557000 0.36101000
0.26409000 0.29534000 0.36311000
0.34888000 0.29542000 0.05348000
0.08766000 0.43789000 0.42732000
0.46576000 0.45385000 0.11676000
0.11463000 0.35068000 0.19689000
0.38301000 0.40683000 0.39330000
0.03005000 0.47363000 0.44016000
0.00647000 0.35383000 0.36460000
0.12221000 0.47022000 0.06647000
0.25935000 0.41686000 0.38490000
0.37583000 0.28773000 0.43451000
0.08982000 0.26951000 0.12375000
0.07006000 0.46202000 0.26388000
0.20881000 0.36806000 0.41699000
0.29163000 0.29838000 0.48916000
0.43915000 0.28628000 0.32888000
0.31348000 0.25591000 0.22084000
0.35229000 0.30934000 0.13921000
0.30370000 0.25887000 0.41811000
0.02269000 0.45647000 0.32137000
0.40938000 0.35372000 0.22334000
0.35997000 0.27343000 0.36331000
0.04350000 0.34176000 0.10147000
0.14845000 0.31778000 0.11767000
0.18132000 0.36649000 0.29986000
0.07790000 0.36598000 0.25788000
0.38851000 0.39505000 0.47360000
0.36649000 0.35538000 0.33855000
0.20106000 0.49453000 0.04705000
0.32727000 0.45596000 0.22481000
0.43890000 0.30962000 0.40202000
0.16462000 0.30653000 0.25688000
0.12504000 0.26043000 0.39481000
0.16488000 0.39279000 0.12313000
0.20432000 0.25554000 0.41389000
0.32816000 0.42557000 0.43356000
0.42981000 0.30385000 0.15057000
0.30349000 0.36388000 0.47601000
0.10452000 0.48879000 0.37403000
0.01438000 0.35055000 0.17581000
0.11917000 0.41076000 0.34365000
0.02259000 0.27478000 0.12106000
0.09123000 0.31012000 0.34786000
0.03260000 0.48032000 0.13738000
0.30319000 0.36009000 0.15135000
0.30969000 0.37808000 0.23274000
0.44002000 0.37431000 0.31168000
0.31389000 0.38128000 0.05253000
0.27453000 0.30587000 0.09140000
0.26028000 0.47445000 0.43352000
0.36145000 0.42158000 0.30646000
0.13874000 0.41890000 0.25444000
0.05880000 0.41499000 0.19192000
0.24706000 0.39102000 0.03337000
0.47380000 0.43433000 0.42246000
0.23007000 0.42717000 0.29899000
0.18138000 0.41715000 0.04364000
0.18353000 0.42508000 0.47071000
0.18428000 0.48602000 0.15928000
0.43645000 0.35533000 0.05978000
0.19930000 0.35344000 0.20725000
0.21084000 0.31906000 0.06763000
0.00605000 0.30946000 0.03931000
0.47167000 0.43950000 0.21287000
0.26807000 0.47630000 0.04694000
0.43685000 0.25721000 0.21657000
0.31021000 0.44363000 0.13078000
0.23069000 0.25266000 0.17571000
0.06963000 0.42555000 0.02773000
0.49226000 0.38646000 0.15598000
0.41878000 0.49662000 0.32134000
0.26974000 0.49638000 0.28725000
0.11548000 0.37877000 0.49998000
0.12608000 0.38647000 0.80305000
0.48057000 0.30417000 0.58046000
0.17433000 0.26962000 0.96035000
0.14996000 0.25664000 0.56205000
0.16159000 0.40465000 0.57375000
0.11834000 0.44711000 0.88775000
0.00300000 0.45233000 0.92874000
0.33454000 0.43467000 0.69565000
0.48083000 0.40354000 0.91145000
0.40714000 0.35248000 0.88667000
0.32069000 0.27275000 0.75494000
0.40816000 0.29157000 0.60088000
0.27420000 0.32424000 0.95785000
0.43740000 0.27950000 0.88647000
0.41658000 0.42370000 0.88327000
0.44947000 0.26859000 0.52301000
0.27492000 0.45822000 0.60294000
0.39953000 0.42282000 0.70886000
0.20292000 0.34886000 0.58547000
0.35883000 0.39322000 0.93753000
0.09268000 0.34529000 0.69649000
0.41117000 0.33908000 0.97724000
0.45655000 0.27405000 0.79678000
0.36463000 0.31188000 0.91261000
0.46045000 0.38848000 0.71443000
0.19971000 0.33407000 0.98590000
0.24603000 0.27197000 0.90022000
0.48544000 0.34074000 0.51245000
0.21971000 0.27262000 0.58862000
0.34015000 0.43870000 0.88602000
0.17935000 0.42197000 0.83948000
0.23522000 0.44371000 0.68217000
0.30487000 0.38234000 0.61790000
0.10560000 0.38585000 0.92567000
0.43363000 0.41568000 0.98801000
0.06877000 0.46250000 0.82179000
0.30123000 0.40942000 0.82349000
0.02451000 0.40489000 0.86659000
0.13357000 0.41105000 0.71171000
0.05048000 0.28658000 0.54130000
0.29211000 0.30408000 0.57361000
0.35745000 0.46371000 0.55749000
0.42668000 0.43923000 0.63157000
0.36017000 0.44200000 0.78005000
0.48185000 0.35196000 0.98581000
0.12652000 0.31311000 0.92341000
0.23319000 0.44220000 0.77247000
0.46130000 0.36149000 0.78865000
0.30712000 0.37130000 0.70236000
0.24400000 0.37525000 0.65873000
0.10682000 0.48910000 0.50653000
0.33138000 0.31683000 0.81375000
0.22222000 0.49566000 0.95580000
0.00250000 0.35745000 0.59730000
0.14623000 0.28652000 0.65678000
0.16832000 0.25076000 0.86929000
0.36890000 0.49082000 0.84314000
0.19229000 0.36033000 0.73070000
0.23591000 0.47121000 0.85850000
0.26459000 0.29345000 0.82938000
0.10236000 0.49109000 0.61042000
0.18704000 0.37183000 0.89682000
0.27720000 0.49128000 0.73214000
0.25852000 0.40996000 0.95957000
0.00614000 0.33725000 0.88185000
0.09428000 0.33868000 0.85662000
0.10220000 0.38912000 0.64108000
0.36920000 0.34609000 0.68076000
0.03050000 0.33381000 0.67148000
0.28012000 0.27709000 0.64930000
0.26056000 0.41942000 0.54624000
0.06815000 0.45459000 0.73555000
0.37711000 0.29396000 0.51150000
0.41731000 0.37237000 0.60836000
0.06917000 0.25312000 0.94890000
0.37738000 0.36718000 0.78134000
0.38396000 0.26518000 0.71974000
0.09956000 0.31762000 0.77790000
0.22289000 0.32118000 0.78552000
0.28093000 0.37434000 0.89038000
0.07115000 0.32047000 0.99265000
0.04514000 0.27945000 0.72212000
0.19357000 0.35739000 0.50723000
0.10605000 0.31083000 0.58244000
0.05998000 0.40848000 0.58393000
0.37156000 0.25935000 0.85942000
0.07604000 0.49192000 0.94402000
0.15628000 0.28454000 0.78950000
0.43887000 0.33023000 0.66944000
0.37297000 0.45204000 0.96933000
0.37749000 0.39827000 0.55282000
0.02208000 0.45049000 0.63736000
0.21955000 0.47655000 0.53544000
0.43677000 0.43354000 0.53622000
0.48867000 0.27732000 0.99648000
0.12746000 0.30345000 0.50121000
0.23004000 0.57869000 0.44977000
0.27900000 0.51442000 0.10897000
0.40506000 0.61238000 0.22713000
0.49179000 0.54821000 0.36026000
0.01302000 0.54824000 0.05869000
0.05529000 0.62088000 0.34194000
0.20599000 0.64553000 0.31197000
0.29170000 0.50670000 0.37232000
0.14140000 0.56905000 0.20370000
0.33512000 0.68278000 0.29476000
0.19443000 0.60011000 0.21036000
0.29196000 0.58193000 0.26018000
0.48482000 0.70498000 0.33271000
0.34951000 0.60336000 0.30316000
0.39420000 0.55876000 0.03200000
0.00082000 0.67301000 0.34302000
0.33453000 0.53789000 0.29216000
0.39059000 0.66872000 0.10401000
0.49573000 0.63359000 0.11922000
0.06346000 0.50933000 0.02189000
0.31262000 0.73940000 0.43904000
0.20212000 0.73540000 0.26474000
0.48703000 0.67987000 0.48502000
0.35802000 0.50558000 0.48745000
0.22678000 0.63540000 0.03060000
0.47732000 0.50203000 0.44588000
0.08855000 0.65179000 0.44594000
0.19703000 0.54687000 0.10241000
0.22287000 0.64897000 0.16141000
0.42610000 0.71540000 0.00885000
0.20368000 0.52764000 0.32390000
0.31168000 0.57448000 0.11596000
0.30449000 0.57404000 0.34834000
0.12401000 0.59617000 0.48871000
0.16061000 0.53950000 0.38820000
0.37109000 0.50745000 0.07621000
0.27365000 0.71530000 0.08087000
0.16891000 0.71915000 0.01611000
0.13141000 0.65197000 0.05882000
0.29542000 0.62620000 0.07690000
0.10703000 0.67673000 0.26943000
0.00853000 0.60351000 0.10755000
0.27932000 0.65432000 0.39050000
0.42267000 0.54784000 0.38197000
0.44553000 0.54279000 0.14179000
0.42422000 0.64625000 0.00925000
0.17993000 0.66578000 0.24459000
0.46723000 0.68679000 0.18130000
0.14396000 0.61119000 0.27659000
0.21043000 0.67421000 0.38980000
0.43642000 0.65593000 0.37685000
0.41966000 0.60209000 0.30865000
0.17971000 0.73975000 0.33727000
0.17939000 0.62844000 0.45219000
0.28721000 0.62450000 0.46769000
0.18575000 0.51285000 0.47280000
0.44211000 0.62199000 0.16267000
0.11295000 0.71666000 0.33788000
0.22525000 0.57123000 0.27244000
0.43527000 0.72998000 0.12437000
0.36639000 0.54168000 0.15765000
0.07945000 0.71727000 0.42131000
0.22993000 0.54662000 0.17630000
0.15508000 0.70814000 0.09827000
0.31784000 0.52469000 0.02338000
0.04386000 0.64241000 0.22933000
0.06673000 0.58640000 0.16978000
0.15569000 0.61975000 0.12523000
0.07123000 0.67891000 0.05271000
0.32651000 0.68357000 0.05883000
0.33529000 0.56759000 0.42392000
0.39943000 0.59443000 0.42997000
0.40870000 0.59744000 0.09153000
0.24062000 0.60454000 0.35320000
0.34903000 0.65496000 0.18482000
0.40427000 0.73084000 0.46718000
0.42237000 0.73435000 0.37484000
0.41882000 0.54026000 0.24981000
0.08161000 0.57508000 0.07629000
0.27575000 0.64575000 0.20301000
0.07141000 0.57424000 0.43741000
0.10926000 0.67841000 0.17862000
0.49952000 0.60666000 0.01747000
0.45285000 0.56085000 0.46837000
0.04869000 0.73013000 0.15614000
0.06155000 0.50978000 0.20679000
0.40558000 0.67686000 0.23803000
0.35592000 0.66387000 0.36919000
0.27427000 0.64113000 0.29889000
0.02693000 0.58171000 0.28693000
0.13505000 0.54524000 0.03887000
0.34421000 0.68092000 0.46875000
0.08577000 0.55919000 0.36346000
0.32652000 0.73837000 0.33494000
0.46659000 0.50171000 0.01726000
0.25863000 0.72656000 0.39055000
0.01164000 0.52128000 0.25760000
0.05079000 0.71639000 0.29513000
0.10809000 0.52242000 0.14197000
0.19455000 0.71517000 0.44905000
0.01146000 0.63972000 0.46838000
0.30061000 0.72357000 0.24168000
0.01849000 0.66595000 0.71978000
0.43120000 0.51075000 0.51300000
0.16374000 0.69603000 0.63095000
0.44134000 0.58716000 0.97648000
0.49771000 0.69751000 0.56555000
0.33670000 0.71116000 0.93046000
0.38546000 0.65928000 0.71581000
0.31352000 0.66685000 0.77214000
0.28124000 0.65946000 0.92335000
0.11735000 0.69836000 0.52582000
0.08555000 0.73297000 0.78490000
0.01905000 0.74581000 0.73979000
0.31572000 0.51408000 0.91027000
0.44039000 0.71480000 0.87396000
0.03621000 0.71103000 0.84200000
0.43143000 0.62410000 0.50953000
0.09854000 0.66313000 0.67879000
0.42139000 0.64624000 0.86138000
0.19434000 0.51225000 0.67839000
0.30999000 0.59133000 0.54389000
0.44687000 0.50071000 0.72809000
0.17298000 0.53138000 0.80762000
0.44362000 0.71115000 0.68060000
0.33569000 0.73585000 0.69935000
0.41592000 0.57211000 0.88755000
0.13034000 0.68126000 0.89547000
0.01434000 0.53975000 0.72060000
0.42048000 0.53716000 0.79653000
0.33875000 0.51890000 0.74112000
0.27239000 0.70458000 0.60837000
0.09511000 0.52496000 0.69688000
0.30595000 0.54268000 0.65747000
0.09185000 0.67971000 0.82582000
0.09698000 0.63040000 0.94175000
0.31430000 0.64838000 0.60307000
0.20489000 0.70871000 0.69824000
0.42801000 0.56491000 0.71193000
0.44826000 0.53598000 0.59795000
0.06030000 0.72721000 0.56784000
0.19679000 0.69483000 0.78590000
0.41488000 0.67939000 0.93478000
0.34766000 0.59041000 0.91983000
0.16787000 0.61212000 0.65352000
0.21675000 0.55593000 0.92008000
0.46684000 0.59522000 0.78760000
0.49019000 0.61271000 0.72086000
0.34366000 0.64561000 0.84989000
0.24961000 0.57526000 0.83988000
0.40222000 0.60226000 0.77413000
0.03529000 0.53811000 0.88642000
0.15721000 0.54365000 0.61654000
0.49097000 0.58117000 0.53914000
0.17456000 0.60242000 0.85086000
0.49638000 0.60192000 0.91346000
0.11854000 0.73156000 0.95972000
0.11420000 0.59592000 0.56477000
0.32461000 0.59448000 0.99377000
0.00184000 0.51587000 0.79620000
0.07270000 0.60328000 0.79764000
0.28924000 0.51706000 0.52409000
0.32898000 0.58618000 0.79221000
0.25052000 0.60073000 0.74968000
0.42600000 0.71864000 0.59255000
0.03838000 0.68361000 0.64078000
0.24198000 0.68427000 0.84884000
0.07393000 0.58920000 0.71767000
0.03297000 0.68829000 0.96919000
0.03621000 0.62112000 0.86227000
0.09521000 0.58660000 0.64506000
0.19473000 0.63055000 0.56326000
0.02709000 0.57050000 0.50885000
0.27140000 0.72682000 0.98433000
0.11912000 0.74046000 0.67370000
0.14676000 0.54858000 0.95372000
0.04229000 0.62664000 0.57220000
0.00032000 0.68151000 0.90036000
0.42171000 0.65177000 0.59066000
0.37032000 0.52110000 0.62149000
0.26892000 0.65312000 0.66253000
0.48204000 0.74382000 0.97710000
0.22991000 0.56704000 0.53346000
0.05136000 0.56316000 0.58867000
0.42561000 0.68825000 0.78648000
0.43847000 0.62943000 0.66493000
0.19824000 0.65809000 0.94378000
0.10275000 0.58429000 0.86740000
0.23671000 0.70154000 0.52730000
0.48808000 0.74895000 0.62831000
0.40310000 0.58142000 0.62253000
0.18030000 0.63308000 0.74878000
0.33662000 0.60945000 0.67164000
0.05352000 0.59264000 0.99099000
0.37488000 0.53752000 0.95618000
0.22287000 0.54057000 0.75617000
0.48644000 0.51060000 0.88320000
0.37349000 0.71266000 0.64998000
0.33887000 0.70284000 0.55419000
0.22827000 0.72799000 0.91809000
0.20542000 0.73130000 0.59666000
0.34689000 0.65747000 0.98382000
0.16405000 0.61967000 0.99165000
0.15601000 0.74310000 0.89107000
0.37650000 0.74408000 0.88143000
0.37841000 0.74890000 0.79794000
0.41802000 0.50370000 0.91207000
0.12231000 0.50360000 0.77069000
0.25115000 0.55904000 0.99867000
0.37086000 0.57278000 0.50098000
0.12049000 0.98946000 0.46425000
0.49686000 0.96767000 0.48364000
0.11856000 0.88159000 0.22212000
0.44861000 0.82133000 0.20633000
0.06105000 0.78795000 0.29061000
0.49122000 0.99525000 0.20842000
0.08969000 0.92229000 0.01392000
0.37963000 0.94195000 0.46131000
0.05439000 0.86286000 0.33461000
0.49050000 0.82051000 0.49719000
0.42087000 0.88663000 0.45613000
0.17739000 0.93804000 0.32168000
0.29708000 0.79962000 0.28220000
0.43858000 0.83473000 0.07273000
0.25027000 0.77331000 0.07893000
0.32673000 0.84678000 0.33712000
0.38155000 0.86155000 0.03576000
0.38765000 0.91796000 0.23576000
0.34573000 0.75234000 0.07050000
0.25548000 0.75234000 0.31155000
0.28497000 0.85036000 0.20242000
0.32226000 0.82374000 0.07283000
0.19831000 0.92470000 0.23439000
0.48120000 0.77858000 0.32513000
0.01427000 0.87802000 0.20000000
0.45409000 0.90354000 0.26638000
0.16953000 0.82657000 0.24234000
0.40168000 0.79529000 0.12471000
0.05857000 0.93600000 0.24127000
0.21469000 0.79864000 0.15474000
0.01902000 0.84616000 0.41381000
0.31546000 0.89755000 0.26738000
0.05544000 0.85034000 0.11498000
0.39493000 0.79354000 0.41983000
0.17108000 0.90291000 0.09207000
0.33217000 0.80453000 0.45194000
0.45649000 0.76597000 0.44556000
0.27022000 0.96968000 0.45509000
0.33008000 0.90171000 0.12640000
0.12112000 0.81641000 0.38431000
0.40479000 0.96310000 0.09398000
0.06256000 0.89579000 0.44061000
0.39947000 0.75606000 0.28680000
0.00574000 0.95744000 0.39797000
0.03247000 0.90063000 0.04911000
0.00140000 0.78346000 0.20348000
0.18351000 0.85247000 0.02930000
0.42049000 0.97863000 0.40637000
0.12608000 0.88483000 0.42745000
0.48533000 0.84775000 0.27425000
0.43348000 0.90136000 0.06799000
0.15935000 0.98403000 0.21711000
0.24503000 0.98627000 0.24543000
0.22123000 0.89083000 0.41491000
0.29665000 0.99080000 0.32241000
0.33538000 0.90837000 0.39699000
0.34131000 0.87360000 0.47511000
0.13686000 0.86810000 0.29313000
0.48323000 0.85359000 0.13935000
0.09683000 0.78349000 0.45752000
0.13365000 0.77565000 0.27359000
0.41224000 0.86811000 0.16041000
0.26920000 0.91229000 0.09007000
0.18231000 0.86473000 0.17835000
0.45261000 0.81987000 0.39677000
0.37143000 0.82245000 0.20510000
0.01972000 0.77379000 0.40147000
0.32629000 0.92051000 0.03090000
0.21000000 0.92361000 0.14503000
0.44371000 0.92600000 0.34976000
0.05410000 0.95880000 0.09227000
0.16651000 0.93204000 0.45737000
0.26095000 0.82804000 0.39067000
0.05343000 0.94236000 0.33062000
0.39373000 0.80392000 0.34104000
0.28410000 0.76564000 0.16476000
0.22631000 0.86865000 0.32165000
0.16916000 0.97629000 0.08349000
0.09906000 0.90573000 0.09479000
0.48441000 0.78526000 0.11710000
0.49486000 0.95627000 0.30004000
0.11447000 0.75555000 0.19033000
0.10153000 0.80886000 0.14168000
0.46362000 0.75302000 0.24742000
0.25140000 0.94824000 0.36225000
0.15683000 0.78593000 0.01279000
0.25163000 0.85859000 0.13470000
0.25097000 0.92320000 0.27714000
0.42244000 0.97813000 0.18418000
0.28969000 0.94802000 0.17885000
0.24900000 0.98809000 0.06117000
0.01824000 0.96606000 0.01997000
0.26543000 0.90136000 0.48502000
0.18068000 0.97344000 0.39640000
0.03655000 0.75356000 0.48335000
0.19536000 0.94558000 0.01837000
0.49258000 0.92460000 0.18276000
0.18930000 0.80986000 0.36662000
0.09254000 0.75342000 0.04483000
0.02645000 0.82239000 0.04732000
0.04593000 0.83817000 0.48670000
0.35810000 0.76090000 0.19738000
0.11893000 0.86321000 0.00620000
0.04813000 0.97107000 0.64764000
0.08097000 0.79265000 0.53532000
0.36248000 0.91075000 0.90263000
0.31889000 0.91323000 0.75930000
0.47696000 0.90592000 0.50634000
0.42344000 0.80296000 0.88987000
0.43643000 0.78687000 0.59068000
0.03784000 0.98644000 0.78611000
0.22507000 0.81109000 0.60901000
0.21447000 0.94386000 0.60218000
0.13505000 0.97322000 0.98720000
0.46112000 0.97081000 0.92198000
0.43539000 0.90057000 0.65431000
0.10937000 0.95288000 0.53603000
0.23938000 0.80915000 0.70485000
0.15460000 0.80797000 0.87866000
0.10956000 0.79635000 0.81406000
0.02294000 0.92269000 0.85266000
0.16121000 0.83010000 0.65919000
0.48829000 0.89723000 0.71770000
0.47769000 0.76959000 0.75212000
0.43853000 0.87933000 0.89399000
0.28925000 0.89708000 0.89775000
0.13727000 0.93368000 0.79770000
0.36487000 0.81260000 0.82741000
0.00423000 0.80905000 0.80254000
0.48249000 0.83341000 0.64171000
0.33479000 0.94167000 0.62598000
0.47605000 0.91847000 0.96854000
0.43590000 0.86617000 0.74969000
0.33589000 0.77789000 0.54182000
0.35764000 0.83087000 0.60472000
0.18312000 0.86538000 0.77288000
0.37159000 0.97813000 0.56855000
0.20586000 0.82121000 0.50364000
0.18217000 0.96408000 0.73954000
0.10975000 0.79228000 0.93839000
0.28598000 0.96623000 0.94409000
0.08108000 0.93855000 0.73814000
0.15203000 0.93062000 0.63354000
0.16907000 0.76225000 0.75737000
0.43087000 0.98764000 0.73291000
0.40783000 0.83462000 0.52457000
0.48813000 0.97809000 0.62912000
0.32026000 0.80722000 0.88137000
0.10023000 0.86966000 0.67921000
0.38282000 0.93110000 0.72417000
0.04420000 0.75661000 0.96233000
0.11269000 0.85660000 0.75529000
0.40853000 0.78817000 0.70037000
0.30027000 0.88628000 0.55614000
0.01931000 0.85355000 0.60035000
0.25298000 0.91178000 0.97382000
0.31295000 0.80589000 0.70215000
0.05839000 0.82200000 0.64906000
0.05785000 0.78172000 0.86663000
0.23915000 0.87708000 0.73120000
0.26785000 0.78089000 0.94301000
0.11820000 0.89236000 0.56259000
0.04273000 0.87209000 0.75603000
0.14830000 0.75708000 0.55459000
0.32282000 0.98953000 0.86096000
0.25614000 0.90345000 0.64502000
0.11181000 0.79066000 0.61355000
0.03988000 0.75294000 0.65151000
0.05018000 0.88058000 0.93745000
0.04687000 0.94734000 0.95090000
0.22485000 0.89372000 0.83526000
0.22026000 0.95814000 0.51964000
0.39317000 0.77326000 0.96480000
0.27759000 0.75086000 0.84549000
0.39935000 0.89988000 0.57790000
0.26199000 0.97613000 0.66341000
0.15559000 0.87412000 0.50705000
0.38939000 0.94392000 0.98146000
0.10149000 0.79375000 0.72974000
0.32787000 0.77296000 0.98274000
0.21438000 0.82775000 0.84105000
0.41744000 0.96524000 0.63721000
0.17964000 0.88126000 0.95018000
0.04859000 0.92425000 0.58360000
0.15828000 0.92440000 0.87541000
0.42467000 0.92678000 0.78648000
0.29382000 0.80266000 0.62570000
0.09943000 0.85588000 0.88473000
0.33037000 0.86558000 0.68099000
0.22539000 0.87791000 0.56288000
0.49207000 0.83805000 0.93855000
0.48525000 0.76643000 0.90294000
0.28933000 0.80484000 0.79835000
0.24940000 0.96851000 0.75647000
0.34233000 0.85656000 0.94186000
0.08685000 0.96869000 0.85742000
0.39123000 0.98484000 0.90743000
0.31156000 0.96420000 0.52302000
0.28634000 0.82734000 0.99909000
0.73927000 0.18712000 0.00731000
0.73646000 0.02343000 0.45835000
0.58257000 0.07524000 0.05546000
0.57282000 0.24419000 0.05361000
0.90690000 0.16029000 0.04474000
0.93369000 0.02995000 0.16449000
0.85296000 0.20574000 0.02433000
0.91494000 0.08120000 0.45489000
0.77574000 0.17948000 0.31277000
0.66824000 0.09763000 0.35276000
0.76317000 0.15259000 0.08078000
0.90148000 0.08135000 0.13675000
0.68445000 0.16016000 0.17167000
0.78170000 0.23210000 0.37526000
0.88661000 0.10885000 0.21147000
0.64665000 0.24932000 0.19460000
0.90678000 0.14586000 0.33378000
0.65477000 0.08312000 0.07969000
0.93472000 0.04879000 0.08025000
0.64940000 0.06660000 0.16369000
0.81479000 0.07615000 0.10561000
0.71676000 0.02199000 0.30073000
0.76303000 0.02667000 0.19713000
0.89150000 0.20111000 0.20029000
0.86564000 0.00603000 0.35130000
0.80992000 0.07322000 0.01475000
0.54537000 0.21932000 0.11621000
0.94807000 0.02991000 0.39338000
0.85382000 0.00065000 0.03947000
0.70242000 0.12428000 0.09187000
0.95293000 0.18290000 0.28544000
0.96741000 0.20589000 0.04411000
0.64491000 0.08672000 0.27374000
0.96984000 0.11590000 0.13543000
0.58846000 0.06376000 0.42309000
0.62819000 0.12605000 0.13429000
0.50340000 0.15838000 0.28751000
0.97364000 0.22719000 0.17690000
0.66811000 0.19399000 0.04204000
0.79153000 0.18339000 0.44379000
0.79046000 0.04815000 0.37830000
0.75017000 0.11391000 0.01049000
0.67806000 0.12547000 0.00566000
0.59216000 0.07949000 0.21930000
0.72941000 0.20666000 0.21505000
0.75208000 0.04287000 0.10832000
0.91255000 0.20501000 0.37150000
0.89309000 0.16092000 0.12125000
0.85583000 0.07045000 0.40483000
0.65797000 0.15489000 0.26133000
0.64255000 0.14749000 0.39811000
0.89679000 0.06836000 0.00804000
0.95462000 0.10500000 0.37452000
0.58392000 0.18935000 0.29686000
0.74683000 0.09949000 0.41837000
0.56614000 0.08325000 0.12781000
0.59031000 0.02578000 0.35932000
0.95342000 0.13398000 0.45624000
0.70129000 0.02864000 0.04461000
0.54389000 0.14836000 0.13276000
0.63942000 0.24052000 0.27865000
0.81813000 0.16729000 0.13092000
0.67807000 0.20095000 0.46642000
0.82731000 0.24433000 0.19581000
0.90776000 0.07766000 0.30472000
0.94284000 0.19892000 0.47593000
0.91293000 0.22625000 0.10325000
0.71449000 0.22218000 0.11095000
0.61422000 0.19676000 0.14729000
0.80313000 0.24068000 0.10412000
0.85512000 0.14247000 0.38892000
0.68751000 0.20118000 0.33464000
0.80488000 0.01957000 0.48421000
0.74325000 0.16059000 0.39543000
0.86720000 0.17616000 0.26332000
0.51772000 0.22933000 0.19159000
0.97689000 0.14381000 0.22582000
0.57573000 0.09564000 0.35738000
0.52406000 0.08998000 0.30267000
0.51308000 0.00654000 0.04524000
0.56483000 0.18068000 0.43583000
0.80758000 0.17859000 0.21306000
0.80773000 0.08560000 0.29403000
0.53905000 0.19774000 0.35306000
0.52875000 0.02979000 0.15022000
0.61256000 0.19979000 0.22990000
0.67254000 0.03133000 0.46346000
0.73779000 0.10659000 0.19030000
0.72686000 0.10816000 0.28926000
0.61655000 0.13869000 0.05106000
0.84120000 0.05519000 0.23054000
0.95689000 0.24649000 0.32245000
0.84592000 0.22128000 0.32506000
0.97153000 0.07098000 0.27933000
0.99384000 0.05543000 0.00887000
0.53868000 0.17100000 0.05302000
0.99971000 0.05649000 0.10315000
0.61136000 0.02060000 0.24716000
0.53629000 0.01044000 0.39904000
0.54586000 0.12861000 0.21344000
0.85967000 0.22148000 0.47641000
0.63458000 0.11568000 0.47014000
0.51800000 0.13679000 0.47673000
0.79296000 0.01768000 0.30159000
0.87813000 0.04947000 0.85362000
0.55330000 0.09110000 0.54764000
0.52179000 0.21534000 0.63120000
0.54475000 0.24394000 0.69580000
0.72877000 0.04378000 0.53627000
0.70620000 0.22020000 0.92217000
0.66992000 0.00689000 0.92693000
0.71154000 0.04684000 0.68013000
0.50887000 0.04935000 0.76491000
0.57932000 0.01293000 0.66348000
0.94093000 0.20968000 0.69333000
0.85500000 0.07987000 0.71848000
0.53698000 0.06314000 0.62983000
0.88178000 0.13612000 0.51023000
0.61344000 0.16777000 0.57439000
0.84525000 0.05350000 0.55366000
0.88666000 0.10802000 0.65043000
0.96010000 0.01827000 0.92105000
0.64664000 0.05893000 0.54363000
0.61426000 0.04992000 0.72185000
0.86428000 0.19939000 0.72069000
0.75508000 0.16495000 0.58019000
0.65286000 0.21700000 0.77045000
0.68511000 0.13118000 0.84338000
0.77036000 0.01839000 0.84819000
0.79777000 0.03663000 0.76167000
0.92884000 0.16593000 0.63505000
0.65462000 0.23713000 0.54665000
0.76817000 0.22217000 0.87254000
0.83650000 0.17455000 0.54962000
0.70020000 0.18011000 0.73461000
0.76866000 0.19419000 0.79632000
0.89463000 0.03520000 0.92683000
0.62792000 0.11383000 0.69482000
0.79103000 0.10344000 0.59175000
0.69083000 0.09939000 0.73957000
0.70623000 0.24300000 0.71943000
0.90856000 0.03638000 0.75263000
0.80700000 0.23650000 0.73640000
0.53215000 0.05851000 0.98898000
0.99062000 0.18403000 0.82171000
0.66238000 0.05977000 0.97604000
0.70098000 0.06093000 0.81839000
0.58522000 0.01709000 0.53153000
0.76129000 0.11963000 0.90204000
0.81940000 0.08625000 0.80422000
0.50305000 0.03556000 0.90395000
0.70184000 0.14472000 0.51579000
0.60232000 0.15194000 0.85314000
0.61659000 0.04492000 0.81659000
0.62826000 0.23981000 0.68234000
0.77300000 0.08462000 0.50243000
0.67241000 0.02565000 0.74718000
0.92989000 0.15630000 0.74809000
0.98010000 0.20791000 0.95517000
0.54396000 0.16106000 0.57276000
0.56001000 0.00715000 0.82885000
0.96998000 0.03467000 0.54243000
0.72097000 0.21596000 0.61158000
0.72077000 0.11701000 0.62176000
0.69855000 0.20865000 0.84313000
0.53844000 0.14932000 0.96733000
0.83663000 0.13563000 0.75585000
0.96874000 0.04122000 0.84638000
0.84781000 0.10516000 0.90120000
0.73803000 0.00492000 0.61714000
0.81420000 0.23951000 0.82276000
0.63393000 0.17155000 0.64732000
0.53784000 0.08973000 0.84255000
0.59132000 0.19164000 0.71027000
0.76449000 0.00030000 0.95869000
0.74415000 0.11340000 0.80708000
0.57757000 0.22296000 0.59178000
0.65025000 0.07971000 0.87651000
0.63786000 0.15168000 0.76133000
0.94846000 0.11865000 0.98379000
0.91932000 0.17427000 0.84682000
0.56162000 0.12260000 0.73120000
0.76529000 0.10535000 0.73389000
0.59875000 0.23866000 0.87080000
0.91321000 0.21093000 0.93324000
0.95786000 0.20962000 0.56313000
0.85507000 0.17344000 0.64043000
0.69463000 0.14598000 0.93068000
0.92391000 0.08528000 0.80800000
0.63423000 0.22115000 0.95073000
0.89023000 0.15080000 0.94402000
0.82127000 0.16858000 0.90115000
0.52180000 0.15921000 0.86584000
0.51285000 0.12210000 0.68087000
0.96051000 0.06680000 0.67562000
0.62085000 0.09536000 0.61483000
0.61538000 0.15335000 0.94311000
0.78370000 0.18757000 0.66178000
0.89055000 0.24288000 0.85202000
0.76712000 0.22599000 0.54064000
0.53345000 0.19552000 0.76532000
0.99195000 0.00498000 0.61586000
0.99694000 0.11722000 0.81807000
0.87632000 0.24258000 0.57576000
0.72395000 0.00300000 0.78957000
0.82744000 0.00921000 0.91985000
0.84479000 0.12836000 0.99486000
0.70856000 0.41886000 0.23842000
0.94762000 0.46791000 0.08235000
0.86615000 0.45772000 0.01461000
0.65992000 0.27985000 0.12086000
0.84820000 0.35628000 0.44360000
0.58752000 0.26564000 0.45179000
0.75261000 0.45646000 0.20617000
0.86616000 0.28409000 0.44806000
0.99836000 0.42369000 0.14414000
0.81450000 0.47936000 0.17832000
0.90788000 0.30900000 0.21638000
0.64470000 0.44108000 0.25256000
0.76280000 0.38528000 0.37402000
0.73870000 0.26482000 0.42649000
0.68630000 0.30543000 0.20322000
0.83897000 0.32646000 0.02264000
0.79975000 0.26446000 0.48361000
0.93395000 0.34761000 0.45538000
0.59559000 0.28017000 0.38040000
0.53681000 0.46112000 0.15132000
0.99016000 0.44830000 0.25628000
0.58267000 0.30038000 0.17692000
0.78242000 0.31455000 0.33744000
0.99922000 0.29321000 0.39179000
0.70366000 0.37414000 0.46055000
0.73594000 0.49072000 0.12661000
0.59584000 0.45781000 0.20157000
0.50305000 0.29111000 0.22434000
0.93517000 0.25043000 0.24514000
0.64507000 0.25784000 0.03243000
0.75764000 0.32685000 0.20126000
0.89284000 0.41725000 0.26072000
0.67407000 0.48591000 0.16450000
0.86518000 0.38821000 0.03405000
0.73677000 0.44943000 0.43950000
0.52393000 0.44756000 0.35377000
0.85773000 0.33236000 0.26167000
0.57788000 0.35570000 0.37470000
0.87562000 0.44264000 0.36053000
0.80935000 0.42813000 0.06172000
0.91297000 0.41472000 0.08744000
0.89267000 0.31011000 0.33946000
0.88466000 0.34300000 0.08987000
0.82429000 0.49600000 0.07103000
0.59178000 0.42698000 0.38706000
0.71785000 0.36795000 0.30060000
0.78618000 0.41099000 0.25174000
0.74992000 0.35100000 0.02824000
0.63344000 0.36267000 0.21114000
0.87894000 0.42000000 0.45954000
0.63936000 0.42435000 0.11549000
0.93911000 0.27392000 0.01591000
0.70588000 0.36336000 0.17594000
0.83399000 0.35746000 0.36813000
0.66288000 0.43630000 0.40952000
0.59982000 0.32370000 0.29816000
0.79297000 0.32854000 0.10779000
0.65738000 0.38097000 0.35140000
0.80576000 0.41258000 0.41949000
0.93004000 0.37611000 0.15155000
0.75321000 0.26928000 0.15397000
0.55430000 0.38767000 0.10411000
0.51104000 0.29402000 0.09225000
0.95530000 0.49266000 0.32373000
0.52202000 0.40543000 0.48429000
0.98776000 0.31207000 0.27431000
0.79705000 0.44088000 0.33488000
0.56859000 0.37740000 0.45325000
0.86859000 0.27214000 0.14062000
0.51876000 0.35057000 0.33521000
0.79689000 0.29972000 0.41125000
0.50095000 0.44352000 0.04457000
0.53977000 0.41050000 0.27392000
0.75562000 0.33546000 0.47649000
0.87952000 0.48020000 0.26148000
0.59376000 0.47671000 0.32925000
0.53997000 0.34892000 0.21034000
0.69293000 0.33538000 0.08826000
0.92180000 0.45083000 0.15446000
0.67246000 0.31784000 0.33461000
0.52036000 0.26788000 0.35323000
0.82182000 0.27569000 0.27981000
0.99482000 0.37979000 0.29047000
0.68783000 0.43334000 0.06478000
0.64027000 0.40034000 0.47691000
0.84052000 0.42520000 0.13913000
0.75710000 0.41629000 0.12899000
0.81573000 0.37224000 0.19418000
0.63910000 0.31038000 0.45768000
0.62364000 0.33121000 0.02863000
0.96987000 0.26712000 0.46713000
0.56118000 0.25643000 0.25577000
0.97237000 0.32675000 0.11524000
0.68935000 0.43215000 0.31212000
0.75717000 0.25172000 0.04221000
0.86389000 0.49080000 0.42357000
0.93886000 0.38524000 0.36054000
0.97471000 0.36794000 0.04516000
0.58840000 0.48587000 0.07799000
0.54007000 0.36926000 0.02344000
0.72878000 0.49481000 0.30070000
0.74909000 0.26991000 0.26007000
0.70672000 0.29096000 0.02234000
0.86000000 0.26912000 0.00154000
0.98407000 0.47465000 0.00055000
0.52489000 0.47798000 0.49747000
0.87494000 0.41545000 0.72482000
0.78508000 0.25887000 0.63333000
0.71857000 0.44826000 0.98332000
0.52608000 0.49475000 0.58761000
0.55779000 0.35596000 0.80760000
0.63581000 0.29800000 0.77861000
0.96611000 0.27093000 0.72072000
0.91072000 0.44810000 0.93231000
0.52931000 0.26380000 0.51357000
0.80394000 0.37749000 0.54278000
0.86106000 0.26869000 0.71282000
0.82408000 0.35261000 0.67378000
0.59125000 0.41068000 0.55763000
0.59090000 0.48159000 0.62225000
0.53008000 0.45506000 0.79283000
0.94128000 0.47786000 0.74106000
0.83013000 0.34113000 0.84491000
0.59192000 0.44125000 0.89268000
0.99025000 0.35126000 0.80119000
0.92314000 0.36897000 0.71762000
0.95576000 0.32003000 0.66741000
0.54342000 0.29092000 0.83604000
0.67795000 0.46215000 0.67476000
0.69725000 0.45511000 0.58346000
0.56753000 0.48398000 0.73145000
0.73944000 0.37683000 0.78012000
0.65938000 0.49116000 0.52648000
0.90679000 0.33290000 0.54945000
0.87381000 0.41609000 0.54459000
0.91052000 0.27622000 0.65769000
0.55193000 0.45551000 0.96244000
0.75852000 0.40581000 0.50093000
0.91587000 0.43501000 0.80428000
0.50531000 0.29334000 0.70745000
0.56881000 0.30775000 0.67386000
0.63060000 0.39511000 0.78908000
0.86376000 0.47873000 0.69518000
0.91898000 0.32335000 0.85322000
0.99726000 0.40648000 0.74235000
0.83468000 0.41679000 0.82221000
0.58255000 0.31648000 0.92392000
0.70775000 0.43128000 0.90987000
0.75342000 0.30344000 0.74448000
0.92904000 0.39213000 0.89374000
0.94841000 0.48329000 0.86017000
0.72925000 0.47424000 0.51135000
0.50983000 0.35491000 0.85679000
0.66313000 0.49537000 0.84071000
0.92976000 0.33549000 0.96870000
0.69182000 0.29729000 0.51581000
0.64670000 0.37388000 0.61503000
0.82290000 0.25184000 0.92830000
0.95189000 0.42670000 0.52977000
0.81545000 0.47646000 0.55372000
0.52503000 0.39261000 0.60614000
0.51496000 0.35618000 0.66929000
0.76842000 0.43139000 0.58212000
0.83308000 0.35650000 0.94294000
0.77782000 0.41170000 0.66054000
0.64476000 0.45864000 0.76012000
0.78221000 0.31202000 0.60228000
0.88224000 0.34161000 0.62377000
0.65613000 0.38666000 0.87496000
0.90703000 0.27638000 0.77721000
0.96556000 0.27710000 0.55757000
0.76657000 0.29129000 0.83876000
0.53196000 0.45250000 0.67459000
0.57643000 0.35886000 0.72526000
0.68994000 0.36052000 0.54999000
0.58659000 0.33716000 0.57823000
0.77989000 0.31564000 0.96478000
0.68946000 0.27831000 0.94382000
0.65912000 0.36990000 0.70417000
0.61721000 0.32990000 0.86724000
0.96467000 0.28021000 0.93937000
0.71342000 0.45105000 0.80045000
0.75676000 0.44421000 0.86785000
0.79162000 0.42358000 0.96823000
0.70815000 0.39198000 0.65317000
0.79033000 0.48676000 0.64542000
0.58087000 0.39941000 0.66813000
0.74491000 0.35503000 0.85739000
0.96056000 0.41611000 0.61704000
0.83968000 0.45730000 0.89129000
0.78494000 0.42248000 0.75477000
0.60545000 0.38052000 0.92927000
0.64694000 0.30610000 0.64974000
0.87412000 0.42695000 0.63311000
0.57155000 0.29372000 0.75203000
0.88693000 0.37885000 0.80520000
0.71178000 0.34799000 0.92993000
0.61048000 0.42280000 0.99635000
0.57093000 0.51637000 0.23596000
0.94400000 0.73742000 0.39790000
0.94094000 0.57968000 0.31174000
0.62438000 0.66803000 0.21379000
0.55331000 0.59413000 0.08204000
0.60847000 0.52935000 0.16164000
0.92571000 0.61314000 0.10802000
0.51025000 0.51938000 0.13027000
0.67779000 0.73788000 0.10810000
0.85220000 0.58111000 0.42544000
0.62118000 0.64156000 0.49986000
0.55470000 0.59660000 0.41323000
0.68386000 0.68680000 0.17185000
0.65617000 0.61201000 0.23984000
0.78790000 0.74119000 0.12059000
0.89192000 0.54020000 0.35742000
0.86163000 0.59229000 0.03936000
0.60690000 0.55691000 0.09131000
0.64272000 0.63739000 0.40527000
0.63545000 0.74413000 0.41683000
0.58223000 0.52618000 0.39703000
0.97579000 0.67588000 0.41891000
0.99239000 0.72851000 0.08666000
0.59967000 0.74432000 0.13244000
0.79606000 0.73005000 0.40125000
0.62945000 0.59285000 0.15011000
0.88891000 0.68803000 0.14705000
0.77606000 0.65871000 0.05731000
0.82542000 0.74167000 0.21529000
0.98875000 0.51196000 0.38596000
0.53916000 0.66235000 0.19393000
0.57401000 0.56701000 0.32506000
0.50682000 0.74701000 0.39472000
0.76045000 0.66762000 0.24425000
0.67042000 0.63181000 0.31899000
0.89918000 0.67196000 0.38325000
0.87622000 0.60132000 0.29279000
0.76376000 0.59453000 0.34583000
0.79950000 0.59234000 0.20998000
0.83759000 0.62931000 0.37132000
0.52222000 0.56896000 0.23339000
0.85537000 0.61387000 0.17064000
0.61664000 0.57610000 0.45810000
0.94947000 0.67141000 0.04723000
0.55172000 0.64433000 0.30755000
0.59721000 0.67324000 0.07731000
0.67072000 0.61499000 0.06618000
0.71853000 0.73182000 0.34706000
0.58952000 0.50269000 0.48794000
0.72075000 0.56402000 0.27431000
0.51459000 0.69727000 0.09560000
0.69556000 0.69335000 0.26452000
0.80603000 0.52730000 0.31947000
0.87691000 0.70372000 0.22768000
0.94980000 0.53125000 0.03581000
0.72584000 0.67331000 0.47752000
0.79181000 0.53502000 0.39787000
0.64030000 0.55021000 0.26038000
0.87956000 0.69663000 0.46502000
0.79267000 0.66827000 0.14162000
0.71250000 0.70018000 0.01867000
0.50456000 0.50025000 0.30508000
0.98690000 0.61154000 0.18516000
0.94010000 0.63880000 0.24189000
0.68150000 0.69426000 0.41592000
0.58307000 0.60453000 0.23966000
0.67614000 0.55093000 0.19166000
0.85413000 0.53103000 0.22380000
0.77615000 0.67961000 0.35528000
0.58474000 0.71391000 0.31143000
0.84793000 0.67938000 0.06647000
0.82364000 0.52664000 0.47536000
0.73999000 0.62370000 0.42063000
0.69545000 0.51947000 0.38427000
0.95669000 0.68262000 0.14999000
0.82366000 0.57699000 0.12208000
0.93408000 0.50488000 0.44876000
0.63970000 0.50267000 0.43474000
0.96743000 0.73091000 0.30274000
0.64098000 0.53880000 0.33455000
0.77894000 0.57486000 0.47470000
0.98070000 0.71993000 0.22839000
0.91362000 0.57399000 0.45055000
0.83086000 0.67032000 0.28178000
0.88736000 0.51397000 0.06502000
0.69803000 0.54254000 0.48418000
0.72320000 0.63551000 0.13194000
0.87197000 0.52522000 0.14360000
0.53690000 0.66758000 0.02503000
0.75813000 0.55656000 0.13431000
0.84789000 0.69882000 0.34856000
0.72521000 0.54407000 0.03577000
0.96385000 0.50932000 0.14453000
0.92252000 0.57368000 0.19459000
0.55927000 0.70141000 0.40425000
0.87002000 0.73685000 0.09997000
0.81113000 0.68071000 0.49817000
0.54934000 0.73969000 0.87848000
0.96633000 0.67782000 0.61354000
0.58930000 0.71897000 0.99131000
0.69467000 0.65861000 0.75468000
0.54746000 0.64204000 0.51720000
0.65236000 0.60021000 0.67359000
0.95582000 0.52263000 0.60738000
0.92800000 0.68849000 0.54337000
0.55175000 0.51889000 0.90482000
0.88987000 0.62070000 0.73019000
0.57980000 0.58208000 0.81577000
0.77580000 0.73120000 0.70286000
0.81244000 0.61414000 0.57874000
0.80185000 0.50227000 0.73092000
0.51076000 0.54401000 0.71669000
0.84315000 0.52318000 0.85987000
0.76225000 0.58498000 0.74260000
0.98088000 0.69858000 0.78406000
0.68146000 0.58404000 0.98164000
0.60159000 0.74141000 0.50808000
0.79365000 0.54692000 0.56676000
0.62340000 0.65288000 0.74628000
0.75621000 0.65893000 0.92515000
0.58336000 0.67902000 0.86741000
0.76425000 0.66882000 0.59594000
0.89147000 0.50194000 0.62501000
0.85920000 0.59742000 0.86516000
0.74331000 0.72475000 0.82807000
0.87072000 0.61015000 0.63345000
0.78506000 0.52937000 0.80986000
0.55198000 0.71542000 0.67261000
0.78647000 0.60785000 0.86907000
0.83065000 0.72673000 0.95789000
0.96401000 0.62715000 0.76036000
0.84640000 0.68937000 0.89708000
0.80140000 0.71732000 0.62679000
0.68471000 0.72091000 0.65439000
0.99264000 0.59885000 0.69375000
0.69893000 0.59165000 0.77856000
0.56888000 0.73373000 0.75720000
0.59468000 0.58967000 0.89472000
0.51866000 0.54857000 0.83025000
0.50242000 0.67598000 0.72645000
0.70769000 0.73345000 0.75197000
0.50519000 0.62722000 0.63553000
0.65531000 0.68700000 0.98670000
0.68215000 0.71144000 0.55403000
0.64460000 0.63098000 0.92649000
0.93766000 0.60732000 0.65155000
0.84531000 0.65883000 0.97965000
0.84830000 0.67606000 0.77029000
0.72466000 0.61238000 0.51782000
0.72132000 0.52565000 0.94384000
0.71450000 0.60350000 0.63586000
0.84449000 0.56565000 0.72247000
0.63107000 0.56222000 0.53992000
0.88026000 0.74849000 0.58599000
0.92853000 0.58767000 0.55253000
0.55771000 0.54116000 0.54385000
0.75033000 0.72341000 0.95178000
0.84900000 0.55981000 0.94626000
0.58981000 0.55317000 0.73529000
0.96177000 0.62498000 0.86091000
0.58381000 0.63390000 0.98888000
0.55019000 0.59222000 0.68054000
0.99411000 0.58376000 0.81384000
0.85526000 0.70254000 0.67933000
0.55347000 0.63302000 0.76508000
0.77198000 0.65611000 0.68103000
0.69252000 0.55470000 0.85722000
0.69275000 0.66583000 0.87570000
0.63895000 0.64705000 0.58138000
0.79501000 0.54947000 0.65274000
0.79686000 0.60967000 0.97442000
0.91176000 0.59171000 0.92276000
0.66635000 0.73341000 0.90614000
0.97841000 0.74635000 0.86751000
0.85551000 0.50624000 0.77847000
0.78988000 0.64237000 0.80361000
0.52208000 0.67321000 0.94476000
0.89506000 0.50909000 0.96819000
0.89276000 0.65432000 0.84385000
0.64593000 0.60567000 0.84079000
0.66468000 0.54513000 0.72384000
0.86539000 0.53830000 0.55528000
0.60564000 0.51550000 0.79935000
0.96279000 0.53704000 0.93530000
0.93661000 0.67688000 0.70869000
0.72128000 0.52592000 0.56205000
0.92133000 0.59533000 0.80708000
0.73943000 0.51792000 0.69681000
0.65462000 0.56095000 0.92219000
0.63199000 0.53907000 0.62429000
0.57076000 0.64891000 0.61996000
0.55745000 0.56728000 0.97599000
0.98259000 0.70210000 0.50662000
0.92777000 0.52637000 0.78989000
0.94365000 0.74348000 0.93819000
0.52765000 0.64363000 0.84195000
0.89860000 0.73831000 0.72507000
0.78447000 0.50210000 0.90011000
0.92777000 0.57057000 0.72010000
0.97274000 0.58789000 0.99422000
0.86387000 0.65039000 0.54550000
0.51598000 0.55077000 0.63043000
0.78877000 0.50295000 0.99285000
0.96684000 0.50186000 0.52736000
0.62083000 0.50818000 0.91329000
0.89588000 0.74719000 0.99945000
0.62206000 0.53413000 0.99836000
0.98474000 0.72751000 0.99920000
0.85797000 0.91172000 0.27524000
0.70824000 0.76126000 0.26216000
0.95241000 0.88594000 0.00055000
0.64729000 0.98027000 0.38919000
0.56516000 0.78795000 0.40009000
0.54305000 0.99909000 0.28379000
0.97902000 0.81343000 0.27548000
0.62812000 0.90986000 0.37635000
0.72317000 0.88164000 0.05155000
0.61228000 0.78151000 0.01097000
0.69157000 0.80096000 0.39250000
0.88838000 0.97854000 0.16602000
0.78524000 0.82651000 0.37600000
0.65829000 0.86958000 0.31499000
0.95028000 0.93243000 0.33522000
0.94046000 0.77359000 0.11203000
0.58011000 0.91791000 0.02143000
0.59142000 0.99407000 0.05257000
0.70049000 0.84348000 0.18222000
0.89651000 0.93876000 0.00817000
0.99706000 0.97191000 0.48532000
0.51254000 0.78022000 0.19210000
0.61601000 0.80595000 0.44072000
0.69315000 0.99400000 0.17329000
0.73907000 0.80058000 0.32348000
0.74583000 0.97184000 0.11042000
0.69665000 0.85893000 0.43049000
0.81278000 0.96502000 0.25401000
0.80952000 0.94992000 0.47346000
0.68193000 0.77348000 0.47252000
0.68320000 0.95889000 0.03769000
0.54385000 0.83808000 0.33614000
0.65642000 0.94856000 0.26302000
0.83721000 0.81172000 0.18825000
0.91831000 0.77930000 0.29130000
0.95240000 0.91367000 0.20804000
0.83068000 0.79201000 0.27017000
0.63355000 0.77042000 0.35136000
0.72734000 0.77613000 0.16014000
0.91999000 0.97857000 0.44898000
0.83614000 0.90384000 0.05417000
0.97312000 0.84324000 0.35517000
0.73564000 0.99245000 0.37606000
0.98028000 0.80353000 0.46867000
0.90148000 0.87523000 0.22737000
0.65534000 0.80200000 0.06739000
0.51462000 0.92757000 0.38299000
0.54924000 0.76885000 0.08425000
0.61584000 0.86182000 0.04286000
0.88188000 0.91515000 0.48676000
0.58185000 0.91150000 0.24607000
0.94778000 0.97707000 0.04887000
0.81348000 0.82162000 0.45640000
0.89885000 0.97607000 0.27887000
0.61737000 0.77333000 0.19739000
0.71972000 0.82119000 0.07873000
0.86317000 0.91596000 0.13006000
0.94511000 0.94155000 0.11790000
0.90511000 0.83600000 0.09322000
0.66888000 0.91953000 0.44539000
0.76650000 0.87228000 0.42804000
0.52848000 0.84242000 0.20650000
0.76679000 0.93703000 0.32483000
0.52145000 0.85944000 0.40045000
0.77116000 0.87404000 0.31192000
0.51378000 0.86142000 0.06373000
0.58494000 0.83119000 0.13176000
0.75829000 0.86743000 0.13067000
0.88894000 0.81057000 0.36990000
0.98719000 0.96480000 0.24970000
0.72039000 0.95088000 0.25480000
0.97090000 0.89147000 0.28380000
0.75502000 0.77464000 0.44305000
0.62808000 0.83412000 0.25287000
0.51286000 0.96530000 0.10543000
0.77286000 0.83553000 0.20239000
0.82768000 0.89166000 0.20181000
0.91791000 0.82216000 0.00951000
0.74373000 0.77380000 0.02083000
0.77838000 0.98029000 0.04404000
0.83945000 0.80892000 0.05701000
0.59442000 0.94360000 0.32820000
0.80373000 0.98001000 0.37926000
0.96327000 0.86198000 0.13729000
0.64709000 0.90441000 0.11737000
0.90939000 0.92198000 0.40651000
0.78715000 0.91847000 0.00348000
0.84673000 0.87356000 0.40741000
0.69002000 0.89159000 0.23659000
0.56505000 0.97745000 0.19842000
0.82234000 0.77248000 0.34293000
0.96715000 0.87417000 0.48355000
0.86764000 0.76288000 0.44920000
0.55003000 0.91166000 0.13455000
0.90571000 0.77915000 0.18094000
0.98022000 0.99869000 0.32179000
0.83435000 0.97348000 0.11097000
0.62275000 0.99622000 0.12586000
0.59933000 0.99860000 0.45360000
0.55123000 0.75260000 0.24534000
0.73472000 0.88596000 0.92981000
0.59557000 0.98067000 0.73277000
0.60772000 0.91196000 0.78181000
0.94644000 0.78978000 0.73444000
0.93275000 0.76021000 0.64720000
0.53175000 0.96917000 0.56278000
0.96303000 0.94178000 0.89732000
0.55901000 0.83686000 0.64647000
0.78667000 0.00000000 0.69305000
0.94100000 0.96939000 0.53385000
0.98201000 0.81690000 0.68085000
0.98882000 0.84381000 0.86936000
0.61372000 0.79267000 0.90545000
0.82648000 0.88428000 0.61754000
0.94487000 0.90900000 0.76522000
0.85321000 0.79907000 0.73329000
0.84624000 0.89921000 0.80741000
0.84234000 0.95263000 0.57004000
0.53719000 0.94359000 0.87901000
0.71889000 0.97839000 0.87940000
0.66697000 0.84074000 0.90805000
0.76546000 0.80574000 0.89047000
0.70773000 0.87692000 0.80039000
0.51710000 0.80004000 0.57279000
0.64755000 0.84989000 0.72901000
0.94843000 0.87069000 0.56310000
0.84449000 0.85767000 0.52687000
0.83255000 0.93450000 0.92507000
0.64318000 0.77090000 0.65918000
0.94841000 0.83548000 0.94569000
0.50977000 0.85803000 0.84531000
0.56679000 0.82598000 0.94915000
0.52661000 0.75298000 0.51337000
0.73403000 0.92963000 0.57472000
0.51247000 0.91107000 0.64217000
0.76294000 0.87464000 0.54822000
0.89731000 0.88293000 0.92720000
0.71236000 0.96239000 0.50570000
0.55788000 0.89992000 0.57615000
0.92046000 0.91363000 0.67063000
0.57225000 0.83807000 0.79381000
0.72119000 0.88104000 0.71830000
0.86899000 0.99857000 0.63330000
0.58993000 0.75486000 0.60042000
0.77955000 0.80754000 0.80234000
0.69667000 0.78219000 0.60360000
0.82295000 0.93160000 0.68738000
0.73168000 0.92909000 0.65987000
0.84751000 0.79140000 0.97169000
0.81312000 0.84868000 0.85034000
0.91182000 0.97853000 0.86727000
0.71280000 0.79814000 0.75389000
0.59381000 0.88427000 0.68971000
0.52584000 0.81225000 0.72504000
0.78577000 0.93153000 0.77772000
0.52401000 0.93063000 0.77767000
0.88074000 0.81605000 0.89318000
0.76628000 0.85847000 0.65648000
0.89664000 0.83626000 0.66933000
0.69659000 0.95131000 0.95334000
0.86263000 0.77430000 0.65577000
0.72362000 0.81219000 0.52833000
0.66993000 0.95566000 0.67161000
0.88207000 0.97617000 0.73443000
0.79254000 0.84354000 0.72817000
0.65713000 0.84477000 0.56157000
0.51866000 0.97605000 0.96879000
0.67165000 0.86998000 0.98413000
0.58087000 0.78164000 0.68408000
0.91821000 0.76879000 0.50362000
0.67579000 0.79280000 0.98995000
0.65661000 0.83348000 0.64239000
0.66264000 0.94871000 0.75788000
0.98699000 0.94765000 0.68493000
0.81288000 0.85560000 0.98509000
0.70828000 0.79719000 0.83343000
0.77246000 0.77098000 0.55807000
0.52605000 0.77593000 0.81818000
0.60105000 0.81472000 0.54180000
0.59166000 0.94850000 0.62172000
0.83034000 0.80151000 0.58412000
0.67674000 0.92963000 0.83639000
0.64976000 0.91056000 0.91651000
0.89844000 0.81620000 0.55945000
0.58344000 0.89355000 0.92251000
0.89392000 0.89315000 0.60015000
0.90295000 0.83746000 0.77238000
0.52394000 0.96972000 0.69607000
0.65075000 0.96646000 0.57700000
0.91374000 0.90965000 0.83602000
0.62309000 0.96234000 0.97882000
0.98074000 0.90822000 0.62533000
0.96941000 0.97991000 0.79807000
0.62452000 0.97200000 0.81576000
0.99844000 0.92029000 0.53379000
0.84444000 0.75806000 0.79057000
0.99517000 0.77862000 0.59004000
0.62022000 0.92172000 0.51864000
0.93459000 0.99760000 0.67420000
0.87003000 0.99770000 0.51149000
0.64091000 0.75325000 0.78604000
