0.81805166 0.52538220 0.47621678
0.07160736 0.50543418 0.70707841
0.28936191 0.48621002 0.93155944
0.76688193 0.54941557 0.93807575
0.40149734 0.53638301 0.22145183
0.11456144 0.25602993 0.68745360
0.52198929 0.92251124 0.56488098
0.96007432 0.48930362 0.56915908
0.77525571 0.36469020 0.93039631
0.83183793 0.82781338 0.16010925
0.84714040 -0.00530297 0.06716394
0.57389208 0.99862036 0.97176827
0.56643216 0.16994898 0.95844842
0.11804344 -0.05407786 0.77029872
0.50749735 0.83353210 0.06414103
0.91652062 0.92006878 0.13418755
0.51291803 0.53433068 0.68107663
0.29343751 0.02681498 0.43288886
0.72209139 0.32214207 0.44651837
0.44347704 1.00422703 0.78724662
0.45487714 0.65661757 0.77570137
-0.01112154 0.15459727 0.65982244
0.85733670 0.70499428 0.54044175
0.84548088 0.11745813 0.95138125
0.58597862 0.33571239 0.26845514
0.13091342 0.59022933 0.08720283
0.05428965 1.01159758 0.94487389
0.49651955 0.09021987 0.77134660
0.26446902 0.63871243 0.30767897
0.45348464 0.45111724 0.16241782
0.25795537 0.52796448 -0.02379368
0.82642565 0.05111164 0.45293539
0.85533885 0.51092949 0.39723735
0.59717732 0.80918398 0.29703930
0.30026766 0.38059801 0.78505164
0.79779289 0.98794563 0.33380751
0.20739507 0.72149994 0.24506999
0.88719050 0.15822323 0.34856550
1.04811309 0.81598674 0.29350656
0.12946559 0.51191988 0.95503494
0.94676269 0.99147100 0.23853332
0.41940884 0.60192847 0.18459905
0.27079475 0.34041263 0.24792076
0.54922822 0.51580032 0.94870135
0.77725855 0.42175439 0.00535818
0.83280172 0.85643231 0.28548564
0.89286394 0.82752797 0.27500503
0.78504892 0.24966609 0.30812401
0.15389292 0.73293472 0.50245508
0.33280707 0.56245937 0.86903004
0.67834254 0.92208097 0.61184896
0.85830354 0.26755091 0.41942884
0.38914942 0.80885743 0.50829161
0.69086228 0.88735592 0.06906919
0.23533700 0.63971109 0.58203594
0.95761221 0.84978613 0.28032307
0.93491983 0.57830458 0.40368450
0.41623471 0.95789798 0.88926285
0.63522562 0.55274260 0.00271984
0.06218666 0.18060974 0.80030621
0.18443223 0.75757633 0.85189012
0.39199977 0.74528488 0.45895472
0.59081852 0.39598048 0.49718771
0.03479274 0.80504848 0.02656709
0.91716264 0.14775115 0.43107324
0.96225040 0.35621559 0.36503981
0.42531464 0.83619282 0.78421401
0.78767813 0.07289245 0.32125694
0.87014595 0.94967295 0.47692766
0.93680162 0.62539736 0.01134860
0.75426428 0.86902837 0.91544360
0.59322179 0.74406461 0.41490573
0.94939235 0.28222348 0.21046670
0.23060588 -0.00796180 0.01439536
0.50799766 0.47945122 0.63437009
0.82155681 0.34315552 0.39110131
0.40747970 0.65623437 0.43625308
0.64329414 0.23047714 0.20917803
0.53644442 0.30923911 0.46234653
0.44394515 0.10878286 0.83779840
0.92643431 0.91328081 0.76796002
0.51815682 0.37017970 0.55764196
0.58819099 0.60203102 0.84833762
0.56759422 0.42564139 -0.02743588
0.33810815 0.90831031 0.49578234
0.67077280 0.30218876 0.83855581
0.20886053 0.40241248 0.61275927
0.31907774 1.00244433 0.50284790
0.48911440 0.21519386 0.45390170
0.29564687 0.42908514 0.55736238
0.39038237 0.55426662 0.36062336
0.23316888 0.07843836 0.18955699
0.49990680 0.63066066 0.44243588
0.31400145 0.50794835 0.04009939
0.08880679 0.18960788 0.59586994
0.44001102 0.28559769 0.26331263
0.99478598 0.67628584 0.63859079
0.12248228 0.53181305 0.59915927
0.24035325 0.09969707 0.61515075
0.13412833 0.04388956 0.86505466
0.48362332 0.71037823 0.83744215
0.89992961 1.01495448 0.72015926
0.54809633 0.13760822 0.75160455
0.51434249 0.31625106 0.35141711
0.00887163 0.42679779 0.48524584
0.86987055 0.92706822 0.80824205
0.61165120 0.86761061 0.04945550
0.32869569 0.75098067 0.20616093
0.97379414 0.28673951 0.37065438
0.69176762 0.13786148 0.09866882
0.68325336 0.08419729 0.56305661
0.27541851 0.04506079 0.83082188
0.53758337 0.94028151 0.48590587
0.62894223 0.41245235 0.85390751
0.66838409 0.05339446 0.31926804
0.39950331 0.38581150 0.82151748
0.20509633 0.48521614 0.93449214
0.39327861 0.56263123 0.50252497
0.40300443 -0.04693506 0.97124817
0.14306526 0.31850572 0.76999057
0.58901317 0.53749676 0.87307578
0.02313199 0.18233773 0.05780384
0.18181915 0.07994321 0.72541413
0.42776176 0.77835657 0.27877508
0.35280097 0.44405196 0.05797251
0.55426824 0.63699854 0.78997469
0.39026073 0.58551908 -0.01563164
0.22137546 0.02823602 0.53483923
0.47338478 0.12785351 0.22679801
0.36312166 0.47234452 0.56482186
0.09848443 0.95653575 0.92266339
0.06935754 0.87817724 0.32408755
0.58847976 0.65784564 0.33927646
0.12018644 0.35499046 0.64596876
0.15153657 0.97935891 0.08858985
0.00153713 0.69967800 0.06262596
0.73667834 0.91431829 0.16261786
0.44590801 0.40298901 0.05522713
0.08069374 0.24424864 0.89130779
0.38447750 0.70734765 0.20238936
0.20101526 0.25945929 0.08948609
0.87177790 0.68261278 0.68653321
0.95225691 0.55617272 0.50254349
0.88891943 0.66229075 0.79092743
0.45395612 0.51521038 0.35248463
0.89465420 0.49194461 0.33272451
0.23373671 0.42617983 0.21322359
0.09361710 0.03632512 0.31100825
0.20987624 0.84774290 0.13736461
0.40110592 0.68045263 0.71526854
0.23716707 0.91925294 0.05457309
0.17079451 0.95439166 0.53730805
0.87813923 0.48667422 0.70077586
0.54202765 1.06307191 0.51181340
0.37122038 0.37934130 0.47545055
0.04009511 0.47866704 0.44022298
0.11248967 0.32782091 0.25709595
0.70723288 0.43524193 0.50577741
0.32605359 0.34054863 0.43474610
0.29788942 0.14915155 0.30641589
0.24484500 0.86455544 0.98386910
0.25427749 0.78508198 0.02879231
0.16231086 0.40758001 0.99817475
0.09488906 0.84591689 0.04540324
0.53002891 0.12107056 0.85072875
0.96877006 0.88489477 0.65689232
0.89090979 0.48905110 0.46814834
0.33505040 0.67580695 0.91331685
0.93399810 0.46483110 0.16655158
0.21130679 0.05601104 0.34463669
0.02503713 0.21155308 0.63019386
0.76827392 0.88215721 0.67336893
0.43067836 0.12906517 0.72350217
0.46794641 0.70502879 0.36593303
0.75844158 0.81769085 0.18284100
0.71773390 0.02266143 0.88331512
0.85748367 0.42794084 0.13876020
0.84671567 0.91384760 0.58949601
0.22586929 0.45863320 0.57472871
0.05638311 0.36439765 0.79391383
0.48542710 0.41961551 0.51564797
0.78749683 0.15431317 0.91214883
0.46858087 0.52501914 0.99272723
-0.00176109 0.48594622 0.37543833
0.84305379 0.40473530 0.93024105
0.26961784 0.62445484 0.84880185
0.35268614 0.26622138 0.12367601
0.72278293 0.62459527 0.00825699
0.63731005 0.66450365 0.49293302
0.66575144 0.58495729 0.27479344
0.12696495 0.09997432 0.30345986
0.51770611 0.12628037 0.05152487
0.84505407 0.44174856 0.39239669
0.15798810 0.38514115 0.44335206
1.04006543 0.56213571 0.45430913
0.76267852 0.41480941 0.38980051
0.85755747 0.90229031 0.68253491
0.95031578 0.86176794 0.08623166
0.04868527 0.03908273 0.48306439
0.18676211 0.65602020 0.68880046
0.47725328 0.03136304 0.85445828
0.81086491 0.92068626 0.88888389
0.65833178 0.78814412 0.58873418
0.28072582 0.96244979 0.25303162
0.91622731 0.85684710 0.41423928
0.60009666 0.09614534 0.14342714
0.36024991 0.84634189 0.56339424
0.31338470 0.11826573 0.65519218
0.19413727 0.19424065 0.06654355
0.08371361 0.12375367 0.74666157
0.07830282 0.31535816 0.52181179
0.35037299 0.04914073 0.37713569
0.35242547 0.67241369 0.06335541
0.32213157 0.84113317 0.45811407
0.77262952 0.16355285 0.40097117
0.04104568 0.41850076 0.55748004
0.37796968 0.18157847 0.23430507
0.85712347 0.83434389 0.80410246
0.06534608 0.61751962 0.87659332
0.21481790 0.47103930 0.02856690
0.99786473 0.33078406 1.03167678
0.11350591 0.51480130 0.04581546
0.41831193 0.34331490 0.21199060
0.08460768 0.22069453 0.36307031
1.03804128 0.12474689 0.20187540
0.91701396 0.28288438 0.00993190
0.46893319 -0.00159506 0.10992380
0.01879299 0.62652107 0.04002819
0.49175182 0.21769304 0.67907451
0.09712727 0.15576019 0.23190500
0.86147722 0.54501595 0.05383847
0.98834641 0.28118973 0.45118992
0.82113345 1.00282191 0.97655628
0.42740397 0.09522858 0.54190080
0.18767412 0.51304962 0.41494238
0.01629721 0.92760180 0.46883172
0.83300245 0.22015638 0.50032380
0.83125502 0.38309766 0.64597720
0.05181195 0.45922296 0.30957684
0.77734283 0.46306066 0.30742932
-0.00948374 0.90051525 0.55514467
0.70610159 0.55353774 0.90392154
0.03346514 0.29439180 0.76823413
0.39164975 0.83093271 0.17825484
0.54162837 0.18779897 0.82848529
0.68669734 0.58179535 0.52261323
0.64683844 0.66370150 0.09061148
0.21544097 1.00751266 0.44906543
0.24434064 0.97224993 0.67018141
0.99476392 0.74719675 0.63916695
0.32911525 0.33869935 0.08851654
0.32690548 0.93317102 0.81416072
0.77150049 0.84805564 0.82374312
0.34734452 0.61619398 0.10862245
0.63581346 0.78149631 0.83889366
0.81058042 0.52238703 0.33318259
0.13604968 0.03007963 0.55982577
0.06102632 0.74247374 0.54955264
0.73111439 0.14137998 0.78988610
0.61960584 0.05452772 0.80984836
0.85818589 0.15180808 0.47381231
0.80566080 0.68746792 0.37779985
0.44890485 0.54247146 0.77814591
0.14475298 0.42758981 0.77425573
0.73280744 0.18506870 0.33329944
0.83215049 0.20112793 0.32288144
0.13208326 0.59936950 0.71578134
0.51719806 0.29346124 0.78609607
0.76659354 0.97073766 0.26417952
0.74204390 0.75105797 0.42462477
0.28022017 0.20277994 0.25186578
0.94144038 0.44142659 0.49317427
0.80761922 0.91151240 0.36187983
0.35553375 0.88564722 0.76377698
0.63300842 0.67194605 0.82226194
0.17623415 1.02174486 0.98216941
0.89911502 1.02136514 0.53047208
0.83832476 0.59307693 0.31903024
0.22163297 0.18419529 0.87579105
0.86887534 0.49326985 0.94826487
0.66200564 0.39488032 0.26593690
0.41222013 0.71977182 0.12124366
0.88454876 0.18189915 0.86975235
0.67237234 0.76710335 0.24381999
0.87330135 0.26394562 0.32170828
0.97214341 0.38462553 0.83233722
0.64576421 0.64023715 0.57242189
0.74465244 -0.02485883 0.94870591
0.28163049 0.29360809 0.31127808
0.57196958 0.79706709 0.75155878
0.81852468 0.62663826 0.43961306
0.27675650 0.56184754 0.33841051
0.69675408 0.69115735 0.34339040
0.17099986 -0.01131308 0.82444761
0.81264382 0.01915353 0.64089467
0.46181118 0.59186848 0.72269705
0.25144934 0.30430974 0.07847703
0.94751721 0.71982439 0.34429322
0.53660877 0.31872938 -0.02693245
0.58127569 0.11895531 0.53198629
0.85498966 0.65179953 0.01387577
0.44741913 0.66956207 0.50340770
0.93347303 0.69631629 0.08563399
0.11143541 0.40081840 0.16598670
0.69505127 0.88237488 0.69603776
0.62856522 0.41623472 0.71650915
0.83864059 0.15473403 0.70375248
0.93319008 0.24687642 0.91197608
0.79876667 0.06475642 0.83661174
0.20706969 0.50916482 0.76271634
0.20932194 0.22538798 0.35002682
0.62144083 0.18485438 0.29902256
0.99300483 0.03357075 0.89690027
0.36569981 0.86938528 0.07412597
0.52325354 0.44498108 0.11968102
0.69753705 0.61783195 0.33384005
0.45092689 0.28499103 0.68298693
0.04660223 0.28689309 0.63006367
0.74715005 0.92291172 0.77811687
0.57302358 0.86914325 0.17768465
0.82330477 0.69022487 0.93626282
0.61937244 0.03679638 0.10763555
0.68463889 0.85884357 0.35386192
0.49276762 0.88108766 0.18651622
0.28516446 0.52551802 0.76604241
0.38981575 0.33890290 0.61741417
0.18924979 0.22588134 0.68671814
0.32017841 0.71020205 0.78330404
0.34365614 0.22426769 -0.03326988
0.36192063 0.29779452 0.92841364
0.11595367 0.04049230 0.70228635
0.72872362 0.75897621 0.32480826
0.14167223 0.16326880 0.46471728
0.53691084 0.86237540 0.26216721
0.18652590 0.78393029 0.98184688
0.21893612 0.13518250 0.33226874
0.98587989 0.14320940 0.77372329
0.82720800 0.43552108 0.49164850
1.00066519 0.56799890 0.90026905
0.43574132 0.82995502 1.01005455
0.25639250 0.93973796 0.74226898
0.44102659 0.01276594 0.53967489
0.07197657 0.96099664 0.30391017
0.10746461 0.25715405 0.30150673
0.65336930 -0.03536719 0.33110038
0.02622936 0.02556970 0.19619695
0.86897701 0.36652542 0.57904860
0.76454907 0.74544610 0.61704330
0.50181439 0.24649986 0.52786518
0.28420750 0.44537393 0.69683979
0.08988426 0.21646298 0.45155641
0.70537868 0.56286156 0.43964027
0.27598421 0.19564315 0.67090892
0.32135189 0.61666653 0.35345047
0.47106919 0.37536590 0.83932893
0.72249164 0.14108664 0.68605576
0.90010713 0.40894077 0.68055891
0.55181573 0.65524561 0.57289835
0.51783777 0.35520488 0.04641264
0.11848709 0.99621731 0.48784467
0.22915589 0.35248805 0.84445645
0.52506411 0.41635966 0.85534528
0.12401624 0.85357891 0.28550760
0.58739615 0.97282668 0.56403855
0.50655517 0.47629807 0.55175903
0.68999315 0.38455769 0.83773999
0.55006882 0.19094399 0.16590837
0.76969552 0.84414251 0.37211473
0.21078098 0.58004962 0.33653403
0.04290546 0.51480084 0.20517920
0.81325051 0.36617286 0.75308580
0.68511228 0.45135317 0.67217395
0.04184071 0.80474005 0.57984153
0.74974136 0.47821345 0.68917928
0.72283952 0.30101801 0.68025896
0.88595917 0.77308770 0.71065283
0.17573538 0.18881511 0.55176559
0.67236259 0.99489995 0.62391069
0.29898699 0.86727976 0.69369231
0.63791060 0.49866411 0.81669864
0.25145969 0.47722196 0.37531131
0.50849475 0.54237490 0.19641101
0.67036379 0.64557537 0.21947171
0.28147904 0.71486388 0.27810744
0.46590212 0.22412973 0.36999027
0.49816448 0.09424988 0.94943229
0.93084475 0.45659638 0.40989576
0.37964328 0.14371180 0.65179487
0.27459316 0.23132855 0.59288296
0.96807164 0.14125189 0.15978613
0.65181588 0.29096340 0.55343562
0.45386430 0.81143808 0.13946038
0.27779595 0.13020264 1.02297279
0.62158892 0.79332523 0.03430229
0.20690312 0.90064594 0.76963454
0.30108250 0.69326805 0.48201841
0.39632517 0.15008664 0.41651852
0.49152784 -0.05145490 0.89173372
0.82141245 0.85969203 0.02629652
0.05093038 0.73559808 0.69428988
0.58798793 0.23106345 0.63119559
0.17259856 0.28522679 0.35214516
0.54070963 0.05586108 1.00493317
0.40890691 0.34414627 0.09755237
0.72889658 0.22553691 0.89162234
0.27334518 0.23806904 0.11014635
0.98805035 0.75964703 0.09652359
0.74998163 0.21366793 0.58251924
0.71088402 0.78505988 0.66907650
0.98750425 0.59976085 0.54426645
0.72372183 0.86208503 0.24085743
0.39780999 0.60390004 0.85474748
0.30154971 0.78626651 0.88145179
0.97203156 0.77552989 -0.00061663
0.45496680 0.78679104 0.94463160
0.27341107 0.96766845 0.35836655
0.60465060 0.86517209 0.53262134
0.09756810 0.64038893 0.37830343
0.61724458 0.57831407 0.49903880
0.79012419 0.57770460 0.37707480
0.12248308 0.29048556 0.59909635
-0.03117233 0.25486314 0.67802440
0.95559575 1.00424641 0.05214236
0.63362819 0.70537874 0.29144229
0.81254471 0.74522157 0.68018078
0.16350552 0.89266804 0.56441011
0.56486526 0.88749205 0.92674687
0.97758090 0.47564535 0.68401685
0.61037894 0.40257863 0.21195819
0.09972451 0.48272291 0.39611782
0.16258087 0.05383724 0.47119128
0.23169496 0.97039141 0.59131060
0.05017197 0.31856398 0.21971494
0.04130773 0.41831459 0.15670426
0.73774063 0.37204735 0.18865052
0.62830890 0.74553529 0.71134702
0.31017826 0.49488957 0.33298177
0.79407239 0.12980933 0.17842552
0.99420677 0.22910934 0.86435813
0.20023000 0.50100130 0.12202482
0.26290919 0.62649628 0.03677846
0.35403821 0.24608300 0.78917063
0.12557500 0.48573719 0.74325329
0.66277531 0.73525782 0.11667352
0.16256432 0.79472811 0.20490998
0.72372287 0.44708161 0.09247070
0.74846031 0.06317058 0.98824683
0.12744399 0.91523358 0.13946486
1.07811026 0.08836399 0.43131533
0.22266556 0.96686620 0.12408821
0.88363802 0.79515850 0.89962708
0.72015577 0.98625308 0.12205746
0.20182434 0.67270330 0.34962481
0.31671716 0.31198579 0.99286690
0.92257118 0.33247843 0.25592570
0.56771644 0.93564047 0.23443922
0.73070225 0.08752269 0.85487319
0.90535793 0.92047170 0.55116681
0.93669301 0.85498413 0.73724832
0.38222903 0.74195197 0.53385982
0.63883584 0.33057243 0.42934690
0.38415881 0.65620095 0.32375783
0.36084881 0.79569394 0.25267587
0.02805214 0.36070696 0.33972637
0.40898031 0.33544231 0.40092109
0.00449797 0.63528080 0.90425889
0.66165338 0.20110739 0.71937591
0.88000293 0.27772390 0.23505988
0.88179096 0.76875514 0.34232767
0.41243545 0.34165034 -0.00259568
0.32509180 0.24958950 0.70516832
0.07417330 0.91311811 0.52084381
0.01347324 0.01590550 0.76892556
0.78156085 0.82443481 0.09394300
0.32287132 0.90821366 0.62685859
0.92631380 0.20475922 0.10896791
0.95477851 0.53790966 0.68162356
0.33191539 0.00048890 0.81213418
0.66209690 0.88310544 -0.01089997
0.61701939 0.89683559 0.83009362
0.68630624 0.50389621 0.47366791
0.74353832 0.86427564 0.47002027
0.83651171 0.10651533 0.03393568
0.15275525 0.79126465 0.58370496
0.50520896 0.59720144 0.37336226
0.51138867 0.23559572 0.31414600
0.68664872 0.31053197 0.37158876
0.92506479 0.08153555 0.32310668
0.83391525 0.75306656 0.06611033
0.36123122 0.12743033 0.96025674
0.25951526 0.67417099 0.64304137
0.63567373 0.32835527 0.64786777
0.79196254 0.28294984 0.16049970
0.09420253 0.71184966 0.23425945
0.07815783 0.97391063 0.57009794
0.47215326 0.83077036 0.23615266
0.66088209 -0.03387460 0.92790565
0.20996950 0.65093377 0.92592704
0.71381743 0.29160140 0.91385413
0.22073144 0.11056023 0.92789203
0.58009169 0.47703878 0.22368746
0.49525256 0.87363625 0.47225625
0.58275732 0.07333352 0.71495193
0.74395931 0.35196324 0.04111495
0.51985415 0.80129184 0.69007673
0.51817171 0.46262521 0.91194007
0.49900181 0.71632428 0.61209324
0.44421054 0.91983372 0.56288439
0.84465336 0.27969150 0.95132386
0.22385054 0.38595207 0.69470201
0.01927819 0.81315495 0.79083613
0.59686580 0.29363111 0.96590449
0.08382890 0.70446319 0.03493794
0.36921377 0.93415958 0.57890012
0.79882511 0.04969300 0.04373363
0.80878707 0.96279139 0.41270083
0.40638170 0.18434646 0.75640217
0.06805424 0.22968730 0.52839425
0.53303075 0.36931320 0.13061501
0.76593997 0.18991632 1.05902941
0.54358762 0.98716723 0.37373636
0.47728951 0.89631197 0.39380783
0.79476733 0.30712797 0.61939212
0.56014036 0.94088670 0.83596313
0.42045078 0.76784888 0.36641708
0.78302068 0.40460564 0.12556150
0.71599624 0.54731228 0.59714138
0.48658103 0.38501901 0.62272509
0.08011497 0.92441030 0.22239056
0.34044283 0.04410595 0.61670421
0.78788599 0.07530457 0.92382023
0.45906936 0.59781782 0.51064690
0.87923088 0.79322575 0.51298392
0.37390695 0.46658722 0.30973906
0.82423661 0.53147926 0.65672178
0.57727350 0.37871773 0.89186586
0.55635078 0.75321046 -0.01922649
0.94094528 0.15300555 0.84240685
0.33696458 0.58877177 0.02984786
0.19921863 0.82546824 0.29391542
0.08527627 0.18522389 0.11401183
0.74487867 0.95109971 0.70073144
0.84498193 0.13418752 0.82023832
0.36716770 0.18430309 0.04390578
0.58891800 0.75516146 0.50339500
0.11524233 0.09700716 0.51358258
0.24369732 0.27816502 0.69599616
0.61504014 0.56725903 0.35315375
0.83468497 0.26662377 0.02871108
0.11227574 0.87918994 0.79324345
0.18862305 1.02598089 0.28589677
0.42297851 0.81551923 0.69088633
0.98082784 0.74560400 0.74274187
0.87868000 0.59040786 0.91457411
0.56982898 0.15107211 0.08731460
0.30418243 -0.03062863 0.96997607
0.46722634 0.15330341 0.42500153
0.25419474 0.71271122 0.81518266
0.55065750 0.34580279 0.71331633
0.42030227 0.77786082 0.59153829
0.91269088 0.53235854 0.58758136
0.06448342 0.42694300 -0.00357553
0.93389298 0.69301213 0.71840127
0.87429292 0.06542269 0.83274620
0.96701284 0.18471637 0.99127382
0.79275597 0.17876413 0.63809304
0.78575428 0.08364708 0.11697715
0.28294930 0.16201952 0.95020403
0.33505945 0.46539863 0.14537817
0.64619893 0.53090296 0.55672899
0.97578857 0.99103381 0.13695341
0.68830787 0.09079786 0.17565518
0.62046563 0.28944488 0.17439596
0.41356523 0.37369103 0.33394554
0.58289506 0.37646139 0.58205702
0.72128590 0.60056697 0.19466551
0.26502430 0.51711975 0.51281660
0.08932912 0.79544379 0.77916078
0.67306206 0.18342889 0.54864012
0.97278785 0.82409430 0.57748244
0.56928513 0.41176270 0.66244420
0.24978195 0.55440104 0.85730570
0.15526332 0.84784688 0.62047660
0.96963822 0.40919164 0.66124883
0.18450161 0.58233772 0.13717528
0.91712841 0.77347257 0.80653315
0.55096204 0.93369744 -0.01020209
0.33477014 0.19716536 0.13900736
0.37415523 0.27552394 0.43091337
0.30564021 0.94995927 0.55187176
0.58236386 0.03241914 0.18665368
0.08734110 0.85929949 0.41925766
0.57696750 0.46892023 0.53381451
0.51088763 0.65667092 0.88806165
0.82834099 0.88456786 0.75946614
0.49982162 0.45129268 0.29129030
0.93780789 0.92497544 0.44469317
0.02017817 0.80140548 0.68517995
0.91580166 1.02017424 0.88127292
0.34242688 0.57368532 0.74101397
0.53939350 0.53128856 0.57629228
0.92515026 0.82831698 0.34839110
0.29239270 0.55416477 0.67345797
0.55370166 0.56702568 0.32074808
0.25081959 0.59647501 0.94664237
0.10391050 0.82185738 0.70371114
0.29445122 0.87003469 0.87015255
0.86354373 0.60247246 0.75696001
0.50339971 0.65646528 0.02683406
0.45893945 0.17099202 0.63227217
0.07484294 0.85800483 0.65273736
0.78675912 0.02932840 0.51713347
0.98741537 0.80921108 0.44937544
0.80126909 0.29165001 0.71158798
0.19802773 0.43401145 0.86729306
0.62073093 0.74584369 0.91732009
0.61408072 0.81728085 0.67919279
0.37650846 0.86397872 0.89461405
0.20089926 0.17968849 0.41419306
0.98016502 0.45872229 -0.03960908
0.28387735 0.27939816 0.78874260
0.34136843 0.64165279 0.51888771
0.86252576 0.38052186 0.50416734
0.30974676 0.38291612 0.20700966
0.32943050 0.18342581 0.77012944
0.43357308 0.41020845 0.45145010
0.58513657 0.99128751 0.43713562
0.48121169 0.36088389 0.48313970
0.06034802 0.62509104 0.56201487
0.43337395 0.86446872 0.61656837
0.43184715 0.64065425 0.03949429
0.22524009 0.31619535 0.95614116
0.26683646 0.41220140 0.02969375
0.86981654 0.10281676 0.23580840
0.30420389 0.84181858 0.01147344
0.48443525 0.69191643 0.28000296
0.76480734 0.09285785 0.56044113
0.13538087 0.48789757 0.13980995
0.41438048 0.90454523 0.68028057
0.66101317 0.71984249 0.77681905
0.51512703 0.60024009 0.67312925
0.42094778 0.75182358 0.73022247
0.86312356 0.35608463 0.09606215
0.08671857 0.63348084 0.46276055
0.94047122 0.42559323 0.30725701
0.45607743 0.61780981 0.62836976
0.77308941 0.75481444 0.19792145
0.06156272 0.52623161 0.98739849
0.96146380 0.65890287 0.48718736
0.31757138 0.75572627 0.65949300
0.32176912 0.32982391 0.58667004
0.79014760 0.03486125 0.23315428
0.86581774 0.63879889 0.22094241
0.40268273 -0.01072182 0.20185163
0.26905558 0.33992692 0.14458710
0.65688978 0.14679092 0.78258218
0.45752759 0.07121910 0.46809022
0.18033344 0.53830243 0.50524825
0.69663859 0.63848999 0.67793167
0.91678207 0.23531555 0.39632102
0.71044653 0.27415132 0.01734361
0.14499449 0.42760011 0.35387013
0.63348656 0.92554134 0.50210904
0.32421307 0.60893167 -0.05601383
0.90229347 0.53614917 0.83640767
0.14835287 0.12776746 0.15032986
0.93528545 0.50207339 0.24931339
0.08584332 0.88114224 0.93063114
0.08839889 0.14390801 0.33941044
0.42681918 0.06116007 0.67378540
0.16474340 0.13973077 0.84356560
0.54676870 0.03607025 0.80458647
0.93303576 0.32631887 0.46281856
0.07713507 0.40241515 0.36208960
0.46439706 0.96398836 0.43488599
0.63298357 0.55344983 0.68516433
0.33305918 0.63264228 0.80572410
0.89711182 0.86369974 0.17812190
0.77200322 0.26091269 -0.03147016
0.45986892 0.45275219 0.39442427
-0.01359371 0.71227208 -0.02042268
0.25777269 0.82109384 0.61646977
0.08133023 0.08130761 0.23068102
0.47846053 0.27031569 0.12298859
0.06919882 0.34379690 0.00037020
0.47629747 1.02722971 0.40537229
0.92617629 0.73537198 0.27268625
0.39357462 0.98657482 0.64107330
0.37987992 0.47033708 0.74375915
1.02600616 0.58369356 0.38621355
0.92104109 0.44998945 0.06849739
0.08206281 0.71855888 0.61622896
0.89359372 0.33227660 0.34664151
0.20911007 0.72226238 0.67727007
0.80366881 0.11832308 0.64360795
0.35427545 0.81401917 0.69633025
0.64965109 0.01521684 0.86211423
0.51106649 0.47101021 0.19657297
0.58936157 0.58058937 -0.05423821
0.59735695 0.11800839 0.01424426
0.11223039 0.26605896 0.04083697
0.63040501 0.13341733 0.59853125
0.27409588 0.59341116 0.49632625
0.48361123 0.38090070 0.21914098
0.50662957 0.58792339 0.01663419
0.21343351 0.15640486 0.70266581
0.42809974 0.24027621 0.46920694
0.75196663 0.19754725 0.72273247
0.21867552 0.64203556 0.76651377
0.37927143 0.55028334 0.09694962
1.01072243 0.17665923 0.92952197
0.70495027 0.77615480 0.52637159
1.00299820 0.35037160 0.68628134
0.40582039 0.04834605 0.14381522
0.59144398 0.37979191 0.03475413
0.47878602 0.38194449 0.39194757
0.29748312 0.69908272 0.56740205
0.59505342 0.04584187 0.91303426
0.47370802 0.29514900 0.42441877
0.88993230 0.14894877 0.58878055
0.59815916 0.36405187 0.79376277
0.34788925 0.51213753 0.49087048
0.07638313 0.04288985 0.58332729
0.97999845 0.80040943 0.91731017
0.17850685 0.77518399 0.70366303
0.76315115 0.01635278 0.42213057
0.57343634 0.45100968 0.04942304
0.64530968 0.43650928 0.05947639
0.36765238 0.36600748 0.26862670
0.80067980 0.96140578 0.52377688
0.32266911 0.76179389 0.34344434
0.41672870 0.21787709 0.10662477
0.68275655 0.48388881 0.59825488
0.12745385 0.70624502 0.71769298
0.77934650 0.59608367 0.82916322
0.62224253 0.51593858 0.29882712
0.56014520 0.82884621 -0.00558146
0.62454006 0.59936571 0.63535731
0.17864080 0.65054532 0.18411311
0.08870899 0.38860509 0.45586027
0.88727270 0.04596863 0.64424236
0.08121598 1.00227270 0.23354397
0.07107071 1.00577975 0.03493752
0.32240683 0.21301578 0.34269446
0.59781845 0.31609816 0.85887372
0.87452465 0.33901393 0.78759672
0.72647505 0.37006725 0.51255507
0.58460736 0.73522667 0.64670223
0.69632135 0.13215476 0.27350421
0.22730420 0.61425109 0.22486944
0.80632635 0.47738699 0.61777680
0.32916956 0.01225849 0.03555427
0.82202690 0.35601539 0.87332528
0.49699713 0.82313622 0.89922037
0.90046896 0.91427005 0.89615522
0.37606716 0.39737387 0.00034695
0.79636708 0.17378427 0.78772990
0.48272084 0.91871151 0.73428030
0.75938126 0.93492712 0.60720124
0.20972444 0.32113699 0.19874521
0.57791054 0.59002825 0.57461139
0.71877521 0.72086730 0.24267672
0.51356891 0.18790981 0.01626147
0.19935608 0.43370457 0.40396011
0.17185663 0.19378232 0.78319850
0.15619552 0.14303794 0.96341577
0.19596150 0.11555470 0.55908148
0.75431792 0.49989084 0.50678193
0.70358206 0.94784573 0.53367324
0.30234554 0.07833610 0.27716246
0.13555392 0.33004860 0.07662406
0.73741766 0.85111647 0.75020264
0.07366888 0.37903005 0.71427671
0.98496538 0.90868183 0.31289966
0.20073357 0.24378115 0.89226854
0.25835181 0.77456858 0.29693857
0.34240485 0.82907955 0.32719761
0.50968547 0.94196910 0.06782097
0.54355008 0.40941689 0.43586242
0.32142286 0.28974404 0.20653735
0.97579449 0.23648868 0.07046269
0.61987205 0.58792708 0.76453722
0.80680841 0.86346750 0.51672319
0.51674934 0.84633938 0.62717159
0.24382117 0.23836018 0.19184151
0.63029654 0.37923912 -0.03990593
0.64984176 0.26568846 0.05896049
0.75667812 0.52289530 0.39393713
0.21081488 0.14902290 0.13478264
0.36395166 0.15569611 0.57728142
0.54986918 0.24589776 0.70286542
0.12659277 0.19607894 0.17197291
0.30482331 0.62739711 0.69207810
0.56921501 0.67800114 0.43662203
0.29773252 0.07548737 0.51987843
0.59365561 0.55512529 0.20456878
0.02290197 0.32635468 0.93277115
0.67864379 0.77575954 0.43047694
0.61599297 0.44403583 0.29048031
0.31332377 0.40924201 0.37775003
0.15601068 0.13802561 0.05990987
0.21575981 0.38816692 0.48554255
0.71223040 0.65940449 0.58622774
0.73427570 0.95165814 0.45875025
0.32721115 0.39965219 0.10627127
0.50870246 0.48682250 0.04224371
0.77963654 0.46036962 0.44360330
0.35760821 0.11392111 0.77406733
0.29724873 0.05540218 0.12403012
0.86950179 0.84162615 0.71484888
0.74747526 0.66648026 0.06917670
0.33209568 0.89512732 0.32547342
0.42915213 0.97161102 0.28423542
0.27961413 0.39530683 0.86855965
0.14631196 0.58110652 0.37554580
0.91069879 0.97601826 0.34682956
1.03223966 0.69039363 0.74838206
0.74845238 0.24405713 0.44636361
0.93963039 0.51452901 -0.01142470
0.73701763 -0.02395639 0.82163631
0.75742978 0.29332355 0.08897623
0.25881354 0.75375455 0.94482480
0.87690996 0.55443229 0.52425826
0.45190386 0.61639283 0.11731158
0.37770940 0.14593553 0.84426779
0.58331898 0.11347447 0.26656844
0.94752615 0.37970896 0.05749158
0.48061154 0.20330437 0.19648217
0.21607287 0.36508046 1.05902104
0.97803113 0.52103093 0.16302735
0.50272317 0.02405303 0.58059939
0.96913303 0.94554000 0.81981369
0.28333020 0.44692070 0.78558577
0.66604862 0.20214710 0.37215052
0.20859825 0.67289707 0.11361512
0.93710590 0.59746433 0.74327239
0.89715756 0.65474393 0.60280790
0.79207545 0.56849771 0.04696960
0.24091322 0.20826121 0.51526445
0.94796400 1.01863113 -0.02818994
0.76853525 0.93912412 0.08730006
0.58099013 0.99086348 0.71109773
0.06637796 0.11347435 0.12509365
0.81246269 0.33151994 0.03405223
0.91602748 0.58733508 0.63097969
0.71549120 0.16131186 0.87475867
0.91434241 0.32528534 0.89036929
0.16659192 0.88723255 0.08011837
0.00229555 0.67990829 0.34900587
0.08361265 0.84678194 0.12957772
0.65300614 0.15800696 0.91631297
0.14256228 0.36470499 0.31283336
0.27586154 0.65121067 0.16315128
0.28066494 0.04038486 0.34650824
0.70592313 0.44572944 0.31133428
0.30986008 0.27680909 0.45818559
0.21795674 0.81171907 0.45472088
0.10875558 0.19594496 0.72287033
0.94722556 0.37870447 0.57644569
0.55703611 0.77933569 0.09234492
0.12640650 0.94339022 1.01724926
0.39808893 0.24328652 0.55755843
0.94004801 -0.00157066 0.44225437
0.17198318 0.81834531 -0.09246907
0.21425086 0.93815013 0.84275293
0.22992667 0.76901128 0.57655566
0.09986680 0.64098473 0.18607648
0.47394674 0.79867156 0.54056595
0.87142401 0.40690261 0.77430068
0.35817071 0.92162520 0.13670376
0.43258773 0.80879835 0.44465770
0.38644555 0.53069344 0.90436535
0.05899596 0.69369605 0.94328129
0.25438354 0.36346629 0.36425320
0.54280891 0.29376064 0.15576389
0.37217184 0.45472655 0.47414754
0.54937904 0.50784860 0.81549261
1.06987933 0.29663800 0.43986147
0.29352805 0.31499377 0.66638067
0.16250613 0.56738306 0.22860482
0.18132269 0.72064985 0.93373272
0.68569645 0.94048892 0.26533347
0.52458409 0.11119505 0.16397571
0.72655422 0.64897422 0.93207101
0.02582189 0.69341343 0.48356869
0.80000406 0.49201688 0.88756148
0.49770167 0.77365115 0.18600286
0.73715036 -0.02082563 0.02832514
0.78394747 0.64510768 0.57211083
0.14258841 0.65627091 0.87479349
0.86615384 0.76693993 0.21931231
0.85308638 0.07465834 0.74641175
0.22481004 0.25853213 0.26944558
0.30524529 0.39149515 0.29669726
0.78253270 0.74765850 0.54114053
0.21152447 0.03189318 0.09359683
0.93223850 0.72212902 0.85665985
0.06713085 0.91397737 0.60108395
0.42907784 0.17982061 0.85935715
0.40111886 0.39068063 0.57160662
0.16044539 0.08316558 0.62766846
-0.00600237 0.97646110 0.57793010
0.95212591 0.95478862 0.63798359
0.57437099 0.29879409 0.05605597
0.72176565 0.74880277 0.82701359
0.46526762 0.26658203 0.59782358
0.69681154 0.52302222 0.32291504
0.60367169 0.66482711 0.18713791
0.85062777 0.39551800 0.02889865
0.42120821 0.07303862 0.38998233
0.35612526 0.11876079 0.03790744
1.01937149 0.05142915 0.07920468
0.70205821 0.71071170 0.66365467
0.52371213 0.25806283 0.95005560
0.95430533 0.98056602 0.73716608
0.86905800 0.62463366 0.84984443
0.12035502 0.55949697 0.47011119
0.32469415 0.95485551 0.68597168
0.26498978 0.89159127 0.58935576
0.84542239 0.90285353 0.12176648
0.78564608 0.35980583 0.55696880
0.57055110 0.54330149 0.02614294
0.46371056 0.03806594 0.32021416
0.05769824 0.23184242 0.22394294
0.34949027 0.32388620 0.34271105
0.23363892 0.10443142 0.75279252
0.21392294 0.88907723 0.42674556
0.48717596 0.61277811 0.21360526
0.83645663 0.22509333 0.20011976
0.95148955 0.22135595 0.26562892
0.28284833 0.23771536 0.88817974
0.75212451 0.08738195 0.23688630
0.34242368 0.12217192 0.22316453
0.46889647 0.62383904 0.29330970
0.56131587 0.20026163 0.41281340
0.92824951 0.65904265 0.37107930
0.94811008 0.30630919 0.08702830
0.82495786 0.88079297 0.43172436
0.91023096 0.46069243 0.61605863
0.42966940 0.56541004 0.28196261
0.41236710 0.52351987 0.66854035
0.15371407 0.73378424 0.00752602
0.72270623 0.70356416 0.50411397
0.39973446 0.99371318 0.47767269
0.02840333 0.86378635 0.23291115
0.53160273 0.11295400 0.45165496
0.30096929 0.78610746 0.73620043
0.27665375 0.03511552 0.58394109
0.47359478 0.00442621 0.70824794
0.81956706 0.29850417 0.27954829
0.01670236 0.68902886 0.56233896
0.18357905 0.54589284 0.65089731
0.92819229 0.03751446 0.17155121
0.99878150 0.53837646 0.02665861
0.52354312 0.38055489 0.77473869
0.10831556 0.64974955 0.94496011
0.01581390 0.37111415 0.23769134
0.35723091 0.06353696 0.48401025
0.35734605 0.82105456 0.97541604
0.44921805 0.29177179 0.76293095
0.38805507 0.26086837 0.65064493
0.88984442 0.33487779 0.96762938
0.62847870 0.25280997 0.75619448
0.50744742 0.87517329 0.83957288
0.29621268 0.11832277 0.15747200
0.85893258 0.89603561 0.23320255
0.27626287 0.92248571 0.92238599
0.48820862 0.28914992 0.04356744
0.88727026 0.93422875 1.04319998
0.86226612 0.65554556 0.33211500
0.11643722 0.39556097 0.57158171
0.54669179 0.90129084 0.36380792
0.01807165 0.28173579 0.55460723
0.49255204 0.71752743 0.94970337
1.00784736 0.50070995 0.86064608
0.07134810 0.30841283 0.33151478
0.30730879 0.18523732 0.47375243
0.53963470 0.00130442 0.88918257
0.01931885 0.26214698 0.29433068
0.18085592 0.32160465 0.65781694
0.81554618 0.21566045 0.41271420
0.43962937 0.13312686 0.96397936
0.72106292 0.35500851 0.74695744
0.80286704 0.48136620 0.76506478
0.42052819 0.32773486 0.51297647
0.82893033 0.60365691 0.09999456
0.05141719 0.92107718 0.10389879
0.09155095 0.57766439 0.15782807
0.87403450 0.28983721 0.08599735
0.39076430 0.02892958 0.84210621
0.11485590 0.02222095 0.13355221
0.10758810 0.19434558 1.03000234
0.78697995 0.49094952 -0.02775646
0.78594784 0.86485379 0.59872630
0.89597811 0.62688797 0.13569633
0.64382494 0.84564554 0.24992282
0.04953652 0.75426160 0.41804448
0.33526938 0.77488784 0.11978969
0.38830395 0.22108922 0.38062686
0.11664595 0.39855880 0.84522644
0.35042813 0.29410405 0.53048903
0.33241391 0.11821508 0.43119053
0.07449244 0.69118554 0.81889913
0.27175542 0.92119713 0.43033201
0.79207572 0.66966880 0.13423419
0.91558089 0.92665032 0.23371667
0.26910646 0.05398432 1.05227098
0.07194535 0.52708941 0.52399935
0.79581881 0.99484734 0.88925850
0.66419326 0.81748099 -0.02829880
0.62485467 0.47715331 0.98318059
0.90689026 0.19906975 0.02217203
0.73312837 0.90931078 0.97868611
0.88999952 0.71669627 0.39716347
0.01030307 0.05546601 0.64140289
0.83446456 0.56819824 0.98029353
0.02127632 0.61465554 0.12614422
0.72374540 0.72916181 0.74047040
0.27086245 0.68790940 0.88861294
0.21411039 0.55355192 0.04424066
0.10799218 0.73766902 0.31343463
0.20482773 0.60750043 0.82736725
0.95397258 0.52064799 0.43457892
0.70927313 0.38804701 0.97544374
0.35712743 0.70026582 0.60525493
0.46288960 0.12356067 0.10429807
0.64701687 0.18977882 0.08323110
0.41728688 0.76915831 0.88400107
0.23906609 0.95447517 0.19611870
0.71755685 0.18347055 0.46298210
0.81553869 0.39473366 0.20995979
0.86529888 0.82355846 0.07073524
0.80940116 0.39789330 0.31023807
0.39922290 0.05226172 0.58789459
0.54561946 0.69824463 0.21242583
0.60359013 0.25370301 0.86559730
0.45320766 -0.07008214 0.01988167
0.03995218 0.24975676 0.05030515
0.50055820 0.83742040 0.35021601
0.89653801 0.85217671 0.57867303
0.85571130 0.97584200 0.15514083
0.14631852 0.28780480 0.91360329
0.03266399 0.41740423 0.89020488
0.09769081 0.82489838 0.21583876
0.48515051 0.75072353 0.42557573
0.81100058 0.76768861 0.33546362
0.98113230 0.22626119 0.15519141
0.94698817 0.47484159 0.77013058
0.40729637 0.23066420 0.92410548
0.33952048 0.20542488 0.87532302
0.38888777 0.70815470 0.00723947
0.48953018 0.68064168 0.13764014
0.96244073 0.38124974 0.97550634
0.43861270 0.29093589 0.34296228
0.76973032 0.67943341 0.68455610
0.39674129 -0.01457567 0.11270218
0.95262614 0.51196709 0.07103181
0.90623854 0.76269490 0.09512498
0.69279541 0.80098619 0.05363289
0.26754259 0.07832850 0.97152682
0.13864575 0.68624908 0.11876965
0.68646795 0.89728911 0.86862148
0.90176984 0.73650456 0.01462683
0.66599959 0.72920724 -0.01901596
0.23447568 0.68759139 -0.00574154
0.26331386 0.29995457 0.52444317
0.25751730 0.47135890 0.14871020
1.00723256 0.07905295 0.29200003
0.50362311 0.97415829 0.78233794
0.57284471 0.69315288 0.92592036
0.17708866 0.14141549 0.27099090
0.42669555 0.87253664 0.50901255
0.68737543 0.48044363 0.38789837
0.81986610 0.69531157 0.62356499
0.69026259 0.07667222 0.78367715
0.15676355 0.86232164 0.48576469
0.45327402 0.52435065 0.90263662
0.51240677 0.37038993 0.92923376
0.85852626 0.67603095 0.10583402
0.19640089 0.75149309 0.39118625
0.75129037 0.57059335 0.74425902
0.46900150 0.34788292 0.29038202
0.86876358 0.02517171 0.31727778
0.95913943 0.61512767 0.26693954
0.04155503 0.76966066 0.84541812
1.00011365 0.57716054 0.62304752
0.73836647 0.14559507 0.00712671
0.80303009 0.15155111 0.25358613
0.61601406 0.85362492 0.76843121
0.80606066 0.60680611 0.21264291
0.95218933 0.95677705 0.91914505
0.16364383 -0.00142113 0.21659182
0.65430803 0.82202362 0.48506405
0.29153088 0.85967756 0.38527471
0.90731524 0.17009346 0.22579862
0.17871601 0.69160298 0.80486399
0.57021609 0.67095960 0.04863731
0.55546179 0.18801661 0.27821369
0.88415888 0.37249765 0.18116244
0.66822262 0.54434878 0.20955505
0.46720235 0.95430031 0.17703041
0.79729087 0.14662776 0.51889937
0.28004612 0.44180310 0.43993904
0.85589470 1.00691577 0.23854573
0.43929286 0.86355863 0.86981725
0.57310104 0.25395661 0.52101720
0.63499125 0.09107166 0.94333589
0.69771625 0.34336642 0.11569073
0.21226555 0.10249819 0.06931158
0.51582914 0.30986834 0.24531937
0.88542894 0.27623461 0.15866851
0.82068560 0.28020661 0.53809191
0.76339069 0.03351363 0.77204356
0.91094745 0.22880104 0.51350255
0.64406153 0.89386529 0.30720382
0.14006077 0.54941549 0.76539306
0.55947549 0.80013357 0.17824586
0.88669948 0.86028428 0.48966406
0.33218758 0.63122660 0.26604496
0.26052077 0.57994302 0.11479583
0.99588023 0.35159823 0.47872141
0.51674849 -0.00402894 0.19417507
0.74368141 0.64069584 0.39089303
0.38448786 0.33422920 0.74058138
0.23201470 0.62493927 0.42991069
0.64426799 0.50084091 0.90663892
0.24878981 0.28450872 0.39346375
0.64418263 0.72012982 0.59568692
0.55133204 0.77559677 0.34871513
0.60368303 0.51457371 0.46782772
0.53964509 0.17482675 0.51759358
0.86312148 0.95135810 0.96559008
0.85924804 0.57013582 0.42450711
0.69809699 0.82043257 0.81206377
0.07465693 0.27064540 0.95750396
0.69824552 0.52085735 0.14560845
0.07707243 0.60599538 0.00311286
0.04471724 0.56458145 0.25829590
0.61264503 0.04801475 0.60164362
0.82565653 0.10901234 0.38413904
-0.00068769 0.69852899 0.83404023
0.07206230 0.63092332 0.28003100
0.86514510 0.86263642 0.95650608
0.89593436 0.05943671 0.10581328
0.22099374 0.46242768 0.47868524
0.22897574 0.56384167 0.58086456
0.70990105 0.96774635 0.37174274
0.41438405 0.67413793 0.88726361
0.12849592 0.59009148 0.82916314
0.30096477 0.22034187 1.02725734
0.16795781 0.76319021 0.29398076
0.68785497 0.90231940 0.43785159
0.74369234 0.66031745 0.24489808
0.88028727 0.08630623 0.49480004
0.42019181 0.70887367 0.64950427
0.04854098 0.37834216 0.62336267
0.45043091 0.67196416 0.58201012
0.03551997 0.88240868 0.77620162
0.99067753 0.17127306 0.35838658
0.17197228 0.36089907 0.55442230
0.76182235 0.08076890 0.46617778
0.74167491 0.50877472 0.77896217
0.30123683 0.51870044 0.40683479
0.61187395 0.64656705 0.69097108
0.23989428 0.82363233 0.85999253
0.50438243 0.52605212 0.46022843
0.69478791 0.16477479 0.18801793
0.70867791 0.38666120 0.34387095
0.17745824 0.90501889 0.97943710
0.37978145 0.41194206 0.19395237
0.64802478 0.85759528 0.61694511
0.93164638 0.84281514 0.83418080
0.57533590 0.60651773 0.25445588
0.82975330 0.32856210 0.20071157
0.54919388 0.27521569 0.59115158
0.93472968 0.09048162 0.81285053
0.22950572 0.78676868 0.78274248
0.46525041 0.36808686 0.14229480
0.94453312 0.67516189 0.92668475
0.37942548 0.38161027 0.68569342
0.77351408 0.41718900 0.59565923
0.84555111 0.18975191 0.13257122
0.48068205 0.57230531 0.84739761
0.60033361 0.49933713 0.62886088
0.03817211 0.45134931 0.80474565
0.87127893 0.49564832 0.10666983
0.50265479 0.07131885 0.65002043
0.15716961 0.38850563 0.90700253
0.98320937 0.06970189 0.47344712
0.60621252 0.20588030 0.80803925
0.83756161 0.08706583 0.57368916
0.59235466 0.51972679 0.10471307
0.56756941 0.09477120 0.34459127
0.61935389 0.58043272 0.13585634
0.55884410 0.54573939 0.74799710
0.70344106 0.57233738 0.67525242
0.95150863 0.20772153 0.78612122
0.73420930 0.73809416 -0.00329928
0.77961576 0.52752921 0.56688493
0.52551355 0.50493948 0.36319443
0.93579903 0.71228348 0.58390631
0.39112661 0.49941888 1.02634957
0.70798425 0.23040347 0.08114302
0.25494508 0.00510596 0.76340759
0.80958657 0.43049072 0.71593569
1.00631457 1.00192056 0.27799533
0.95896650 0.58117945 0.10489940
0.66943514 0.90741870 0.77654502
0.54608422 0.62813511 0.96966689
0.01806651 0.21757399 0.39427298
0.76363418 0.09869824 0.72917681
0.36928972 0.43714545 0.38403057
0.01661731 0.96449807 0.87695401
0.59614596 0.18633023 0.70620168
0.21770404 0.24901352 0.76230394
0.94994316 0.57076094 0.95544893
0.19769758 0.90711447 0.63504009
0.29637041 0.48869758 0.85056134
0.33326444 0.87049895 0.19954639
0.18595908 0.94629170 0.27132383
0.08546111 0.55051147 0.38391211
0.05123221 0.83173895 0.47748592
0.62950441 0.17086170 0.17289727
0.02437969 0.11319216 0.04667745
0.03192548 0.86827933 0.85930626
0.34807516 0.24201568 0.25791275
0.19475212 0.00093754 0.73241757
0.39683562 0.79245843 0.07270118
0.13427112 0.41898311 0.09017602
0.79823922 0.76108386 0.76526612
0.03079004 0.69047379 0.16465767
0.87842669 0.12205643 0.11514453
0.58670422 1.07818005 0.41855989
0.53305747 0.97932064 0.66065799
0.23328764 0.69371161 0.44559801
0.37581672 0.52976784 0.79612902
0.18519136 0.87399520 0.84534161
0.26327463 0.88038259 0.27297970
0.55416062 0.91769562 0.75638114
0.49916592 0.01355527 0.48898499
0.49699086 0.95153899 0.31653210
0.60931002 0.98907924 0.79727507
0.85391958 0.20822318 0.93361783
0.19519906 0.37704752 0.24690139
0.27362550 0.37046762 0.62783652
0.51222536 0.45104726 0.73924921
0.68291697 0.41682566 0.58352078
0.60292135 0.30115697 0.71364197
0.26265644 0.02619706 0.24900591
0.95651287 0.29917807 0.57428529
0.57077112 0.75246059 0.26981505
0.13623023 0.60741052 0.57408446
0.27829477 0.79327446 0.50117951
0.40047791 0.89466616 0.31048410
0.01328048 0.08651114 0.75926316
0.97606739 0.64520143 0.71085948
0.09703758 0.69041437 0.50362511
0.81191791 0.93195225 0.18734116
0.30616418 0.71327032 0.13411609
0.14822800 0.47139938 0.28520564
0.82996882 0.59614101 0.61036524
0.34661253 0.61211819 0.18965866
0.74325175 0.19956952 0.14857698
0.07608205 0.07540574 0.79875599
0.49700793 0.41301224 -0.00274037
0.19232299 0.65914367 0.52422343
0.93007999 0.84475838 0.00316773
0.78909590 0.28405047 0.80353836
0.80887685 0.79806385 0.88154958
0.12951743 0.52034279 0.83905356
0.23982836 0.25518339 0.97830213
0.58197457 0.32467045 0.52486352
0.64083663 0.08445112 0.48317661
0.23375121 0.40004920 0.13243747
0.70438360 0.01551052 0.53994877
0.21289293 0.04600152 0.86153376
0.45277786 0.71917182 0.21839883
0.96893618 0.21040679 0.47507526
0.03910298 0.05259189 0.36810025
0.24295077 0.07879445 0.41165239
0.66381380 0.21070648 0.85536192
0.13992263 0.96261652 0.40036540
0.94451135 0.71840304 0.17827594
0.73292068 1.04594482 0.36014041
0.60653867 0.97242322 0.04679287
0.92764476 0.72007535 0.48042643
0.08856437 0.64296315 0.65617346
0.52487831 0.74209144 0.52901109
0.36050332 0.10562252 0.12527562
0.80203129 0.62585559 0.93085606
0.84860193 0.46283979 0.02845803
0.12334985 0.44454894 0.47600738
0.57637034 0.26462820 0.38874777
1.01891341 0.89391172 0.38293044
0.81764430 0.70183621 0.82694150
0.42804445 0.28005363 0.17457053
0.63426514 0.33234811 0.09071992
0.74581425 0.43792405 0.88458270
0.76669512 0.61469269 0.30690343
0.71229717 0.54763476 0.99746620
0.62515947 0.19481459 0.99064183
0.57979340 0.35691176 0.37670804
0.70950296 0.48774969 0.85720914
0.51391249 0.59173020 0.91390020
0.16884181 0.30001391 0.14174538
0.08571086 0.09381162 0.92237600
0.16429167 0.23135795 0.97865059
0.05975477 0.47288622 0.58977932
0.46463541 0.46914881 0.82543261
1.03769626 0.92528976 0.68197298
0.02138088 0.55015338 0.73262850
0.72037211 0.25036875 0.35257255
0.69722005 0.47197495 -0.03402308
0.95708524 0.78149968 0.51585573
0.65444315 0.99859415 0.41229022
0.53651533 0.77270451 0.59899226
0.82757011 0.81319939 0.39978374
0.21357446 0.39307297 0.78305243
0.81758105 0.76207347 -0.01325140
0.48869909 0.17263957 0.92367325
0.77089593 0.38402857 0.81315940
0.19893517 0.50121298 0.85254006
0.45961101 0.54022664 0.61226400
0.21854045 0.76817451 0.12543670
0.72189608 0.60374491 0.09847164
0.27267504 -0.02262432 0.87169430
0.73357395 0.31021908 0.22617007
0.90943503 0.61456344 0.50928946
0.33786950 0.30372537 0.84453092
0.08933168 0.39617246 0.26051271
0.64856358 0.42466672 0.38639237
0.06569941 0.97487475 0.41909432
0.26972997 0.36875509 0.53556972
0.58299699 0.82195348 0.58967805
0.37614706 0.72817591 0.30175021
0.68394380 -0.00644000 0.21369408
0.58669534 0.23186908 0.11162661
0.77918827 0.80829542 0.48815764
1.03894714 0.58632940 0.80371324
0.45636925 0.53012181 0.07893084
0.02176327 0.17693565 0.26353424
0.13256041 0.82495368 0.83626626
0.58957403 0.80670845 0.91865325
0.70985074 0.34422510 0.61641666
0.63228437 0.63952940 0.39292966
0.25157022 0.82358298 0.70099230
0.12867048 0.45636531 0.62330857
0.49856445 0.69111167 0.73743606
0.33845730 0.42377527 0.63211139
-0.02935778 0.42641806 0.21100701
0.80469598 0.80284387 0.24927149
0.19682652 0.83543000 0.04137488
0.59910671 0.90524355 0.60496598
1.01128571 0.30043013 0.85922382
0.14211181 0.57785178 -0.07369083
0.18858013 0.71318854 0.57379448
0.88459006 0.72239357 0.92401453
0.35857734 0.05772211 0.70969981
0.08658297 0.14643097 0.87086340
0.33627259 0.58911118 0.57508709
0.68314876 0.69556322 0.43384354
0.35095549 0.94304498 0.21836749
0.35375346 0.55860939 0.28976719
1.01337726 0.90064696 0.92599913
0.63507310 0.06741839 1.03509570
0.64837203 0.06127749 0.69314605
0.32981742 0.68677049 0.39080668
0.06908216 0.34859567 0.87359675
0.96639397 0.12078052 0.24662394
0.11823374 0.95392345 0.68324785
0.97333961 0.78023157 0.22664334
0.60567889 0.12872847 0.83264701
0.54657727 0.47484408 0.43499842
0.68259859 0.21679149 0.27568794
0.47007177 0.14019002 0.50709862
0.74007028 0.32289781 0.84678200
0.13555072 0.79676812 0.50272319
0.55805874 0.57794751 0.44372130
0.78065447 0.47697651 0.13378495
1.05359043 0.08104078 0.98489343
0.64249348 0.12354246 0.22615824
0.52019772 0.21931367 0.08007071
0.73690548 0.44161653 0.78157881
0.56359000 0.70186374 0.78474349
0.34256791 0.41782537 0.93113225
0.88784892 0.43796132 0.87140280
0.42648362 0.91540364 0.09550119
0.13756201 0.11275176 0.38700174
0.06605414 0.34586938 0.13633238
0.74815374 0.72514221 0.92188248
0.29082291 0.02929880 0.67856997
0.55407590 0.37075632 0.21602020
0.59394816 0.44277058 0.79522324
0.43294077 0.84194362 0.36078000
0.00352129 0.88236926 0.04436653
0.83583777 0.32066698 0.45678072
0.62445296 0.02852607 0.25064793
0.44821326 0.30243562 0.89655627
0.07169477 0.18604624 0.95966859
0.87628098 0.28858902 0.60549075
0.17378266 0.96114900 0.92530483
0.74632023 0.65838041 0.84213982
0.53662050 1.00227469 0.08121105
0.12249018 0.73828728 0.42055322
0.31913112 0.78897501 0.58953416
1.00537985 0.88241012 0.14893825
0.27060393 0.50768379 0.59752228
0.72101062 0.27512736 0.57207634
0.52041818 0.30876319 0.86025253
1.00255973 0.25166875 0.94632090
0.46428663 0.78269966 0.78842710
0.67141999 0.50997739 0.73628350
0.47762133 0.92691136 0.63498878
0.19564369 0.50603019 0.33021393
0.43868683 0.60953642 0.92887305
0.51250171 0.21659348 0.76403332
0.13753402 0.65898701 0.31219792
0.36921325 0.35872676 0.88097689
0.71867510 0.22816370 0.79774531
0.86613591 0.47740185 0.22632726
0.06999110 0.49005956 0.10188300
0.24827669 0.44664544 0.30063650
0.67220102 0.11414375 0.35683500
0.60767839 0.17055244 0.46247719
0.42483428 0.42422926 0.28244461
0.60810426 0.26970182 0.32170600
0.34069598 0.53354268 0.62040573
0.41448923 0.50649921 0.14590778
0.35880722 0.48518304 0.22134936
1.01540593 0.15931913 0.51849791
0.09376412 0.84268874 0.55334769
0.81865406 -0.01092117 0.73631500
0.55633242 1.02403366 0.31174826
0.97244357 0.23160591 0.57475723
0.46636870 0.04532573 0.21037673
0.63758788 0.99849184 0.50546660
0.29074258 0.52242630 0.25509988
0.42210371 0.07304767 0.91329889
0.45567286 0.00495228 0.92784804
0.94100834 0.07424292 0.54414343
0.15961571 0.16732545 0.64898498
0.22930597 0.29498314 0.60757042
0.06625595 0.44680227 0.67618615
0.33828653 0.69071619 0.69569255
0.56676219 0.17049085 0.59784170
0.17376616 0.61540178 0.46641898
0.86381453 0.69872533 0.26302727
0.11871867 0.23006350 0.81271160
0.54900271 0.12283900 0.66509731
0.61840212 0.92851111 0.17250374
0.10271300 0.93785749 0.84860873
0.35871261 0.90448219 0.40080898
0.43337182 0.44297043 -0.08286330
0.89098564 0.54602333 0.16442295
0.68293695 0.25353108 0.48459774
0.70168872 -0.01475586 0.75092588
0.44727078 0.44216130 0.63180076
0.38815337 0.07236970 0.24783866
0.35235203 0.49273664 0.95826536
0.90756451 0.18638188 0.73485575
0.95495441 0.11783459 0.04217219
0.79486474 0.62901832 0.74582952
0.28383080 0.14162201 0.53713943
0.17517311 0.29270335 0.02052537
0.87283758 0.41978104 0.28175188
0.14396007 0.19138771 0.90211352
0.84090929 0.54172364 0.79310811
0.38221291 0.15590465 0.50349657
0.21282478 0.46763603 0.67511815
0.64256066 0.72452691 0.36388494
0.70596045 0.20243660 0.98221832
0.98618332 0.78890918 0.32807133
0.70242395 0.10180623 0.93297656
0.87794785 0.91680515 0.37206837
0.30150553 0.83005987 0.12408278
0.93344513 0.31149649 0.71157918
0.61651861 0.74700451 0.18359043
0.69736224 0.28094597 0.16728420
0.39743833 0.72171642 0.80798080
0.11233905 0.75468140 0.11858560
0.86374521 0.75969897 0.60006145
0.78084171 0.80946266 0.66830981
0.74813885 0.06535809 0.64295761
0.10208322 0.64886843 0.75326975
0.39884716 0.59247524 0.68449638
0.96226771 0.27232747 0.77137765
0.23499519 0.60127214 0.65547385
0.59853189 0.88683587 0.69476748
0.13869919 0.04082846 0.37587210
0.16039779 0.47133226 0.54383777
0.87923693 1.03451689 0.95322889
0.25082599 0.79883812 0.20151421
0.90982457 0.57400295 0.25044139
0.77626366 0.49003316 0.05336385
0.45045541 0.42519347 0.74334889
0.87641401 -0.01285388 0.59925735
0.73514868 0.15340583 0.58809853
0.96961589 1.01932263 0.37428879
0.29983168 0.68821938 0.00074210
0.18292148 0.86320006 0.70354888
0.63900187 0.44435021 0.49573156
0.72316550 0.05780693 0.10996010
0.60331052 0.47605743 0.36805829
0.62752560 0.48079356 0.16259271
0.41581378 0.27266031 0.81953566
0.22275018 0.91221361 0.50361381
0.43526636 0.51032184 0.46537105
0.28542916 0.36650307 0.97833018
0.21320839 0.51337116 0.24385587
0.53684274 0.24345549 0.22349111
0.76164247 0.35672357 0.27583978
0.44063071 0.37618504 0.93622325
0.78112439 0.47606387 0.22390621
0.37035382 -0.01844256 0.38933752
0.04074177 0.71022294 0.29706578
0.04847385 0.11240651 0.57656878
0.69420572 0.45723089 0.17767679
0.41723450 0.27607586 0.04231009
0.19874630 0.11521726 0.46286601
0.20634025 0.56875591 0.72531326
0.13881834 0.66179079 1.04210515
0.39445545 0.09801568 0.32321814
0.06830857 0.55728950 0.65020006
0.64742272 0.35316549 0.51500869
0.12118105 0.76828086 0.65074153
0.28909283 0.55657863 0.19006541
1.00890850 0.98083977 0.99618102
0.65807984 0.60807306 0.91145987
1.04002835 0.96340691 0.16419645
0.08447790 0.75471480 -0.02794994
0.42347477 0.11982352 0.03902571
0.37041941 0.16149356 0.33221321
0.69157389 0.86651814 0.53550162
0.70102301 0.81627668 0.89667043
0.44408531 -0.06059799 0.81780693
0.69055037 1.02416165 -0.01867142
0.96332204 0.36114744 0.75782085
0.24633229 0.81456993 0.36217748
0.43007834 0.45761420 0.54284763
0.66202647 0.68344591 0.90424107
0.32094000 0.12466660 0.88543873
0.31519088 -0.02866784 0.10006163
0.73231245 0.43118711 0.23523129
0.97256659 0.09569866 0.68311319
0.65381731 0.94621569 0.70016333
0.81580586 0.43679016 0.84142080
0.90577115 0.11311440 0.72603704
0.00646680 0.51514749 0.50119333
0.52331871 0.52095294 0.11775362
0.35434375 0.75085765 0.95843119
0.15862571 0.43467412 0.21485988
0.65118345 0.65566988 0.00727124
0.40011163 -0.04099015 0.72325044
0.54561143 0.40293079 0.32580639
0.50562402 0.24068324 0.87510118
0.64951873 0.35153739 0.73834089
0.89175216 0.38941021 0.39414066
0.45602499 0.23625040 -0.00974099
0.11424528 0.91267984 0.44696214
0.18747767 0.62770073 1.00038734
0.48547617 0.76753191 0.01509597
0.39519995 0.04148051 0.04219074
0.24465685 0.72327668 0.07254819
0.89238815 0.34440128 0.65991057
0.66190504 0.64649357 0.75448266
0.17985081 0.89056767 0.34745122
-0.02795977 0.13531907 0.58530878
0.38241835 0.88662779 0.99553646
0.46904019 0.03275136 1.01148618
0.33896722 0.98536953 0.30697866
0.48318354 0.85216678 0.73701119
0.50623484 0.87111309 0.96576719
0.28457503 0.87874187 0.78050043
0.17434291 0.01372564 0.62591262
1.00278122 0.10022986 0.91467480
0.19653048 0.28599507 0.52240635
0.44554508 0.14843542 0.31306487
0.63218135 0.89152220 0.91242993
0.74905956 0.99881838 0.64439864
0.47521176 0.73321408 0.08723485
0.79215243 0.21930467 0.85661309
0.39236859 0.46133453 0.84723095
0.83797679 0.73638668 0.14505317
0.49526677 0.11382110 0.35233560
0.99403769 0.07505638 0.15415385
0.39458328 0.61515112 0.77084624
0.08365176 0.09337106 0.65182071
0.73572075 0.72551682 0.13419754
0.76863274 0.37537880 0.67862312
0.13302607 0.32361005 0.47101963
0.95724830 0.36073545 0.15397550
0.38871681 0.62169233 0.60360348
-0.00513102 0.52162601 0.28760752
0.57357971 0.71259946 0.11001847
0.88008413 0.20350519 0.66214306
0.35772345 0.60780866 0.42418198
0.34778294 0.77638969 0.82311932
0.97486384 0.63478885 0.80903482
0.21950100 0.18462179 0.98563820
0.08004148 0.46594000 0.92131388
0.65979946 0.93748070 0.11556124
0.62274806 0.84787502 0.42247746
0.30191624 0.44827638 0.23810206
0.74444147 0.53753028 0.26752032
0.67918611 0.80904057 0.72961769
0.16067710 0.24301924 0.46382854
0.26915016 0.17990864 0.81133921
0.05393252 0.15404896 0.67130639
0.15314093 0.07163673 0.22808820
0.84581301 0.22934360 0.79717686
0.56074418 0.82557005 0.84072489
0.40874635 0.14719970 0.16078518
0.91188144 0.11212734 0.91092877
0.75600702 0.80998175 1.01446491
0.65877458 0.23695914 0.61738318
0.32802577 0.02509201 0.95144657
0.31270089 0.52691197 0.12546011
0.31432357 0.77034068 0.42679967
0.04755072 0.26597916 0.13516808
0.51724098 0.80771055 0.47545105
