Simulation began at: 2022-12-02 20:44:03.079506

Box details:
	cell parameters = 52.79450 54.79430 45.19530
	cell volume = 130742.65416 Å^3
	Ca number density = 0.01239075

Lennard-Jones parameters set:
	eps = 0.00950718 eV
	sigma = 3.75849720 Å

Gaussian parameters set:
	eps = 0.03968365 eV
	H = -0.05979992 eV # See LAMMPS documentation
	r0 = 5.99124646 Å
	sigma = 0.60117255 Å

Gaussian (II) parameters set:
	eps = -0.03112717 eV
	H = 0.07261839 eV # See LAMMPS documentation
	r0 = 5.91965995 Å
	sigma = 0.93071570 Å

Performing Monte-Carlo simulation.
	Max moves = 8000000
	Max accepted moves = 4000000
	Temperature = 300 K
	Max translation = 0.1 Å
	Energy(start) = 778781728.28681 eV
	Number of cores = 48


Tracking simulation progress:
nmoves, naccept, nboltzmann, nhardspherereject, nreject | curr_e, hs_violations
-------------------------------------------------------------------------------
         0          0          0          0          0 | 778781728.28681386            -
     10000       5747        814          0       4253 | 2342733.09200985            -
     20000      11555       1765          0       8445 | 8647.23981283            -
     30000      17537       2913          0      12463 | 262.08158141            -
     40000      23722       4317          0      16278 |  48.62606591            -
     50000      30055       6031          0      19945 |   4.44120345            -
     60000      36615       8003          0      23385 |   1.05100566            -
     70000      43432      10328          0      26568 |   0.37433867            -
     80000      50547      12961          0      29453 |   0.17707618            -
     90000      57912      15884          0      32088 |   0.10194931            -
    100000      65471      19017          0      34529 |   0.06307135            -
    110000      73326      22558          0      36674 |   0.04735523            -
    120000      81305      26159          0      38695 |   0.03567529            -
    130000      89426      30006          0      40574 |   0.02966241            -
    140000      97565      33783          0      42435 |   0.02376002            -
    150000     105727      37811          0      44273 |   0.02132530            -
    160000     114023      41820          0      45977 |   0.01859342            -
    170000     122376      45844          0      47624 |   0.01646543            -
    180000     130726      49905          0      49274 |   0.01503847            -
    190000     139134      53965          0      50866 |   0.01330001            -
    200000     147494      58102          0      52506 |   0.01265275            -
    210000     155955      62248          0      54045 |   0.01203603            -
    220000     164447      66392          0      55553 |   0.01052969            -
    230000     172977      70585          0      57023 |   0.00993920            -
    240000     181525      74820          0      58475 |   0.00914007            -
    250000     190083      79005          0      59917 |   0.00794556            -
    260000     198632      83294          0      61368 |   0.00784842            -
    270000     207216      87558          0      62784 |   0.00732095            -
    280000     215814      91831          0      64186 |   0.00728582            -
    290000     224382      96093          0      65618 |   0.00694239            -
    300000     233042     100391          0      66958 |   0.00655137            -
    310000     241668     104656          0      68332 |   0.00625110            -
    320000     250335     108954          0      69665 |   0.00604292            -
    330000     259042     113316          0      70958 |   0.00583692            -
    340000     267677     117617          0      72323 |   0.00606936            -
    350000     276433     121882          0      73567 |   0.00534369            -
    360000     285130     126191          0      74870 |   0.00522832            -
    370000     293784     130528          0      76216 |   0.00513747            -
    380000     302474     134821          0      77526 |   0.00431873            -
    390000     311144     139177          0      78856 |   0.00406422            -
    400000     319824     143564          0      80176 |   0.00470535            -
    410000     328482     147835          0      81518 |   0.00404007            -
    420000     337195     152224          0      82805 |   0.00438299            -
    430000     345843     156636          0      84157 |   0.00463131            -
    440000     354514     160874          0      85486 |   0.00371459            -
    450000     363131     165122          0      86869 |   0.00330133            -
    460000     371822     169404          0      88178 |   0.00270513            -
    470000     380553     173796          0      89447 |   0.00288103            -
    480000     389302     178194          0      90698 |   0.00358215            -
    490000     398010     182462          0      91990 |   0.00301886            -
    500000     406673     186849          0      93327 |   0.00320139            -
    510000     415377     191167          0      94623 |   0.00261166            -
    520000     424087     195493          0      95913 |   0.00248667            -
    530000     432772     199701          0      97228 |   0.00122247            -
    540000     441544     204095          0      98456 |   0.00147150            -
    550000     450231     208497          0      99769 |   0.00169194            -
    560000     458979     212836          0     101021 |   0.00163654            -
    570000     467767     217202          0     102233 |   0.00091217            -
    580000     476523     221597          0     103477 |   0.00087257            -
    590000     485247     225976          0     104753 |   0.00086310            -
    600000     493999     230364          0     106001 |   0.00140396            -
    610000     502754     234718          0     107246 |   0.00119482            -
    620000     511537     239028          0     108463 |   0.00059875            -
    630000     520326     243343          0     109674 |   0.00028426            -
    640000     529125     247717          0     110875 |  -0.00003229            -
    650000     537915     252108          0     112085 |   0.00035619            -
    660000     546673     256521          0     113327 |   0.00083900            -
    670000     555421     260904          0     114579 |   0.00027982            -
    680000     564193     265269          0     115807 |   0.00023007            -
    690000     572971     269698          0     117029 |   0.00023629            -
    700000     581703     273995          0     118297 |   0.00026386            -
    710000     590490     278444          0     119510 |   0.00058252            -
    720000     599201     282862          0     120799 |   0.00102245            -
    730000     607953     287197          0     122047 |   0.00047432            -
    740000     616656     291472          0     123344 |  -0.00024889            -
    750000     625431     295920          0     124569 |  -0.00022470            -
    760000     634244     300355          0     125756 |  -0.00026599            -
    770000     643075     304864          0     126925 |  -0.00007969            -
    780000     651920     309312          0     128080 |   0.00024099            -
    790000     660662     313656          0     129338 |  -0.00000137            -
    800000     669428     318044          0     130572 |  -0.00009142            -
    810000     678220     322442          0     131780 |  -0.00018010            -
    820000     687028     326852          0     132972 |  -0.00028333            -
    830000     695809     331175          0     134191 |  -0.00014481            -
    840000     704596     335558          0     135404 |  -0.00043037            -
    850000     713377     339878          0     136623 |  -0.00082510            -
    860000     722213     344302          0     137787 |  -0.00100719            -
    870000     731039     348718          0     138961 |  -0.00114243            -
    880000     739804     353153          0     140196 |  -0.00069725            -
    890000     748552     357494          0     141448 |  -0.00093059            -
    900000     757422     361885          0     142578 |  -0.00118864            -
    910000     766282     366368          0     143718 |  -0.00103127            -
    920000     775098     370791          0     144902 |  -0.00066884            -
    930000     783881     375182          0     146119 |  -0.00060774            -
    940000     792727     379627          0     147273 |  -0.00042595            -
    950000     801548     384011          0     148452 |  -0.00052488            -
    960000     810403     388486          0     149597 |  -0.00093576            -
    970000     819211     392887          0     150789 |  -0.00098353            -
    980000     828031     397279          0     151969 |  -0.00103355            -
    990000     836877     401657          0     153123 |  -0.00109386            -
   1000000     845712     406061          0     154288 |  -0.00118731            -
   1010000     854545     410519          0     155455 |  -0.00036231            -
   1020000     863327     414887          0     156673 |  -0.00061004            -
   1030000     872160     419277          0     157840 |  -0.00082274            -
   1040000     881014     423710          0     158986 |  -0.00090631            -
   1050000     889804     428144          0     160196 |  -0.00031792            -
   1060000     898656     432486          0     161344 |  -0.00114927            -
   1070000     907544     436899          0     162456 |  -0.00121248            -
   1080000     916384     441349          0     163616 |  -0.00084327            -
   1090000     925166     445700          0     164834 |  -0.00101120            -
   1100000     933957     450141          0     166043 |  -0.00090745            -
   1110000     942774     454631          0     167226 |  -0.00061549            -
   1120000     951604     459011          0     168396 |  -0.00098010            -
   1130000     960470     463483          0     169530 |  -0.00043861            -
   1140000     969276     467855          0     170724 |  -0.00065239            -
   1150000     978131     472308          0     171869 |  -0.00056505            -
   1160000     986869     476668          0     173131 |  -0.00014578            -
   1170000     995620     481043          0     174380 |  -0.00007081            -
   1180000    1004437     485464          0     175563 |  -0.00035577            -
   1190000    1013189     489885          0     176811 |  -0.00042304            -
   1200000    1021983     494306          0     178017 |  -0.00014655            -
   1210000    1030757     498632          0     179243 |  -0.00045438            -
   1220000    1039521     503007          0     180479 |  -0.00056528            -
   1230000    1048308     507406          0     181692 |  -0.00070923            -
   1240000    1057093     511755          0     182907 |  -0.00080869            -
   1250000    1065901     516164          0     184099 |  -0.00049155            -
   1260000    1074776     520664          0     185224 |  -0.00024571            -
   1270000    1083587     525063          0     186413 |  -0.00033098            -
   1280000    1092392     529473          0     187608 |  -0.00097889            -
   1290000    1101318     533831          0     188682 |  -0.00164536            -
   1300000    1110154     538367          0     189846 |  -0.00028134            -
   1310000    1118919     542789          0     191081 |  -0.00045079            -
   1320000    1127728     547158          0     192272 |  -0.00050945            -
   1330000    1136534     551555          0     193466 |  -0.00074935            -
   1340000    1145336     555939          0     194664 |  -0.00080870            -
   1350000    1154118     560400          0     195882 |  -0.00037053            -
   1360000    1162918     564853          0     197082 |  -0.00029168            -
   1370000    1171724     569223          0     198276 |  -0.00068750            -
   1380000    1180508     573601          0     199492 |  -0.00093954            -
   1390000    1189257     577961          0     200743 |  -0.00055859            -
   1400000    1198063     582318          0     201937 |  -0.00103384            -
   1410000    1206914     586756          0     203086 |  -0.00144286            -
   1420000    1215733     591247          0     204267 |  -0.00112666            -
   1430000    1224531     595673          0     205469 |  -0.00117463            -
   1440000    1233375     600080          0     206625 |  -0.00147023            -
   1450000    1242195     604446          0     207805 |  -0.00212725            -
   1460000    1251047     608939          0     208953 |  -0.00140112            -
   1470000    1259890     613405          0     210110 |  -0.00124803            -
   1480000    1268717     617861          0     211283 |  -0.00103224            -
   1490000    1277489     622217          0     212511 |  -0.00128356            -
   1500000    1286307     626604          0     213693 |  -0.00126635            -
   1510000    1295147     630997          0     214853 |  -0.00108235            -
   1520000    1303907     635430          0     216093 |  -0.00093224            -
   1530000    1312661     639807          0     217339 |  -0.00046368            -
   1540000    1321432     644116          0     218568 |  -0.00109357            -
   1550000    1330275     648552          0     219725 |  -0.00077805            -
   1560000    1339129     652995          0     220871 |  -0.00087156            -
   1570000    1347961     657437          0     222039 |  -0.00063124            -
   1580000    1356812     661759          0     223188 |  -0.00157485            -
   1590000    1365644     666165          0     224356 |  -0.00180646            -
   1600000    1374482     670522          0     225518 |  -0.00184775            -
   1610000    1383330     674962          0     226670 |  -0.00183675            -
   1620000    1392071     679243          0     227929 |  -0.00255449            -
   1630000    1400914     683712          0     229086 |  -0.00209750            -
   1640000    1409721     688132          0     230279 |  -0.00220007            -
   1650000    1418570     692595          0     231430 |  -0.00194035            -
   1660000    1427379     697048          0     232621 |  -0.00191404            -
   1670000    1436213     701472          0     233787 |  -0.00149852            -
   1680000    1445089     705921          0     234911 |  -0.00161625            -
   1690000    1453891     710323          0     236109 |  -0.00175258            -
   1700000    1462695     714660          0     237305 |  -0.00165539            -
   1710000    1471486     719040          0     238514 |  -0.00175694            -
   1720000    1480308     723498          0     239692 |  -0.00122118            -
   1730000    1489100     727857          0     240900 |  -0.00141792            -
   1740000    1497996     732286          0     242004 |  -0.00191930            -
   1750000    1506856     736759          0     243144 |  -0.00120981            -
   1760000    1515693     741177          0     244307 |  -0.00127948            -
   1770000    1524534     745613          0     245466 |  -0.00125266            -
   1780000    1533334     750039          0     246666 |  -0.00056418            -
   1790000    1542099     754319          0     247901 |  -0.00132641            -
   1800000    1550975     758756          0     249025 |  -0.00145605            -
   1810000    1559770     763097          0     250230 |  -0.00142688            -
   1820000    1568598     767527          0     251402 |  -0.00140819            -
   1830000    1577420     771849          0     252580 |  -0.00212902            -
   1840000    1586282     776374          0     253718 |  -0.00138026            -
   1850000    1595138     780731          0     254862 |  -0.00182811            -
   1860000    1603999     785047          0     256001 |  -0.00268607            -
   1870000    1612857     789498          0     257143 |  -0.00201226            -
   1880000    1621655     793932          0     258345 |  -0.00186966            -
   1890000    1630376     798316          0     259624 |  -0.00198664            -
   1900000    1639209     802763          0     260791 |  -0.00170776            -
   1910000    1648028     807091          0     261972 |  -0.00232511            -
   1920000    1656847     811495          0     263153 |  -0.00232853            -
   1930000    1665677     815968          0     264323 |  -0.00185634            -
   1940000    1674470     820338          0     265530 |  -0.00183386            -
   1950000    1683274     824716          0     266726 |  -0.00187158            -
   1960000    1692088     829185          0     267912 |  -0.00147202            -
   1970000    1700905     833547          0     269095 |  -0.00206224            -
   1980000    1709779     838016          0     270221 |  -0.00202863            -
   1990000    1718631     842435          0     271369 |  -0.00174878            -
   2000000    1727404     846797          0     272596 |  -0.00217190            -
   2010000    1736196     851186          0     273804 |  -0.00215451            -
   2020000    1744986     855620          0     275014 |  -0.00152445            -
   2030000    1753804     860045          0     276196 |  -0.00134310            -
   2040000    1762612     864428          0     277388 |  -0.00171468            -
   2050000    1771420     868857          0     278580 |  -0.00166306            -
   2060000    1780244     873285          0     279756 |  -0.00148226            -
   2070000    1789070     877749          0     280930 |  -0.00110358            -
   2080000    1797891     882176          0     282109 |  -0.00073504            -
   2090000    1806687     886465          0     283313 |  -0.00179119            -
   2100000    1815567     890868          0     284433 |  -0.00215917            -
   2110000    1824382     895266          0     285618 |  -0.00255011            -
   2120000    1833255     899750          0     286745 |  -0.00233511            -
   2130000    1842027     904185          0     287973 |  -0.00230337            -
   2140000    1850920     908615          0     289080 |  -0.00257707            -
   2150000    1859734     913027          0     290266 |  -0.00293728            -
   2160000    1868521     917441          0     291479 |  -0.00208976            -
   2170000    1877349     921843          0     292651 |  -0.00250368            -
   2180000    1886170     926270          0     293830 |  -0.00254145            -
   2190000    1894974     930653          0     295026 |  -0.00279629            -
   2200000    1903828     935151          0     296172 |  -0.00245570            -
   2210000    1912667     939616          0     297333 |  -0.00229054            -
   2220000    1921497     943955          0     298503 |  -0.00277787            -
   2230000    1930301     948342          0     299699 |  -0.00290773            -
   2240000    1939104     952776          0     300896 |  -0.00209612            -
   2250000    1947973     957203          0     302027 |  -0.00184247            -
   2260000    1956749     961612          0     303251 |  -0.00192025            -
   2270000    1965576     966030          0     304424 |  -0.00181907            -
   2280000    1974382     970382          0     305618 |  -0.00196352            -
   2290000    1983244     974827          0     306756 |  -0.00189550            -
   2300000    1992101     979228          0     307899 |  -0.00195650            -
   2310000    2000948     983657          0     309052 |  -0.00235868            -
   2320000    2009797     988065          0     310203 |  -0.00312567            -
   2330000    2018638     992501          0     311362 |  -0.00258121            -
   2340000    2027510     996907          0     312490 |  -0.00286949            -
   2350000    2036340    1001340          0     313660 |  -0.00270523            -
   2360000    2045165    1005753          0     314835 |  -0.00239442            -
   2370000    2054044    1010187          0     315956 |  -0.00240374            -
   2380000    2062830    1014580          0     317170 |  -0.00246476            -
   2390000    2071632    1018956          0     318368 |  -0.00249077            -
   2400000    2080515    1023391          0     319485 |  -0.00283846            -
   2410000    2089370    1027887          0     320630 |  -0.00238104            -
   2420000    2098228    1032271          0     321772 |  -0.00244143            -
   2430000    2107035    1036686          0     322965 |  -0.00216071            -
   2440000    2115896    1041067          0     324104 |  -0.00241366            -
   2450000    2124747    1045445          0     325253 |  -0.00313311            -
   2460000    2133572    1049812          0     326428 |  -0.00336632            -
   2470000    2142406    1054194          0     327594 |  -0.00381536            -
   2480000    2151259    1058664          0     328741 |  -0.00307797            -
   2490000    2160090    1063126          0     329910 |  -0.00268937            -
   2500000    2168961    1067597          0     331039 |  -0.00332241            -
   2510000    2177821    1071991          0     332179 |  -0.00324622            -
   2520000    2186638    1076411          0     333362 |  -0.00315418            -
   2530000    2195548    1080875          0     334452 |  -0.00331667            -
   2540000    2204361    1085350          0     335639 |  -0.00290591            -
   2550000    2213231    1089812          0     336769 |  -0.00283952            -
   2560000    2222072    1094215          0     337928 |  -0.00314623            -
   2570000    2230887    1098658          0     339113 |  -0.00285724            -
   2580000    2239693    1103065          0     340307 |  -0.00260271            -
   2590000    2248513    1107420          0     341487 |  -0.00319570            -
   2600000    2257309    1111756          0     342691 |  -0.00331894            -
   2610000    2266151    1116192          0     343849 |  -0.00320019            -
   2620000    2274975    1120658          0     345025 |  -0.00194681            -
   2630000    2283766    1125046          0     346234 |  -0.00235570            -
   2640000    2292552    1129489          0     347448 |  -0.00205889            -
   2650000    2301393    1133826          0     348607 |  -0.00295876            -
   2660000    2310243    1138237          0     349757 |  -0.00277429            -
   2670000    2319067    1142626          0     350933 |  -0.00310511            -
   2680000    2327900    1147041          0     352100 |  -0.00352370            -
   2690000    2336756    1151511          0     353244 |  -0.00282750            -
   2700000    2345561    1155870          0     354439 |  -0.00329770            -
   2710000    2354362    1160254          0     355638 |  -0.00312045            -
   2720000    2363247    1164681          0     356753 |  -0.00378045            -
   2730000    2372090    1169117          0     357910 |  -0.00329906            -
   2740000    2380909    1173513          0     359091 |  -0.00349479            -
   2750000    2389751    1177975          0     360249 |  -0.00311301            -
   2760000    2398623    1182395          0     361377 |  -0.00354342            -
   2770000    2407423    1186790          0     362577 |  -0.00343657            -
   2780000    2416276    1191271          0     363724 |  -0.00303277            -
   2790000    2425139    1195728          0     364861 |  -0.00300013            -
   2800000    2433919    1200078          0     366081 |  -0.00302566            -
   2810000    2442720    1204500          0     367280 |  -0.00306935            -
   2820000    2451493    1208880          0     368507 |  -0.00297193            -
   2830000    2460298    1213278          0     369702 |  -0.00341857            -
   2840000    2469087    1217655          0     370913 |  -0.00346753            -
   2850000    2477938    1222046          0     372062 |  -0.00342335            -
   2860000    2486800    1226616          0     373200 |  -0.00294566            -
   2870000    2495667    1231043          0     374333 |  -0.00317430            -
   2880000    2504512    1235442          0     375488 |  -0.00325255            -
   2890000    2513363    1239855          0     376637 |  -0.00283143            -
   2900000    2522210    1244275          0     377790 |  -0.00281456            -
   2910000    2531027    1248700          0     378973 |  -0.00309596            -
   2920000    2539840    1253108          0     380160 |  -0.00325491            -
   2930000    2548689    1257513          0     381311 |  -0.00343029            -
   2940000    2557527    1261897          0     382473 |  -0.00296157            -
   2950000    2566424    1266301          0     383576 |  -0.00326397            -
   2960000    2575205    1270598          0     384795 |  -0.00335808            -
   2970000    2584075    1275178          0     385925 |  -0.00248534            -
   2980000    2592861    1279625          0     387139 |  -0.00229605            -
   2990000    2601681    1284000          0     388319 |  -0.00260637            -
   3000000    2610558    1288387          0     389442 |  -0.00323803            -
   3010000    2619406    1292752          0     390594 |  -0.00284073            -
   3020000    2628241    1297153          0     391759 |  -0.00293983            -
   3030000    2637050    1301649          0     392950 |  -0.00276071            -
   3040000    2645864    1305998          0     394136 |  -0.00342121            -
   3050000    2654752    1310568          0     395248 |  -0.00290780            -
   3060000    2663610    1315039          0     396390 |  -0.00249456            -
   3070000    2672439    1319441          0     397561 |  -0.00252386            -
   3080000    2681222    1323805          0     398778 |  -0.00345619            -
   3090000    2690082    1328208          0     399918 |  -0.00361234            -
   3100000    2698939    1332707          0     401061 |  -0.00318679            -
   3110000    2707766    1337089          0     402234 |  -0.00325490            -
   3120000    2716627    1341522          0     403373 |  -0.00333090            -
   3130000    2725465    1345948          0     404535 |  -0.00321585            -
   3140000    2734319    1350430          0     405681 |  -0.00278848            -
   3150000    2743117    1354854          0     406883 |  -0.00256354            -
   3160000    2751941    1359296          0     408059 |  -0.00183210            -
   3170000    2760762    1363741          0     409238 |  -0.00185242            -
   3180000    2769601    1368108          0     410399 |  -0.00270537            -
   3190000    2778429    1372545          0     411571 |  -0.00229875            -
   3200000    2787319    1376950          0     412681 |  -0.00253739            -
   3210000    2796150    1381460          0     413850 |  -0.00172740            -
   3220000    2804994    1385841          0     415006 |  -0.00220376            -
   3230000    2813824    1390204          0     416176 |  -0.00247512            -
   3240000    2822647    1394649          0     417353 |  -0.00239034            -
   3250000    2831430    1399032          0     418570 |  -0.00258776            -
   3260000    2840222    1403422          0     419778 |  -0.00241546            -
   3270000    2849082    1407767          0     420918 |  -0.00268938            -
   3280000    2857890    1412201          0     422110 |  -0.00250778            -
   3290000    2866727    1416648          0     423273 |  -0.00265126            -
   3300000    2875527    1421071          0     424473 |  -0.00218289            -
   3310000    2884279    1425449          0     425721 |  -0.00229084            -
   3320000    2893080    1429807          0     426920 |  -0.00239337            -
   3330000    2901931    1434191          0     428069 |  -0.00251139            -
   3340000    2910719    1438522          0     429281 |  -0.00280751            -
   3350000    2919578    1442960          0     430422 |  -0.00285901            -
   3360000    2928455    1447378          0     431545 |  -0.00315619            -
   3370000    2937374    1451851          0     432626 |  -0.00278491            -
   3380000    2946205    1456246          0     433795 |  -0.00322994            -
   3390000    2955077    1460679          0     434923 |  -0.00292518            -
   3400000    2963926    1465200          0     436074 |  -0.00246664            -
   3410000    2972734    1469527          0     437266 |  -0.00272015            -
   3420000    2981563    1473867          0     438437 |  -0.00299453            -
   3430000    2990446    1478324          0     439554 |  -0.00289749            -
   3440000    2999271    1482714          0     440729 |  -0.00334467            -
   3450000    3008119    1487207          0     441881 |  -0.00327775            -
   3460000    3016951    1491546          0     443049 |  -0.00399608            -
   3470000    3025790    1496028          0     444210 |  -0.00319254            -
   3480000    3034597    1500405          0     445403 |  -0.00324322            -
   3490000    3043430    1504837          0     446570 |  -0.00315689            -
   3500000    3052270    1509159          0     447730 |  -0.00378723            -
   3510000    3061139    1513628          0     448861 |  -0.00312546            -
   3520000    3069918    1518094          0     450082 |  -0.00267921            -
   3530000    3078744    1522507          0     451256 |  -0.00281796            -
   3540000    3087597    1526913          0     452403 |  -0.00261468            -
   3550000    3096392    1531313          0     453608 |  -0.00266731            -
   3560000    3105171    1535736          0     454829 |  -0.00244466            -
   3570000    3113957    1540125          0     456043 |  -0.00226120            -
   3580000    3122798    1544564          0     457202 |  -0.00229222            -
   3590000    3131580    1548960          0     458420 |  -0.00267387            -
   3600000    3140352    1553276          0     459648 |  -0.00290469            -
   3610000    3149168    1557694          0     460832 |  -0.00241645            -
   3620000    3158036    1562185          0     461964 |  -0.00196003            -
   3630000    3166876    1566604          0     463124 |  -0.00205541            -
   3640000    3175666    1571008          0     464334 |  -0.00230918            -
   3650000    3184503    1575474          0     465497 |  -0.00241044            -
   3660000    3193332    1579832          0     466668 |  -0.00273392            -
   3670000    3202183    1584231          0     467817 |  -0.00290501            -
   3680000    3211004    1588664          0     468996 |  -0.00274018            -
   3690000    3219865    1593072          0     470135 |  -0.00288371            -
   3700000    3228763    1597545          0     471237 |  -0.00285846            -
   3710000    3237649    1601979          0     472351 |  -0.00303952            -
   3720000    3246551    1606439          0     473449 |  -0.00348403            -
   3730000    3255421    1610896          0     474579 |  -0.00343881            -
   3740000    3264264    1615331          0     475736 |  -0.00314154            -
   3750000    3273072    1619689          0     476928 |  -0.00318501            -
   3760000    3281893    1624113          0     478107 |  -0.00344767            -
   3770000    3290747    1628556          0     479253 |  -0.00341162            -
   3780000    3299569    1632979          0     480431 |  -0.00354726            -
   3790000    3308475    1637420          0     481525 |  -0.00367925            -
   3800000    3317282    1641838          0     482718 |  -0.00360966            -
   3810000    3326099    1646227          0     483901 |  -0.00342971            -
   3820000    3334860    1650630          0     485140 |  -0.00350513            -
   3830000    3343642    1655037          0     486358 |  -0.00327950            -
   3840000    3352455    1659356          0     487545 |  -0.00379160            -
   3850000    3361274    1663795          0     488726 |  -0.00331830            -
   3860000    3370112    1668247          0     489888 |  -0.00318533            -
   3870000    3378965    1672728          0     491035 |  -0.00298566            -
   3880000    3387807    1677052          0     492193 |  -0.00382863            -
   3890000    3396644    1681509          0     493356 |  -0.00343296            -
   3900000    3405516    1686014          0     494484 |  -0.00349136            -
   3910000    3414371    1690448          0     495629 |  -0.00354059            -
   3920000    3423261    1694947          0     496739 |  -0.00290916            -
   3930000    3432047    1699344          0     497953 |  -0.00294309            -
   3940000    3440874    1703787          0     499126 |  -0.00300405            -
   3950000    3449707    1708243          0     500293 |  -0.00247075            -
   3960000    3458545    1712673          0     501455 |  -0.00286619            -
   3970000    3467343    1717087          0     502657 |  -0.00271871            -
   3980000    3476112    1721555          0     503888 |  -0.00180452            -
   3990000    3484952    1726003          0     505048 |  -0.00169773            -
   4000000    3493743    1730407          0     506257 |  -0.00135049            -
   4010000    3502589    1734834          0     507411 |  -0.00169910            -
   4020000    3511369    1739254          0     508631 |  -0.00168172            -
   4030000    3520201    1743733          0     509799 |  -0.00154355            -
   4040000    3528979    1748085          0     511021 |  -0.00186800            -
   4050000    3537808    1752494          0     512192 |  -0.00179935            -
   4060000    3546703    1756921          0     513297 |  -0.00229557            -
   4070000    3555553    1761317          0     514447 |  -0.00240994            -
   4080000    3564375    1765772          0     515625 |  -0.00220075            -
   4090000    3573170    1770282          0     516830 |  -0.00170703            -
   4100000    3581963    1774664          0     518037 |  -0.00240491            -
   4110000    3590805    1779100          0     519195 |  -0.00240664            -
   4120000    3599575    1783439          0     520425 |  -0.00279758            -
   4130000    3608444    1787906          0     521556 |  -0.00292469            -
   4140000    3617275    1792357          0     522725 |  -0.00238835            -
   4150000    3626125    1796813          0     523875 |  -0.00247524            -
   4160000    3634936    1801168          0     525064 |  -0.00271375            -
   4170000    3643796    1805632          0     526204 |  -0.00300035            -
   4180000    3652630    1809988          0     527370 |  -0.00322627            -
   4190000    3661457    1814373          0     528543 |  -0.00312903            -
   4200000    3670316    1818833          0     529684 |  -0.00262732            -
   4210000    3679170    1823280          0     530830 |  -0.00313368            -
   4220000    3688083    1827689          0     531917 |  -0.00330062            -
   4230000    3696935    1832139          0     533065 |  -0.00274634            -
   4240000    3705762    1836590          0     534238 |  -0.00307968            -
   4250000    3714607    1840995          0     535393 |  -0.00311080            -
   4260000    3723436    1845403          0     536564 |  -0.00265519            -
   4270000    3732289    1849762          0     537711 |  -0.00320839            -
   4280000    3741124    1854211          0     538876 |  -0.00285035            -
   4290000    3750003    1858679          0     539997 |  -0.00252325            -
   4300000    3758882    1863171          0     541118 |  -0.00194884            -
   4310000    3767734    1867599          0     542266 |  -0.00216046            -
   4320000    3776602    1872030          0     543398 |  -0.00234548            -
   4330000    3785439    1876442          0     544561 |  -0.00235114            -
   4340000    3794224    1880838          0     545776 |  -0.00212714            -
   4350000    3803030    1885238          0     546970 |  -0.00227779            -
   4360000    3811890    1889672          0     548110 |  -0.00203305            -
   4370000    3820793    1894103          0     549207 |  -0.00223972            -
   4380000    3829614    1898441          0     550386 |  -0.00281217            -
   4390000    3838428    1902888          0     551572 |  -0.00292252            -
   4400000    3847227    1907360          0     552773 |  -0.00221759            -
   4410000    3856014    1911652          0     553986 |  -0.00291210            -
   4420000    3864809    1916153          0     555191 |  -0.00225469            -
   4430000    3873569    1920516          0     556431 |  -0.00231287            -
   4440000    3882457    1924892          0     557543 |  -0.00297389            -
   4450000    3891315    1929285          0     558685 |  -0.00289412            -
   4460000    3900119    1933710          0     559881 |  -0.00287740            -
   4470000    3908956    1938122          0     561044 |  -0.00331887            -
   4480000    3917823    1942621          0     562177 |  -0.00278154            -
   4490000    3926702    1947107          0     563298 |  -0.00289231            -
   4500000    3935566    1951610          0     564434 |  -0.00243121            -
   4510000    3944421    1956070          0     565579 |  -0.00233075            -
   4520000    3953183    1960407          0     566817 |  -0.00276408            -
   4530000    3962066    1964844          0     567934 |  -0.00277611            -
   4540000    3970931    1969248          0     569069 |  -0.00305246            -
   4550000    3979751    1973628          0     570249 |  -0.00276591            -
   4560000    3988559    1978014          0     571441 |  -0.00316086            -
   4570000    3997390    1982455          0     572610 |  -0.00282372            -
   4572976    4000000    1983812          0     572976 |  -0.00235996            -


Monte Carlo simulation results:
	Total accepted moves = 4000000
	E_start, E_last, E_diff = 778781728.28681, -0.00236, -778781728.28917 eV

Simulation ended at: 2022-12-03 06:11:47.760448
Elapsed time = 9:27:44.680942

