Simulation began at: 2022-12-02 20:44:03.147558

Box details:
	cell parameters = 52.79450 54.79430 45.19530
	cell volume = 130742.65416 Å^3
	Ca number density = 0.01239075

Lennard-Jones parameters set:
	eps = 0.00950718 eV
	sigma = 3.75849720 Å

Gaussian parameters set:
	eps = 0.03968365 eV
	H = -0.05979992 eV # See LAMMPS documentation
	r0 = 5.99124646 Å
	sigma = 0.60117255 Å

Gaussian (II) parameters set:
	eps = -0.03112717 eV
	H = 0.07261839 eV # See LAMMPS documentation
	r0 = 5.91965995 Å
	sigma = 0.93071570 Å

Performing Monte-Carlo simulation.
	Max moves = 8000000
	Max accepted moves = 4000000
	Temperature = 300 K
	Max translation = 0.1 Å
	Energy(start) = 778781728.28681 eV
	Number of cores = 48


Tracking simulation progress:
nmoves, naccept, nboltzmann, nhardspherereject, nreject | curr_e, hs_violations
-------------------------------------------------------------------------------
         0          0          0          0          0 | 778781728.28681386            -
     10000       5677        720          0       4323 | 240563.62037560            -
     20000      11556       1661          0       8444 | 4897.91254906            -
     30000      17628       2932          0      12372 | 202.79690075            -
     40000      23831       4415          0      16169 |  16.51128787            -
     50000      30243       6179          0      19757 |   2.68671180            -
     60000      36910       8255          0      23090 |   0.74313245            -
     70000      43747      10617          0      26253 |   0.30911146            -
     80000      50904      13348          0      29096 |   0.16826085            -
     90000      58234      16308          0      31766 |   0.09850149            -
    100000      65804      19531          0      34196 |   0.06568496            -
    110000      73599      22982          0      36401 |   0.04855262            -
    120000      81488      26604          0      38512 |   0.03742169            -
    130000      89510      30355          0      40490 |   0.03071762            -
    140000      97687      34173          0      42313 |   0.02531666            -
    150000     105882      38101          0      44118 |   0.02263962            -
    160000     114189      42070          0      45811 |   0.01962531            -
    170000     122549      46133          0      47451 |   0.01744070            -
    180000     130944      50230          0      49056 |   0.01528453            -
    190000     139389      54401          0      50611 |   0.01401593            -
    200000     147857      58465          0      52143 |   0.01153420            -
    210000     156390      62625          0      53610 |   0.01063935            -
    220000     164929      66815          0      55071 |   0.00976332            -
    230000     173507      71071          0      56493 |   0.00949481            -
    240000     182045      75362          0      57955 |   0.00934347            -
    250000     190618      79607          0      59382 |   0.00864028            -
    260000     199258      83914          0      60742 |   0.00819943            -
    270000     207829      88089          0      62171 |   0.00681770            -
    280000     216480      92435          0      63520 |   0.00677751            -
    290000     225123      96745          0      64877 |   0.00640708            -
    300000     233748     101084          0      66252 |   0.00582067            -
    310000     242422     105343          0      67578 |   0.00528735            -
    320000     251079     109709          0      68921 |   0.00541041            -
    330000     259708     113994          0      70292 |   0.00539741            -
    340000     268404     118331          0      71596 |   0.00503320            -
    350000     277009     122637          0      72991 |   0.00493025            -
    360000     285681     126956          0      74319 |   0.00486510            -
    370000     294314     131191          0      75686 |   0.00433636            -
    380000     303027     135549          0      76973 |   0.00415470            -
    390000     311719     139867          0      78281 |   0.00369466            -
    400000     320454     144174          0      79546 |   0.00301952            -
    410000     329154     148503          0      80846 |   0.00293961            -
    420000     337856     152901          0      82144 |   0.00326551            -
    430000     346550     157293          0      83450 |   0.00311095            -
    440000     355278     161598          0      84722 |   0.00288900            -
    450000     363968     165966          0      86032 |   0.00295216            -
    460000     372715     170307          0      87285 |   0.00253822            -
    470000     381429     174649          0      88571 |   0.00252553            -
    480000     390171     178998          0      89829 |   0.00183012            -
    490000     398857     183433          0      91143 |   0.00266364            -
    500000     407576     187693          0      92424 |   0.00177659            -
    510000     416365     192130          0      93635 |   0.00178057            -
    520000     425136     196513          0      94864 |   0.00183044            -
    530000     433874     200810          0      96126 |   0.00119814            -
    540000     442570     205238          0      97430 |   0.00164469            -
    550000     451259     209538          0      98741 |   0.00080366            -
    560000     460056     213968          0      99944 |   0.00103963            -
    570000     468812     218393          0     101188 |   0.00188341            -
    580000     477570     222742          0     102430 |   0.00160147            -
    590000     486275     227082          0     103725 |   0.00121766            -
    600000     495007     231450          0     104993 |   0.00123983            -
    610000     503729     235738          0     106271 |   0.00082776            -
    620000     512494     240140          0     107506 |   0.00081665            -
    630000     521266     244513          0     108734 |   0.00048486            -
    640000     530087     248962          0     109913 |   0.00098547            -
    650000     538864     253338          0     111136 |   0.00075775            -
    660000     547610     257734          0     112390 |   0.00071876            -
    670000     556352     262107          0     113648 |   0.00152312            -
    680000     565132     266442          0     114868 |   0.00111755            -
    690000     573849     270814          0     116151 |   0.00097155            -
    700000     582601     275173          0     117399 |   0.00060270            -
    710000     591405     279516          0     118595 |   0.00044465            -
    720000     600098     283844          0     119902 |   0.00044336            -
    730000     608864     288196          0     121136 |   0.00024285            -
    740000     617623     292598          0     122377 |   0.00041464            -
    750000     626395     297007          0     123605 |   0.00039888            -
    760000     635145     301428          0     124855 |   0.00033827            -
    770000     643896     305810          0     126104 |   0.00081449            -
    780000     652660     310198          0     127340 |   0.00065625            -
    790000     661420     314492          0     128580 |   0.00026753            -
    800000     670182     318796          0     129818 |  -0.00055986            -
    810000     678988     323208          0     131012 |  -0.00015578            -
    820000     687732     327558          0     132268 |  -0.00025149            -
    830000     696521     331943          0     133479 |  -0.00065802            -
    840000     705268     336300          0     134732 |  -0.00065595            -
    850000     714068     340667          0     135932 |  -0.00107893            -
    860000     722912     345149          0     137088 |  -0.00065667            -
    870000     731703     349489          0     138297 |  -0.00105770            -
    880000     740509     353885          0     139491 |  -0.00116311            -
    890000     749314     358291          0     140686 |  -0.00111444            -
    900000     758182     362636          0     141818 |  -0.00160531            -
    910000     766962     367059          0     143038 |  -0.00108421            -
    920000     775755     371505          0     144245 |  -0.00113327            -
    930000     784612     375906          0     145388 |  -0.00104939            -
    940000     793418     380287          0     146582 |  -0.00133197            -
    950000     802196     384705          0     147804 |  -0.00115491            -
    960000     810978     389091          0     149022 |  -0.00133725            -
    970000     819728     393552          0     150272 |  -0.00049235            -
    980000     828519     397964          0     151481 |  -0.00043571            -
    990000     837333     402343          0     152667 |  -0.00065648            -
   1000000     846127     406758          0     153873 |  -0.00023562            -
   1010000     854940     411218          0     155060 |  -0.00030632            -
   1020000     863771     415658          0     156229 |  -0.00050506            -
   1030000     872613     420026          0     157387 |  -0.00080992            -
   1040000     881443     424380          0     158557 |  -0.00109323            -
   1050000     890264     428837          0     159736 |  -0.00028961            -
   1060000     899109     433255          0     160891 |  -0.00040846            -
   1070000     907970     437668          0     162030 |  -0.00030836            -
   1080000     916773     442002          0     163227 |  -0.00047481            -
   1090000     925581     446437          0     164419 |  -0.00052449            -
   1100000     934406     450824          0     165594 |  -0.00091835            -
   1110000     943216     455255          0     166784 |  -0.00054558            -
   1120000     952089     459641          0     167911 |  -0.00133230            -
   1130000     960961     464080          0     169039 |  -0.00133645            -
   1140000     969811     468496          0     170189 |  -0.00123517            -
   1150000     978609     472976          0     171391 |  -0.00038939            -
   1160000     987377     477366          0     172623 |  -0.00056258            -
   1170000     996132     481728          0     173868 |  -0.00052085            -
   1180000    1004988     486148          0     175012 |  -0.00002099            -
   1190000    1013768     490559          0     176232 |  -0.00003056            -
   1200000    1022581     494890          0     177419 |  -0.00031696            -
   1210000    1031411     499307          0     178589 |  -0.00052954            -
   1220000    1040274     503730          0     179726 |  -0.00072239            -
   1230000    1049055     508143          0     180945 |  -0.00032849            -
   1240000    1057837     512525          0     182163 |  -0.00040814            -
   1250000    1066665     517035          0     183335 |  -0.00056222            -
   1260000    1075453     521376          0     184547 |  -0.00061557            -
   1270000    1084283     525765          0     185717 |  -0.00113166            -
   1280000    1093067     530150          0     186933 |  -0.00145952            -
   1290000    1101944     534607          0     188056 |  -0.00133493            -
   1300000    1110749     538978          0     189251 |  -0.00194527            -
   1310000    1119533     543417          0     190467 |  -0.00184927            -
   1320000    1128346     547847          0     191654 |  -0.00170462            -
   1330000    1137142     552216          0     192858 |  -0.00170713            -
   1340000    1145982     556684          0     194018 |  -0.00126742            -
   1350000    1154813     561066          0     195187 |  -0.00163169            -
   1360000    1163655     565538          0     196345 |  -0.00111391            -
   1370000    1172494     569925          0     197506 |  -0.00109982            -
   1380000    1181325     574300          0     198675 |  -0.00137329            -
   1390000    1190158     578679          0     199842 |  -0.00109293            -
   1400000    1198929     583003          0     201071 |  -0.00177529            -
   1410000    1207759     587411          0     202241 |  -0.00178695            -
   1420000    1216610     591795          0     203390 |  -0.00203976            -
   1430000    1225420     596217          0     204580 |  -0.00210824            -
   1440000    1234312     600690          0     205688 |  -0.00202491            -
   1450000    1243124     605047          0     206876 |  -0.00214071            -
   1460000    1252017     609438          0     207983 |  -0.00255427            -
   1470000    1260817     613848          0     209183 |  -0.00243462            -
   1480000    1269653     618300          0     210347 |  -0.00219172            -
   1490000    1278423     622728          0     211577 |  -0.00191040            -
   1500000    1287239     627031          0     212761 |  -0.00267718            -
   1510000    1296055     631468          0     213945 |  -0.00285114            -
   1520000    1304822     635835          0     215178 |  -0.00258331            -
   1530000    1313653     640285          0     216347 |  -0.00251888            -
   1540000    1322457     644646          0     217543 |  -0.00293259            -
   1550000    1331275     649066          0     218725 |  -0.00280680            -
   1560000    1340069     653514          0     219931 |  -0.00239533            -
   1570000    1348890     657922          0     221110 |  -0.00275819            -
   1580000    1357782     662342          0     222218 |  -0.00239889            -
   1590000    1366632     666793          0     223368 |  -0.00236599            -
   1600000    1375490     671197          0     224510 |  -0.00233889            -
   1610000    1384320     675617          0     225680 |  -0.00205958            -
   1620000    1393136     680002          0     226864 |  -0.00236093            -
   1630000    1401973     684530          0     228027 |  -0.00161626            -
   1640000    1410742     688923          0     229258 |  -0.00159867            -
   1650000    1419506     693276          0     230494 |  -0.00166244            -
   1660000    1428310     697619          0     231690 |  -0.00207403            -
   1670000    1437112     702019          0     232888 |  -0.00209206            -
   1680000    1445916     706377          0     234084 |  -0.00211726            -
   1690000    1454781     710790          0     235219 |  -0.00235664            -
   1700000    1463549     715241          0     236451 |  -0.00218212            -
   1710000    1472395     719614          0     237605 |  -0.00251380            -
   1720000    1481239     724066          0     238761 |  -0.00219722            -
   1730000    1490099     728507          0     239901 |  -0.00206022            -
   1740000    1498912     732943          0     241088 |  -0.00147508            -
   1750000    1507731     737323          0     242269 |  -0.00154969            -
   1760000    1516608     741779          0     243392 |  -0.00129514            -
   1770000    1525410     746234          0     244590 |  -0.00131966            -
   1780000    1534271     750639          0     245729 |  -0.00156687            -
   1790000    1543091     755022          0     246909 |  -0.00181244            -
   1800000    1551922     759428          0     248078 |  -0.00198280            -
   1810000    1560711     763822          0     249289 |  -0.00191706            -
   1820000    1569552     768246          0     250448 |  -0.00195729            -
   1830000    1578373     772619          0     251627 |  -0.00217043            -
   1840000    1587162     776993          0     252838 |  -0.00224670            -
   1850000    1596035     781476          0     253965 |  -0.00225239            -
   1860000    1604819     785897          0     255181 |  -0.00183286            -
   1870000    1613621     790184          0     256379 |  -0.00259786            -
   1880000    1622469     794699          0     257531 |  -0.00212128            -
   1890000    1631334     799055          0     258666 |  -0.00249490            -
   1900000    1640150     803470          0     259850 |  -0.00253649            -
   1910000    1648980     807861          0     261020 |  -0.00264832            -
   1920000    1657833     812268          0     262167 |  -0.00298583            -
   1930000    1666713     816694          0     263287 |  -0.00297027            -
   1940000    1675596     821100          0     264404 |  -0.00321157            -
   1950000    1684435     825542          0     265565 |  -0.00269654            -
   1960000    1693251     829915          0     266749 |  -0.00277177            -
   1970000    1702127     834383          0     267873 |  -0.00282617            -
   1980000    1710978     838832          0     269022 |  -0.00270000            -
   1990000    1719917     843323          0     270083 |  -0.00286514            -
   2000000    1728810     847830          0     271190 |  -0.00254459            -
   2010000    1737676     852256          0     272324 |  -0.00313201            -
   2020000    1746575     856740          0     273425 |  -0.00283555            -
   2030000    1755453     861177          0     274547 |  -0.00278850            -
   2040000    1764299     865541          0     275701 |  -0.00283993            -
   2050000    1773164     870016          0     276836 |  -0.00248408            -
   2060000    1782020     874396          0     277980 |  -0.00282622            -
   2070000    1790898     878818          0     279102 |  -0.00320778            -
   2080000    1799749     883224          0     280251 |  -0.00352905            -
   2090000    1808557     887645          0     281443 |  -0.00345729            -
   2100000    1817390     892068          0     282610 |  -0.00365802            -
   2110000    1826211     896460          0     283789 |  -0.00370320            -
   2120000    1835045     900870          0     284955 |  -0.00349310            -
   2130000    1843865     905228          0     286135 |  -0.00383269            -
   2140000    1852768     909669          0     287232 |  -0.00421922            -
   2150000    1861628     914146          0     288372 |  -0.00333280            -
   2160000    1870466     918564          0     289534 |  -0.00352856            -
   2170000    1879335     922995          0     290665 |  -0.00363336            -
   2180000    1888202     927485          0     291798 |  -0.00336482            -
   2190000    1897055     931906          0     292945 |  -0.00332171            -
   2200000    1905873     936278          0     294127 |  -0.00328886            -
   2210000    1914748     940690          0     295252 |  -0.00320415            -
   2220000    1923596     945112          0     296404 |  -0.00322909            -
   2230000    1932425     949634          0     297575 |  -0.00194766            -
   2240000    1941274     954082          0     298726 |  -0.00204480            -
   2250000    1950065     958462          0     299935 |  -0.00210445            -
   2260000    1958923     962943          0     301077 |  -0.00176333            -
   2270000    1967789     967233          0     302211 |  -0.00289911            -
   2280000    1976631     971682          0     303369 |  -0.00268538            -
   2290000    1985430     976124          0     304570 |  -0.00233266            -
   2300000    1994271     980489          0     305729 |  -0.00256856            -
   2310000    2003102     984913          0     306898 |  -0.00223875            -
   2320000    2011897     989203          0     308103 |  -0.00297604            -
   2330000    2020749     993659          0     309251 |  -0.00240326            -
   2340000    2029611     998089          0     310389 |  -0.00284265            -
   2350000    2038524    1002480          0     311476 |  -0.00395000            -
   2360000    2047410    1006946          0     312590 |  -0.00395095            -
   2370000    2056293    1011459          0     313707 |  -0.00366654            -
   2380000    2065156    1015922          0     314844 |  -0.00334793            -
   2390000    2074058    1020434          0     315942 |  -0.00338445            -
   2400000    2082942    1024861          0     317058 |  -0.00340238            -
   2410000    2091837    1029312          0     318163 |  -0.00348836            -
   2420000    2100773    1033829          0     319227 |  -0.00272197            -
   2430000    2109647    1038299          0     320353 |  -0.00249825            -
   2440000    2118506    1042667          0     321494 |  -0.00321847            -
   2450000    2127347    1047092          0     322653 |  -0.00305784            -
   2460000    2136217    1051505          0     323783 |  -0.00299449            -
   2470000    2145081    1055933          0     324919 |  -0.00314412            -
   2480000    2153889    1060355          0     326111 |  -0.00266699            -
   2490000    2162768    1064781          0     327232 |  -0.00311120            -
   2500000    2171659    1069271          0     328341 |  -0.00265941            -
   2510000    2180531    1073730          0     329469 |  -0.00289611            -
   2520000    2189365    1078116          0     330635 |  -0.00301991            -
   2530000    2198157    1082445          0     331843 |  -0.00324261            -
   2540000    2206983    1086902          0     333017 |  -0.00323673            -
   2550000    2215820    1091303          0     334180 |  -0.00304678            -
   2560000    2224667    1095785          0     335333 |  -0.00261948            -
   2570000    2233491    1100182          0     336509 |  -0.00303609            -
   2580000    2242299    1104552          0     337701 |  -0.00330220            -
   2590000    2251046    1108933          0     338954 |  -0.00292977            -
   2600000    2259844    1113217          0     340156 |  -0.00335205            -
   2610000    2268703    1117634          0     341297 |  -0.00353228            -
   2620000    2277586    1122137          0     342414 |  -0.00283595            -
   2630000    2286400    1126583          0     343600 |  -0.00261934            -
   2640000    2295254    1131070          0     344746 |  -0.00171465            -
   2650000    2304101    1135474          0     345899 |  -0.00234196            -
   2660000    2312930    1139864          0     347070 |  -0.00266973            -
   2670000    2321786    1144336          0     348214 |  -0.00246658            -
   2680000    2330597    1148725          0     349403 |  -0.00238125            -
   2690000    2339441    1153133          0     350559 |  -0.00218927            -
   2700000    2348306    1157590          0     351694 |  -0.00211359            -
   2710000    2357183    1162085          0     352817 |  -0.00172570            -
   2720000    2366033    1166506          0     353967 |  -0.00160795            -
   2730000    2374850    1170868          0     355150 |  -0.00202758            -
   2740000    2383634    1175291          0     356366 |  -0.00162505            -
   2750000    2392496    1179750          0     357504 |  -0.00160594            -
   2760000    2401304    1184130          0     358696 |  -0.00178031            -
   2770000    2410141    1188491          0     359859 |  -0.00188171            -
   2780000    2418960    1192855          0     361040 |  -0.00192612            -
   2790000    2427828    1197104          0     362172 |  -0.00288403            -
   2800000    2436658    1201627          0     363342 |  -0.00250098            -
   2810000    2445438    1206042          0     364562 |  -0.00245016            -
   2820000    2454315    1210456          0     365685 |  -0.00283641            -
   2830000    2463185    1214900          0     366815 |  -0.00262179            -
   2840000    2472089    1219438          0     367911 |  -0.00176511            -
   2850000    2480919    1223776          0     369081 |  -0.00238849            -
   2860000    2489779    1228209          0     370221 |  -0.00217520            -
   2870000    2498623    1232657          0     371377 |  -0.00225898            -
   2880000    2507515    1237145          0     372485 |  -0.00175035            -
   2890000    2516354    1241477          0     373646 |  -0.00247282            -
   2900000    2525212    1245861          0     374788 |  -0.00208711            -
   2910000    2534077    1250355          0     375923 |  -0.00163419            -
   2920000    2542920    1254779          0     377080 |  -0.00210383            -
   2930000    2551738    1259188          0     378262 |  -0.00197632            -
   2940000    2560559    1263605          0     379441 |  -0.00185558            -
   2950000    2569445    1268037          0     380555 |  -0.00238726            -
   2960000    2578307    1272491          0     381693 |  -0.00229947            -
   2970000    2587129    1276886          0     382871 |  -0.00243021            -
   2980000    2595969    1281306          0     384031 |  -0.00282043            -
   2990000    2604720    1285716          0     385280 |  -0.00286624            -
   3000000    2613495    1290183          0     386505 |  -0.00300715            -
   3010000    2622304    1294564          0     387696 |  -0.00323265            -
   3020000    2631166    1298960          0     388834 |  -0.00294277            -
   3030000    2639992    1303390          0     390008 |  -0.00289602            -
   3040000    2648777    1307745          0     391223 |  -0.00333621            -
   3050000    2657674    1312171          0     392326 |  -0.00334828            -
   3060000    2666495    1316603          0     393505 |  -0.00318083            -
   3070000    2675373    1321101          0     394627 |  -0.00324570            -
   3080000    2684237    1325561          0     395763 |  -0.00328056            -
   3090000    2693034    1330031          0     396966 |  -0.00285313            -
   3100000    2701865    1334468          0     398135 |  -0.00305994            -
   3110000    2710752    1338917          0     399248 |  -0.00301838            -
   3120000    2719622    1343416          0     400378 |  -0.00247461            -
   3130000    2728446    1347848          0     401554 |  -0.00252009            -
   3140000    2737272    1352264          0     402728 |  -0.00240485            -
   3150000    2746143    1356740          0     403857 |  -0.00252221            -
   3160000    2754970    1361155          0     405030 |  -0.00241793            -
   3170000    2763791    1365602          0     406209 |  -0.00205886            -
   3180000    2772635    1369940          0     407365 |  -0.00254943            -
   3190000    2781427    1374299          0     408573 |  -0.00279678            -
   3200000    2790252    1378691          0     409748 |  -0.00288490            -
   3210000    2799074    1383033          0     410926 |  -0.00320364            -
   3220000    2807937    1387485          0     412063 |  -0.00292602            -
   3230000    2816723    1391884          0     413277 |  -0.00295735            -
   3240000    2825503    1396350          0     414497 |  -0.00208615            -
   3250000    2834382    1400710          0     415618 |  -0.00313554            -
   3260000    2843180    1405099          0     416820 |  -0.00315284            -
   3270000    2852017    1409529          0     417983 |  -0.00327863            -
   3280000    2860894    1413920          0     419106 |  -0.00383182            -
   3290000    2869713    1418366          0     420287 |  -0.00322225            -
   3300000    2878531    1422814          0     421469 |  -0.00297138            -
   3310000    2887244    1427140          0     422756 |  -0.00260212            -
   3320000    2896053    1431536          0     423947 |  -0.00271312            -
   3330000    2904959    1435951          0     425041 |  -0.00284275            -
   3340000    2913826    1440373          0     426174 |  -0.00288200            -
   3350000    2922680    1444785          0     427320 |  -0.00296300            -
   3360000    2931507    1449203          0     428493 |  -0.00323992            -
   3370000    2940453    1453725          0     429547 |  -0.00347093            -
   3380000    2949303    1458169          0     430697 |  -0.00310176            -
   3390000    2958166    1462486          0     431834 |  -0.00407461            -
   3400000    2967076    1466948          0     432924 |  -0.00364837            -
   3410000    2975930    1471339          0     434070 |  -0.00395320            -
   3420000    2984817    1475789          0     435183 |  -0.00373180            -
   3430000    2993725    1480193          0     436275 |  -0.00397507            -
   3440000    3002629    1484759          0     437371 |  -0.00320689            -
   3450000    3011481    1489242          0     438519 |  -0.00312537            -
   3460000    3020332    1493654          0     439668 |  -0.00289655            -
   3470000    3029198    1498040          0     440802 |  -0.00321508            -
   3480000    3038060    1502543          0     441940 |  -0.00365046            -
   3490000    3046890    1506919          0     443110 |  -0.00330980            -
   3500000    3055771    1511380          0     444229 |  -0.00303232            -
   3510000    3064594    1515749          0     445406 |  -0.00347080            -
   3520000    3073490    1520196          0     446510 |  -0.00296936            -
   3530000    3082338    1524598          0     447662 |  -0.00334004            -
   3540000    3091222    1529085          0     448778 |  -0.00330393            -
   3550000    3100032    1533513          0     449968 |  -0.00287025            -
   3560000    3108916    1537941          0     451084 |  -0.00245154            -
   3570000    3117658    1542265          0     452342 |  -0.00254969            -
   3580000    3126493    1546593          0     453507 |  -0.00304478            -
   3590000    3135362    1551048          0     454638 |  -0.00285517            -
   3600000    3144239    1555494          0     455761 |  -0.00288478            -
   3610000    3153078    1559898          0     456922 |  -0.00274043            -
   3620000    3161936    1564269          0     458064 |  -0.00341797            -
   3630000    3170783    1568697          0     459217 |  -0.00337172            -
   3640000    3179559    1573102          0     460441 |  -0.00292555            -
   3650000    3188420    1577546          0     461580 |  -0.00277239            -
   3660000    3197277    1581997          0     462723 |  -0.00258905            -
   3670000    3206089    1586349          0     463911 |  -0.00270406            -
   3680000    3214872    1590756          0     465128 |  -0.00311406            -
   3690000    3223698    1595183          0     466302 |  -0.00282190            -
   3700000    3232482    1599549          0     467518 |  -0.00294788            -
   3710000    3241320    1603979          0     468680 |  -0.00237651            -
   3720000    3250149    1608369          0     469851 |  -0.00258077            -
   3730000    3259047    1612736          0     470953 |  -0.00275973            -
   3740000    3267835    1617110          0     472165 |  -0.00250824            -
   3750000    3276687    1621479          0     473313 |  -0.00301273            -
   3760000    3285536    1625989          0     474464 |  -0.00255620            -
   3770000    3294397    1630421          0     475603 |  -0.00322170            -
   3780000    3303247    1634933          0     476753 |  -0.00240590            -
   3790000    3312154    1639404          0     477846 |  -0.00226742            -
   3800000    3320969    1643815          0     479031 |  -0.00195185            -
   3810000    3329792    1648220          0     480208 |  -0.00220499            -
   3820000    3338608    1652506          0     481392 |  -0.00332938            -
   3830000    3347437    1656915          0     482563 |  -0.00336039            -
   3840000    3356327    1661375          0     483673 |  -0.00289122            -
   3850000    3365207    1665832          0     484793 |  -0.00248445            -
   3860000    3374051    1670200          0     485949 |  -0.00289830            -
   3870000    3382843    1674616          0     487157 |  -0.00295123            -
   3880000    3391715    1679030          0     488285 |  -0.00285322            -
   3890000    3400522    1683507          0     489478 |  -0.00218971            -
   3900000    3409351    1687880          0     490649 |  -0.00232932            -
   3910000    3418154    1692301          0     491846 |  -0.00226684            -
   3920000    3426938    1696651          0     493062 |  -0.00284480            -
   3930000    3435748    1701030          0     494252 |  -0.00308859            -
   3940000    3444524    1705430          0     495476 |  -0.00286343            -
   3950000    3453299    1709806          0     496701 |  -0.00276199            -
   3960000    3462067    1714191          0     497933 |  -0.00318951            -
   3970000    3470866    1718562          0     499134 |  -0.00362479            -
   3980000    3479694    1722947          0     500306 |  -0.00395450            -
   3990000    3488529    1727323          0     501471 |  -0.00448761            -
   4000000    3497361    1731804          0     502639 |  -0.00391244            -
   4010000    3506138    1736207          0     503862 |  -0.00387793            -
   4020000    3514997    1740663          0     505003 |  -0.00323374            -
   4030000    3523771    1745121          0     506229 |  -0.00270987            -
   4040000    3532502    1749512          0     507498 |  -0.00267577            -
   4050000    3541263    1753825          0     508737 |  -0.00282296            -
   4060000    3550092    1758234          0     509908 |  -0.00327426            -
   4070000    3558892    1762681          0     511108 |  -0.00244519            -
   4080000    3567735    1767031          0     512265 |  -0.00291106            -
   4090000    3576592    1771424          0     513408 |  -0.00357227            -
   4100000    3585499    1775890          0     514501 |  -0.00328781            -
   4110000    3594332    1780274          0     515668 |  -0.00375836            -
   4120000    3603130    1784766          0     516870 |  -0.00345899            -
   4130000    3611974    1789249          0     518026 |  -0.00267019            -
   4140000    3620835    1793627          0     519165 |  -0.00329782            -
   4150000    3629647    1798034          0     520353 |  -0.00362066            -
   4160000    3638451    1802495          0     521549 |  -0.00327356            -
   4170000    3647319    1806960          0     522681 |  -0.00319613            -
   4180000    3656129    1811427          0     523871 |  -0.00283266            -
   4190000    3664913    1815819          0     525087 |  -0.00308139            -
   4200000    3673694    1820152          0     526306 |  -0.00317453            -
   4210000    3682486    1824545          0     527514 |  -0.00372335            -
   4220000    3691299    1828943          0     528701 |  -0.00348772            -
   4230000    3700170    1833437          0     529830 |  -0.00285263            -
   4240000    3708960    1837872          0     531040 |  -0.00276804            -
   4250000    3717695    1842247          0     532305 |  -0.00251248            -
   4260000    3726529    1846692          0     533471 |  -0.00284903            -
   4270000    3735362    1851073          0     534638 |  -0.00275255            -
   4280000    3744158    1855451          0     535842 |  -0.00282277            -
   4290000    3752973    1859870          0     537027 |  -0.00234786            -
   4300000    3761817    1864323          0     538183 |  -0.00179044            -
   4310000    3770592    1868591          0     539408 |  -0.00288662            -
   4320000    3779382    1873027          0     540618 |  -0.00253432            -
   4330000    3788171    1877399          0     541829 |  -0.00295822            -
   4340000    3797015    1881842          0     542985 |  -0.00272291            -
   4350000    3805817    1886239          0     544183 |  -0.00255469            -
   4360000    3814634    1890615          0     545366 |  -0.00290261            -
   4370000    3823458    1895004          0     546542 |  -0.00330922            -
   4380000    3832286    1899454          0     547714 |  -0.00328661            -
   4390000    3841162    1903906          0     548838 |  -0.00310774            -
   4400000    3849899    1908318          0     550101 |  -0.00268330            -
   4410000    3858756    1912764          0     551244 |  -0.00243459            -
   4420000    3867635    1917170          0     552365 |  -0.00279559            -
   4430000    3876397    1921571          0     553603 |  -0.00270596            -
   4440000    3885213    1925997          0     554787 |  -0.00248545            -
   4450000    3894064    1930415          0     555936 |  -0.00216729            -
   4460000    3902862    1934852          0     557138 |  -0.00210718            -
   4470000    3911659    1939209          0     558341 |  -0.00212173            -
   4480000    3920422    1943648          0     559578 |  -0.00201538            -
   4490000    3929212    1948113          0     560788 |  -0.00134524            -
   4500000    3937986    1952455          0     562014 |  -0.00183834            -
   4510000    3946723    1956836          0     563277 |  -0.00171294            -
   4520000    3955608    1961226          0     564392 |  -0.00202875            -
   4530000    3964389    1965602          0     565611 |  -0.00209698            -
   4540000    3973192    1970074          0     566808 |  -0.00194735            -
   4550000    3981963    1974511          0     568037 |  -0.00146434            -
   4560000    3990804    1978888          0     569196 |  -0.00207836            -
   4570000    3999624    1983256          0     570376 |  -0.00231189            -
   4570436    4000000    1983445          0     570436 |  -0.00227012            -


Monte Carlo simulation results:
	Total accepted moves = 4000000
	E_start, E_last, E_diff = 778781728.28681, -0.00227, -778781728.28908 eV

Simulation ended at: 2022-12-03 06:09:49.164989
Elapsed time = 9:25:46.017431

