Simulation began at: 2022-12-02 20:44:03.095573

Box details:
	cell parameters = 52.79450 54.79430 45.19530
	cell volume = 130742.65416 Å^3
	Ca number density = 0.01239075

Lennard-Jones parameters set:
	eps = 0.00950718 eV
	sigma = 3.75849720 Å

Gaussian parameters set:
	eps = 0.03968365 eV
	H = -0.05979992 eV # See LAMMPS documentation
	r0 = 5.99124646 Å
	sigma = 0.60117255 Å

Gaussian (II) parameters set:
	eps = -0.03112717 eV
	H = 0.07261839 eV # See LAMMPS documentation
	r0 = 5.91965995 Å
	sigma = 0.93071570 Å

Performing Monte-Carlo simulation.
	Max moves = 8000000
	Max accepted moves = 4000000
	Temperature = 300 K
	Max translation = 0.1 Å
	Energy(start) = 778781728.28681 eV
	Number of cores = 48


Tracking simulation progress:
nmoves, naccept, nboltzmann, nhardspherereject, nreject | curr_e, hs_violations
-------------------------------------------------------------------------------
         0          0          0          0          0 | 778781728.28681386            -
     10000       5667        719          0       4333 | 241942.14846279            -
     20000      11413       1649          0       8587 | 1700.70891300            -
     30000      17378       2752          0      12622 | 101.66808764            -
     40000      23492       4157          0      16508 |  18.80026978            -
     50000      29915       5908          0      20085 |   8.51977151            -
     60000      36620       8001          0      23380 |   1.69546461            -
     70000      43538      10378          0      26462 |   0.44843101            -
     80000      50606      13039          0      29394 |   0.18758611            -
     90000      58047      16023          0      31953 |   0.10107383            -
    100000      65573      19182          0      34427 |   0.06745098            -
    110000      73355      22625          0      36645 |   0.04880695            -
    120000      81245      26251          0      38755 |   0.03763035            -
    130000      89358      29983          0      40642 |   0.03037517            -
    140000      97454      33821          0      42546 |   0.02541810            -
    150000     105633      37775          0      44367 |   0.02301354            -
    160000     113891      41769          0      46109 |   0.01979357            -
    170000     122195      45799          0      47805 |   0.01781284            -
    180000     130540      49872          0      49460 |   0.01608141            -
    190000     138968      53960          0      51032 |   0.01464206            -
    200000     147463      58073          0      52537 |   0.01251156            -
    210000     155960      62234          0      54040 |   0.01202405            -
    220000     164476      66406          0      55524 |   0.01053766            -
    230000     172979      70671          0      57021 |   0.01045999            -
    240000     181484      74861          0      58516 |   0.01050537            -
    250000     189995      79015          0      60005 |   0.00940932            -
    260000     198478      83201          0      61522 |   0.00853304            -
    270000     207073      87486          0      62927 |   0.00789608            -
    280000     215692      91735          0      64308 |   0.00720566            -
    290000     224272      96006          0      65728 |   0.00619114            -
    300000     232921     100328          0      67079 |   0.00638907            -
    310000     241542     104579          0      68458 |   0.00591371            -
    320000     250212     108785          0      69788 |   0.00501894            -
    330000     258918     113155          0      71082 |   0.00474921            -
    340000     267608     117489          0      72392 |   0.00437628            -
    350000     276214     121676          0      73786 |   0.00383279            -
    360000     284847     125998          0      75153 |   0.00369171            -
    370000     293548     130299          0      76452 |   0.00313372            -
    380000     302213     134698          0      77787 |   0.00322907            -
    390000     310912     139064          0      79088 |   0.00373716            -
    400000     319593     143413          0      80407 |   0.00353142            -
    410000     328343     147664          0      81657 |   0.00270029            -
    420000     337036     152020          0      82964 |   0.00266215            -
    430000     345738     156351          0      84262 |   0.00228684            -
    440000     354457     160752          0      85543 |   0.00279778            -
    450000     363160     165136          0      86840 |   0.00300273            -
    460000     371891     169373          0      88109 |   0.00208596            -
    470000     380602     173736          0      89398 |   0.00153048            -
    480000     389370     178142          0      90630 |   0.00177324            -
    490000     398111     182498          0      91889 |   0.00239205            -
    500000     406850     186855          0      93150 |   0.00256305            -
    510000     415538     191198          0      94462 |   0.00213389            -
    520000     424243     195549          0      95757 |   0.00208232            -
    530000     432930     199942          0      97070 |   0.00207309            -
    540000     441683     204243          0      98317 |   0.00158927            -
    550000     450437     208606          0      99563 |   0.00141552            -
    560000     459257     212946          0     100743 |   0.00109239            -
    570000     468057     217299          0     101943 |   0.00065314            -
    580000     476805     221727          0     103195 |   0.00074615            -
    590000     485550     226055          0     104450 |   0.00026838            -
    600000     494367     230464          0     105633 |   0.00070051            -
    610000     503174     234854          0     106826 |   0.00034067            -
    620000     511996     239247          0     108004 |  -0.00013595            -
    630000     520816     243705          0     109184 |   0.00037946            -
    640000     529617     248054          0     110383 |   0.00011881            -
    650000     538379     252406          0     111621 |   0.00010365            -
    660000     547189     256809          0     112811 |   0.00007097            -
    670000     556032     261291          0     113968 |   0.00056707            -
    680000     564807     265722          0     115193 |   0.00052441            -
    690000     573560     270105          0     116440 |   0.00024224            -
    700000     582323     274437          0     117677 |  -0.00022427            -
    710000     591181     278849          0     118819 |  -0.00007073            -
    720000     600004     283254          0     119996 |   0.00005254            -
    730000     608797     287679          0     121203 |   0.00014078            -
    740000     617592     292056          0     122408 |   0.00019349            -
    750000     626418     296420          0     123582 |  -0.00019879            -
    760000     635173     300745          0     124827 |  -0.00056397            -
    770000     643943     305084          0     126057 |  -0.00042624            -
    780000     652702     309497          0     127298 |  -0.00076125            -
    790000     661512     313930          0     128488 |  -0.00054009            -
    800000     670288     318310          0     129712 |  -0.00078154            -
    810000     679116     322756          0     130884 |  -0.00068915            -
    820000     687907     327146          0     132093 |  -0.00080430            -
    830000     696725     331604          0     133275 |  -0.00039976            -
    840000     705537     336014          0     134463 |  -0.00049470            -
    850000     714327     340415          0     135673 |  -0.00060219            -
    860000     723145     344862          0     136855 |  -0.00087219            -
    870000     731930     349231          0     138070 |  -0.00097765            -
    880000     740726     353558          0     139274 |  -0.00124571            -
    890000     749628     358010          0     140372 |  -0.00064049            -
    900000     758429     362466          0     141571 |  -0.00052244            -
    910000     767258     366855          0     142742 |  -0.00044112            -
    920000     776081     371279          0     143919 |  -0.00049836            -
    930000     784855     375654          0     145145 |  -0.00004852            -
    940000     793641     380023          0     146359 |  -0.00037143            -
    950000     802401     384394          0     147599 |  -0.00074942            -
    960000     811107     388745          0     148893 |  -0.00090749            -
    970000     819869     393182          0     150131 |  -0.00033171            -
    980000     828616     397466          0     151384 |  -0.00086764            -
    990000     837344     401833          0     152656 |  -0.00091622            -
   1000000     846122     406206          0     153878 |  -0.00097801            -
   1010000     854861     410565          0     155139 |  -0.00099652            -
   1020000     863667     415013          0     156333 |  -0.00095622            -
   1030000     872469     419367          0     157531 |  -0.00086764            -
   1040000     881218     423745          0     158782 |  -0.00142106            -
   1050000     890035     428148          0     159965 |  -0.00165176            -
   1060000     898809     432537          0     161191 |  -0.00140841            -
   1070000     907590     436927          0     162410 |  -0.00130387            -
   1080000     916349     441336          0     163651 |  -0.00144127            -
   1090000     925180     445768          0     164820 |  -0.00148003            -
   1100000     933974     450188          0     166026 |  -0.00092670            -
   1110000     942746     454601          0     167254 |  -0.00056289            -
   1120000     951527     458939          0     168473 |  -0.00130147            -
   1130000     960307     463387          0     169693 |  -0.00095335            -
   1140000     969092     467721          0     170908 |  -0.00170342            -
   1150000     977963     472156          0     172037 |  -0.00154931            -
   1160000     986789     476452          0     173211 |  -0.00230265            -
   1170000     995638     480969          0     174362 |  -0.00171860            -
   1180000    1004424     485349          0     175576 |  -0.00187028            -
   1190000    1013224     489772          0     176776 |  -0.00185416            -
   1200000    1022103     494209          0     177897 |  -0.00107907            -
   1210000    1030932     498741          0     179068 |  -0.00034541            -
   1220000    1039734     503137          0     180266 |   0.00000270            -
   1230000    1048500     507517          0     181500 |  -0.00034616            -
   1240000    1057253     511839          0     182747 |  -0.00079959            -
   1250000    1066051     516170          0     183949 |  -0.00188884            -
   1260000    1074955     520688          0     185045 |  -0.00133661            -
   1270000    1083797     525101          0     186203 |  -0.00131261            -
   1280000    1092594     529581          0     187406 |  -0.00063447            -
   1290000    1101397     534002          0     188603 |  -0.00081175            -
   1300000    1110120     538353          0     189880 |  -0.00072045            -
   1310000    1118932     542770          0     191068 |  -0.00109109            -
   1320000    1127687     547155          0     192313 |  -0.00091311            -
   1330000    1136512     551509          0     193488 |  -0.00133772            -
   1340000    1145308     555782          0     194692 |  -0.00200036            -
   1350000    1154125     560227          0     195875 |  -0.00180703            -
   1360000    1162936     564626          0     197064 |  -0.00161501            -
   1370000    1171741     569020          0     198259 |  -0.00197991            -
   1380000    1180572     573444          0     199428 |  -0.00212723            -
   1390000    1189417     577896          0     200583 |  -0.00204793            -
   1400000    1198253     582285          0     201747 |  -0.00206298            -
   1410000    1207021     586601          0     202979 |  -0.00207929            -
   1420000    1215896     591031          0     204104 |  -0.00207439            -
   1430000    1224727     595471          0     205273 |  -0.00170715            -
   1440000    1233467     599834          0     206533 |  -0.00191123            -
   1450000    1242322     604246          0     207678 |  -0.00232995            -
   1460000    1251174     608645          0     208826 |  -0.00248684            -
   1470000    1259991     612997          0     210009 |  -0.00310736            -
   1480000    1268849     617413          0     211151 |  -0.00270916            -
   1490000    1277648     621798          0     212352 |  -0.00261761            -
   1500000    1286458     626237          0     213542 |  -0.00233083            -
   1510000    1295263     630633          0     214737 |  -0.00250629            -
   1520000    1304083     635159          0     215917 |  -0.00206006            -
   1530000    1312904     639523          0     217096 |  -0.00264868            -
   1540000    1321721     643946          0     218279 |  -0.00217450            -
   1550000    1330553     648405          0     219447 |  -0.00198636            -
   1560000    1339356     652784          0     220644 |  -0.00166792            -
   1570000    1348072     657196          0     221928 |  -0.00121584            -
   1580000    1356878     661467          0     223122 |  -0.00198872            -
   1590000    1365782     665906          0     224218 |  -0.00185672            -
   1600000    1374636     670326          0     225364 |  -0.00191033            -
   1610000    1383487     674747          0     226513 |  -0.00149978            -
   1620000    1392299     679247          0     227701 |  -0.00105636            -
   1630000    1401103     683703          0     228897 |  -0.00088717            -
   1640000    1409880     688014          0     230120 |  -0.00173212            -
   1650000    1418699     692451          0     231301 |  -0.00122304            -
   1660000    1427468     696856          0     232532 |  -0.00131182            -
   1670000    1436301     701215          0     233699 |  -0.00141242            -
   1680000    1445112     705539          0     234888 |  -0.00194478            -
   1690000    1453986     709990          0     236014 |  -0.00174045            -
   1700000    1462758     714341          0     237242 |  -0.00203035            -
   1710000    1471536     718722          0     238464 |  -0.00179423            -
   1720000    1480296     723069          0     239704 |  -0.00222411            -
   1730000    1489098     727463          0     240902 |  -0.00230282            -
   1740000    1497957     731871          0     242043 |  -0.00227480            -
   1750000    1506753     736309          0     243247 |  -0.00166307            -
   1760000    1515565     740648          0     244435 |  -0.00258646            -
   1770000    1524340     745051          0     245660 |  -0.00211104            -
   1780000    1533137     749458          0     246863 |  -0.00193482            -
   1790000    1541910     753833          0     248090 |  -0.00189808            -
   1800000    1550691     758244          0     249309 |  -0.00173767            -
   1810000    1559460     762641          0     250540 |  -0.00139984            -
   1820000    1568263     766940          0     251737 |  -0.00212361            -
   1830000    1577028     771339          0     252972 |  -0.00211456            -
   1840000    1585894     775765          0     254106 |  -0.00201333            -
   1850000    1594672     780164          0     255328 |  -0.00230534            -
   1860000    1603460     784524          0     256540 |  -0.00224246            -
   1870000    1612300     789031          0     257700 |  -0.00164981            -
   1880000    1621115     793355          0     258885 |  -0.00217529            -
   1890000    1629930     797691          0     260070 |  -0.00237886            -
   1900000    1638686     802165          0     261314 |  -0.00135856            -
   1910000    1647435     806523          0     262565 |  -0.00210901            -
   1920000    1656230     810944          0     263770 |  -0.00168343            -
   1930000    1665049     815283          0     264951 |  -0.00202633            -
   1940000    1673861     819686          0     266139 |  -0.00232578            -
   1950000    1682665     824074          0     267335 |  -0.00261014            -
   1960000    1691514     828435          0     268486 |  -0.00260018            -
   1970000    1700300     832814          0     269700 |  -0.00262854            -
   1980000    1709140     837200          0     270860 |  -0.00267767            -
   1990000    1717974     841628          0     272026 |  -0.00247881            -
   2000000    1726771     845987          0     273229 |  -0.00246995            -
   2010000    1735582     850330          0     274418 |  -0.00296234            -
   2020000    1744365     854836          0     275635 |  -0.00237419            -
   2030000    1753150     859236          0     276850 |  -0.00237569            -
   2040000    1761962     863649          0     278038 |  -0.00228387            -
   2050000    1770814     868095          0     279186 |  -0.00246880            -
   2060000    1779628     872470          0     280372 |  -0.00281301            -
   2070000    1788394     876892          0     281606 |  -0.00248105            -
   2080000    1797189     881226          0     282811 |  -0.00270150            -
   2090000    1806031     885662          0     283969 |  -0.00266909            -
   2100000    1814890     890018          0     285110 |  -0.00317452            -
   2110000    1823724     894441          0     286276 |  -0.00309137            -
   2120000    1832563     898893          0     287437 |  -0.00280775            -
   2130000    1841393     903323          0     288607 |  -0.00301138            -
   2140000    1850200     907721          0     289800 |  -0.00286318            -
   2150000    1858984     912044          0     291016 |  -0.00339419            -
   2160000    1867835     916462          0     292165 |  -0.00268342            -
   2170000    1876671     920930          0     293329 |  -0.00264302            -
   2180000    1885469     925320          0     294531 |  -0.00220135            -
   2190000    1894291     929667          0     295709 |  -0.00244224            -
   2200000    1903076     934076          0     296924 |  -0.00258617            -
   2210000    1911900     938496          0     298100 |  -0.00228198            -
   2220000    1920716     942906          0     299284 |  -0.00256359            -
   2230000    1929540     947338          0     300460 |  -0.00223410            -
   2240000    1938360     951822          0     301640 |  -0.00154551            -
   2250000    1947199     956228          0     302801 |  -0.00166319            -
   2260000    1956021     960709          0     303979 |  -0.00142277            -
   2270000    1964849     965104          0     305151 |  -0.00175813            -
   2280000    1973744     969576          0     306256 |  -0.00202036            -
   2290000    1982564     974047          0     307436 |  -0.00123623            -
   2300000    1991368     978424          0     308632 |  -0.00179291            -
   2310000    2000154     982890          0     309846 |  -0.00140216            -
   2320000    2009013     987332          0     310987 |  -0.00129193            -
   2330000    2017791     991746          0     312209 |  -0.00121072            -
   2340000    2026613     996152          0     313387 |  -0.00150158            -
   2350000    2035508    1000547          0     314492 |  -0.00165179            -
   2360000    2044303    1004999          0     315697 |  -0.00140133            -
   2370000    2053087    1009397          0     316913 |  -0.00112239            -
   2380000    2061899    1013748          0     318101 |  -0.00122291            -
   2390000    2070765    1018244          0     319235 |  -0.00100507            -
   2400000    2079590    1022584          0     320410 |  -0.00186767            -
   2410000    2088408    1027004          0     321592 |  -0.00190410            -
   2420000    2097272    1031418          0     322728 |  -0.00220035            -
   2430000    2106101    1035891          0     323899 |  -0.00149498            -
   2440000    2114921    1040301          0     325079 |  -0.00168628            -
   2450000    2123678    1044620          0     326322 |  -0.00203228            -
   2460000    2132551    1049009          0     327449 |  -0.00237163            -
   2470000    2141357    1053416          0     328643 |  -0.00261862            -
   2480000    2150169    1057807          0     329831 |  -0.00237009            -
   2490000    2159001    1062170          0     330999 |  -0.00257259            -
   2500000    2167870    1066524          0     332130 |  -0.00313986            -
   2510000    2176761    1070979          0     333239 |  -0.00296475            -
   2520000    2185632    1075362          0     334368 |  -0.00325825            -
   2530000    2194502    1079844          0     335498 |  -0.00292465            -
   2540000    2203372    1084247          0     336628 |  -0.00322278            -
   2550000    2212204    1088708          0     337796 |  -0.00311561            -
   2560000    2221037    1093063          0     338963 |  -0.00328569            -
   2570000    2229963    1097535          0     340037 |  -0.00340667            -
   2580000    2238831    1101975          0     341169 |  -0.00350108            -
   2590000    2247665    1106419          0     342335 |  -0.00264229            -
   2600000    2256522    1110811          0     343478 |  -0.00266111            -
   2610000    2265376    1115247          0     344624 |  -0.00269255            -
   2620000    2274218    1119564          0     345782 |  -0.00316637            -
   2630000    2283094    1123974          0     346906 |  -0.00327329            -
   2640000    2291938    1128381          0     348062 |  -0.00274926            -
   2650000    2300815    1132859          0     349185 |  -0.00241828            -
   2660000    2309554    1137178          0     350446 |  -0.00255662            -
   2670000    2318352    1141626          0     351648 |  -0.00262158            -
   2680000    2327193    1146018          0     352807 |  -0.00272100            -
   2690000    2336023    1150421          0     353977 |  -0.00288698            -
   2700000    2344847    1154842          0     355153 |  -0.00277023            -
   2710000    2353740    1159282          0     356260 |  -0.00266377            -
   2720000    2362594    1163673          0     357406 |  -0.00280579            -
   2730000    2371401    1168015          0     358599 |  -0.00281767            -
   2740000    2380280    1172384          0     359720 |  -0.00328077            -
   2750000    2389174    1176853          0     360826 |  -0.00294735            -
   2760000    2397984    1181259          0     362016 |  -0.00281544            -
   2770000    2406887    1185682          0     363113 |  -0.00304183            -
   2780000    2415744    1190048          0     364256 |  -0.00336906            -
   2790000    2424574    1194469          0     365426 |  -0.00310739            -
   2800000    2433424    1198982          0     366576 |  -0.00267481            -
   2810000    2442288    1203439          0     367712 |  -0.00269431            -
   2820000    2451085    1207840          0     368915 |  -0.00303796            -
   2830000    2459949    1212256          0     370051 |  -0.00295532            -
   2840000    2468781    1216729          0     371219 |  -0.00212489            -
   2850000    2477555    1221059          0     372445 |  -0.00226249            -
   2860000    2486395    1225517          0     373605 |  -0.00244369            -
   2870000    2495264    1229965          0     374736 |  -0.00267283            -
   2880000    2504080    1234356          0     375920 |  -0.00270548            -
   2890000    2512882    1238830          0     377118 |  -0.00210459            -
   2900000    2521660    1243142          0     378340 |  -0.00271365            -
   2910000    2530552    1247571          0     379448 |  -0.00294664            -
   2920000    2539394    1252033          0     380606 |  -0.00238606            -
   2930000    2548277    1256416          0     381723 |  -0.00247675            -
   2940000    2557114    1260814          0     382886 |  -0.00222461            -
   2950000    2565951    1265255          0     384049 |  -0.00184882            -
   2960000    2574770    1269658          0     385230 |  -0.00183011            -
   2970000    2583598    1274060          0     386402 |  -0.00153447            -
   2980000    2592392    1278436          0     387608 |  -0.00170934            -
   2990000    2601215    1282811          0     388785 |  -0.00197157            -
   3000000    2610118    1287218          0     389882 |  -0.00243610            -
   3010000    2618938    1291636          0     391062 |  -0.00284767            -
   3020000    2627813    1296089          0     392187 |  -0.00250702            -
   3030000    2636629    1300428          0     393371 |  -0.00301947            -
   3040000    2645504    1304849          0     394496 |  -0.00311718            -
   3050000    2654366    1309240          0     395634 |  -0.00324060            -
   3060000    2663220    1313668          0     396780 |  -0.00295313            -
   3070000    2672034    1318113          0     397966 |  -0.00270586            -
   3080000    2680848    1322540          0     399152 |  -0.00227939            -
   3090000    2689622    1326886          0     400378 |  -0.00286660            -
   3100000    2698427    1331306          0     401573 |  -0.00285646            -
   3110000    2707341    1335802          0     402659 |  -0.00217827            -
   3120000    2716119    1340159          0     403881 |  -0.00241457            -
   3130000    2724901    1344612          0     405099 |  -0.00185612            -
   3140000    2733750    1348962          0     406250 |  -0.00243554            -
   3150000    2742511    1353424          0     407489 |  -0.00192851            -
   3160000    2751347    1357864          0     408653 |  -0.00169906            -
   3170000    2760191    1362303          0     409809 |  -0.00187971            -
   3180000    2769006    1366698          0     410994 |  -0.00195812            -
   3190000    2777790    1371016          0     412210 |  -0.00277925            -
   3200000    2786656    1375475          0     413344 |  -0.00302711            -
   3210000    2795472    1379945          0     414528 |  -0.00203129            -
   3220000    2804261    1384248          0     415739 |  -0.00266752            -
   3230000    2813123    1388653          0     416877 |  -0.00279514            -
   3240000    2821985    1393099          0     418015 |  -0.00291832            -
   3250000    2830827    1397551          0     419173 |  -0.00197996            -
   3260000    2839623    1401970          0     420377 |  -0.00236982            -
   3270000    2848414    1406323          0     421586 |  -0.00237043            -
   3280000    2857239    1410686          0     422761 |  -0.00266320            -
   3290000    2866041    1415150          0     423959 |  -0.00200325            -
   3300000    2874825    1419554          0     425175 |  -0.00189412            -
   3310000    2883684    1423995          0     426316 |  -0.00246388            -
   3320000    2892570    1428421          0     427430 |  -0.00290932            -
   3330000    2901422    1432899          0     428578 |  -0.00244335            -
   3340000    2910271    1437307          0     429729 |  -0.00277386            -
   3350000    2919121    1441770          0     430879 |  -0.00263716            -
   3360000    2927972    1446163          0     432028 |  -0.00304752            -
   3370000    2936832    1450642          0     433168 |  -0.00251577            -
   3380000    2945626    1455108          0     434374 |  -0.00181714            -
   3390000    2954433    1459458          0     435567 |  -0.00241369            -
   3400000    2963218    1463867          0     436782 |  -0.00182143            -
   3410000    2972033    1468350          0     437967 |  -0.00140437            -
   3420000    2980885    1472753          0     439115 |  -0.00177705            -
   3430000    2989651    1477066          0     440349 |  -0.00212022            -
   3440000    2998432    1481412          0     441568 |  -0.00254294            -
   3450000    3007243    1485845          0     442757 |  -0.00246859            -
   3460000    3016014    1490194          0     443986 |  -0.00232320            -
   3470000    3024861    1494612          0     445139 |  -0.00236403            -
   3480000    3033730    1499018          0     446270 |  -0.00264701            -
   3490000    3042541    1503430          0     447459 |  -0.00234468            -
   3500000    3051380    1507849          0     448620 |  -0.00229399            -
   3510000    3060256    1512333          0     449744 |  -0.00215397            -
   3520000    3069061    1516777          0     450939 |  -0.00175277            -
   3530000    3077886    1521065          0     452114 |  -0.00278825            -
   3540000    3086765    1525507          0     453235 |  -0.00279912            -
   3550000    3095626    1529941          0     454374 |  -0.00252150            -
   3560000    3104443    1534306          0     455557 |  -0.00297356            -
   3570000    3113294    1538659          0     456706 |  -0.00351928            -
   3580000    3122155    1543117          0     457845 |  -0.00297200            -
   3590000    3131034    1547542          0     458966 |  -0.00345844            -
   3600000    3139936    1552027          0     460064 |  -0.00365081            -
   3610000    3148750    1556452          0     461250 |  -0.00319042            -
   3620000    3157624    1560914          0     462376 |  -0.00259874            -
   3630000    3166464    1565357          0     463536 |  -0.00251779            -
   3640000    3175330    1569825          0     464670 |  -0.00199058            -
   3650000    3184194    1574269          0     465806 |  -0.00206965            -
   3660000    3192995    1578700          0     467005 |  -0.00206048            -
   3670000    3201861    1583052          0     468139 |  -0.00223979            -
   3680000    3210636    1587469          0     469364 |  -0.00232146            -
   3690000    3219431    1591916          0     470569 |  -0.00153803            -
   3700000    3228242    1596279          0     471758 |  -0.00178414            -
   3710000    3237070    1600715          0     472930 |  -0.00199569            -
   3720000    3245888    1605131          0     474112 |  -0.00210601            -
   3730000    3254738    1609536          0     475262 |  -0.00205950            -
   3740000    3263571    1613954          0     476429 |  -0.00206550            -
   3750000    3272385    1618349          0     477615 |  -0.00204907            -
   3760000    3281149    1622741          0     478851 |  -0.00190948            -
   3770000    3289981    1627141          0     480019 |  -0.00236483            -
   3780000    3298787    1631567          0     481213 |  -0.00251563            -
   3790000    3307608    1635942          0     482392 |  -0.00261323            -
   3800000    3316425    1640386          0     483575 |  -0.00252195            -
   3810000    3325239    1644752          0     484761 |  -0.00301454            -
   3820000    3334078    1649087          0     485922 |  -0.00342815            -
   3830000    3342915    1653502          0     487085 |  -0.00304816            -
   3840000    3351739    1657893          0     488261 |  -0.00317658            -
   3850000    3360561    1662270          0     489439 |  -0.00300063            -
   3860000    3369335    1666666          0     490665 |  -0.00310805            -
   3870000    3378139    1671027          0     491861 |  -0.00356326            -
   3880000    3386968    1675439          0     493032 |  -0.00341351            -
   3890000    3395779    1679784          0     494221 |  -0.00388130            -
   3900000    3404620    1684114          0     495380 |  -0.00447986            -
   3910000    3413491    1688587          0     496509 |  -0.00390056            -
   3920000    3422373    1692999          0     497627 |  -0.00362260            -
   3930000    3431196    1697421          0     498804 |  -0.00320523            -
   3940000    3440137    1701942          0     499863 |  -0.00309258            -
   3950000    3448969    1706374          0     501031 |  -0.00287602            -
   3960000    3457782    1710799          0     502218 |  -0.00281851            -
   3970000    3466609    1715185          0     503391 |  -0.00305784            -
   3980000    3475444    1719610          0     504556 |  -0.00281220            -
   3990000    3484305    1724065          0     505695 |  -0.00231550            -
   4000000    3493188    1728525          0     506812 |  -0.00218755            -
   4010000    3502066    1733030          0     507934 |  -0.00183930            -
   4020000    3510911    1737416          0     509089 |  -0.00221077            -
   4030000    3519775    1741807          0     510225 |  -0.00235887            -
   4040000    3528593    1746265          0     511407 |  -0.00188369            -
   4050000    3537495    1750739          0     512505 |  -0.00188499            -
   4060000    3546318    1755103          0     513682 |  -0.00207982            -
   4070000    3555205    1759512          0     514795 |  -0.00224184            -
   4080000    3564044    1763918          0     515956 |  -0.00224496            -
   4090000    3572898    1768348          0     517102 |  -0.00211389            -
   4100000    3581721    1772708          0     518279 |  -0.00249645            -
   4110000    3590574    1777130          0     519426 |  -0.00223734            -
   4120000    3599343    1781513          0     520657 |  -0.00204529            -
   4130000    3608178    1785937          0     521822 |  -0.00269940            -
   4140000    3616980    1790419          0     523020 |  -0.00210525            -
   4150000    3625768    1794817          0     524232 |  -0.00184693            -
   4160000    3634601    1799189          0     525399 |  -0.00210481            -
   4170000    3643483    1803569          0     526517 |  -0.00276883            -
   4180000    3652278    1808024          0     527722 |  -0.00224353            -
   4190000    3661119    1812459          0     528881 |  -0.00261068            -
   4200000    3669893    1816863          0     530107 |  -0.00256830            -
   4210000    3678680    1821271          0     531320 |  -0.00240315            -
   4220000    3687479    1825569          0     532521 |  -0.00305283            -
   4230000    3696279    1829947          0     533721 |  -0.00242089            -
   4240000    3705105    1834357          0     534895 |  -0.00268522            -
   4250000    3713894    1838772          0     536106 |  -0.00294513            -
   4260000    3722689    1843157          0     537311 |  -0.00284025            -
   4270000    3731486    1847550          0     538514 |  -0.00345993            -
   4280000    3740317    1851952          0     539683 |  -0.00351009            -
   4290000    3749140    1856403          0     540860 |  -0.00307179            -
   4300000    3757989    1860884          0     542011 |  -0.00269149            -
   4310000    3766783    1865251          0     543217 |  -0.00258291            -
   4320000    3775601    1869646          0     544399 |  -0.00245408            -
   4330000    3784421    1874012          0     545579 |  -0.00230150            -
   4340000    3793235    1878400          0     546765 |  -0.00247763            -
   4350000    3802044    1882750          0     547956 |  -0.00294781            -
   4360000    3810898    1887193          0     549102 |  -0.00252846            -
   4370000    3819754    1891699          0     550246 |  -0.00215672            -
   4380000    3828568    1896049          0     551432 |  -0.00286870            -
   4390000    3837381    1900495          0     552619 |  -0.00233550            -
   4400000    3846178    1904852          0     553822 |  -0.00220389            -
   4410000    3855011    1909301          0     554989 |  -0.00225166            -
   4420000    3863835    1913734          0     556165 |  -0.00198603            -
   4430000    3872627    1918151          0     557373 |  -0.00210423            -
   4440000    3881427    1922484          0     558573 |  -0.00276166            -
   4450000    3890281    1926875          0     559719 |  -0.00286417            -
   4460000    3899083    1931362          0     560917 |  -0.00251135            -
   4470000    3907897    1935802          0     562103 |  -0.00186513            -
   4480000    3916697    1940192          0     563303 |  -0.00170328            -
   4490000    3925441    1944566          0     564559 |  -0.00177286            -
   4500000    3934264    1948923          0     565736 |  -0.00188405            -
   4510000    3943080    1953283          0     566920 |  -0.00247860            -
   4520000    3951949    1957770          0     568051 |  -0.00204119            -
   4530000    3960800    1962131          0     569200 |  -0.00214777            -
   4540000    3969608    1966502          0     570392 |  -0.00206000            -
   4550000    3978386    1970951          0     571614 |  -0.00182788            -
   4560000    3987268    1975395          0     572732 |  -0.00205853            -
   4570000    3996163    1979853          0     573837 |  -0.00253918            -
   4574298    4000000    1981777          0     574298 |  -0.00219799            -


Monte Carlo simulation results:
	Total accepted moves = 4000000
	E_start, E_last, E_diff = 778781728.28681, -0.00220, -778781728.28901 eV

Simulation ended at: 2022-12-03 06:09:04.608141
Elapsed time = 9:25:01.512568

