1 5
1 16
1 55
1 80
1 97
1 835
1 844
2 15
2 26
2 35
2 57
2 66
2 82
2 85
3 25
3 77
3 81
3 704
4 24
4 29
4 30
4 35
4 41
4 61
4 99
5 27
5 40
5 55
5 60
5 76
5 80
6 7
6 43
6 624
6 626
7 10
7 19
7 54
8 25
8 34
8 68
8 93
8 618
8 679
8 704
8 708
8 710
9 12
9 17
9 39
9 93
9 820
9 850
9 867
9 896
10 94
10 200
10 609
10 703
10 709
10 796
11 43
11 52
11 57
11 60
11 62
11 67
11 76
12 39
12 56
12 820
12 822
12 852
12 885
13 39
13 63
13 65
13 217
13 259
13 280
14 47
14 60
14 70
14 97
14 615
15 66
15 79
15 88
15 254
16 80
16 97
16 100
16 626
16 682
16 1513
17 29
17 30
17 39
17 58
17 820
18 37
18 42
18 45
18 67
18 74
18 81
18 84
19 36
19 50
19 71
19 76
20 48
20 53
20 78
20 89
20 90
20 105
20 109
20 117
21 33
21 35
21 38
21 43
21 57
21 70
21 72
21 99
22 50
22 51
22 94
22 106
22 861
22 894
23 25
23 69
23 74
23 84
23 91
23 697
24 29
24 58
24 61
24 79
24 82
24 249
25 34
25 74
25 93
26 57
26 72
26 85
26 96
26 128
26 615
26 694
27 40
27 50
27 80
27 816
27 839
27 861
28 37
28 45
28 46
28 65
28 74
28 194
29 35
29 58
29 63
29 79
30 58
30 64
30 77
30 83
30 821
31 34
31 68
31 160
31 208
31 710
31 826
31 838
31 1006
32 58
32 103
32 221
32 843
32 874
32 906
32 1030
33 38
33 43
33 54
33 84
34 46
34 68
34 93
34 838
35 57
35 62
35 79
35 99
36 42
36 44
36 49
36 71
36 87
36 191
37 42
37 44
37 45
37 49
37 69
37 74
37 95
37 125
38 72
38 77
38 99
38 638
39 65
40 52
40 76
40 87
40 98
41 61
41 82
41 99
41 131
41 187
41 694
42 44
42 49
42 67
42 241
43 54
43 57
43 70
44 49
44 69
44 71
44 114
44 125
45 213
45 241
46 56
46 74
46 199
46 922
47 48
47 52
47 60
47 66
47 85
47 89
48 53
48 75
48 78
48 85
48 147
49 125
49 191
49 241
49 382
50 87
50 101
50 816
50 861
51 94
51 106
51 624
51 702
51 703
51 894
52 60
52 66
52 86
52 88
52 89
53 66
53 86
53 102
53 147
53 279
53 308
54 684
54 700
55 89
55 97
55 104
55 859
56 65
56 885
56 922
56 1090
57 62
57 66
57 70
58 63
58 247
58 843
59 61
59 64
59 83
59 185
59 874
59 878
60 76
60 89
60 97
61 82
61 103
61 137
62 67
62 79
62 88
63 217
63 233
63 247
63 259
64 83
64 821
64 866
64 874
64 876
64 878
64 1438
65 259
65 288
65 305
66 85
66 86
66 88
66 308
67 76
67 298
68 95
68 113
68 708
69 91
69 95
69 125
70 615
71 94
71 114
72 99
72 694
73 78
73 100
73 107
73 117
73 888
73 900
73 986
74 81
74 95
75 96
75 107
75 108
75 619
76 87
77 83
77 99
77 638
77 666
77 683
78 89
78 97
78 100
80 861
80 894
81 84
82 92
82 143
82 187
83 99
83 666
83 696
85 128
86 88
86 89
86 223
86 268
86 290
86 294
86 308
87 101
87 302
88 268
88 269
88 308
89 90
90 105
90 223
90 294
90 859
90 1107
91 609
91 697
91 708
91 733
91 746
92 143
92 254
92 309
92 374
93 838
93 896
94 106
94 193
95 167
95 199
96 108
96 128
96 207
96 615
96 628
96 694
97 100
97 835
98 101
98 104
98 223
98 224
98 260
98 283
100 107
100 619
100 673
100 682
100 835
100 900
101 304
101 839
101 890
102 254
102 301
102 308
102 374
103 137
103 309
103 341
104 223
104 260
104 839
104 859
104 879
105 109
105 279
105 294
105 1001
105 1049
106 772
107 164
107 619
107 728
107 792
107 986
107 1560
108 128
108 158
108 164
108 172
108 207
108 728
109 117
109 147
109 174
109 279
109 334
109 390
110 119
110 127
110 138
110 148
110 159
110 178
110 399
110 914
110 924
110 1214
111 127
111 136
111 149
111 165
111 173
111 174
111 335
111 390
112 114
112 125
112 132
112 142
112 168
112 175
112 176
112 188
112 200
113 190
113 208
113 708
113 783
114 125
114 181
114 183
114 193
114 200
115 139
115 157
115 192
115 202
115 738
115 748
115 942
115 968
115 1002
115 1619
116 124
116 137
116 141
116 163
116 170
116 189
117 140
118 133
118 135
118 141
118 145
118 151
118 163
118 170
118 172
118 177
119 127
119 138
119 150
119 345
119 399
120 130
120 132
120 151
120 163
120 322
120 333
120 378
121 138
121 148
121 161
121 166
121 183
121 191
122 132
122 135
122 142
122 145
122 152
122 177
122 188
123 124
123 139
123 169
123 909
123 931
123 942
123 991
123 999
124 135
124 157
124 163
124 169
124 202
125 167
125 168
125 205
126 191
126 205
126 324
126 391
127 148
127 165
127 173
127 174
127 178
127 196
127 335
128 187
128 207
128 694
129 164
129 171
129 728
129 730
129 745
129 764
129 767
130 132
130 167
130 184
130 201
130 402
131 187
131 197
131 203
131 776
132 142
132 145
132 155
132 168
132 184
132 188
133 145
133 149
133 151
133 153
133 165
133 172
133 177
134 180
134 181
134 186
134 193
134 762
135 145
135 163
135 170
135 177
135 202
136 141
136 149
136 204
136 339
136 344
136 374
136 390
137 185
137 203
138 144
138 148
138 150
138 155
138 183
139 185
139 202
139 203
139 929
139 942
140 164
140 944
140 986
141 143
141 163
141 320
141 333
141 374
142 167
142 176
142 184
142 188
142 190
143 170
143 187
143 204
144 155
144 165
144 175
144 183
144 186
144 196
145 151
145 155
145 175
145 177
146 194
146 199
146 387
146 402
147 204
147 390
148 166
148 178
148 186
148 196
148 206
149 150
149 151
149 165
149 344
150 155
150 345
150 378
151 155
151 163
152 156
152 192
152 753
152 773
152 778
153 158
153 171
153 177
153 744
153 745
154 156
154 157
154 179
154 208
154 967
154 983
155 168
155 183
156 157
156 190
156 753
156 783
157 179
157 192
157 202
157 753
157 942
158 172
158 177
158 195
158 207
158 805
159 337
159 399
159 924
159 938
159 1158
160 190
160 198
160 199
160 208
160 915
161 166
161 304
161 905
161 1077
162 192
162 195
162 202
162 738
162 776
162 779
162 805
163 333
164 728
164 767
164 986
165 173
165 196
166 186
166 905
166 919
166 938
167 199
167 205
168 183
168 205
169 189
169 201
169 385
169 405
169 909
170 187
170 195
170 202
170 203
171 182
171 196
171 730
172 204
173 174
173 196
174 335
174 951
175 180
175 181
175 188
176 188
176 746
176 759
177 195
177 805
178 196
178 914
178 951
179 198
179 975
179 983
179 999
180 181
180 717
180 744
180 762
180 763
180 793
181 193
181 200
181 763
181 796
182 196
182 206
182 928
183 191
183 193
184 190
185 203
185 906
186 193
186 206
187 195
187 203
190 199
191 267
192 202
192 753
194 288
194 382
195 207
195 776
195 805
196 206
197 203
197 738
197 808
197 973
198 327
200 733
200 763
200 796
201 333
201 395
201 402
202 203
205 382
205 391
206 758
206 945
206 1004
207 754
207 776
208 783
208 967
208 1006
209 222
209 306
209 436
209 471
209 491
210 265
210 293
210 485
210 504
210 1089
210 1305
210 1314
211 216
211 227
211 232
211 239
211 257
211 1038
211 1053
212 213
212 238
212 240
212 241
212 326
213 230
213 241
213 250
213 251
213 280
213 288
214 248
214 318
214 466
214 472
214 574
215 235
215 243
215 246
215 276
215 290
216 226
216 231
216 239
216 257
216 271
216 1009
216 1038
216 1053
216 1088
216 1104
217 233
217 249
217 261
217 280
217 286
218 239
218 271
218 281
218 297
219 228
219 232
219 272
219 417
219 502
219 1318
220 228
220 230
220 255
220 307
220 315
220 377
221 233
221 843
221 1029
221 1030
222 229
222 242
222 270
222 414
222 436
222 469
222 471
223 246
223 258
223 268
223 290
223 294
224 244
224 258
224 260
224 268
224 283
224 289
225 244
225 265
225 282
225 1022
225 1037
225 1075
226 231
226 233
226 239
226 1009
226 1021
226 1029
226 1053
227 239
227 256
227 259
227 261
227 277
227 305
228 230
228 232
228 272
228 277
228 315
228 400
229 235
229 242
229 270
229 275
229 284
230 250
230 251
230 256
230 315
231 236
231 239
231 271
231 278
231 1009
231 1029
231 1097
232 256
232 257
232 306
232 307
232 493
233 247
233 249
234 285
234 291
234 293
234 433
234 466
234 472
234 503
235 264
235 270
235 276
235 284
235 285
236 352
236 363
237 251
237 256
237 266
237 284
237 292
237 306
238 240
238 292
238 393
239 257
239 261
239 271
240 244
240 251
240 289
240 302
241 298
242 275
242 299
242 310
242 469
242 471
242 474
243 245
243 274
243 290
243 299
243 301
243 308
244 248
244 291
245 254
245 269
245 275
245 276
245 286
245 308
246 253
246 258
246 274
246 290
246 294
246 300
247 259
247 843
247 852
248 282
248 293
248 295
248 318
248 321
249 254
249 286
249 309
250 288
250 315
251 256
251 280
251 284
251 292
252 277
252 288
252 387
252 400
252 1076
252 1203
253 262
253 263
253 300
253 1013
253 1044
254 286
254 411
255 401
255 434
255 507
255 539
256 261
256 306
256 307
257 271
257 306
257 437
257 478
258 260
258 300
258 1044
258 1094
259 305
259 852
260 1027
260 1037
260 1099
261 280
261 286
262 274
262 287
262 296
262 311
262 398
263 287
263 300
263 415
263 1044
263 1087
264 270
264 285
264 291
264 300
264 433
264 468
264 482
265 291
265 468
265 1075
265 1295
266 285
266 292
266 414
266 436
266 438
266 473
267 273
267 302
267 304
267 337
268 276
268 283
268 289
268 290
268 308
269 276
269 286
270 414
270 469
270 482
271 278
271 446
271 478
272 277
272 400
272 1318
273 295
273 303
273 304
273 321
274 279
274 290
274 301
275 281
275 286
275 299
276 284
276 289
277 288
277 305
277 1061
278 297
278 363
278 446
278 492
278 1068
278 1248
279 294
279 334
279 1049
281 286
282 293
282 321
282 1140
283 289
283 298
283 302
285 291
285 292
287 311
287 376
287 398
287 451
287 1093
287 1211
288 305
289 298
290 294
290 308
293 472
293 504
294 1107
295 321
295 392
296 299
296 310
296 311
296 487
297 360
297 384
297 492
299 301
299 310
299 350
300 1044
301 308
301 359
303 304
303 337
303 407
303 1058
303 1077
305 1061
306 307
306 486
306 493
307 417
307 434
307 486
307 493
309 341
309 352
310 325
310 350
310 364
310 474
310 524
310 578
311 332
311 376
311 398
311 523
312 332
312 339
312 344
312 346
312 359
312 369
312 408
313 317
313 366
313 394
313 403
313 560
313 575
313 1184
314 319
314 340
314 354
314 368
314 1119
315 377
315 389
315 400
316 322
316 356
316 391
316 395
316 402
317 394
317 403
317 558
317 575
318 321
318 349
318 361
318 574
319 323
319 331
319 336
319 340
319 343
319 347
319 380
319 381
320 333
320 338
320 362
320 374
320 375
321 367
321 396
321 407
321 1140
322 333
322 338
322 356
322 362
322 378
322 395
323 331
323 343
323 348
323 362
323 375
323 381
324 326
324 328
324 342
324 351
324 378
324 391
324 392
325 350
325 353
325 360
325 364
325 524
326 382
326 389
326 391
326 392
326 393
327 402
327 1120
328 342
328 349
328 357
328 389
328 392
328 393
328 397
328 401
328 406
329 335
329 379
329 383
329 386
329 1114
330 358
330 377
330 400
330 489
330 513
330 592
330 596
331 336
331 343
331 368
331 373
331 385
331 395
332 346
332 355
332 369
333 338
333 375
334 335
334 346
334 370
334 383
334 390
335 383
335 386
336 343
336 347
336 354
336 358
336 368
336 410
337 345
337 399
338 344
338 362
338 378
339 344
339 346
339 359
339 374
339 390
340 371
340 385
340 1119
341 371
341 931
341 1030
341 1202
342 351
342 356
342 378
343 347
343 381
343 410
345 351
345 396
345 399
346 359
346 383
347 354
347 380
347 410
347 554
347 585
347 601
348 352
348 353
348 360
348 371
348 375
348 381
349 397
349 401
349 406
349 586
350 353
350 359
350 364
350 408
351 357
351 369
352 353
352 360
352 371
352 411
353 359
353 360
353 408
353 411
354 554
354 568
354 601
354 1371
354 1395
355 364
355 365
355 369
355 388
355 408
355 511
356 378
356 389
356 391
356 404
357 394
357 396
357 406
358 373
358 377
358 400
358 404
358 410
359 411
360 384
361 367
361 394
361 560
361 574
361 575
361 595
362 375
362 408
363 371
363 372
363 384
363 1068
363 1192
364 365
364 408
364 512
364 524
364 578
365 381
365 408
365 512
366 367
366 396
366 407
366 1140
366 1164
366 1165
367 504
367 545
367 560
367 1140
367 1319
367 1346
368 385
368 1119
368 1139
370 398
370 1013
370 1049
370 1114
370 1115
370 1211
370 1213
371 1113
371 1202
372 380
372 384
372 571
373 395
374 411
375 385
376 398
376 409
376 451
376 523
376 551
377 400
377 401
377 489
377 539
377 542
378 391
379 383
379 403
379 409
379 1114
379 1127
380 381
380 543
380 554
380 562
382 391
384 492
384 571
385 395
385 405
385 1119
386 1114
386 1154
386 1169
386 1214
387 922
387 1090
387 1162
388 406
388 511
388 559
388 572
389 393
389 404
392 393
393 401
394 406
394 575
395 402
396 407
397 401
397 404
397 406
397 539
397 542
397 572
398 409
398 1211
399 1214
401 539
403 409
403 533
403 1127
403 1174
403 1184
404 410
405 909
405 999
405 1119
405 1187
407 1140
407 1158
407 1165
409 551
409 1115
409 1127
409 1160
409 1174
409 1211
410 542
412 454
412 643
412 1245
412 1251
413 426
413 447
413 459
413 465
413 476
413 479
413 500
413 674
414 433
414 436
414 448
414 469
414 473
415 444
415 450
415 451
415 1219
415 1269
415 1280
416 425
416 427
416 432
416 439
416 508
416 627
416 664
417 424
417 434
417 484
417 489
417 493
418 428
418 497
418 691
418 705
418 1239
418 1311
419 441
419 447
419 461
419 490
419 509
419 655
419 659
419 670
420 1255
420 1305
420 1316
420 1355
421 433
421 454
421 457
421 480
421 496
422 437
422 443
422 483
422 1278
422 1309
423 425
423 432
423 448
423 469
423 495
423 499
423 501
423 506
424 452
424 453
424 463
424 483
424 490
425 427
425 432
425 448
425 462
425 471
425 501
425 508
426 440
426 457
426 459
426 479
426 485
426 503
427 432
427 441
427 461
427 495
427 656
428 453
428 1257
429 438
429 441
429 447
429 463
429 486
429 490
430 452
430 453
430 481
430 605
430 648
430 707
430 1224
430 1521
431 445
431 476
431 507
431 566
431 574
431 586
432 495
432 501
432 664
433 468
433 473
433 480
433 503
434 438
434 484
434 486
435 497
435 668
435 1235
435 1239
435 1294
435 1297
436 438
436 471
436 486
436 494
437 478
437 493
437 502
437 1038
437 1247
438 445
438 448
438 473
438 486
439 456
439 464
439 517
439 603
439 627
439 664
439 731
439 806
440 457
440 459
440 1287
440 1316
441 461
441 477
441 490
441 699
442 450
442 455
442 1245
442 1246
442 1251
442 1290
442 1302
443 446
443 478
443 497
443 1235
443 1309
444 450
444 451
444 488
444 573
444 1280
444 1302
445 447
445 466
445 473
445 476
445 479
445 484
445 507
446 478
446 492
446 1248
447 461
447 476
447 509
448 473
448 495
449 492
449 505
449 562
449 571
450 480
450 488
450 506
450 1269
450 1313
452 460
452 502
452 1224
452 1257
452 1303
453 481
453 1257
454 455
454 457
454 496
455 488
455 498
456 505
456 517
456 563
456 671
456 731
457 459
457 485
457 1245
457 1313
458 552
458 573
458 1290
458 1302
458 1378
459 496
459 674
460 489
460 522
460 596
460 605
461 496
461 509
461 612
462 464
462 471
462 491
462 505
462 508
463 475
463 481
463 484
463 490
464 501
464 505
464 517
464 535
464 606
465 475
465 476
465 500
465 527
465 566
465 659
465 677
465 711
465 809
466 472
466 473
466 479
466 503
467 500
467 645
467 809
467 1316
467 1466
467 1577
468 480
468 485
468 1295
469 471
469 474
469 487
470 498
470 499
470 501
470 521
470 534
470 636
471 474
471 491
472 479
472 503
472 504
472 510
472 574
473 479
473 503
474 524
474 607
475 476
475 566
475 659
475 711
476 566
477 497
477 508
477 699
478 491
479 503
480 482
480 506
480 1313
481 490
481 605
481 613
481 648
481 670
482 487
482 506
483 493
483 494
484 507
484 522
485 503
485 1305
486 493
486 494
487 499
487 506
487 607
488 499
488 506
488 573
489 513
489 522
489 596
491 494
492 571
492 1248
493 494
495 496
496 672
497 705
497 1239
498 521
498 629
498 636
498 724
499 501
499 506
500 527
500 809
501 606
501 607
502 1257
502 1281
502 1318
504 510
504 545
504 1305
504 1319
507 522
507 539
507 586
509 612
509 659
509 674
509 698
510 516
510 545
510 574
510 1355
511 512
511 558
511 602
512 532
512 543
512 565
512 585
512 602
513 568
513 592
513 596
514 519
514 527
514 538
514 561
514 569
514 581
514 736
514 789
515 526
515 576
515 582
515 587
515 1324
515 1325
515 1385
516 530
516 538
516 581
516 1355
516 1409
517 529
517 535
517 563
517 606
517 810
518 536
518 550
518 564
518 579
518 591
518 596
518 605
519 538
519 577
519 581
519 588
519 589
520 568
520 598
520 601
520 604
520 1399
521 528
521 537
521 567
521 724
522 539
522 596
523 548
523 558
523 578
524 535
524 578
525 528
525 541
525 588
525 599
525 786
526 533
526 544
526 575
526 576
526 577
526 582
526 583
527 538
527 561
527 566
527 581
527 809
528 583
528 588
528 589
529 532
529 534
529 537
529 553
529 599
529 606
530 545
530 560
530 1355
531 534
531 548
531 567
531 583
531 602
532 553
532 565
532 602
533 560
533 575
533 1184
534 602
534 606
534 607
535 543
535 606
536 550
536 598
536 600
536 605
536 795
537 599
537 603
537 729
537 798
538 549
538 561
538 577
538 595
539 542
539 596
540 556
540 557
540 594
540 600
540 1391
540 1419
540 1550
541 564
541 579
541 591
541 781
542 555
542 596
543 562
543 585
543 590
544 559
544 577
544 583
544 588
545 1319
545 1346
545 1355
546 547
546 554
546 562
546 571
546 594
546 1336
546 1362
547 570
547 1234
547 1350
547 1362
547 1376
548 551
548 567
548 573
548 576
548 583
549 559
549 561
549 584
550 579
550 591
550 593
550 600
550 770
550 788
550 795
551 576
551 1160
551 1174
551 1325
551 1380
552 724
552 780
552 1357
552 1599
553 590
553 599
554 562
554 601
554 1336
554 1371
554 1395
555 564
555 572
555 585
556 597
556 600
556 604
556 770
556 774
557 570
557 580
557 594
557 1350
557 1550
558 576
559 572
559 575
559 595
560 575
560 1164
560 1184
561 564
561 566
561 584
561 591
562 571
563 570
563 580
563 597
563 731
563 734
563 810
564 579
564 584
564 591
565 572
565 585
566 584
567 573
567 583
567 587
568 601
568 1200
568 1399
569 591
569 593
569 711
569 789
570 580
570 594
570 597
570 1350
571 1234
571 1336
573 1380
573 1385
574 586
574 595
575 595
576 583
577 582
577 588
578 602
578 607
579 591
579 604
580 807
580 1350
580 1535
580 1543
581 809
582 587
582 790
582 1367
582 1389
583 587
583 588
584 586
585 590
585 601
586 595
587 725
587 1357
587 1385
588 589
589 725
589 786
589 800
590 597
590 604
591 593
592 598
592 1217
592 1303
592 1368
592 1399
593 605
593 648
593 726
593 788
594 1362
597 604
597 774
597 803
598 1399
599 781
599 798
599 803
600 604
600 770
600 795
600 802
600 1331
600 1419
603 606
603 664
603 729
603 806
605 648
606 607
608 618
608 630
608 639
608 708
608 716
608 733
608 746
608 761
608 787
609 639
609 684
609 709
609 733
610 616
610 626
610 653
610 675
610 680
610 687
610 698
610 700
611 631
611 662
611 699
612 653
612 655
612 656
612 672
612 698
613 621
613 630
613 648
613 662
613 670
614 681
614 702
614 772
614 791
614 1425
614 1469
614 1477
615 644
615 647
616 624
616 646
616 675
616 703
617 623
617 628
617 647
617 665
617 694
617 794
618 630
618 641
618 660
618 697
618 708
619 644
619 673
619 682
620 687
620 701
620 706
620 1440
620 1447
620 1513
621 632
621 648
621 707
621 1521
622 627
622 650
622 657
622 664
622 665
622 806
623 628
623 642
623 647
623 678
623 784
623 794
624 626
624 675
624 687
624 702
624 703
625 673
625 690
625 695
625 749
625 765
625 792
626 644
626 687
627 671
627 705
628 647
628 694
628 754
628 765
628 768
629 636
629 676
629 690
629 749
630 632
630 641
630 693
630 761
631 640
631 641
631 662
631 689
631 693
632 660
632 707
632 756
633 635
633 644
633 647
633 678
633 680
633 695
633 701
634 642
634 647
634 653
634 700
635 643
635 680
635 701
636 729
637 675
637 677
637 681
637 688
638 649
638 651
638 666
638 683
639 646
639 663
639 684
639 688
639 693
640 649
640 655
640 658
640 693
641 649
641 689
641 693
642 647
642 656
642 657
642 664
642 678
643 672
643 680
643 686
643 706
644 682
645 661
645 681
645 686
645 791
645 1425
645 1466
646 653
646 658
646 684
646 688
646 693
646 700
647 678
648 707
648 788
649 658
649 689
649 697
649 704
650 652
650 665
650 685
650 742
650 794
651 654
651 667
651 689
651 691
651 1479
652 654
652 671
652 692
652 742
652 807
653 655
653 680
653 698
653 700
654 667
654 685
654 692
654 1505
655 662
655 693
655 699
656 657
656 664
656 672
656 680
657 664
657 699
658 684
658 693
658 700
659 670
659 688
659 711
660 669
660 679
660 710
660 1431
661 675
661 681
661 686
661 687
661 1425
661 1480
662 670
662 693
663 670
663 688
663 711
663 760
663 761
663 801
664 806
666 683
666 685
666 696
666 1438
667 691
667 705
668 671
668 705
668 1294
668 1455
669 679
669 689
669 1511
670 693
671 705
671 731
671 807
672 698
673 682
673 690
673 701
673 1447
673 1560
674 677
674 686
674 698
675 681
675 687
675 698
675 703
676 690
676 701
676 1290
676 1448
676 1463
677 711
677 801
677 809
678 695
678 765
679 710
679 826
679 1431
679 1511
681 703
681 791
682 1513
683 704
683 867
684 697
685 692
685 696
685 808
685 1438
687 702
688 698
689 1479
690 701
690 749
690 1442
690 1448
691 705
691 1455
691 1479
692 797
692 808
692 1438
692 1444
692 1494
692 1505
695 701
695 765
697 704
702 703
702 894
702 1469
706 1440
706 1463
706 1480
706 1502
707 795
707 1521
708 746
709 733
709 763
709 782
709 796
710 799
710 826
710 1006
710 1431
711 801
712 718
712 720
712 721
712 749
712 764
712 780
712 792
712 1603
713 722
713 766
713 769
713 799
713 802
713 1539
713 1594
714 719
714 726
714 743
714 747
714 770
714 781
715 734
715 740
715 748
715 750
715 769
715 785
715 797
715 1567
716 746
716 759
716 761
716 766
716 787
716 799
717 723
717 744
717 763
717 778
717 793
718 752
718 764
718 767
718 1576
719 739
719 743
719 747
719 769
719 770
719 774
719 803
720 721
720 757
720 764
720 765
720 768
720 777
721 745
721 752
721 764
721 775
722 753
722 759
722 766
722 783
723 732
723 760
723 763
723 782
723 787
723 793
724 725
724 780
725 757
725 780
725 800
726 760
726 761
726 787
726 788
727 737
727 745
727 754
727 768
727 805
728 764
728 767
728 792
729 777
730 745
730 758
730 762
731 742
731 806
731 810
732 741
732 747
732 775
732 786
732 789
733 746
733 763
733 787
734 739
734 740
734 774
735 771
735 1333
735 1577
735 1592
735 1617
736 741
736 771
736 789
736 801
736 809
737 747
737 755
737 775
737 779
738 748
738 750
738 808
739 750
739 755
740 769
740 774
740 1530
740 1594
741 786
741 789
741 800
741 804
742 797
742 807
743 747
743 766
743 773
743 778
744 745
744 778
744 793
745 775
745 793
746 759
746 787
747 755
747 781
748 785
748 1567
748 1578
748 1619
749 1599
749 1603
750 779
750 794
751 758
751 772
751 811
751 945
751 1533
751 1597
752 762
752 800
752 1553
753 1619
754 768
754 776
754 794
754 805
755 777
755 784
755 798
756 799
756 802
756 1595
756 1616
757 798
757 800
758 762
758 945
758 1576
759 766
759 783
759 787
760 761
760 787
760 789
760 801
761 787
762 793
763 782
763 796
764 767
764 792
765 768
766 787
767 792
767 986
768 777
769 773
769 785
769 1594
770 774
770 788
770 802
771 791
771 804
771 809
772 791
772 1533
773 778
773 779
774 803
775 793
776 794
776 805
777 784
777 798
779 805
780 1357
780 1599
781 789
781 803
782 796
782 801
783 799
783 1557
784 794
784 806
785 1567
785 1594
785 1619
786 789
788 795
790 1389
790 1586
791 1533
792 1560
792 1603
795 802
795 1331
797 807
797 808
797 1593
799 1557
799 1595
801 809
802 1331
802 1419
802 1556
804 811
806 810
807 1535
808 1578
811 1533
811 1553
811 1592
811 1597
812 825
812 830
812 836
812 858
812 886
812 898
812 899
813 817
813 887
813 930
813 980
813 1432
813 1610
814 830
814 831
814 840
814 849
814 851
814 863
814 875
814 889
815 846
815 891
815 899
815 926
815 1092
815 1218
816 839
816 861
816 890
816 901
816 905
817 827
817 838
817 862
817 870
817 891
818 824
818 845
818 869
818 877
818 920
818 1010
818 1028
818 1031
819 847
819 887
819 910
819 912
819 927
819 1512
820 850
820 852
820 882
820 897
821 829
821 850
821 866
821 867
821 874
822 865
822 885
822 1056
822 1078
822 1086
823 832
823 890
823 901
823 902
823 1008
823 1023
824 855
824 869
824 883
824 920
824 982
824 1063
824 1144
825 830
825 842
825 856
825 858
825 895
825 903
825 1443
826 838
826 930
826 1006
827 870
827 882
827 896
827 1499
827 1511
828 830
828 834
828 841
828 892
828 898
828 1066
829 860
829 866
829 871
829 874
829 878
829 884
829 893
830 841
830 849
830 889
830 898
831 840
831 841
831 871
831 875
831 893
832 902
832 972
832 1007
832 1008
833 842
833 847
833 856
833 861
833 864
833 880
833 894
834 837
834 841
834 853
834 855
834 869
834 875
834 883
835 888
835 900
835 1513
836 873
836 892
836 899
837 855
837 872
837 978
837 1019
837 1020
837 1046
837 1066
838 862
838 885
838 896
839 890
840 851
840 860
840 893
841 869
841 875
841 883
841 889
841 892
842 856
842 864
842 895
842 1457
843 877
843 884
844 856
844 881
844 895
844 898
845 878
845 918
845 920
846 858
846 899
846 926
846 1007
847 858
847 864
847 880
847 927
848 850
848 873
848 882
848 893
848 897
849 853
849 863
849 875
849 881
849 895
849 898
850 860
850 867
850 882
851 1443
851 1471
851 1481
852 1078
853 868
853 875
853 888
853 950
853 963
854 873
854 892
854 1028
854 1069
855 883
855 950
855 953
855 978
855 1000
855 1046
856 858
856 861
857 862
857 885
857 915
857 922
857 958
857 1056
857 1133
859 872
859 879
859 881
860 866
860 893
860 1517
861 894
862 885
862 891
862 915
862 925
863 875
863 1435
863 1468
863 1518
863 1519
864 880
864 903
864 927
864 1503
864 1514
865 873
865 891
866 871
866 876
866 1438
866 1453
866 1517
867 1517
868 875
868 883
868 904
868 950
868 963
868 1518
869 883
869 1028
869 1063
870 887
871 878
871 916
872 881
872 1001
872 1020
873 1086
873 1095
874 878
874 884
875 883
876 878
876 973
876 1438
876 1453
876 1454
877 884
877 1010
877 1030
877 1031
877 1101
878 916
878 956
879 881
879 1015
879 1099
879 1107
880 905
880 927
880 952
880 977
880 1618
881 898
882 896
883 950
883 982
884 897
885 922
885 1090
886 898
886 1015
886 1052
887 891
887 1481
887 1512
887 1610
888 900
888 943
888 963
889 893
890 1027
890 1077
891 912
891 926
892 1052
892 1069
894 1469
894 1503
897 1018
899 1092
900 971
900 986
900 1446
900 1560
901 902
901 1007
902 960
902 1008
902 1077
903 1424
903 1443
903 1457
903 1471
903 1481
903 1512
904 1437
904 1450
904 1515
904 1518
904 1548
904 1608
906 931
906 1030
907 932
907 941
907 957
907 1548
907 1598
908 924
908 981
908 992
908 995
908 1175
909 931
909 991
909 999
909 1143
909 1194
909 1202
910 912
910 927
910 946
910 980
910 988
910 1512
910 1514
910 1610
911 913
911 937
911 939
911 941
911 966
911 982
911 987
911 990
911 998
912 926
912 936
912 980
912 988
913 934
913 937
913 941
913 965
913 974
913 990
914 924
914 989
914 1004
915 922
915 925
915 947
915 958
915 959
916 918
916 956
916 965
916 1454
917 925
917 959
917 961
917 962
917 967
917 985
918 920
918 956
918 982
919 938
919 945
919 952
919 977
919 1004
920 982
920 987
920 990
920 1173
921 949
921 989
921 992
921 994
921 1004
922 1090
922 1162
923 966
923 975
923 979
923 991
923 996
923 997
923 999
923 1187
924 938
924 1214
925 936
925 959
925 985
926 936
926 972
926 1007
927 946
927 952
927 977
927 1514
927 1615
928 944
928 989
928 994
928 1004
928 1005
929 942
929 956
929 968
929 990
929 991
929 1002
930 1006
930 1432
930 1458
930 1612
931 1194
931 1202
932 957
932 993
933 935
933 948
933 970
933 972
933 996
933 998
933 1180
933 1207
934 962
934 965
934 968
934 974
934 1002
934 1607
935 936
935 947
935 958
935 996
935 1180
935 1191
935 1216
936 958
937 941
937 948
937 961
937 974
937 997
937 998
938 954
938 960
939 940
939 941
939 948
939 966
939 970
939 995
939 998
940 941
940 949
940 953
940 969
940 995
940 1000
940 1196
941 948
941 949
942 968
942 983
942 991
942 999
943 963
943 976
943 978
943 984
944 969
944 976
944 989
945 952
945 1004
946 952
946 977
946 1600
946 1615
947 958
947 959
947 975
947 979
947 996
947 1191
948 949
948 995
948 998
949 969
949 989
949 995
950 953
950 957
950 963
950 978
950 982
951 981
951 984
951 1001
952 977
952 1618
953 978
953 982
953 987
953 1000
954 960
954 972
954 992
954 1007
955 980
955 985
955 1582
955 1600
955 1604
956 965
956 990
956 1002
957 963
957 969
957 976
958 1133
958 1191
958 1218
959 975
959 979
960 1077
960 1158
960 1172
961 974
961 975
961 979
961 985
961 997
961 998
962 967
962 968
962 974
962 983
962 1575
962 1619
963 971
963 976
964 971
964 976
964 986
964 1005
964 1568
965 1002
965 1548
965 1607
966 996
966 997
966 998
966 1141
966 1212
967 1006
967 1528
967 1557
968 983
968 1002
968 1619
969 976
969 981
969 984
969 989
970 1180
970 1204
970 1212
971 986
971 1568
972 1007
972 1207
972 1216
973 1002
973 1578
974 1570
974 1604
975 979
975 983
975 997
975 999
978 984
978 1000
978 1003
979 996
979 997
979 998
980 985
980 1610
981 995
982 987
983 997
984 1001
984 1003
986 1560
987 1141
987 1144
987 1173
989 994
989 995
989 1004
990 991
990 997
991 997
991 999
992 995
993 1566
993 1582
993 1600
994 1004
994 1005
996 998
996 1191
1000 1003
1000 1046
1000 1196
1000 1209
1001 1003
1001 1019
1001 1049
1001 1213
1002 1578
1003 1019
1003 1129
1003 1169
1003 1196
1005 1576
1005 1613
1006 1557
1008 1023
1008 1032
1008 1062
1008 1179
1009 1012
1009 1021
1009 1029
1009 1035
1009 1070
1009 1088
1009 1097
1009 1104
1010 1030
1010 1031
1010 1060
1010 1173
1010 1194
1011 1018
1011 1035
1011 1041
1011 1047
1011 1069
1011 1070
1012 1041
1012 1043
1012 1070
1012 1088
1012 1104
1012 1264
1012 1276
1012 1317
1013 1049
1013 1093
1013 1210
1013 1211
1014 1024
1014 1036
1014 1069
1014 1073
1014 1091
1014 1100
1015 1033
1015 1052
1015 1066
1015 1099
1015 1100
1016 1017
1016 1026
1016 1047
1016 1064
1017 1050
1017 1064
1017 1083
1017 1105
1017 1150
1018 1021
1018 1028
1018 1035
1018 1069
1018 1101
1019 1020
1019 1046
1019 1049
1019 1129
1020 1033
1020 1066
1020 1107
1021 1029
1021 1035
1021 1101
1022 1037
1022 1067
1022 1075
1022 1089
1023 1027
1023 1032
1024 1045
1024 1071
1024 1073
1024 1103
1025 1079
1025 1082
1025 1087
1025 1102
1025 1103
1026 1038
1026 1054
1026 1104
1027 1037
1027 1058
1027 1077
1028 1031
1028 1063
1028 1069
1028 1101
1029 1060
1029 1097
1029 1101
1030 1060
1030 1194
1031 1039
1031 1045
1031 1063
1031 1101
1032 1050
1032 1052
1032 1062
1032 1067
1032 1091
1033 1066
1033 1099
1033 1100
1033 1107
1034 1036
1034 1079
1034 1098
1034 1237
1034 1256
1035 1041
1035 1047
1035 1053
1035 1104
1036 1067
1036 1081
1036 1082
1036 1091
1036 1098
1037 1075
1037 1094
1038 1043
1038 1104
1038 1247
1039 1045
1039 1070
1039 1097
1039 1101
1039 1205
1040 1067
1040 1075
1040 1082
1040 1094
1040 1102
1040 1106
1040 1314
1041 1047
1041 1065
1041 1081
1041 1104
1041 1276
1042 1096
1042 1208
1042 1215
1042 1243
1042 1317
1043 1088
1043 1104
1043 1247
1043 1264
1043 1276
1044 1087
1044 1094
1045 1063
1045 1069
1045 1071
1045 1073
1045 1111
1046 1063
1046 1066
1046 1084
1047 1057
1047 1064
1047 1081
1047 1086
1047 1095
1048 1055
1048 1074
1048 1103
1048 1262
1048 1286
1048 1415
1048 1418
1049 1213
1050 1062
1050 1064
1050 1091
1050 1098
1050 1105
1051 1089
1051 1098
1051 1105
1051 1106
1051 1238
1051 1261
1052 1100
1053 1061
1053 1104
1054 1085
1054 1270
1054 1276
1054 1281
1055 1072
1055 1093
1055 1168
1055 1210
1055 1315
1055 1418
1056 1057
1056 1059
1056 1086
1056 1090
1056 1133
1056 1218
1057 1059
1057 1078
1057 1086
1058 1077
1058 1172
1059 1076
1059 1090
1059 1133
1060 1068
1060 1113
1061 1076
1062 1067
1062 1179
1063 1073
1063 1084
1063 1111
1063 1144
1064 1080
1064 1092
1065 1081
1065 1083
1065 1276
1065 1288
1066 1073
1066 1100
1068 1097
1068 1161
1068 1192
1068 1208
1069 1073
1069 1095
1070 1101
1071 1072
1071 1073
1071 1074
1071 1084
1071 1103
1072 1074
1072 1084
1072 1128
1072 1142
1072 1210
1073 1084
1073 1100
1074 1096
1074 1103
1074 1110
1074 1128
1074 1415
1075 1094
1076 1203
1078 1086
1079 1082
1079 1102
1079 1103
1079 1256
1080 1092
1080 1150
1080 1216
1080 1218
1081 1083
1081 1091
1081 1098
1082 1094
1082 1100
1082 1102
1083 1098
1083 1276
1083 1282
1084 1111
1084 1142
1085 1151
1085 1217
1085 1242
1085 1274
1085 1318
1086 1095
1087 1093
1087 1102
1087 1219
1088 1097
1088 1104
1089 1106
1089 1238
1089 1319
1090 1133
1090 1162
1091 1095
1092 1095
1093 1160
1093 1210
1093 1211
1093 1315
1094 1099
1096 1215
1096 1291
1096 1317
1099 1100
1099 1107
1102 1295
1102 1314
1105 1199
1105 1261
1106 1238
1106 1289
1106 1314
1108 1117
1108 1122
1108 1123
1108 1136
1108 1139
1108 1189
1108 1201
1109 1141
1109 1147
1109 1157
1109 1185
1109 1193
1109 1206
1109 1212
1110 1128
1110 1146
1110 1148
1110 1167
1110 1168
1110 1415
1110 1418
1111 1128
1111 1144
1111 1157
1111 1209
1112 1135
1112 1138
1112 1145
1112 1155
1112 1163
1112 1166
1112 1178
1113 1121
1113 1183
1113 1192
1113 1194
1113 1202
1114 1115
1114 1127
1114 1154
1114 1169
1114 1213
1115 1127
1115 1160
1115 1174
1115 1195
1115 1211
1116 1164
1116 1166
1116 1346
1116 1349
1116 1358
1116 1363
1117 1139
1117 1193
1117 1198
1117 1206
1118 1125
1118 1153
1118 1189
1118 1198
1118 1404
1119 1139
1119 1143
1119 1183
1119 1187
1120 1139
1120 1162
1120 1187
1120 1191
1121 1157
1121 1161
1121 1177
1121 1183
1121 1185
1121 1192
1121 1205
1122 1123
1122 1132
1122 1186
1122 1189
1122 1203
1123 1151
1123 1186
1123 1189
1123 1200
1123 1201
1123 1368
1123 1416
1124 1138
1124 1145
1124 1147
1124 1163
1124 1193
1124 1196
1124 1204
1124 1209
1124 1212
1125 1138
1125 1155
1125 1190
1125 1369
1126 1138
1126 1146
1126 1148
1126 1167
1126 1185
1126 1193
1126 1198
1127 1134
1127 1135
1127 1174
1127 1184
1128 1146
1128 1167
1129 1142
1129 1169
1129 1195
1129 1210
1129 1213
1130 1135
1130 1145
1130 1154
1130 1169
1130 1195
1130 1196
1130 1204
1131 1165
1131 1170
1131 1171
1131 1179
1131 1182
1131 1199
1132 1136
1132 1149
1132 1150
1132 1181
1132 1189
1133 1149
1133 1162
1133 1218
1134 1135
1134 1137
1134 1166
1134 1174
1134 1184
1134 1188
1134 1363
1135 1145
1135 1154
1135 1159
1135 1178
1135 1195
1136 1149
1136 1156
1136 1176
1136 1189
1136 1190
1137 1155
1137 1166
1137 1197
1137 1363
1137 1381
1137 1387
1138 1145
1138 1155
1138 1163
1138 1190
1138 1193
1138 1197
1139 1187
1139 1201
1140 1165
1140 1170
1141 1143
1141 1173
1141 1206
1141 1212
1142 1146
1142 1195
1142 1209
1143 1183
1143 1187
1143 1194
1143 1202
1144 1147
1144 1157
1144 1173
1144 1209
1145 1195
1145 1197
1145 1204
1146 1148
1146 1167
1146 1197
1147 1157
1147 1209
1147 1212
1148 1167
1148 1197
1148 1381
1149 1150
1149 1191
1149 1216
1149 1218
1150 1156
1150 1176
1150 1181
1151 1181
1151 1189
1151 1274
1151 1368
1151 1384
1151 1386
1152 1161
1152 1177
1152 1192
1152 1208
1152 1332
1152 1334
1152 1395
1153 1198
1153 1201
1153 1416
1154 1159
1154 1169
1154 1214
1155 1156
1155 1163
1155 1166
1155 1171
1155 1190
1156 1171
1156 1176
1156 1181
1156 1189
1156 1190
1157 1173
1157 1205
1158 1159
1158 1165
1158 1172
1159 1165
1159 1178
1159 1214
1160 1174
1160 1211
1160 1315
1161 1177
1161 1192
1161 1205
1161 1208
1161 1334
1163 1190
1163 1204
1164 1165
1164 1166
1164 1178
1164 1184
1165 1170
1165 1172
1165 1178
1165 1182
1166 1178
1166 1363
1167 1215
1167 1334
1168 1188
1168 1210
1168 1418
1169 1195
1169 1213
1171 1176
1171 1179
1171 1182
1171 1199
1172 1179
1172 1182
1173 1194
1174 1188
1174 1325
1175 1204
1175 1207
1176 1180
1176 1190
1176 1207
1176 1216
1177 1185
1177 1198
1177 1334
1178 1182
1179 1182
1180 1207
1180 1216
1181 1189
1181 1386
1183 1185
1183 1192
1184 1363
1185 1193
1185 1198
1186 1200
1186 1203
1186 1217
1188 1197
1188 1381
1190 1193
1193 1198
1193 1206
1193 1212
1194 1202
1196 1204
1196 1209
1197 1381
1199 1349
1199 1397
1200 1201
1200 1217
1200 1368
1200 1416
1206 1212
1207 1216
1208 1243
1208 1248
1208 1332
1210 1211
1215 1334
1215 1411
1215 1415
1216 1218
1217 1303
1217 1318
1217 1368
1219 1233
1219 1269
1219 1280
1219 1315
1220 1261
1220 1274
1220 1282
1220 1299
1220 1307
1220 1345
1221 1268
1221 1272
1221 1308
1221 1320
1221 1405
1221 1493
1222 1227
1222 1250
1222 1285
1222 1293
1222 1296
1223 1247
1223 1264
1223 1270
1223 1278
1223 1292
1223 1309
1224 1284
1224 1303
1225 1226
1225 1227
1225 1266
1225 1306
1225 1422
1225 1496
1226 1231
1226 1237
1226 1240
1226 1250
1226 1253
1226 1263
1226 1266
1226 1299
1227 1279
1227 1285
1227 1306
1227 1307
1227 1496
1228 1229
1228 1308
1228 1427
1228 1487
1228 1492
1229 1231
1229 1244
1229 1249
1229 1268
1229 1308
1229 1492
1230 1243
1230 1260
1230 1272
1230 1300
1230 1411
1231 1240
1231 1249
1231 1263
1231 1301
1231 1321
1231 1487
1232 1242
1232 1257
1232 1267
1232 1270
1232 1273
1232 1278
1232 1281
1232 1284
1233 1280
1233 1283
1233 1302
1233 1315
1233 1379
1234 1235
1234 1243
1234 1248
1234 1297
1234 1336
1234 1376
1235 1294
1235 1297
1235 1310
1236 1275
1236 1287
1236 1289
1236 1293
1237 1240
1237 1254
1237 1256
1237 1271
1238 1255
1238 1289
1238 1305
1238 1319
1239 1292
1239 1294
1239 1311
1240 1256
1240 1271
1240 1301
1241 1253
1241 1264
1241 1270
1241 1276
1241 1282
1241 1288
1242 1274
1242 1281
1242 1303
1242 1366
1242 1384
1243 1248
1243 1411
1244 1249
1244 1260
1244 1268
1244 1272
1244 1300
1244 1308
1244 1310
1245 1246
1245 1251
1245 1277
1245 1313
1246 1269
1246 1277
1246 1302
1246 1313
1247 1278
1247 1281
1247 1309
1249 1262
1249 1283
1249 1300
1250 1266
1250 1301
1251 1463
1251 1491
1252 1273
1252 1312
1252 1421
1252 1422
1252 1423
1252 1500
1253 1270
1253 1273
1253 1282
1253 1299
1253 1306
1254 1258
1254 1261
1254 1282
1254 1289
1254 1299
1255 1258
1255 1293
1255 1298
1255 1305
1255 1355
1255 1396
1256 1262
1256 1271
1256 1288
1257 1267
1257 1278
1258 1261
1258 1293
1258 1298
1258 1351
1258 1396
1259 1283
1259 1302
1259 1337
1259 1352
1259 1378
1259 1379
1259 1506
1260 1264
1260 1291
1260 1317
1261 1345
1262 1286
1262 1291
1262 1415
1263 1312
1263 1321
1264 1276
1264 1317
1265 1279
1265 1306
1265 1372
1265 1374
1265 1467
1266 1321
1266 1472
1267 1273
1267 1284
1267 1516
1268 1272
1268 1310
1268 1492
1269 1271
1269 1275
1269 1295
1269 1313
1270 1276
1270 1281
1270 1282
1271 1275
1271 1301
1272 1300
1272 1310
1272 1320
1273 1306
1274 1384
1274 1386
1275 1277
1275 1289
1275 1313
1275 1314
1277 1301
1277 1304
1278 1309
1279 1359
1279 1372
1279 1496
1279 1504
1279 1529
1279 1554
1280 1302
1280 1315
1280 1380
1281 1318
1282 1299
1283 1301
1283 1379
1284 1303
1284 1342
1284 1366
1285 1351
1285 1359
1285 1537
1285 1554
1286 1300
1286 1379
1286 1394
1286 1415
1286 1418
1287 1293
1287 1296
1287 1520
1288 1291
1289 1293
1289 1305
1289 1314
1290 1448
1291 1317
1292 1294
1292 1310
1292 1311
1293 1298
1294 1310
1294 1459
1294 1493
1295 1313
1295 1314
1296 1449
1296 1451
1296 1520
1297 1350
1297 1376
1298 1347
1298 1351
1298 1396
1298 1406
1299 1307
1300 1308
1300 1326
1301 1304
1302 1378
1303 1366
1304 1487
1304 1491
1304 1502
1305 1319
1306 1307
1307 1345
1307 1351
1307 1372
1308 1326
1308 1405
1308 1414
1311 1423
1311 1459
1312 1321
1312 1421
1312 1422
1312 1485
1315 1353
1315 1418
1316 1520
1316 1577
1319 1346
1320 1405
1320 1493
1320 1543
1320 1614
1321 1422
1321 1472
1321 1473
1321 1487
1321 1492
1322 1330
1322 1343
1322 1356
1322 1370
1322 1373
1322 1398
1323 1345
1323 1360
1323 1384
1323 1386
1323 1402
1323 1404
1324 1325
1324 1354
1324 1365
1324 1377
1324 1385
1324 1387
1324 1389
1325 1353
1326 1330
1326 1370
1326 1405
1327 1341
1327 1345
1327 1351
1327 1358
1327 1396
1327 1397
1327 1402
1328 1331
1328 1342
1328 1388
1328 1413
1328 1419
1328 1536
1328 1596
1329 1330
1329 1405
1329 1407
1329 1414
1329 1583
1329 1591
1330 1348
1330 1356
1330 1407
1331 1419
1332 1334
1332 1336
1332 1411
1333 1361
1333 1406
1333 1409
1333 1572
1333 1577
1333 1617
1334 1383
1334 1398
1334 1411
1335 1362
1335 1371
1335 1382
1335 1392
1335 1407
1335 1408
1336 1362
1336 1376
1336 1395
1337 1353
1337 1354
1337 1356
1337 1378
1337 1379
1337 1380
1337 1385
1337 1394
1338 1342
1338 1360
1338 1366
1338 1382
1338 1384
1338 1388
1338 1393
1338 1399
1339 1347
1339 1361
1339 1377
1339 1401
1339 1403
1339 1410
1340 1341
1340 1375
1340 1403
1340 1529
1340 1531
1340 1611
1341 1344
1341 1359
1341 1402
1341 1410
1342 1344
1342 1366
1342 1374
1342 1388
1343 1356
1343 1373
1343 1381
1343 1387
1343 1401
1344 1360
1344 1372
1344 1400
1344 1529
1345 1351
1346 1349
1347 1355
1347 1377
1347 1396
1347 1406
1347 1409
1348 1352
1348 1356
1348 1414
1348 1525
1348 1562
1349 1358
1349 1396
1350 1376
1350 1392
1350 1412
1351 1359
1351 1396
1352 1356
1352 1379
1352 1414
1353 1380
1353 1394
1353 1418
1354 1356
1354 1357
1354 1365
1354 1378
1354 1385
1355 1409
1356 1394
1357 1385
1357 1389
1357 1563
1358 1396
1358 1397
1358 1401
1359 1537
1359 1611
1360 1384
1360 1393
1360 1400
1360 1402
1360 1404
1361 1367
1361 1406
1361 1409
1361 1617
1362 1371
1362 1376
1362 1392
1363 1377
1363 1387
1364 1376
1364 1392
1364 1407
1365 1389
1365 1390
1365 1563
1366 1372
1366 1384
1367 1389
1367 1409
1368 1384
1368 1399
1368 1416
1369 1373
1369 1397
1369 1401
1369 1402
1370 1394
1370 1398
1371 1382
1371 1395
1373 1401
1373 1402
1373 1410
1374 1467
1374 1516
1374 1521
1374 1536
1374 1616
1375 1417
1375 1573
1376 1392
1378 1380
1378 1385
1378 1579
1379 1394
1380 1385
1381 1387
1382 1388
1382 1393
1383 1398
1383 1408
1384 1386
1387 1401
1388 1391
1388 1400
1388 1413
1388 1419
1389 1563
1390 1403
1390 1417
1390 1538
1390 1563
1390 1584
1390 1586
1390 1617
1391 1392
1391 1413
1391 1419
1391 1550
1391 1573
1392 1407
1392 1412
1393 1404
1393 1416
1394 1418
1398 1407
1398 1408
1400 1413
1401 1410
1402 1410
1403 1410
1403 1417
1403 1538
1404 1416
1405 1414
1405 1614
1406 1409
1407 1408
1412 1522
1412 1543
1412 1550
1412 1573
1412 1583
1413 1573
1414 1562
1414 1591
1415 1418
1419 1596
1420 1439
1420 1440
1420 1462
1420 1468
1420 1476
1420 1486
1420 1490
1421 1422
1421 1423
1421 1426
1421 1433
1421 1470
1421 1485
1421 1500
1422 1470
1422 1473
1422 1485
1422 1500
1422 1508
1422 1510
1423 1426
1423 1459
1423 1465
1424 1429
1424 1457
1424 1464
1424 1484
1425 1456
1425 1466
1425 1469
1425 1477
1425 1480
1425 1507
1426 1433
1426 1436
1426 1465
1426 1470
1426 1497
1427 1445
1427 1452
1427 1506
1427 1552
1427 1562
1428 1441
1428 1470
1428 1483
1428 1485
1428 1489
1428 1510
1429 1477
1429 1482
1429 1484
1429 1507
1429 1514
1429 1581
1430 1433
1430 1460
1430 1467
1430 1501
1430 1504
1430 1580
1430 1588
1430 1612
1430 1620
1431 1458
1431 1595
1431 1620
1432 1458
1432 1501
1432 1610
1432 1612
1433 1460
1433 1467
1433 1500
1433 1501
1434 1460
1434 1464
1434 1482
1434 1484
1434 1504
1435 1441
1435 1468
1435 1474
1435 1486
1435 1515
1436 1470
1436 1483
1436 1497
1436 1499
1436 1511
1437 1498
1437 1534
1437 1540
1437 1542
1437 1598
1437 1608
1438 1453
1438 1494
1438 1505
1439 1451
1439 1456
1439 1462
1439 1464
1439 1472
1439 1476
1439 1502
1440 1447
1440 1456
1440 1462
1440 1480
1441 1473
1441 1476
1441 1486
1442 1446
1442 1560
1442 1568
1442 1603
1443 1457
1443 1468
1443 1471
1444 1455
1444 1488
1444 1493
1444 1494
1444 1543
1444 1593
1445 1452
1445 1462
1445 1472
1445 1486
1445 1487
1445 1491
1446 1447
1446 1519
1446 1560
1446 1568
1447 1490
1447 1513
1448 1506
1448 1579
1448 1599
1449 1451
1449 1482
1449 1484
1449 1507
1449 1572
1450 1454
1450 1475
1450 1489
1450 1515
1450 1608
1451 1461
1451 1502
1451 1507
1451 1520
1452 1474
1452 1486
1452 1552
1453 1475
1453 1483
1453 1494
1453 1505
1453 1517
1454 1494
1454 1608
1455 1459
1455 1478
1455 1505
1456 1469
1456 1480
1456 1507
1457 1490
1458 1501
1459 1478
1459 1485
1460 1464
1460 1496
1460 1501
1460 1504
1460 1508
1461 1484
1461 1496
1461 1508
1462 1463
1462 1491
1462 1502
1463 1491
1464 1471
1464 1476
1464 1484
1464 1508
1466 1507
1466 1520
1466 1577
1467 1500
1467 1516
1467 1620
1468 1474
1468 1490
1468 1518
1468 1519
1469 1503
1469 1507
1470 1485
1470 1497
1470 1510
1471 1476
1471 1481
1471 1510
1472 1473
1472 1476
1472 1487
1472 1508
1473 1485
1473 1487
1473 1492
1473 1508
1474 1486
1474 1518
1474 1519
1475 1478
1475 1483
1475 1488
1475 1489
1475 1494
1475 1505
1476 1486
1476 1508
1477 1503
1477 1507
1477 1533
1477 1572
1477 1581
1478 1485
1478 1497
1479 1497
1479 1505
1479 1517
1480 1502
1481 1499
1482 1484
1482 1527
1482 1537
1482 1554
1482 1581
1483 1489
1483 1497
1483 1517
1484 1507
1487 1491
1487 1492
1488 1494
1488 1495
1488 1593
1488 1605
1489 1498
1489 1515
1490 1513
1490 1519
1491 1502
1493 1495
1493 1543
1494 1505
1495 1498
1495 1509
1495 1614
1496 1504
1496 1554
1498 1509
1500 1516
1503 1514
1503 1618
1504 1554
1504 1588
1506 1552
1506 1562
1506 1579
1508 1510
1509 1542
1509 1614
1511 1517
1512 1514
1512 1610
1514 1544
1514 1615
1515 1518
1516 1521
1518 1519
1521 1616
1522 1530
1522 1535
1522 1541
1522 1543
1522 1583
1522 1589
1522 1593
1522 1605
1522 1614
1523 1527
1523 1537
1523 1538
1523 1558
1523 1565
1523 1611
1524 1547
1524 1559
1524 1571
1524 1584
1524 1587
1524 1602
1524 1613
1525 1547
1525 1562
1525 1563
1525 1579
1525 1590
1526 1555
1526 1558
1526 1566
1526 1571
1526 1584
1526 1606
1527 1544
1527 1561
1527 1588
1528 1539
1528 1557
1528 1574
1528 1575
1528 1612
1529 1536
1529 1588
1529 1611
1530 1535
1530 1541
1530 1550
1530 1567
1530 1569
1530 1594
1531 1558
1531 1574
1531 1588
1531 1611
1532 1553
1532 1565
1532 1571
1532 1584
1532 1586
1532 1592
1532 1597
1532 1601
1533 1592
1534 1542
1534 1545
1534 1548
1534 1551
1534 1564
1534 1585
1534 1598
1534 1608
1535 1543
1535 1593
1536 1580
1537 1554
1537 1611
1538 1558
1538 1584
1538 1617
1539 1549
1539 1556
1539 1557
1539 1575
1539 1594
1540 1552
1540 1562
1540 1564
1540 1602
1541 1549
1541 1569
1541 1583
1541 1589
1541 1605
1541 1609
1542 1551
1542 1564
1542 1589
1542 1608
1542 1614
1544 1561
1544 1581
1544 1601
1544 1615
1545 1564
1545 1566
1545 1585
1545 1598
1545 1602
1546 1551
1546 1555
1546 1570
1546 1582
1546 1606
1546 1609
1547 1564
1547 1590
1547 1606
1548 1585
1548 1608
1549 1556
1549 1569
1549 1574
1549 1594
1549 1596
1549 1609
1550 1573
1550 1596
1551 1564
1551 1585
1551 1589
1551 1606
1551 1609
1552 1562
1552 1590
1552 1602
1553 1576
1553 1586
1553 1587
1554 1588
1554 1611
1555 1558
1555 1561
1555 1566
1555 1582
1556 1594
1556 1595
1556 1596
1558 1584
1558 1606
1559 1568
1559 1587
1559 1603
1559 1613
1560 1568
1561 1574
1562 1590
1563 1586
1564 1591
1564 1602
1564 1606
1565 1572
1565 1581
1565 1592
1565 1597
1565 1601
1566 1571
1566 1582
1566 1585
1566 1613
1567 1569
1567 1578
1567 1593
1567 1605
1569 1594
1569 1607
1570 1582
1570 1585
1570 1604
1570 1607
1571 1584
1571 1601
1571 1613
1572 1581
1572 1592
1573 1583
1573 1596
1573 1609
1574 1580
1574 1612
1575 1619
1576 1587
1576 1613
1578 1593
1579 1590
1580 1588
1580 1612
1580 1620
1581 1615
1582 1600
1582 1604
1583 1591
1583 1609
1583 1614
1584 1586
1586 1587
1586 1617
1587 1613
1588 1611
1589 1605
1589 1607
1590 1599
1590 1602
1591 1614
1593 1605
1595 1616
1595 1620
1597 1601
1597 1615
1599 1603
1600 1601
1606 1609
1612 1620
1615 1618
1616 1620
