0.49631000 0.08810000 0.23565000
0.24883000 0.13986000 0.10016000
0.11302000 0.07090000 0.27937000
0.13368000 0.12876000 0.12465000
0.42371000 0.11300000 0.27107000
0.36165000 0.01389000 0.28007000
0.31975000 0.04399000 0.37000000
0.05905000 0.01989000 0.41363000
0.01303000 0.10809000 0.28610000
0.31070000 0.00554000 0.44847000
0.31121000 0.13066000 0.22973000
0.00079000 0.17885000 0.34439000
0.11275000 0.24075000 0.29854000
0.36238000 0.05327000 0.15507000
0.23970000 0.20682000 0.11407000
0.45062000 0.01160000 0.21203000
0.03605000 0.15120000 0.22694000
0.21313000 0.17036000 0.35532000
0.35131000 0.10169000 0.38476000
0.44284000 0.17632000 0.04815000
0.23013000 0.05167000 0.19640000
0.45722000 0.06329000 0.43235000
0.18807000 0.06497000 0.39210000
0.14261000 0.19077000 0.10956000
0.09816000 0.07658000 0.37152000
0.27062000 0.06414000 0.07710000
0.46757000 0.14271000 0.33266000
0.11912000 0.20745000 0.43221000
0.12498000 0.17658000 0.19489000
0.05316000 0.10197000 0.17484000
0.00435000 0.07150000 0.49745000
0.02236000 0.20833000 0.07929000
0.20905000 0.04096000 0.26964000
0.04145000 0.11018000 0.43367000
0.19457000 0.12971000 0.17805000
0.34590000 0.18077000 0.44030000
0.20313000 0.16639000 0.43680000
0.16449000 0.02367000 0.19064000
0.06416000 0.16326000 0.32860000
0.40576000 0.16714000 0.29623000
0.17248000 0.08016000 0.05304000
0.27728000 0.18349000 0.39650000
0.28170000 0.05826000 0.26192000
0.26953000 0.13023000 0.46687000
0.18703000 0.23314000 0.38302000
0.06449000 0.16666000 0.46205000
0.35657000 0.12527000 0.11881000
0.37671000 0.14175000 0.03211000
0.26265000 0.21617000 0.46808000
0.43989000 0.13829000 0.40207000
0.41709000 0.00766000 0.40410000
0.36916000 0.17557000 0.20310000
0.35487000 0.21827000 0.04744000
0.25207000 0.00470000 0.31325000
0.47288000 0.14912000 0.19897000
0.00908000 0.21443000 0.41443000
0.26975000 0.10908000 0.17053000
0.05593000 0.18760000 0.16223000
0.02156000 0.10862000 0.04735000
0.37195000 0.10307000 0.20637000
0.10783000 0.14090000 0.04153000
0.24501000 0.17651000 0.23447000
0.08401000 0.23599000 0.20794000
0.00846000 0.06050000 0.08781000
0.08113000 0.23717000 0.36299000
0.31366000 0.17350000 0.12655000
0.28850000 0.19404000 0.30877000
0.07177000 0.06655000 0.48419000
0.21608000 0.09040000 0.47352000
0.30089000 0.02747000 0.18681000
0.33818000 0.11095000 0.46597000
0.21051000 0.00957000 0.12672000
0.48852000 0.07546000 0.02190000
0.14021000 0.13517000 0.40383000
0.37290000 0.04985000 0.03824000
0.35244000 0.12721000 0.30902000
0.09988000 0.03716000 0.18760000
0.44877000 0.09913000 0.08848000
0.19121000 0.21045000 0.18264000
0.48292000 0.05559000 0.30462000
0.16673000 0.13657000 0.30589000
0.19659000 0.14316000 0.03694000
0.08150000 0.05234000 0.09255000
0.23286000 0.10682000 0.34469000
0.30494000 0.12937000 0.04652000
0.37276000 0.23299000 0.15872000
0.37203000 0.19816000 0.36989000
0.29497000 0.22989000 0.17985000
0.42110000 0.15798000 0.13701000
0.47260000 0.21701000 0.10407000
0.18849000 0.00729000 0.46070000
0.18302000 0.22285000 0.01082000
0.02563000 0.07108000 0.36943000
0.39496000 0.04774000 0.47407000
0.15176000 0.10705000 0.49692000
0.30238000 0.01868000 0.02003000
0.45647000 0.07021000 0.16611000
0.43867000 0.24639000 0.27371000
0.16477000 0.07536000 0.13613000
0.47681000 0.02790000 0.10380000
0.44205000 0.22649000 0.37958000
0.28771000 0.24791000 0.02642000
0.07151000 0.20157000 0.02206000
0.48073000 0.21185000 0.23626000
0.48348000 0.23152000 0.02579000
0.44618000 0.00261000 0.48712000
0.43776000 0.01260000 0.00280000
0.33680000 0.05756000 0.94650000
0.42651000 0.21486000 0.95811000
0.46870000 0.21356000 0.70302000
0.36557000 0.21940000 0.85714000
0.24501000 0.08481000 0.58916000
0.08623000 0.03533000 0.55397000
0.30863000 0.08485000 0.55103000
0.02589000 0.03582000 0.83969000
0.13072000 0.18351000 0.87615000
0.46956000 0.14205000 0.98176000
0.22538000 0.14177000 0.82385000
0.39791000 0.24452000 0.70846000
0.20158000 0.22251000 0.71677000
0.40557000 0.17027000 0.57570000
0.19280000 0.05584000 0.71759000
0.03147000 0.16731000 0.83491000
0.09552000 0.15318000 0.79528000
0.24027000 0.14435000 0.53436000
0.30716000 0.24112000 0.59069000
0.42643000 0.19583000 0.77509000
0.26231000 0.07002000 0.99538000
0.39407000 0.00389000 0.85925000
0.15529000 0.19574000 0.64353000
0.12383000 0.05009000 0.98558000
0.21126000 0.13597000 0.67378000
0.30353000 0.12576000 0.79381000
0.39477000 0.01476000 0.61762000
0.17320000 0.09500000 0.79660000
0.27711000 0.21408000 0.86993000
0.07287000 0.15630000 0.96072000
0.38791000 0.19591000 0.65245000
0.01308000 0.09934000 0.88690000
0.47520000 0.10863000 0.90293000
0.19829000 0.22058000 0.87914000
0.16983000 0.08329000 0.61959000
0.20916000 0.15137000 0.94645000
0.35871000 0.11136000 0.67900000
0.25398000 0.11953000 0.74944000
0.09034000 0.22480000 0.55735000
0.36995000 0.17492000 0.96208000
0.44649000 0.15548000 0.67378000
0.31579000 0.21848000 0.79969000
0.33296000 0.23947000 0.71603000
0.24836000 0.19427000 0.75945000
0.14914000 0.00822000 0.73082000
0.30841000 0.04266000 0.78541000
0.01543000 0.05632000 0.68388000
0.29933000 0.17369000 0.68640000
0.08878000 0.04383000 0.69072000
0.05954000 0.08031000 0.76806000
0.28130000 0.04287000 0.86207000
0.49282000 0.24164000 0.61967000
0.01739000 0.12041000 0.57219000
0.46408000 0.19949000 0.51270000
0.14413000 0.01148000 0.86285000
0.16834000 0.18688000 0.79335000
0.42155000 0.05370000 0.92983000
0.36716000 0.15663000 0.77793000
0.46303000 0.15130000 0.58945000
0.16757000 0.16317000 0.55781000
0.26250000 0.15044000 0.62192000
0.06293000 0.22677000 0.80607000
0.15654000 0.11076000 0.88164000
0.38432000 0.05308000 0.79611000
0.29943000 0.12033000 0.87571000
0.40550000 0.16277000 0.84694000
0.45387000 0.21009000 0.87919000
0.29540000 0.07047000 0.67571000
0.18684000 0.02358000 0.59200000
0.23925000 0.06573000 0.80650000
0.48926000 0.15637000 0.77210000
0.01951000 0.13354000 0.68984000
0.33100000 0.00032000 0.65731000
0.32513000 0.02855000 0.58511000
0.45867000 0.06067000 0.79966000
0.33469000 0.14166000 0.58790000
0.12816000 0.13781000 0.68455000
0.00771000 0.11922000 0.96902000
0.41249000 0.08582000 0.63614000
0.17339000 0.08769000 0.96434000
0.23527000 0.05063000 0.65167000
0.09368000 0.24688000 0.88244000
0.09826000 0.09362000 0.61874000
0.34564000 0.19860000 0.52395000
0.09492000 0.02005000 0.80299000
0.38296000 0.06405000 0.56190000
0.14786000 0.24901000 0.51398000
0.19564000 0.05414000 0.90532000
0.42647000 0.11519000 0.75821000
0.04568000 0.02053000 0.95420000
0.00914000 0.19476000 0.62846000
0.07632000 0.15461000 0.53553000
0.27424000 0.02723000 0.52724000
0.10065000 0.22623000 0.71465000
0.09765000 0.08713000 0.85375000
0.08985000 0.09070000 0.93299000
0.29625000 0.17399000 0.92752000
0.24105000 0.21208000 0.58851000
0.45203000 0.07047000 0.69090000
0.26416000 0.02257000 0.93957000
0.00063000 0.05432000 0.59001000
0.17064000 0.48890000 0.16513000
0.48998000 0.49042000 0.35928000
0.04568000 0.42170000 0.28175000
0.26946000 0.32765000 0.42031000
0.19742000 0.32004000 0.38123000
0.33286000 0.46817000 0.44741000
0.34233000 0.36935000 0.16892000
0.00169000 0.43449000 0.21915000
0.12420000 0.28246000 0.19974000
0.11366000 0.41136000 0.12923000
0.05338000 0.48561000 0.39112000
0.16566000 0.45310000 0.42631000
0.01674000 0.27836000 0.10082000
0.23815000 0.47858000 0.16157000
0.43231000 0.26110000 0.18682000
0.40264000 0.32639000 0.26928000
0.48339000 0.39019000 0.35356000
0.01394000 0.35664000 0.19462000
0.09661000 0.34690000 0.30277000
0.10220000 0.41868000 0.42803000
0.25338000 0.41908000 0.14743000
0.17149000 0.39232000 0.39316000
0.01776000 0.38873000 0.12021000
0.09518000 0.45693000 0.32483000
0.06933000 0.29524000 0.14752000
0.38140000 0.47750000 0.32925000
0.30382000 0.41413000 0.20915000
0.06113000 0.35554000 0.04234000
0.21168000 0.43811000 0.27361000
0.27581000 0.39027000 0.41798000
0.07765000 0.38832000 0.20617000
0.31426000 0.35178000 0.35407000
0.24674000 0.27236000 0.40223000
0.24470000 0.47529000 0.07723000
0.32219000 0.33136000 0.10180000
0.40900000 0.36838000 0.34391000
0.25804000 0.31728000 0.11903000
0.43348000 0.34192000 0.14314000
0.01611000 0.25338000 0.21217000
0.39458000 0.42286000 0.43106000
0.12875000 0.25789000 0.10849000
0.16592000 0.33389000 0.45968000
0.23324000 0.35896000 0.31727000
0.04832000 0.34372000 0.49119000
0.47796000 0.37514000 0.08304000
0.21118000 0.27116000 0.08049000
0.22706000 0.48503000 0.44034000
0.14783000 0.40247000 0.30122000
0.08658000 0.46037000 0.22839000
0.46367000 0.34230000 0.21551000
0.05692000 0.27723000 0.28894000
0.48997000 0.28703000 0.28750000
0.14159000 0.35008000 0.23729000
0.39871000 0.41701000 0.04200000
0.48992000 0.45788000 0.11722000
0.38307000 0.45284000 0.20969000
0.46579000 0.45299000 0.27434000
0.26953000 0.49372000 0.27194000
0.36699000 0.26937000 0.48654000
0.34817000 0.27428000 0.21140000
0.24913000 0.28941000 0.19169000
0.32064000 0.46916000 0.15796000
0.05143000 0.44955000 0.13944000
0.03838000 0.43320000 0.43996000
0.41666000 0.32663000 0.46784000
0.38442000 0.33869000 0.05333000
0.21968000 0.38634000 0.08346000
0.29258000 0.34025000 0.21860000
0.06607000 0.36562000 0.39965000
0.02789000 0.45327000 0.05502000
0.41623000 0.27693000 0.01869000
0.18130000 0.29709000 0.27705000
0.15266000 0.36206000 0.09165000
0.46934000 0.41404000 0.44574000
0.36436000 0.27103000 0.29353000
0.24342000 0.39016000 0.21961000
0.31959000 0.43383000 0.29027000
0.18360000 0.31915000 0.14859000
0.45573000 0.45506000 0.02084000
0.11339000 0.30244000 0.42976000
0.32952000 0.32496000 0.27949000
0.37860000 0.29945000 0.13739000
0.40527000 0.42083000 0.28857000
0.25615000 0.43312000 0.34897000
0.42595000 0.47293000 0.39222000
0.44645000 0.28126000 0.11253000
0.36604000 0.37269000 0.46279000
0.34034000 0.46010000 0.04127000
0.11154000 0.45219000 0.03569000
0.27232000 0.25684000 0.31733000
0.29418000 0.40314000 0.03882000
0.43838000 0.42026000 0.16169000
0.31891000 0.31563000 0.01916000
0.36021000 0.28514000 0.37833000
0.47335000 0.29338000 0.49623000
0.43011000 0.25162000 0.45885000
0.04767000 0.30053000 0.37200000
0.15261000 0.47224000 0.25059000
0.15477000 0.48649000 0.35318000
0.32438000 0.26063000 0.10576000
0.10801000 0.25744000 0.00862000
0.27645000 0.47832000 0.00008000
0.37641000 0.44297000 0.96661000
0.29601000 0.35121000 0.86682000
0.44886000 0.43688000 0.70802000
0.00813000 0.40488000 0.77381000
0.15548000 0.38842000 0.50401000
0.16895000 0.29215000 0.62279000
0.40468000 0.48253000 0.75339000
0.36045000 0.45466000 0.53134000
0.07547000 0.41884000 0.78750000
0.19562000 0.28719000 0.85628000
0.42709000 0.40826000 0.51735000
0.18418000 0.28957000 0.71414000
0.14208000 0.38393000 0.79375000
0.28853000 0.32921000 0.61325000
0.20255000 0.43619000 0.96671000
0.25371000 0.31989000 0.52358000
0.02849000 0.27773000 0.64461000
0.28286000 0.39971000 0.60287000
0.43655000 0.33514000 0.77427000
0.08023000 0.49138000 0.54548000
0.10303000 0.37106000 0.73018000
0.33902000 0.41433000 0.87653000
0.16353000 0.25741000 0.78928000
0.41212000 0.30399000 0.92838000
0.41821000 0.27622000 0.82339000
0.06720000 0.44643000 0.68368000
0.41017000 0.27809000 0.57972000
0.24793000 0.29187000 0.77956000
0.29475000 0.29061000 0.90048000
0.03893000 0.35807000 0.83054000
0.03570000 0.27160000 0.97638000
0.26867000 0.37067000 0.68966000
0.12857000 0.43430000 0.72967000
0.30507000 0.29397000 0.81889000
0.38559000 0.29804000 0.66277000
0.35485000 0.35273000 0.91843000
0.08958000 0.49070000 0.74391000
0.12850000 0.38182000 0.89971000
0.29546000 0.48979000 0.59026000
0.26170000 0.40972000 0.96420000
0.34505000 0.34660000 0.70370000
0.12955000 0.34240000 0.97447000
0.20146000 0.36975000 0.92463000
0.00818000 0.49259000 0.74706000
0.28817000 0.45405000 0.81015000
0.19706000 0.34449000 0.67375000
0.35739000 0.39305000 0.64228000
0.11196000 0.42543000 0.60034000
0.27993000 0.34675000 0.94605000
0.13533000 0.40580000 0.97659000
0.40632000 0.48950000 0.59241000
0.21358000 0.35157000 0.79196000
0.03049000 0.40318000 0.97993000
0.24221000 0.46640000 0.90017000
0.22193000 0.47048000 0.79578000
0.47902000 0.40495000 0.62094000
0.46838000 0.48073000 0.55657000
0.02306000 0.36789000 0.70955000
0.33191000 0.38738000 0.78636000
0.49303000 0.34932000 0.94535000
0.06389000 0.33506000 0.91881000
0.04414000 0.45782000 0.90653000
0.09140000 0.36067000 0.62681000
0.22687000 0.25545000 0.95005000
0.14586000 0.32250000 0.82040000
0.43558000 0.48127000 0.94262000
0.15805000 0.47376000 0.52182000
0.25398000 0.28397000 0.69252000
0.44332000 0.39903000 0.83665000
0.08314000 0.48880000 0.83117000
0.14603000 0.44583000 0.82476000
0.22034000 0.26355000 0.52921000
0.40912000 0.33969000 0.85923000
0.09796000 0.47084000 0.96339000
0.06033000 0.30987000 0.77799000
0.48584000 0.29379000 0.81152000
0.03178000 0.25651000 0.52177000
0.29466000 0.48691000 0.71956000
0.20393000 0.37620000 0.57228000
0.35170000 0.25628000 0.91920000
0.23391000 0.28508000 0.61162000
0.31136000 0.35201000 0.53634000
0.25751000 0.38980000 0.51650000
0.37909000 0.45030000 0.66502000
0.10981000 0.30304000 0.70463000
0.42074000 0.37261000 0.61927000
0.22825000 0.46824000 0.60707000
0.44348000 0.40027000 0.95935000
0.45477000 0.28189000 0.67692000
0.08790000 0.41674000 0.51003000
0.24589000 0.45758000 0.53442000
0.11008000 0.25929000 0.64198000
0.47290000 0.46446000 0.80125000
0.17837000 0.41958000 0.62953000
0.00773000 0.25623000 0.75557000
0.31245000 0.45077000 0.64756000
0.48236000 0.35021000 0.55317000
0.23767000 0.40643000 0.85559000
0.47857000 0.44427000 0.89166000
0.12760000 0.46628000 0.66254000
0.21996000 0.32307000 0.99438000
0.45490000 0.73855000 0.23312000
0.34813000 0.67529000 0.40193000
0.29249000 0.52832000 0.19770000
0.49683000 0.53885000 0.10012000
0.20982000 0.71199000 0.11759000
0.12199000 0.54155000 0.40952000
0.02355000 0.73429000 0.22032000
0.22902000 0.73470000 0.34797000
0.49309000 0.63309000 0.44841000
0.39018000 0.60898000 0.23823000
0.04068000 0.60232000 0.25265000
0.30018000 0.60439000 0.12678000
0.10731000 0.63040000 0.37735000
0.22421000 0.62917000 0.14524000
0.41947000 0.61935000 0.36618000
0.24901000 0.70854000 0.18575000
0.02993000 0.69869000 0.32642000
0.20848000 0.62666000 0.30890000
0.04971000 0.69001000 0.46914000
0.32311000 0.60019000 0.48447000
0.27641000 0.68406000 0.10846000
0.38060000 0.51518000 0.24051000
0.20817000 0.53435000 0.35807000
0.01645000 0.68968000 0.09692000
0.20995000 0.54096000 0.20734000
0.04349000 0.52826000 0.26760000
0.25026000 0.57865000 0.28542000
0.17954000 0.71464000 0.03758000
0.47563000 0.68351000 0.35272000
0.20252000 0.70463000 0.27848000
0.49442000 0.67092000 0.13271000
0.04398000 0.60145000 0.16597000
0.47505000 0.57922000 0.04443000
0.28549000 0.60203000 0.38740000
0.02475000 0.52950000 0.10279000
0.27528000 0.67267000 0.35373000
0.29434000 0.60401000 0.21193000
0.09958000 0.56429000 0.00986000
0.45868000 0.59757000 0.12614000
0.44919000 0.52376000 0.00793000
0.02640000 0.60457000 0.42777000
0.07126000 0.68447000 0.38926000
0.40845000 0.67789000 0.20435000
0.42358000 0.68917000 0.10016000
0.10241000 0.70080000 0.00506000
0.45563000 0.62736000 0.27929000
0.49608000 0.67677000 0.01569000
0.39809000 0.68757000 0.32947000
0.09895000 0.60423000 0.49355000
0.26806000 0.70488000 0.26590000
0.16448000 0.61098000 0.08882000
0.17057000 0.65291000 0.40701000
0.18196000 0.64160000 0.01594000
0.31926000 0.71593000 0.46691000
0.31504000 0.51275000 0.37303000
0.44646000 0.74084000 0.46447000
0.45414000 0.50568000 0.23727000
0.27516000 0.53270000 0.11052000
0.33958000 0.68027000 0.00339000
0.20694000 0.55743000 0.11296000
0.36988000 0.53916000 0.41353000
0.30810000 0.54579000 0.30001000
0.20579000 0.53277000 0.03148000
0.23782000 0.69581000 0.46486000
0.29041000 0.65433000 0.42756000
0.13084000 0.70610000 0.21820000
0.06712000 0.52578000 0.18507000
0.34968000 0.59800000 0.34691000
0.42495000 0.54817000 0.18161000
0.13993000 0.70755000 0.43387000
0.39043000 0.50348000 0.12598000
0.10749000 0.62500000 0.29777000
0.19348000 0.58812000 0.42301000
0.46609000 0.55006000 0.31770000
0.18354000 0.54476000 0.28378000
0.33981000 0.54503000 0.04133000
0.41562000 0.61951000 0.06395000
0.11097000 0.52917000 0.48850000
0.16301000 0.69709000 0.34706000
0.13381000 0.55136000 0.12869000
0.05772000 0.51262000 0.03949000
0.11062000 0.54515000 0.29791000
0.14681000 0.58098000 0.22523000
0.31463000 0.66668000 0.16636000
0.35910000 0.68312000 0.26656000
0.05917000 0.68929000 0.17988000
0.40406000 0.72218000 0.02038000
0.35206000 0.60685000 0.06298000
0.40227000 0.68309000 0.45977000
0.26833000 0.63082000 0.04814000
0.02375000 0.55064000 0.36651000
0.39104000 0.54563000 0.32666000
0.45518000 0.50977000 0.45779000
0.10285000 0.63939000 0.04617000
0.39017000 0.57909000 0.11703000
0.27011000 0.55360000 0.47562000
0.15719000 0.66211000 0.14971000
0.29740000 0.73925000 0.33972000
0.41890000 0.57754000 0.49862000
0.30699000 0.51485000 0.82727000
0.22087000 0.53367000 0.82747000
0.08227000 0.53965000 0.59702000
0.33239000 0.71582000 0.61267000
0.49086000 0.61083000 0.81274000
0.43070000 0.63949000 0.56512000
0.16749000 0.68644000 0.93684000
0.13547000 0.64179000 0.61453000
0.37898000 0.68825000 0.66583000
0.05258000 0.61298000 0.68582000
0.36496000 0.70690000 0.91773000
0.18841000 0.58577000 0.50191000
0.36739000 0.50760000 0.92348000
0.20764000 0.51374000 0.94955000
0.28646000 0.67762000 0.73072000
0.43613000 0.58052000 0.74642000
0.33725000 0.69534000 0.53595000
0.34351000 0.69081000 0.81496000
0.24241000 0.67089000 0.88120000
0.48127000 0.57554000 0.62609000
0.35253000 0.60547000 0.90487000
0.25668000 0.60848000 0.81486000
0.49358000 0.52820000 0.72920000
0.29524000 0.63408000 0.92338000
0.18365000 0.60001000 0.92992000
0.08722000 0.69540000 0.59394000
0.28673000 0.73036000 0.90643000
0.35691000 0.63662000 0.60527000
0.21288000 0.51589000 0.52459000
0.00849000 0.72224000 0.75259000
0.22600000 0.69479000 0.68756000
0.17992000 0.52456000 0.59840000
0.15776000 0.54556000 0.84513000
0.35922000 0.58560000 0.75601000
0.48088000 0.54883000 0.53701000
0.04616000 0.58614000 0.89228000
0.02767000 0.64266000 0.93441000
0.41730000 0.58031000 0.90468000
0.30444000 0.60993000 0.65128000
0.13803000 0.73257000 0.63577000
0.48449000 0.52517000 0.89315000
0.47966000 0.73907000 0.94333000
0.19728000 0.64306000 0.81767000
0.04528000 0.54289000 0.81818000
0.17207000 0.55339000 0.67271000
0.08136000 0.71380000 0.74709000
0.01274000 0.71617000 0.83632000
0.37465000 0.50741000 0.82208000
0.33646000 0.55458000 0.69079000
0.47896000 0.50207000 0.64890000
0.29250000 0.66576000 0.60086000
0.10079000 0.55012000 0.89820000
0.09434000 0.73795000 0.91539000
0.20792000 0.62770000 0.63687000
0.24349000 0.57318000 0.75076000
0.27634000 0.65898000 0.51992000
0.41442000 0.65153000 0.91479000
0.02936000 0.54110000 0.66459000
0.24588000 0.74919000 0.58204000
0.06291000 0.67845000 0.87169000
0.04275000 0.53024000 0.95368000
0.24687000 0.52695000 0.69474000
0.46085000 0.61448000 0.96482000
0.37360000 0.53080000 0.51869000
0.41327000 0.51880000 0.69042000
0.43849000 0.55591000 0.82460000
0.40708000 0.62906000 0.69887000
0.28013000 0.52621000 0.93775000
0.16449000 0.66576000 0.70259000
0.02204000 0.74241000 0.93906000
0.42345000 0.71169000 0.57727000
0.46161000 0.66974000 0.75407000
0.38541000 0.61583000 0.83014000
0.26329000 0.59134000 0.58700000
0.14985000 0.55368000 0.76486000
0.31473000 0.55377000 0.55784000
0.45010000 0.68663000 0.83467000
0.35783000 0.65824000 0.75236000
0.37832000 0.73379000 0.74577000
0.12854000 0.61649000 0.80807000
0.20130000 0.68933000 0.60280000
0.01453000 0.56127000 0.54815000
0.17341000 0.74916000 0.53870000
0.01250000 0.64524000 0.81476000
0.37881000 0.54588000 0.62533000
0.14069000 0.56550000 0.55226000
0.11831000 0.70316000 0.81442000
0.03704000 0.63429000 0.59873000
0.24317000 0.72251000 0.81295000
0.05649000 0.72229000 0.66727000
0.07860000 0.55170000 0.72536000
0.29881000 0.57191000 0.87468000
0.25125000 0.72421000 0.98686000
0.09490000 0.65230000 0.72175000
0.13139000 0.68125000 0.51382000
0.23951000 0.64504000 0.97940000
0.27064000 0.58093000 0.99364000
0.15461000 0.91601000 0.48436000
0.24944000 0.97542000 0.43423000
0.34912000 0.89020000 0.26893000
0.09867000 0.77187000 0.29531000
0.27893000 0.78597000 0.26229000
0.12676000 0.76901000 0.41131000
0.47846000 0.91028000 0.43940000
0.31295000 0.99526000 0.11920000
0.31993000 0.92656000 0.35981000
0.21275000 0.92795000 0.04927000
0.11133000 0.94265000 0.42508000
0.40557000 0.99113000 0.07069000
0.47584000 0.90393000 0.22670000
0.05238000 0.77689000 0.42087000
0.16899000 0.81529000 0.09399000
0.24638000 0.87382000 0.03820000
0.39827000 0.95795000 0.32810000
0.43089000 0.90197000 0.01023000
0.38559000 0.95549000 0.23339000
0.13093000 0.75300000 0.11266000
0.28839000 0.94168000 0.00859000
0.42115000 0.78938000 0.03645000
0.12136000 0.85415000 0.44862000
0.09705000 0.84097000 0.30997000
0.05517000 0.83969000 0.47755000
0.36621000 0.88446000 0.12992000
0.25602000 0.90036000 0.17592000
0.40033000 0.82833000 0.17103000
0.35341000 0.75323000 0.06213000
0.33893000 0.84958000 0.42381000
0.10557000 0.94889000 0.20513000
0.22216000 0.89313000 0.41059000
0.16532000 0.86713000 0.25646000
0.10422000 0.89100000 0.37890000
0.26554000 0.84439000 0.11759000
0.41793000 0.80542000 0.24712000
0.37701000 0.95496000 0.15102000
0.44772000 0.81555000 0.43804000
0.25475000 0.89207000 0.33917000
0.28573000 0.91787000 0.09743000
0.11421000 0.75963000 0.48905000
0.13091000 0.93079000 0.29089000
0.12178000 0.87722000 0.02721000
0.06213000 0.89693000 0.20097000
0.05885000 0.84319000 0.06142000
0.28123000 0.85139000 0.26388000
0.06210000 0.88756000 0.12590000
0.21006000 0.80200000 0.30249000
0.29542000 0.78097000 0.15934000
0.22042000 0.81169000 0.16339000
0.19529000 0.91889000 0.30424000
0.26035000 0.75494000 0.41450000
0.02697000 0.90848000 0.45276000
0.42772000 0.84816000 0.37088000
0.15414000 0.79936000 0.34969000
0.24478000 0.84540000 0.47975000
0.24404000 0.76573000 0.06694000
0.16822000 0.89672000 0.12123000
0.05212000 0.98755000 0.15926000
0.06952000 0.83598000 0.17619000
0.01120000 0.75288000 0.10295000
0.01043000 0.92815000 0.34570000
0.19269000 0.78458000 0.41725000
0.06954000 0.76147000 0.05201000
0.34928000 0.75916000 0.24187000
0.47216000 0.93829000 0.08714000
0.37301000 0.75961000 0.37201000
0.37295000 0.88282000 0.36118000
0.47968000 0.80956000 0.09197000
0.35310000 0.78905000 0.45165000
0.31500000 0.85730000 0.05215000
0.00235000 0.98306000 0.40527000
0.33979000 0.84867000 0.20283000
0.39789000 0.88386000 0.44368000
0.44768000 0.97574000 0.14063000
0.05605000 0.99415000 0.23963000
0.22441000 0.95154000 0.37428000
0.06746000 0.93954000 0.07006000
0.43176000 0.78376000 0.34577000
0.41376000 0.90200000 0.29162000
0.28042000 0.83228000 0.37824000
0.04736000 0.89025000 0.29690000
0.48203000 0.86065000 0.04694000
0.00526000 0.82341000 0.21305000
0.01238000 0.89462000 0.04079000
0.17878000 0.85884000 0.35880000
0.22038000 0.99902000 0.04596000
0.37790000 0.88581000 0.05433000
0.11421000 0.98696000 0.07896000
0.15150000 0.99071000 0.37406000
0.32687000 0.80915000 0.31276000
0.17430000 0.76680000 0.23042000
0.27199000 0.94223000 0.25694000
0.43723000 0.86968000 0.13587000
0.46471000 0.94504000 0.36857000
0.37704000 0.94404000 0.40873000
0.08863000 0.99061000 0.31877000
0.06388000 0.76975000 0.15807000
0.49490000 0.82686000 0.23750000
0.05053000 0.75573000 0.49957000
0.11843000 0.99929000 0.49549000
0.29931000 0.92512000 0.49875000
0.01399000 0.97767000 0.49475000
0.26950000 0.77096000 0.48788000
0.43313000 0.87015000 0.88256000
0.04864000 0.87889000 0.66814000
0.18741000 0.81699000 0.67539000
0.05182000 0.88965000 0.85763000
0.10920000 0.90965000 0.55171000
0.25811000 0.95801000 0.66603000
0.46350000 0.93810000 0.81688000
0.14898000 0.82982000 0.77301000
0.35585000 0.85343000 0.87700000
0.37511000 0.89542000 0.81763000
0.06969000 0.94244000 0.68245000
0.26401000 0.89893000 0.63126000
0.40263000 0.76078000 0.91901000
0.41771000 0.76305000 0.81121000
0.18045000 0.83385000 0.58412000
0.29127000 0.93614000 0.85949000
0.39238000 0.98636000 0.93431000
0.30337000 0.77875000 0.97192000
0.39838000 0.99050000 0.74605000
0.13419000 0.77634000 0.98260000
0.28679000 0.83048000 0.70260000
0.22871000 0.95224000 0.50596000
0.08591000 0.80519000 0.85942000
0.49069000 0.79583000 0.61186000
0.34569000 0.78769000 0.60080000
0.24941000 0.89446000 0.81280000
0.08251000 0.98231000 0.90757000
0.14697000 0.84618000 0.85588000
0.03516000 0.82448000 0.80905000
0.35141000 0.82773000 0.66666000
0.09668000 0.83433000 0.97232000
0.16339000 0.87719000 0.70189000
0.28202000 0.98408000 0.73798000
0.33982000 0.96267000 0.78896000
0.15923000 0.96300000 0.54287000
0.22304000 0.84855000 0.74515000
0.02976000 0.96570000 0.86051000
0.43923000 0.83603000 0.97483000
0.13798000 0.90777000 0.89682000
0.48645000 0.97766000 0.60106000
0.43647000 0.89877000 0.74532000
0.07335000 0.99334000 0.73730000
0.24111000 0.95433000 0.93282000
0.21811000 0.84069000 0.85441000
0.01868000 0.85401000 0.55640000
0.34586000 0.79764000 0.82435000
0.48344000 0.98397000 0.70630000
0.13076000 0.96381000 0.60954000
0.24527000 0.84962000 0.57331000
0.17653000 0.85405000 0.50432000
0.40962000 0.96508000 0.67678000
0.27395000 0.96313000 0.58620000
0.40171000 0.93017000 0.87798000
0.35262000 0.88936000 0.97594000
0.11570000 0.90293000 0.64278000
0.46651000 0.98667000 0.88677000
0.30075000 0.89288000 0.91840000
0.07486000 0.86821000 0.76650000
0.10952000 0.78767000 0.69151000
0.42602000 0.82043000 0.56155000
0.44326000 0.93912000 0.52644000
0.14924000 0.92941000 0.77392000
0.10220000 0.77641000 0.78351000
0.33199000 0.89927000 0.75584000
0.18164000 0.99464000 0.94025000
0.26884000 0.82916000 0.91280000
0.20986000 0.95369000 0.71983000
0.18883000 0.93220000 0.83638000
0.47381000 0.78946000 0.84807000
0.21111000 0.76805000 0.71924000
0.34452000 0.90257000 0.56859000
0.06569000 0.98851000 0.61481000
0.21215000 0.84314000 0.96682000
0.02463000 0.91965000 0.78593000
0.31696000 0.76213000 0.72268000
0.18596000 0.91722000 0.58717000
0.12134000 0.79301000 0.59101000
0.27600000 0.78630000 0.63946000
0.49430000 0.75138000 0.74007000
0.45782000 0.86155000 0.50008000
0.44520000 0.94036000 0.94484000
0.32542000 0.93339000 0.68461000
0.18778000 0.91453000 0.96300000
0.05364000 0.75986000 0.59187000
0.33737000 0.98162000 0.53062000
0.04786000 0.88054000 0.95034000
0.25859000 0.78697000 0.83595000
0.03064000 0.91407000 0.57526000
0.40655000 0.81625000 0.74132000
0.30987000 0.82429000 0.53872000
0.02455000 0.80934000 0.64174000
0.16701000 0.75535000 0.79398000
0.41971000 0.86716000 0.63822000
0.22525000 0.99450000 0.83865000
0.20374000 0.78398000 0.99878000
0.03549000 0.79389000 0.98675000
0.04169000 0.94653000 0.98243000
0.37731000 0.75859000 0.52282000
0.17381000 0.75467000 0.91705000
0.49757000 0.90952000 0.63432000
0.68215000 0.15966000 0.30644000
0.82400000 0.03037000 0.49149000
0.73100000 0.06928000 0.19773000
0.76708000 0.20575000 0.43427000
0.51842000 0.15208000 0.41993000
0.87160000 0.08574000 0.42055000
0.84783000 0.21872000 0.04942000
0.70722000 0.06331000 0.46613000
0.96853000 0.17574000 0.26298000
0.97468000 0.06779000 0.16414000
0.90951000 0.20630000 0.36211000
0.60674000 0.22260000 0.39828000
0.77669000 0.21045000 0.01600000
0.65265000 0.06995000 0.30653000
0.95493000 0.02102000 0.44789000
0.90423000 0.03861000 0.32916000
0.68395000 0.19353000 0.17232000
0.89524000 0.11074000 0.12592000
0.69769000 0.12138000 0.23059000
0.79361000 0.08179000 0.11802000
0.67226000 0.23903000 0.48033000
0.56545000 0.06298000 0.39782000
0.69994000 0.17528000 0.09136000
0.52785000 0.05598000 0.15169000
0.75260000 0.18472000 0.30730000
0.62987000 0.21132000 0.04469000
0.95386000 0.09127000 0.44369000
0.51412000 0.19011000 0.32051000
0.81934000 0.03186000 0.19625000
0.74842000 0.15675000 0.15126000
0.59125000 0.03015000 0.31910000
0.98517000 0.22609000 0.14331000
0.56024000 0.12504000 0.24985000
0.86783000 0.15046000 0.02050000
0.70083000 0.15502000 0.43072000
0.64026000 0.07320000 0.42417000
0.86682000 0.14922000 0.25235000
0.64972000 0.09404000 0.15717000
0.93824000 0.09341000 0.22860000
0.75158000 0.03490000 0.26292000
0.99943000 0.24201000 0.28699000
0.66125000 0.10795000 0.05472000
0.80642000 0.23443000 0.22115000
0.70136000 0.19706000 0.00765000
0.58325000 0.10421000 0.33598000
0.90239000 0.18899000 0.48491000
0.65097000 0.12682000 0.37124000
0.51802000 0.17512000 0.14346000
0.88376000 0.04874000 0.20752000
0.50700000 0.08951000 0.36787000
0.89479000 0.12043000 0.49121000
0.69667000 0.03662000 0.14202000
0.61902000 0.00857000 0.41452000
0.84475000 0.16886000 0.37425000
0.92336000 0.03027000 0.13133000
0.99677000 0.04728000 0.25287000
0.72031000 0.06754000 0.02706000
0.78373000 0.18790000 0.10218000
0.82404000 0.07815000 0.33871000
0.86120000 0.05879000 0.08083000
0.56850000 0.19188000 0.06422000
0.82207000 0.20356000 0.30399000
0.96685000 0.13221000 0.09931000
0.71638000 0.10145000 0.10342000
0.95349000 0.02827000 0.05284000
0.92247000 0.24743000 0.09987000
0.93111000 0.09755000 0.04159000
0.54167000 0.23225000 0.19334000
0.56711000 0.06508000 0.48051000
0.57959000 0.15823000 0.16426000
0.91374000 0.11447000 0.31045000
0.75702000 0.15223000 0.04419000
0.91734000 0.18844000 0.14406000
0.94928000 0.17291000 0.43565000
0.63106000 0.20483000 0.27346000
0.77723000 0.04281000 0.42172000
0.56789000 0.09190000 0.07078000
0.76654000 0.12876000 0.21459000
0.51855000 0.22472000 0.39960000
0.80227000 0.13046000 0.45390000
0.73311000 0.22204000 0.23021000
0.82979000 0.09419000 0.20610000
0.50844000 0.01060000 0.38631000
0.61291000 0.06533000 0.21607000
0.96321000 0.08387000 0.36097000
0.91055000 0.21579000 0.22304000
0.63661000 0.15886000 0.21919000
0.71136000 0.22633000 0.36895000
0.53599000 0.01841000 0.04664000
0.59872000 0.16359000 0.46007000
0.60797000 0.24699000 0.47097000
0.68435000 0.00147000 0.34581000
0.76641000 0.00153000 0.01323000
0.50851000 0.13012000 0.49561000
0.97204000 0.18854000 0.00286000
0.73869000 0.04382000 0.90439000
0.61675000 0.22678000 0.72066000
0.97988000 0.22091000 0.82425000
0.70959000 0.01842000 0.53377000
0.80111000 0.14650000 0.83630000
0.75775000 0.10067000 0.52760000
0.82964000 0.07311000 0.84628000
0.54056000 0.15313000 0.71574000
0.92801000 0.15504000 0.55133000
0.87081000 0.04092000 0.98809000
0.89667000 0.04834000 0.63585000
0.83321000 0.10547000 0.97898000
0.54276000 0.10952000 0.61134000
0.83592000 0.18085000 0.95069000
0.62764000 0.09402000 0.69982000
0.98527000 0.20109000 0.51606000
0.91259000 0.19182000 0.73950000
0.54774000 0.21374000 0.67224000
0.88558000 0.09413000 0.56158000
0.75712000 0.17148000 0.50390000
0.63693000 0.05058000 0.51245000
0.53602000 0.05838000 0.77192000
0.93949000 0.10472000 0.86730000
0.88723000 0.00044000 0.50226000
0.99775000 0.20714000 0.90895000
0.67521000 0.02725000 0.83844000
0.74327000 0.20088000 0.66251000
0.89455000 0.03204000 0.81392000
0.81218000 0.21591000 0.61212000
0.82371000 0.15770000 0.56908000
0.80180000 0.08603000 0.77317000
0.53498000 0.18785000 0.59991000
0.74247000 0.17258000 0.79531000
0.68686000 0.18164000 0.84595000
0.73919000 0.10561000 0.82659000
0.98927000 0.11272000 0.80701000
0.56621000 0.11519000 0.96943000
0.54557000 0.10613000 0.84716000
0.50536000 0.04583000 0.62881000
0.63581000 0.02432000 0.59479000
0.90652000 0.19271000 0.62284000
0.72846000 0.13130000 0.72918000
0.65872000 0.11560000 0.79687000
0.70697000 0.13135000 0.98779000
0.52083000 0.20272000 0.86338000
0.55538000 0.05126000 0.55670000
0.72115000 0.18363000 0.91805000
0.62789000 0.19094000 0.60137000
0.77410000 0.01935000 0.65187000
0.89083000 0.08386000 0.94101000
0.67174000 0.08128000 0.91211000
0.86626000 0.20700000 0.55746000
0.92478000 0.12021000 0.62113000
0.57801000 0.23679000 0.55468000
0.85832000 0.09004000 0.69896000
0.93077000 0.01839000 0.73417000
0.63165000 0.07279000 0.98779000
0.57944000 0.01373000 0.90080000
0.85615000 0.02113000 0.89960000
0.82003000 0.19490000 0.77572000
0.95419000 0.00807000 0.62437000
0.96735000 0.04444000 0.79747000
0.61253000 0.13282000 0.85881000
0.72476000 0.23846000 0.73144000
0.59016000 0.01681000 0.99003000
0.71388000 0.20547000 0.55544000
0.96576000 0.01756000 0.96445000
0.85164000 0.03840000 0.75715000
0.93618000 0.14645000 0.68813000
0.60341000 0.08372000 0.90790000
0.59901000 0.10536000 0.56076000
0.63519000 0.17997000 0.97234000
0.87150000 0.15164000 0.67137000
0.78210000 0.03391000 0.56687000
0.58509000 0.20935000 0.80092000
0.77343000 0.13876000 0.94297000
0.95338000 0.07788000 0.72651000
0.57433000 0.18078000 0.91377000
0.82433000 0.07061000 0.61963000
0.50160000 0.03941000 0.94817000
0.79572000 0.21365000 0.88999000
0.71186000 0.09856000 0.58783000
0.59485000 0.10199000 0.77543000
0.86602000 0.13689000 0.85993000
0.93496000 0.16823000 0.82385000
0.63526000 0.15566000 0.67626000
0.71247000 0.02152000 0.76512000
0.60541000 0.02750000 0.74136000
0.65084000 0.17584000 0.76291000
0.83357000 0.20960000 0.69066000
0.88578000 0.12989000 0.76168000
0.79429000 0.14866000 0.72533000
0.98426000 0.16981000 0.75107000
0.68665000 0.23433000 0.93765000
0.53751000 0.22441000 0.96837000
0.94144000 0.02645000 0.88723000
0.62081000 0.24802000 0.92312000
0.54269000 0.07633000 0.69694000
0.55857000 0.00362000 0.81550000
0.94849000 0.00655000 0.53853000
0.67018000 0.16799000 0.51002000
0.64660000 0.29766000 0.42184000
0.93023000 0.39777000 0.17065000
0.89474000 0.26312000 0.00536000
0.83809000 0.34790000 0.22799000
0.87483000 0.46047000 0.19208000
0.54042000 0.37255000 0.03807000
0.72945000 0.34820000 0.22078000
0.60842000 0.25183000 0.19920000
0.86107000 0.39095000 0.40437000
0.79868000 0.41594000 0.42774000
0.87923000 0.30111000 0.19398000
0.59473000 0.27958000 0.01365000
0.58004000 0.27016000 0.08507000
0.94343000 0.31798000 0.18166000
0.55896000 0.39400000 0.38238000
0.60832000 0.27446000 0.35522000
0.75144000 0.38488000 0.15431000
0.62554000 0.41572000 0.12318000
0.92753000 0.42096000 0.35233000
0.53150000 0.28985000 0.38068000
0.81511000 0.25645000 0.12852000
0.97920000 0.33772000 0.12227000
0.96970000 0.25220000 0.01005000
0.83713000 0.28232000 0.06605000
0.66774000 0.32445000 0.34292000
0.61087000 0.31419000 0.13242000
0.68235000 0.48087000 0.27064000
0.91110000 0.35572000 0.25503000
0.68915000 0.41165000 0.27971000
0.52827000 0.34170000 0.32964000
0.99401000 0.46888000 0.29462000
0.85893000 0.36423000 0.06590000
0.58084000 0.43527000 0.27993000
0.84890000 0.42274000 0.27758000
0.87399000 0.47659000 0.05355000
0.91420000 0.49320000 0.24906000
0.52258000 0.40255000 0.16766000
0.77637000 0.34225000 0.09890000
0.68464000 0.25963000 0.02806000
0.84430000 0.35559000 0.32879000
0.69269000 0.49100000 0.05499000
0.50370000 0.29994000 0.01080000
0.72396000 0.37706000 0.40067000
0.63765000 0.46301000 0.43153000
0.67220000 0.26787000 0.25990000
0.98946000 0.36784000 0.28012000
0.88557000 0.48916000 0.36820000
0.62808000 0.44840000 0.01452000
0.87455000 0.25333000 0.42344000
0.90420000 0.30850000 0.36944000
0.54227000 0.31857000 0.46346000
0.91454000 0.30313000 0.45250000
0.94685000 0.33252000 0.01399000
0.99812000 0.34917000 0.36483000
0.65654000 0.36470000 0.43388000
0.75484000 0.26809000 0.06008000
0.80464000 0.33453000 0.41917000
0.78938000 0.44784000 0.24935000
0.65541000 0.25947000 0.13159000
0.61752000 0.39062000 0.33317000
0.96145000 0.41921000 0.00757000
0.78726000 0.29619000 0.19749000
0.85002000 0.39231000 0.16124000
0.71651000 0.37740000 0.07565000
0.68791000 0.39552000 0.00711000
0.71446000 0.30846000 0.13563000
0.74705000 0.43554000 0.01679000
0.51974000 0.40456000 0.29128000
0.97126000 0.36140000 0.46237000
0.53270000 0.25459000 0.48490000
0.94080000 0.27434000 0.31667000
0.66000000 0.46133000 0.18246000
0.75547000 0.29680000 0.48188000
0.77983000 0.40961000 0.31401000
0.63854000 0.39588000 0.20139000
0.78670000 0.48166000 0.34894000
0.69050000 0.32558000 0.03222000
0.89646000 0.48554000 0.45803000
0.85635000 0.26813000 0.32479000
0.56926000 0.46362000 0.11152000
0.95487000 0.46337000 0.16088000
0.55293000 0.46209000 0.39180000
0.96859000 0.26042000 0.45216000
0.72616000 0.35701000 0.32708000
0.76528000 0.27914000 0.39136000
0.54869000 0.45304000 0.02461000
0.55293000 0.36361000 0.22935000
0.77948000 0.28877000 0.31140000
0.80479000 0.45358000 0.07464000
0.94581000 0.40245000 0.09298000
0.71614000 0.45440000 0.36514000
0.56054000 0.29374000 0.22699000
0.64885000 0.32258000 0.20201000
0.88689000 0.31214000 0.12144000
0.59024000 0.46880000 0.20579000
0.70892000 0.43947000 0.11614000
0.93959000 0.43238000 0.24025000
0.71723000 0.44013000 0.48185000
0.61178000 0.48963000 0.35144000
0.53173000 0.28634000 0.13571000
0.90615000 0.36992000 0.63664000
0.83199000 0.31597000 0.84156000
0.72225000 0.46693000 0.92222000
0.77309000 0.32615000 0.99126000
0.65899000 0.38111000 0.70962000
0.97172000 0.33692000 0.92650000
0.51230000 0.34888000 0.84508000
0.53933000 0.39872000 0.89719000
0.58010000 0.49647000 0.63945000
0.88584000 0.34881000 0.72783000
0.83947000 0.44749000 0.69329000
0.97944000 0.32250000 0.76843000
0.95166000 0.28278000 0.63544000
0.88839000 0.37675000 0.90681000
0.91669000 0.37424000 0.55906000
0.91327000 0.44759000 0.59535000
0.72097000 0.32799000 0.82214000
0.76778000 0.45354000 0.71963000
0.78932000 0.41230000 0.83765000
0.52862000 0.42304000 0.79816000
0.76478000 0.39045000 0.96732000
0.60680000 0.32778000 0.94170000
0.61781000 0.31232000 0.80772000
0.62507000 0.41682000 0.54249000
0.84787000 0.36614000 0.53954000
0.89750000 0.25674000 0.51068000
0.59385000 0.45867000 0.77549000
0.59002000 0.38439000 0.76721000
0.82650000 0.35372000 0.63528000
0.65848000 0.47596000 0.73438000
0.72996000 0.39995000 0.76653000
0.95976000 0.34046000 0.68654000
0.50207000 0.42239000 0.54052000
0.85967000 0.25041000 0.83351000
0.67549000 0.33845000 0.92934000
0.92689000 0.27199000 0.82580000
0.78487000 0.26269000 0.95646000
0.65916000 0.37329000 0.80755000
0.72758000 0.40918000 0.88894000
0.77428000 0.31128000 0.87401000
0.74218000 0.48990000 0.84839000
0.84424000 0.30534000 0.55036000
0.77965000 0.37271000 0.52096000
0.86811000 0.48774000 0.54527000
0.92946000 0.47873000 0.88014000
0.90749000 0.45599000 0.72160000
0.54830000 0.32620000 0.77644000
0.70632000 0.41745000 0.66906000
0.76668000 0.40225000 0.60843000
0.83368000 0.32140000 0.94007000
0.53429000 0.29801000 0.61068000
0.54920000 0.33373000 0.68604000
0.53578000 0.48076000 0.95375000
0.89186000 0.43507000 0.93955000
0.96061000 0.26890000 0.54777000
0.71099000 0.34190000 0.71178000
0.54387000 0.43532000 0.64960000
0.55968000 0.38100000 0.58914000
0.62975000 0.44559000 0.67212000
0.79252000 0.45269000 0.90296000
0.63453000 0.45197000 0.92709000
0.56770000 0.29487000 0.86618000
0.56390000 0.42354000 0.51898000
0.69397000 0.39272000 0.58249000
0.57879000 0.32513000 0.54337000
0.86132000 0.25104000 0.92275000
0.54916000 0.47997000 0.84188000
0.63971000 0.27927000 0.67098000
0.75192000 0.33755000 0.60363000
0.88145000 0.44602000 0.84669000
0.58922000 0.38315000 0.65540000
0.65734000 0.34792000 0.51838000
0.75978000 0.26667000 0.65536000
0.81310000 0.43012000 0.54811000
0.63149000 0.35528000 0.59446000
0.92769000 0.35060000 0.84329000
0.51167000 0.45889000 0.72772000
0.85687000 0.37757000 0.83338000
0.99346000 0.42907000 0.54776000
0.93951000 0.26084000 0.72325000
0.61762000 0.47230000 0.85500000
0.84961000 0.41902000 0.61855000
0.77047000 0.36484000 0.68456000
0.86852000 0.26351000 0.62139000
0.96320000 0.40151000 0.91710000
0.79770000 0.36516000 0.77019000
0.93686000 0.26545000 0.91246000
0.60652000 0.36385000 0.87694000
0.67665000 0.26278000 0.85603000
0.68838000 0.44099000 0.81245000
0.85033000 0.40206000 0.75444000
0.69462000 0.48128000 0.56276000
0.98718000 0.48505000 0.60917000
0.95371000 0.42894000 0.65973000
0.99961000 0.28230000 0.88287000
0.99660000 0.36275000 0.56982000
0.68258000 0.29331000 0.75472000
0.86041000 0.38648000 0.99604000
0.83647000 0.30459000 0.74649000
0.71022000 0.26911000 0.59348000
0.94250000 0.49750000 0.97972000
0.71894000 0.29507000 0.92164000
0.59323000 0.39511000 0.99487000
0.51066000 0.41365000 0.97181000
0.78381000 0.28235000 0.78482000
0.51941000 0.29025000 0.93369000
0.50761000 0.26630000 0.74624000
0.81871000 0.49382000 0.98036000
0.77228000 0.25662000 0.56032000
0.97262000 0.49051000 0.50040000
0.81595000 0.25881000 0.50637000
0.57343000 0.52658000 0.09800000
0.77167000 0.56948000 0.44752000
0.82742000 0.72609000 0.03512000
0.66462000 0.70393000 0.40261000
0.90285000 0.59144000 0.26369000
0.99716000 0.64734000 0.48498000
0.75889000 0.72477000 0.34691000
0.73627000 0.65016000 0.29332000
0.74041000 0.69272000 0.43919000
0.70457000 0.73575000 0.10078000
0.75792000 0.69993000 0.11166000
0.83925000 0.57514000 0.03633000
0.72739000 0.67306000 0.19181000
0.91655000 0.61344000 0.38365000
0.61430000 0.56550000 0.05738000
0.98624000 0.58962000 0.00775000
0.98843000 0.62791000 0.09869000
0.56734000 0.62018000 0.32414000
0.69897000 0.56566000 0.26581000
0.58327000 0.51930000 0.43207000
0.97948000 0.68322000 0.20300000
0.68777000 0.60944000 0.20954000
0.80703000 0.56106000 0.26742000
0.90171000 0.56110000 0.46826000
0.90763000 0.56132000 0.04866000
0.80814000 0.64531000 0.10773000
0.50849000 0.66393000 0.21629000
0.55464000 0.63918000 0.15204000
0.96741000 0.53923000 0.26939000
0.96874000 0.52263000 0.04975000
0.72188000 0.62484000 0.10233000
0.66348000 0.67310000 0.30401000
0.51613000 0.73869000 0.18002000
0.87265000 0.74141000 0.31504000
0.78815000 0.61966000 0.33968000
0.67272000 0.56214000 0.37349000
0.56025000 0.59985000 0.47104000
0.69723000 0.53539000 0.18202000
0.99448000 0.63793000 0.36492000
0.65271000 0.59888000 0.45399000
0.61053000 0.67025000 0.02598000
0.84260000 0.58181000 0.13635000
0.70189000 0.52452000 0.45741000
0.71699000 0.55719000 0.09183000
0.80050000 0.66945000 0.24092000
0.87116000 0.54181000 0.21222000
0.83817000 0.70430000 0.46062000
0.70935000 0.72673000 0.29321000
0.93828000 0.68755000 0.37673000
0.84042000 0.70336000 0.11680000
0.54013000 0.56313000 0.15932000
0.86244000 0.55880000 0.34455000
0.63246000 0.57626000 0.19437000
0.85646000 0.66295000 0.04515000
0.86564000 0.66671000 0.34333000
0.84177000 0.52926000 0.46816000
0.58696000 0.58149000 0.25575000
0.85398000 0.50437000 0.28204000
0.57962000 0.66346000 0.21571000
0.96680000 0.61936000 0.28909000
0.78328000 0.73602000 0.48529000
0.54528000 0.57147000 0.03603000
0.93919000 0.53914000 0.36899000
0.76590000 0.55708000 0.35559000
0.64960000 0.63977000 0.10346000
0.93480000 0.65886000 0.45713000
0.68547000 0.72956000 0.49686000
0.70768000 0.57225000 0.00599000
0.55150000 0.68896000 0.34412000
0.76606000 0.51089000 0.19591000
0.58999000 0.55570000 0.34324000
0.51206000 0.73085000 0.05604000
0.78754000 0.52052000 0.11037000
0.90469000 0.66473000 0.20835000
0.60333000 0.63005000 0.39817000
0.95033000 0.71243000 0.12617000
0.52278000 0.50596000 0.21256000
0.60282000 0.72505000 0.39925000
0.97295000 0.67486000 0.02282000
0.60366000 0.64875000 0.49408000
0.71993000 0.61710000 0.37138000
0.77312000 0.61643000 0.02725000
0.65221000 0.66484000 0.21138000
0.54876000 0.63318000 0.05886000
0.96340000 0.57888000 0.48301000
0.61325000 0.72309000 0.21764000
0.51890000 0.55975000 0.41403000
0.80275000 0.66584000 0.39394000
0.75106000 0.63316000 0.46727000
0.76104000 0.69946000 0.03174000
0.97237000 0.57987000 0.20818000
0.90518000 0.65301000 0.10360000
0.95897000 0.73211000 0.25472000
0.82575000 0.73218000 0.25398000
0.50145000 0.59565000 0.21363000
0.55959000 0.51085000 0.28628000
0.58888000 0.51151000 0.00552000
0.50703000 0.69858000 0.45720000
0.86275000 0.50223000 0.12542000
0.98554000 0.50041000 0.41617000
0.52485000 0.50075000 0.46908000
0.89273000 0.73619000 0.00511000
0.75940000 0.74968000 0.21527000
0.74113000 0.61158000 0.82232000
0.80238000 0.56623000 0.59103000
0.56694000 0.61551000 0.79199000
0.53569000 0.54201000 0.83559000
0.76722000 0.64382000 0.94611000
0.70572000 0.59946000 0.58546000
0.91950000 0.73925000 0.63909000
0.79970000 0.72231000 0.87510000
0.74911000 0.66935000 0.85575000
0.98748000 0.73890000 0.60546000
0.91103000 0.54141000 0.91142000
0.55302000 0.74532000 0.56936000
0.85316000 0.50447000 0.88469000
0.91411000 0.61037000 0.81393000
0.98369000 0.56061000 0.90532000
0.59297000 0.62615000 0.93319000
0.91964000 0.60715000 0.61805000
0.62365000 0.64693000 0.67655000
0.76615000 0.73836000 0.66954000
0.75428000 0.66185000 0.62459000
0.91142000 0.67957000 0.56328000
0.67407000 0.59454000 0.80627000
0.83693000 0.67755000 0.59052000
0.73529000 0.56505000 0.51933000
0.54642000 0.51555000 0.55743000
0.56875000 0.61651000 0.59177000
0.67168000 0.71212000 0.89323000
0.61889000 0.51804000 0.53955000
0.97915000 0.70065000 0.91448000
0.68344000 0.63933000 0.51524000
0.67128000 0.68458000 0.96587000
0.60108000 0.55603000 0.91630000
0.57839000 0.66379000 0.86420000
0.50252000 0.60792000 0.54370000
0.65929000 0.63942000 0.87490000
0.52423000 0.71831000 0.85421000
0.63612000 0.54292000 0.62846000
0.72556000 0.69776000 0.55716000
0.84791000 0.60131000 0.63571000
0.57441000 0.70072000 0.64591000
0.97291000 0.60730000 0.85175000
0.59190000 0.50957000 0.73852000
0.88067000 0.64973000 0.92863000
0.60324000 0.68111000 0.79354000
0.89511000 0.62320000 0.51440000
0.50574000 0.66819000 0.67407000
0.93674000 0.51914000 0.57578000
0.75237000 0.53394000 0.70195000
0.75253000 0.58073000 0.90166000
0.97018000 0.56188000 0.76188000
0.81738000 0.65378000 0.51833000
0.72871000 0.58488000 0.75421000
0.90134000 0.74409000 0.50319000
0.78869000 0.71526000 0.75387000
0.95085000 0.63395000 0.93104000
0.56605000 0.59451000 0.69876000
0.55255000 0.67644000 0.96203000
0.64640000 0.61127000 0.99795000
0.52774000 0.58930000 0.93546000
0.67497000 0.51109000 0.81831000
0.94569000 0.61455000 0.72155000
0.83590000 0.53710000 0.77866000
0.87118000 0.55960000 0.55565000
0.51866000 0.64241000 0.87889000
0.80471000 0.50113000 0.54747000
0.63378000 0.54935000 0.77734000
0.93597000 0.67247000 0.66916000
0.53763000 0.69755000 0.75445000
0.62488000 0.74191000 0.73277000
0.93368000 0.70089000 0.76920000
0.91196000 0.67719000 0.84625000
0.88860000 0.57138000 0.68809000
0.67077000 0.56997000 0.93521000
0.97462000 0.50545000 0.81619000
0.62073000 0.58024000 0.54442000
0.71278000 0.51491000 0.63240000
0.81424000 0.58611000 0.85395000
0.98408000 0.58342000 0.61192000
0.84773000 0.66581000 0.67361000
0.67271000 0.57538000 0.71172000
0.76525000 0.60516000 0.67199000
0.68684000 0.71930000 0.67995000
0.84470000 0.52411000 0.66269000
0.80335000 0.72323000 0.96009000
0.59521000 0.69079000 0.55994000
0.83942000 0.65969000 0.85110000
0.84576000 0.62565000 0.78556000
0.52206000 0.66496000 0.56890000
0.70316000 0.65333000 0.70989000
0.85619000 0.55464000 0.95732000
0.90538000 0.74467000 0.87564000
0.88935000 0.70944000 0.70787000
0.73287000 0.73879000 0.93788000
0.73346000 0.50601000 0.99759000
0.92184000 0.51955000 0.66685000
0.70935000 0.73080000 0.77834000
0.67055000 0.51083000 0.96219000
0.98046000 0.74830000 0.69063000
0.63113000 0.89868000 0.22261000
0.86422000 0.80705000 0.30201000
0.79673000 0.79792000 0.29515000
0.92599000 0.78879000 0.28618000
0.65947000 0.92629000 0.36924000
0.52159000 0.85620000 0.39761000
0.93471000 0.85553000 0.30488000
0.67723000 0.80191000 0.06310000
0.81544000 0.90110000 0.20867000
0.63187000 0.90310000 0.45338000
0.83967000 0.84182000 0.47353000
0.94905000 0.92603000 0.46357000
0.81348000 0.95998000 0.46032000
0.87387000 0.84052000 0.38421000
0.74489000 0.88273000 0.44237000
0.73821000 0.95300000 0.15976000
0.89752000 0.93421000 0.29887000
0.73377000 0.91821000 0.00193000
0.98973000 0.97392000 0.08738000
0.63037000 0.85054000 0.29557000
0.54171000 0.87936000 0.24560000
0.74488000 0.87127000 0.19053000
0.54860000 0.89768000 0.00371000
0.67564000 0.98976000 0.26045000
0.95374000 0.84216000 0.03809000
0.65830000 0.81904000 0.16224000
0.57662000 0.93412000 0.05306000
0.53993000 0.91081000 0.14258000
0.54356000 0.78782000 0.03585000
0.61917000 0.79708000 0.45536000
0.83410000 0.95662000 0.06624000
0.60640000 0.78724000 0.36131000
0.62880000 0.85286000 0.08618000
0.93007000 0.96340000 0.12579000
0.88360000 0.97364000 0.00611000
0.97196000 0.81794000 0.12910000
0.56613000 0.87502000 0.33249000
0.62349000 0.96254000 0.31015000
0.88422000 0.95297000 0.42595000
0.91446000 0.77540000 0.18434000
0.78050000 0.84302000 0.39625000
0.69260000 0.79534000 0.37846000
0.59030000 0.83318000 0.20240000
0.51699000 0.80956000 0.15814000
0.70689000 0.88713000 0.34553000
0.98578000 0.80873000 0.32848000
0.51583000 0.79449000 0.44095000
0.87941000 0.79024000 0.45344000
0.67363000 0.97536000 0.17656000
0.54291000 0.92788000 0.37974000
0.85821000 0.86053000 0.25781000
0.73830000 0.94396000 0.28594000
0.68441000 0.79259000 0.25596000
0.76187000 0.81517000 0.21796000
0.66696000 0.91630000 0.09877000
0.90214000 0.90659000 0.11017000
0.69444000 0.88057000 0.24851000
0.55230000 0.89239000 0.49048000
0.90150000 0.84330000 0.14812000
0.98553000 0.91511000 0.21301000
0.51189000 0.83910000 0.31768000
0.75778000 0.99789000 0.33900000
0.68057000 0.84277000 0.49546000
0.88080000 0.93681000 0.18731000
0.67568000 0.85487000 0.41364000
0.84153000 0.81213000 0.20883000
0.68354000 0.87848000 0.15700000
0.69263000 0.75900000 0.17372000
0.90114000 0.87593000 0.00836000
0.82201000 0.90103000 0.11989000
0.58809000 0.97214000 0.20515000
0.59695000 0.76052000 0.15984000
0.78120000 0.77113000 0.13059000
0.89689000 0.77461000 0.06723000
0.94220000 0.91811000 0.04779000
0.84798000 0.82917000 0.03463000
0.75880000 0.76941000 0.40726000
0.91978000 0.88037000 0.22949000
0.76915000 0.86438000 0.06965000
0.84207000 0.97975000 0.30100000
0.85776000 0.77189000 0.37899000
0.83938000 0.89660000 0.40481000
0.57293000 0.77877000 0.26478000
0.56314000 0.97249000 0.43806000
0.77979000 0.80578000 0.46514000
0.98004000 0.90715000 0.12101000
0.61148000 0.76349000 0.03135000
0.58656000 0.85302000 0.41758000
0.74187000 0.84233000 0.30592000
0.77300000 0.81062000 0.00824000
0.80678000 0.89036000 0.29636000
0.95585000 0.96480000 0.30919000
0.71266000 0.99714000 0.44847000
0.51776000 0.96955000 0.18302000
0.65393000 0.97054000 0.47719000
0.77742000 0.98115000 0.09206000
0.93656000 0.76378000 0.41382000
0.93929000 0.98416000 0.21186000
0.68530000 0.99859000 0.06715000
0.61901000 0.99695000 0.11832000
0.53570000 0.75431000 0.38421000
0.98812000 0.75235000 0.47576000
0.91135000 0.81401000 0.89923000
0.68168000 0.83263000 0.61708000
0.61370000 0.87540000 0.83148000
0.63259000 0.77158000 0.88478000
0.69524000 0.87097000 0.75668000
0.72031000 0.86898000 0.56030000
0.89747000 0.93923000 0.60042000
0.81507000 0.75787000 0.57305000
0.94457000 0.83040000 0.81690000
0.78725000 0.81342000 0.66506000
0.57804000 0.86254000 0.68569000
0.51265000 0.90659000 0.55437000
0.75535000 0.92855000 0.91894000
0.98359000 0.80379000 0.90725000
0.87183000 0.77855000 0.59694000
0.66996000 0.76993000 0.55163000
0.65860000 0.78917000 0.67519000
0.95759000 0.90799000 0.66806000
0.69370000 0.86674000 0.97572000
0.87260000 0.85316000 0.82215000
0.79170000 0.86882000 0.94519000
0.93962000 0.77646000 0.97052000
0.67647000 0.92773000 0.56634000
0.69391000 0.93284000 0.87750000
0.79238000 0.89342000 0.75202000
0.66509000 0.81894000 0.84898000
0.80029000 0.98414000 0.91538000
0.89342000 0.85622000 0.72011000
0.94535000 0.76670000 0.79596000
0.77833000 0.87956000 0.84293000
0.63381000 0.83152000 0.99751000
0.51005000 0.85992000 0.72373000
0.72195000 0.78281000 0.50298000
0.73665000 0.89824000 0.69249000
0.94642000 0.84815000 0.64638000
0.98682000 0.95421000 0.61847000
0.72201000 0.82062000 0.69834000
0.55395000 0.91203000 0.86253000
0.50584000 0.96753000 0.99470000
0.75846000 0.92148000 0.59903000
0.67464000 0.78299000 0.96804000
0.59490000 0.75209000 0.80795000
0.72320000 0.85489000 0.87961000
0.60934000 0.87397000 0.61990000
0.70193000 0.93468000 0.78715000
0.97558000 0.90750000 0.86244000
0.56617000 0.95873000 0.94807000
0.93121000 0.89265000 0.80618000
0.81687000 0.97025000 0.77445000
0.63237000 0.89787000 0.73136000
0.58144000 0.82828000 0.53056000
0.87094000 0.76288000 0.77835000
0.83608000 0.88401000 0.63449000
0.92083000 0.95175000 0.70965000
0.54027000 0.94597000 0.75382000
0.50369000 0.75914000 0.51919000
0.97057000 0.95275000 0.91737000
0.58309000 0.75035000 0.95017000
0.85057000 0.84697000 0.55767000
0.62343000 0.88391000 0.53939000
0.75102000 0.95736000 0.71974000
0.85287000 0.77746000 0.85519000
0.63591000 0.83272000 0.73487000
0.76038000 0.96105000 0.84791000
0.56635000 0.81084000 0.75207000
0.54682000 0.86181000 0.79569000
0.78362000 0.83086000 0.55974000
0.84014000 0.87333000 0.88775000
0.59527000 0.82134000 0.92420000
0.78353000 0.78928000 0.88052000
0.53088000 0.84837000 0.60086000
0.96318000 0.87539000 0.93734000
0.98749000 0.87327000 0.72922000
0.96087000 0.87751000 0.54908000
0.93159000 0.79889000 0.69930000
0.56771000 0.94569000 0.63913000
0.68262000 0.97603000 0.95101000
0.50232000 0.80973000 0.95141000
0.69437000 0.99014000 0.66527000
0.64450000 0.92421000 0.65273000
0.63969000 0.89180000 0.91774000
0.50328000 0.87884000 0.91626000
0.82382000 0.97287000 0.69454000
0.89994000 0.87811000 0.92627000
0.73733000 0.82565000 0.78708000
0.86876000 0.94872000 0.82862000
0.80454000 0.92063000 0.98478000
0.81231000 0.83236000 0.77798000
0.76787000 0.98571000 0.50778000
0.74456000 0.77164000 0.58598000
0.85103000 0.91590000 0.53050000
0.60458000 0.93083000 0.79771000
0.83297000 0.79337000 0.94930000
0.60612000 0.96737000 0.54742000
0.95863000 0.80889000 0.52584000
0.56800000 0.76750000 0.66185000
0.54482000 0.98880000 0.50859000
0.99995000 0.98300000 0.76588000
0.90883000 0.85674000 0.50015000
