0.81745127 0.52707836 0.47357641
0.07205527 0.50572469 0.70638828
0.29039684 0.48704404 0.93275018
0.76712928 0.54711409 0.93816389
0.39896281 0.53901792 0.22301763
0.11446733 0.25778868 0.68690462
0.52004980 0.92221615 0.56444871
0.95822928 0.48792191 0.56762170
0.77188389 0.36569942 0.92848401
0.83218296 0.82703589 0.15858048
0.84460329 -0.00777980 0.06741882
0.57369128 0.99918111 0.97015587
0.56576956 0.16788382 0.95784340
0.11618488 -0.05337266 0.76922866
0.50817080 0.82944997 0.06071728
0.91759677 0.91880619 0.13217393
0.51279908 0.53113909 0.68333016
0.29455734 0.02671018 0.43139767
0.72259182 0.32315287 0.44386562
0.44015404 1.00578911 0.78574084
0.45652152 0.65707138 0.77452801
-0.00964310 0.15511496 0.66115641
0.86001924 0.70431285 0.54306657
0.84633296 0.11832201 0.94977799
0.58624959 0.33481197 0.26887705
0.13170114 0.59088465 0.08697990
0.05446804 1.01180830 0.94484171
0.49472252 0.09010598 0.76849335
0.26454886 0.64049145 0.30372799
0.45382586 0.45080936 0.16253055
0.25303906 0.52784002 -0.02657870
0.82872851 0.05079434 0.45097978
0.85367263 0.51118407 0.39787633
0.59606147 0.80723697 0.29292396
0.30184013 0.38033065 0.78327784
0.79863038 0.98793164 0.33553052
0.20613413 0.72076409 0.24667572
0.88882132 0.15658366 0.34434034
1.04906235 0.81466042 0.29296327
0.13028308 0.51150068 0.95414437
0.94492149 0.99015075 0.24099158
0.41797426 0.60436159 0.18722201
0.27266557 0.33893741 0.24703225
0.54730164 0.51637488 0.94893493
0.77687306 0.42289336 0.00423181
0.83279120 0.86003555 0.28563240
0.89319203 0.82629184 0.27621351
0.78467730 0.24854319 0.30563440
0.15351294 0.73394067 0.50243677
0.33256053 0.55977714 0.86884689
0.67785020 0.92310717 0.61214667
0.85805631 0.26844345 0.41934600
0.39286919 0.80905235 0.50852152
0.68818118 0.89022141 0.07066171
0.23258610 0.63977215 0.57914512
0.95727120 0.85383880 0.27853830
0.93506731 0.57833108 0.40446750
0.41577704 0.95711796 0.89017926
0.63821932 0.55281850 0.00012674
0.06496791 0.17995954 0.79867533
0.18176423 0.75824165 0.85460642
0.39236477 0.74704437 0.45810787
0.59024926 0.39867978 0.49545981
0.03354336 0.80293918 0.02564946
0.91842136 0.14698890 0.43060932
0.96201556 0.35650498 0.36827671
0.42418384 0.83501876 0.78503510
0.78532416 0.07113536 0.32420358
0.87180803 0.95273538 0.47723605
0.93534518 0.62578972 0.00921874
0.75133016 0.86993112 0.91838605
0.59144236 0.74095687 0.41767797
0.94847690 0.28479417 0.21248452
0.22825546 -0.00668472 0.01276387
0.51080495 0.48153277 0.63574935
0.82183987 0.34551831 0.38742438
0.40737719 0.65500958 0.43248641
0.64168744 0.22896378 0.21139188
0.53740728 0.30849991 0.46431227
0.44328329 0.10783012 0.83580717
0.92518260 0.91650683 0.76315388
0.51673472 0.37129794 0.55702248
0.58709447 0.60242995 0.84859709
0.56922658 0.42692305 -0.02822609
0.33835020 0.90775189 0.49252512
0.67419414 0.30183591 0.83669084
0.21099895 0.40017021 0.61270664
0.32112478 0.99976090 0.50008571
0.49092561 0.21419284 0.45135698
0.29419266 0.43015859 0.55457090
0.39191548 0.55508318 0.36261775
0.23163949 0.07710356 0.19026141
0.49804449 0.62931325 0.44192387
0.31451764 0.50825945 0.04089642
0.08651291 0.19035451 0.59705418
0.44141895 0.28413233 0.26696664
0.99038625 0.67678260 0.63680365
0.12820093 0.53103915 0.60042379
0.24071507 0.10155011 0.61216247
0.13656110 0.04186183 0.86660826
0.48121421 0.71080574 0.83542713
0.89939665 1.01524871 0.72042558
0.54817685 0.13573026 0.75068975
0.51437692 0.31561732 0.35322770
0.00804734 0.42668214 0.48710847
0.86941143 0.92925864 0.80768456
0.60965498 0.86961599 0.04460094
0.32980767 0.75090690 0.20872981
0.97193616 0.28733894 0.37041734
0.69234875 0.14006997 0.09614848
0.68503113 0.08518629 0.56200345
0.27575736 0.04560200 0.82818709
0.53727451 0.94017996 0.48454087
0.62776368 0.41597436 0.85707912
0.66931854 0.05305227 0.31932034
0.39811986 0.38636760 0.81944436
0.20373589 0.48804378 0.93649891
0.39375935 0.56409906 0.50083640
0.40184191 -0.04907110 0.97131322
0.13913944 0.31927567 0.77022106
0.58994545 0.53413132 0.87318925
0.02326813 0.18435365 0.06136581
0.18161587 0.07748615 0.72653518
0.43202240 0.77819069 0.27869998
0.35445956 0.44600221 0.05859251
0.55523333 0.63619123 0.79158695
0.39145406 0.58404524 -0.01453113
0.21966807 0.02786017 0.53205633
0.47149499 0.12869740 0.22134410
0.36444278 0.47248889 0.56474733
0.10275565 0.95414505 0.92531347
0.06523078 0.88003356 0.32699160
0.58842984 0.65791084 0.33501573
0.11933248 0.35661376 0.64228676
0.14734648 0.97896199 0.08596219
0.00389190 0.70144138 0.06230391
0.73794591 0.91589905 0.16312064
0.44640558 0.40319242 0.05446354
0.07941026 0.24069232 0.89184593
0.38532867 0.70769426 0.20345627
0.19889978 0.25829148 0.09218210
0.87082675 0.68322167 0.68870275
0.95060496 0.55679756 0.50076053
0.89324821 0.66519211 0.78975821
0.45468863 0.51371275 0.34943300
0.89522946 0.49188268 0.33184719
0.23502245 0.42683487 0.21255604
0.09197994 0.03783183 0.30978856
0.21034427 0.84786814 0.13757732
0.40118199 0.67983925 0.71552828
0.23753658 0.91769046 0.05779096
0.17111870 0.95114843 0.53927133
0.87914515 0.48425096 0.69749783
0.54224467 1.06443972 0.51049551
0.37347241 0.37731582 0.47488223
0.04081182 0.47590389 0.44246333
0.11274529 0.32961220 0.25545764
0.70639080 0.43520968 0.50801264
0.32476574 0.33850383 0.43192802
0.29849903 0.15060492 0.30895450
0.24522062 0.86554240 0.98487831
0.25200264 0.78332317 0.02652864
0.16324659 0.41070227 0.99829361
0.09430064 0.84500534 0.04503576
0.52688265 0.12064259 0.85062370
0.96932340 0.88497595 0.65758367
0.88838334 0.48817661 0.46500913
0.33539154 0.67591030 0.91426804
0.93397528 0.46594898 0.16990769
0.21254514 0.05435320 0.34627891
0.02430171 0.21339648 0.63226700
0.77014657 0.88435603 0.67576817
0.43256130 0.13343508 0.71977395
0.46714155 0.70431835 0.36425911
0.76217388 0.82077960 0.18317130
0.71800406 0.02296035 0.88363000
0.85926943 0.42897893 0.13786512
0.84443998 0.91186008 0.59127960
0.22676505 0.45799475 0.57633052
0.05314660 0.36810398 0.79290686
0.48400899 0.42083893 0.51690688
0.78197403 0.15929203 0.91339105
0.46976759 0.52357823 0.99607143
-0.00167561 0.48684928 0.37568153
0.84106538 0.40408737 0.93257218
0.26899504 0.62352050 0.85012774
0.35090678 0.26749430 0.12473620
0.72527255 0.62562830 0.00847800
0.63805282 0.66254406 0.49191304
0.66741520 0.58435631 0.27753186
0.12732213 0.09920473 0.30105981
0.51716755 0.12920668 0.05220128
0.84837845 0.44239803 0.38906052
0.15734616 0.38333001 0.44515296
1.04258940 0.56111253 0.45627852
0.76411998 0.41508907 0.39202757
0.85730457 0.90578426 0.68238012
0.95244119 0.86085806 0.08574036
0.04733958 0.03907175 0.48083888
0.18780100 0.65660469 0.68845944
0.47664760 0.03086069 0.85614360
0.80964669 0.92127575 0.88962997
0.65840609 0.78870292 0.59013428
0.28029839 0.96337663 0.25151761
0.91612801 0.85853997 0.41453100
0.60157052 0.09570506 0.14659266
0.36281597 0.84810849 0.56203995
0.31228273 0.12209025 0.65138801
0.19522665 0.19580978 0.06978226
0.08412091 0.12162611 0.74794664
0.07557255 0.31528205 0.52038665
0.35241901 0.04787976 0.37844196
0.35158437 0.67097526 0.06781182
0.32510485 0.84408797 0.46000640
0.77401003 0.16182430 0.39950621
0.03825668 0.42018260 0.55995702
0.37722799 0.18218147 0.23552305
0.85771929 0.83298236 0.80718004
0.06740159 0.61651074 0.87675744
0.21275340 0.47276642 0.02734075
0.99532230 0.33280363 1.03045242
0.11431692 0.51574434 0.04609678
0.42001652 0.34166640 0.21185405
0.08309378 0.22212834 0.36390220
1.03585492 0.12524171 0.20073121
0.91566939 0.28284055 0.01052548
0.46842197 -0.00148413 0.10857842
0.01638980 0.62464217 0.04107968
0.48919528 0.21649541 0.67850922
0.09476337 0.15578806 0.23072836
0.86415498 0.54609196 0.05179412
0.99105382 0.28097142 0.44963781
0.81971795 1.00330069 0.97412172
0.42881125 0.09551754 0.54326570
0.18707293 0.51466611 0.41634650
0.01658487 0.92828577 0.46868301
0.83138885 0.22084806 0.50167189
0.82991730 0.38401507 0.64434753
0.05254568 0.46057957 0.31209686
0.77907810 0.46248765 0.30623185
-0.00958972 0.90027434 0.55403577
0.70445191 0.55217439 0.90697495
0.03375507 0.29583685 0.77239438
0.39079688 0.83146526 0.17763420
0.54343132 0.18612559 0.82846295
0.68923632 0.58027044 0.52239940
0.64783980 0.66124934 0.09161732
0.21592255 1.00864251 0.45036159
0.24296512 0.96883242 0.67129776
0.99587543 0.74664035 0.64175106
0.32805307 0.33937049 0.08929433
0.32709530 0.93252884 0.81599426
0.76958111 0.84984021 0.82851068
0.34297861 0.61756010 0.10696504
0.63719031 0.78181037 0.84428564
0.81018367 0.52329005 0.33099109
0.13615306 0.02953718 0.55513497
0.06077384 0.74376236 0.55180820
0.72938361 0.14161375 0.78780106
0.61876765 0.05480224 0.81009098
0.85976407 0.15655635 0.47293352
0.80268643 0.68761688 0.37853880
0.44872681 0.54075532 0.78013270
0.14695895 0.42834861 0.77477225
0.73530465 0.18500046 0.33192016
0.83313269 0.19931201 0.32388884
0.13412730 0.60042085 0.72015766
0.51716224 0.29324955 0.78506842
0.76936476 0.97083330 0.26530255
0.73971686 0.75232598 0.42660929
0.27853868 0.20429476 0.25154875
0.93951856 0.43970662 0.49242653
0.80798935 0.91101430 0.36310867
0.35639098 0.88423392 0.76156336
0.63440821 0.67322078 0.82290924
0.17496972 1.02231971 0.97975053
0.90095005 1.02078206 0.52953243
0.83714983 0.59379312 0.32226179
0.22212867 0.18287773 0.87521401
0.87092605 0.49647363 0.95079259
0.66505660 0.39567198 0.26551063
0.41275179 0.72117139 0.12195705
0.88169466 0.18276111 0.86655191
0.67300489 0.76861819 0.24102471
0.87274084 0.26504944 0.32245273
0.97115726 0.38652282 0.83440186
0.64705540 0.63873596 0.57036791
0.74609934 -0.02557533 0.94938496
0.28309803 0.29331902 0.31221781
0.57204652 0.79604144 0.75459821
0.82023164 0.63045252 0.43834042
0.27781956 0.56241232 0.33937076
0.69696544 0.69351166 0.34071310
0.16969948 -0.01241870 0.82456206
0.81185753 0.01741192 0.64046702
0.46353439 0.59140600 0.72231269
0.25224994 0.30299759 0.07779872
0.94768087 0.71669421 0.34463829
0.53491498 0.32018771 -0.02871159
0.58386365 0.12095965 0.53341501
0.85609731 0.65182635 0.01351847
0.45149408 0.66913917 0.50314375
0.93449277 0.69587109 0.08306880
0.11333462 0.40197644 0.16718374
0.69388027 0.88245314 0.69367061
0.62918294 0.41572354 0.71453273
0.83978203 0.15546412 0.70453780
0.93184298 0.24914643 0.91651123
0.79884583 0.06478513 0.83450492
0.20547655 0.50904566 0.76240912
0.20820707 0.22617474 0.35201600
0.62294630 0.18433144 0.29808413
0.99082440 0.03380516 0.90049487
0.36258429 0.87000948 0.07350379
0.52457573 0.44374900 0.11926169
0.69706061 0.61853522 0.33070876
0.45211475 0.28757453 0.68283625
0.04883342 0.28649568 0.62754844
0.74597535 0.92408675 0.77719052
0.57288178 0.87028418 0.17932883
0.82586151 0.68928724 0.93347570
0.62127136 0.03943296 0.10673640
0.68448510 0.85770096 0.35420201
0.49398733 0.88342184 0.18493684
0.28501817 0.52487622 0.76272161
0.39161051 0.33702142 0.61630962
0.18874997 0.22621223 0.68665590
0.31730721 0.70985454 0.77931039
0.34352800 0.22345999 -0.03247778
0.36019825 0.29992707 0.93129286
0.11539434 0.04010040 0.70016691
0.72917971 0.75756506 0.32351524
0.14080909 0.16270449 0.46226928
0.53567633 0.86288907 0.26510454
0.18518291 0.78350535 0.98261490
0.22044662 0.13485128 0.33203969
0.98561555 0.14525618 0.77426898
0.82997552 0.43365856 0.49027391
1.00135763 0.56844028 0.89835771
0.43316237 0.82735519 1.01112698
0.25676736 0.93738928 0.74280367
0.44050157 0.01578804 0.54211353
0.06979650 0.95791657 0.30377114
0.10596858 0.25562880 0.30081245
0.65119930 -0.03407257 0.32925356
0.02693709 0.02595612 0.19692048
0.87053053 0.36623030 0.57754264
0.76308299 0.74453435 0.61550928
0.50092380 0.24661172 0.52689063
0.28757104 0.44536757 0.69540117
0.08777060 0.21615175 0.45171140
0.70864067 0.56285389 0.43917412
0.27525719 0.19651203 0.67286416
0.32162493 0.61571049 0.35162006
0.46896261 0.37460361 0.84135448
0.72396427 0.14236104 0.68911466
0.90047564 0.40813839 0.68261722
0.55179835 0.65470631 0.57030164
0.52086143 0.35461443 0.04941070
0.12029617 0.99425659 0.48716176
0.22769426 0.35117900 0.84700823
0.52600164 0.41737331 0.85642598
0.12632098 0.85464109 0.28675949
0.58688375 0.97287314 0.56260348
0.50576359 0.47484588 0.55168953
0.68815361 0.38268061 0.83748692
0.55194526 0.19316412 0.16571133
0.77017697 0.84372268 0.37144033
0.21203952 0.58186855 0.33465251
0.04031267 0.51685143 0.20557663
0.81341534 0.36432082 0.75231020
0.68332749 0.45233325 0.67104525
0.04296236 0.80650680 0.57807872
0.75359039 0.47518925 0.68582436
0.72149698 0.30259689 0.67911598
0.88460444 0.77235390 0.70968713
0.17243221 0.18963050 0.55455040
0.66946011 0.99602379 0.62458468
0.30096278 0.86821355 0.69253238
0.63800900 0.49630658 0.81314026
0.25072539 0.47941850 0.37672568
0.50867920 0.54061344 0.19606059
0.67235095 0.64348580 0.21808318
0.28297733 0.71676607 0.27944996
0.46627652 0.22377860 0.37155048
0.50137282 0.09508909 0.95201114
0.93062739 0.45735032 0.40684835
0.37966104 0.14108420 0.64909266
0.27150868 0.23010285 0.59311447
0.96775474 0.14066956 0.15831170
0.65268823 0.29081648 0.55452951
0.45611862 0.80918604 0.13999339
0.27948033 0.12921133 1.01938823
0.62185058 0.79341256 0.03627415
0.20550069 0.89844087 0.76497209
0.30067645 0.69322227 0.48618024
0.39542759 0.15108136 0.41760648
0.49106163 -0.05295155 0.89471274
0.82257290 0.85989682 0.02994313
0.05092940 0.73435613 0.69590528
0.58922514 0.23130344 0.63394754
0.17152844 0.28800953 0.35294365
0.54126118 0.06108289 1.00635654
0.40976105 0.34573797 0.09686241
0.72755960 0.22435602 0.89143467
0.27456285 0.23825477 0.11401361
0.99003613 0.76156033 0.09440141
0.75048251 0.21492908 0.58377249
0.70959719 0.78323763 0.66631515
0.98710745 0.60117505 0.54409666
0.72024160 0.86241399 0.24104682
0.39600893 0.60434389 0.85255646
0.30086592 0.78754278 0.88099256
0.97149916 0.77567246 -0.00174847
0.45679487 0.78836659 0.94316484
0.27436083 0.96847731 0.35844335
0.60595246 0.86683887 0.53472991
0.09863410 0.64179349 0.37872494
0.61765859 0.57846010 0.49726305
0.78969350 0.57689130 0.38048275
0.12528097 0.28912144 0.59435970
-0.02979850 0.25616964 0.67930520
0.95484765 1.00610607 0.05128905
0.63439705 0.70485896 0.29207359
0.81259916 0.74822962 0.67753108
0.16495323 0.88912525 0.56550272
0.56482443 0.88634427 0.92875890
0.97856004 0.47673117 0.68715171
0.61066651 0.40376908 0.21376815
0.09883872 0.48322608 0.39788841
0.16137612 0.05150402 0.47199694
0.23469922 0.97189531 0.59088917
0.05086370 0.31676538 0.21828176
0.04500103 0.41803995 0.15719583
0.73701764 0.37336523 0.18880786
0.62638937 0.74565038 0.71308032
0.30966710 0.49573037 0.32919567
0.79357117 0.13113162 0.17737925
0.99327205 0.22674842 0.86520753
0.20450676 0.49815765 0.12049701
0.26457081 0.62396099 0.03867225
0.35661321 0.24607253 0.78769581
0.12575552 0.48620411 0.74340174
0.66324603 0.73318132 0.11883574
0.16297385 0.79406650 0.20474117
0.72324954 0.44608044 0.09074965
0.74780072 0.06286813 0.98784873
0.12851047 0.91422943 0.14052607
1.07616615 0.08692311 0.43177312
0.21998371 0.96497992 0.12152471
0.88525317 0.79208342 0.89800802
0.72053715 0.98489168 0.12546117
0.20305154 0.67281431 0.35420850
0.31476399 0.31316930 0.99782814
0.92467650 0.33469417 0.25823866
0.56660305 0.93679935 0.23612382
0.73011557 0.08575608 0.85588198
0.90581591 0.92086486 0.55388696
0.93526906 0.85331811 0.73683912
0.38470486 0.74289774 0.53266367
0.63853975 0.32899960 0.43345014
0.38427034 0.65731313 0.32398931
0.35977751 0.80032059 0.25551647
0.02701029 0.36184767 0.33716443
0.40731158 0.33539383 0.39830885
0.00559868 0.63729121 0.90424552
0.66278974 0.20505586 0.72061993
0.87980510 0.27796957 0.23904328
0.88384621 0.77160027 0.33985730
0.41545628 0.34430662 -0.00465360
0.32688097 0.24984567 0.70393100
0.07651495 0.91311311 0.52025916
0.01537268 0.01627817 0.76789169
0.78016704 0.82545547 0.09397827
0.32358632 0.90543894 0.62980478
0.92338844 0.20209586 0.10826613
0.95390471 0.53665439 0.68075008
0.33151307 0.00237863 0.81255068
0.66324924 0.87965023 -0.00756877
0.61423214 0.89396696 0.83141817
0.68560645 0.50347798 0.47617136
0.74606173 0.86432787 0.47022738
0.83897655 0.10394598 0.03310010
0.15512054 0.79128277 0.58965615
0.50672279 0.59709673 0.37532654
0.51132643 0.23651153 0.31185347
0.68536252 0.31133149 0.37423876
0.92700179 0.08158366 0.32715939
0.83307663 0.75117091 0.06836586
0.35735006 0.12639414 0.95646408
0.25877158 0.67341290 0.64149715
0.63684221 0.33245225 0.65018392
0.79046958 0.28324387 0.16135952
0.09318539 0.71100229 0.23301295
0.07502139 0.97321465 0.57091248
0.47578159 0.82896981 0.23180903
0.66121949 -0.03252086 0.92658088
0.20812181 0.65204408 0.92742626
0.71057665 0.29098929 0.91668527
0.21904134 0.10958315 0.92923227
0.58345118 0.47691370 0.22157177
0.49664707 0.87123768 0.47227830
0.58341216 0.07331819 0.71531322
0.74414954 0.34938135 0.04107780
0.51919061 0.80252908 0.69130313
0.51956573 0.46282356 0.91373433
0.49460031 0.71640088 0.61090696
0.44312442 0.92169321 0.56206960
0.84592316 0.27956604 0.95182637
0.22359084 0.38521394 0.69457309
0.01660573 0.81390307 0.79184420
0.59408867 0.29077742 0.96157032
0.08361739 0.70329368 0.03449562
0.36756639 0.93462008 0.57809924
0.79963073 0.05076774 0.04545531
0.80875721 0.96248531 0.41451748
0.40507827 0.18588692 0.75843750
0.06930246 0.23046736 0.53092442
0.53365302 0.36933531 0.13000039
0.76666108 0.19151499 1.05643731
0.54161311 0.98882661 0.37328779
0.47816346 0.89632207 0.39133910
0.79556440 0.30658921 0.61836005
0.56224372 0.94262252 0.83790356
0.41754552 0.76812834 0.36610740
0.78160053 0.40433778 0.12536762
0.71492525 0.55002506 0.59747689
0.48514678 0.38561930 0.62411073
0.08145758 0.92229667 0.22194573
0.34052127 0.04365819 0.61372647
0.78851404 0.07647698 0.92256999
0.45528347 0.59969203 0.51101234
0.88022134 0.79234895 0.51369509
0.37529679 0.46879548 0.31126224
0.82426909 0.53134218 0.65753619
0.57666343 0.37782109 0.89100131
0.55634249 0.75255822 -0.01563308
0.94096332 0.15354487 0.83948922
0.33586915 0.58744516 0.02906124
0.20026722 0.82577605 0.29372352
0.08355304 0.18456085 0.11405234
0.74506035 0.94987650 0.70110509
0.84415514 0.13392894 0.82200408
0.36724101 0.18313040 0.04194963
0.58852924 0.75616465 0.50579877
0.11610371 0.09405838 0.51208411
0.24247319 0.27907968 0.69637586
0.61459790 0.56485428 0.35563320
0.83534455 0.26701540 0.02881471
0.11028190 0.87735041 0.79301739
0.18820439 1.02533596 0.28474323
0.42295890 0.81702569 0.69382838
0.98161069 0.74640282 0.74141862
0.87854166 0.59107160 0.91520751
0.56968725 0.15297799 0.08536218
0.30419833 -0.03124024 0.97211173
0.46810025 0.15497691 0.42234131
0.25303414 0.71329096 0.81189867
0.54903818 0.34588076 0.71195771
0.41974779 0.77982259 0.59275242
0.91245356 0.53342349 0.58574642
0.06330842 0.42885646 -0.00063496
0.93541239 0.69393296 0.71686271
0.87312639 0.06591314 0.83361981
0.96828154 0.18698532 0.99183129
0.79279506 0.18163043 0.63855589
0.78664968 0.08536205 0.11452706
0.28115271 0.16252548 0.94855010
0.33538012 0.46608979 0.14751059
0.64618676 0.53379629 0.55962813
0.97473013 0.99048587 0.13497692
0.69006822 0.09208243 0.17413675
0.62093422 0.29067637 0.17775967
0.41376458 0.37539769 0.33267235
0.58393137 0.37575199 0.58216095
0.72103907 0.59747154 0.19228969
0.26465264 0.51501636 0.51325817
0.08880020 0.79394104 0.77843433
0.67142730 0.18403195 0.54634195
0.97131605 0.82224492 0.57661510
0.57350740 0.40953855 0.66176228
0.25045315 0.55422971 0.85498397
0.15565122 0.84730512 0.62200166
0.97035069 0.40883156 0.66332736
0.18459439 0.57832522 0.13895017
0.92061258 0.77394096 0.80288679
0.54899609 0.93591095 -0.01371696
0.33556647 0.19446862 0.14272775
0.37547975 0.27617643 0.43216203
0.30303359 0.94857559 0.55062754
0.58104919 0.03183812 0.18600043
0.08546212 0.85778781 0.41781018
0.57561449 0.46637783 0.53592864
0.50994527 0.65521081 0.88114128
0.82830472 0.88372608 0.76078724
0.49849403 0.45034826 0.28851761
0.93909479 0.92393211 0.44721060
0.02047831 0.80347618 0.68786411
0.91494524 1.02053801 0.88073888
0.34168304 0.57429374 0.74092115
0.54022949 0.53172375 0.57498329
0.92629737 0.82905313 0.34752831
0.29336162 0.55229694 0.67255651
0.55669285 0.56559937 0.32116460
0.25096417 0.59704645 0.94709452
0.10382535 0.82030013 0.70494409
0.29447437 0.87037630 0.87222332
0.86629418 0.59902647 0.75722181
0.50534981 0.65669216 0.02770502
0.45896711 0.17317821 0.62835394
0.07062016 0.85880318 0.65441721
0.78591376 0.02553458 0.51649297
0.98887129 0.80821757 0.44919970
0.80323229 0.29228324 0.70982113
0.20221011 0.43372275 0.86869890
0.61923913 0.74568582 0.92147947
0.61274951 0.81569997 0.67815248
0.37590126 0.86410758 0.89551558
0.20490772 0.17898286 0.41371077
0.98182259 0.45976970 -0.03778925
0.28274264 0.27899585 0.78842543
0.33953831 0.64238447 0.51636237
0.86417163 0.37992394 0.50201496
0.31170422 0.38086114 0.21144108
0.32918210 0.18498083 0.76923296
0.43370306 0.41256497 0.45065343
0.58433572 0.99009199 0.43582366
0.48124392 0.36101853 0.48038399
0.06063472 0.62493118 0.56214501
0.43174157 0.86290633 0.61459585
0.43258701 0.64447716 0.04158117
0.22739484 0.31768373 0.95288778
0.26597955 0.41109030 0.02976987
0.86857320 0.10354697 0.23598025
0.30231291 0.84391119 0.01462452
0.48669015 0.69254470 0.28156366
0.76581026 0.09444580 0.55863030
0.13785952 0.48834400 0.14118289
0.41352542 0.90330182 0.68046522
0.66059971 0.72188880 0.77703155
0.51507619 0.59994134 0.67114690
0.42023548 0.75138829 0.73122693
0.86341120 0.35744597 0.09624550
0.08679145 0.63385947 0.46385220
0.94024676 0.42458368 0.30527009
0.45590544 0.61806920 0.63046151
0.77454605 0.75525559 0.19847448
0.06057602 0.52907793 0.98538218
0.96165460 0.65977915 0.48741055
0.31809814 0.75456187 0.65748921
0.32447088 0.33163568 0.59071162
0.79173961 0.03605834 0.23401861
0.86383306 0.63909894 0.22045499
0.40439198 -0.00982511 0.20262024
0.26629075 0.33830837 0.14661079
0.65893822 0.14706778 0.78294069
0.45963384 0.07176226 0.46780351
0.18138350 0.53757503 0.50671532
0.69764755 0.64162125 0.67858235
0.91784286 0.23501660 0.39377433
0.71012921 0.27256147 0.01220852
0.14630881 0.42984640 0.35639093
0.63253124 0.92278811 0.50280192
0.32435070 0.60917785 -0.05429759
0.90699271 0.53263236 0.83972011
0.14793333 0.12834104 0.15329946
0.93769034 0.50324547 0.24763318
0.08432654 0.87594139 0.92763172
0.08730287 0.14394854 0.33848044
0.42581166 0.06190341 0.67326437
0.16480397 0.13951900 0.84258610
0.54536382 0.03661464 0.80474951
0.93429661 0.32397617 0.46402855
0.07651318 0.40248865 0.36541728
0.46383324 0.96405960 0.43769185
0.62856144 0.55293013 0.68615928
0.33357049 0.63090403 0.80666273
0.89658214 0.86443056 0.17612154
0.77278303 0.26346498 -0.03376957
0.46055539 0.45221377 0.39215458
-0.01414119 0.71148061 -0.02156548
0.25963333 0.82217934 0.61952999
0.07876176 0.08033985 0.23024607
0.47637953 0.26772107 0.12418929
0.06731542 0.34467966 -0.00051123
0.47517365 1.02888217 0.40638801
0.92898471 0.73779981 0.27010600
0.39288466 0.98466864 0.64186794
0.37996494 0.47170359 0.74232481
1.02437269 0.58535135 0.38765467
0.92290835 0.44858586 0.06338103
0.08168486 0.72042385 0.61881173
0.89251209 0.33327096 0.34749868
0.21058404 0.72209358 0.67512850
0.80694491 0.11681402 0.64466051
0.35596195 0.81537468 0.69716932
0.64683798 0.01479140 0.86164537
0.51191756 0.47263212 0.19373672
0.59069154 0.58111647 -0.05766617
0.59690888 0.11722423 0.01523604
0.10904409 0.26662331 0.04385040
0.62726370 0.13300910 0.60145469
0.27458345 0.59449981 0.49510476
0.48335790 0.38140546 0.21898168
0.50758904 0.58664486 0.01470516
0.21386177 0.15633761 0.70492841
0.43074008 0.24306148 0.46984522
0.75613629 0.19867936 0.72037522
0.22046742 0.64252228 0.76335157
0.37943196 0.55180014 0.09684517
1.01301938 0.17762818 0.93354052
0.70171679 0.77564084 0.52384485
1.00147640 0.35102993 0.68441886
0.40409941 0.04751553 0.14345724
0.59426596 0.37979584 0.03395272
0.47727622 0.37930574 0.39227443
0.29748164 0.69656791 0.56637432
0.59519731 0.04608240 0.91376722
0.47394267 0.29639887 0.42241837
0.88797038 0.15020986 0.59007330
0.59993064 0.36443232 0.79265519
0.34919308 0.51354741 0.49277821
0.07675006 0.04219076 0.58236012
0.97385241 0.80021691 0.91563847
0.17770096 0.77349985 0.70529463
0.76243180 0.01449763 0.42403798
0.57628768 0.45028264 0.04917081
0.64638301 0.43485713 0.05486302
0.37003004 0.36703234 0.26880510
0.80507820 0.95987746 0.52318387
0.32112870 0.76139184 0.34324499
0.41579477 0.21957643 0.10675809
0.68588320 0.48487963 0.59819062
0.13168533 0.70724586 0.71953100
0.78100728 0.59726569 0.82752423
0.62557817 0.51628237 0.29658502
0.55857577 0.82762622 -0.00568779
0.62814693 0.60233311 0.63611758
0.17935763 0.64887095 0.18183555
0.08763785 0.38830394 0.45892603
0.88726289 0.04422425 0.64452684
0.08158103 1.00133235 0.23443774
0.07024258 1.00551085 0.03305318
0.32275741 0.21200076 0.34519943
0.59782443 0.31630762 0.85954131
0.87291925 0.33907582 0.78751035
0.72578068 0.36864633 0.51614255
0.58631691 0.73554400 0.64751445
0.69653855 0.13115158 0.27329782
0.22772066 0.61352381 0.22344804
0.80778081 0.47658616 0.61351380
0.32482663 0.01160798 0.03508096
0.82113776 0.35454105 0.87472236
0.49828455 0.82435183 0.90049991
0.90142285 0.91349603 0.89650483
0.37722839 0.39880713 -0.00042756
0.79866916 0.17261399 0.78778093
0.48207289 0.92004275 0.73274432
0.75893592 0.93637722 0.60517763
0.21123229 0.31846433 0.19944769
0.57811922 0.59184825 0.57361318
0.71869230 0.71925378 0.23982987
0.51369763 0.19054753 0.01868272
0.19780593 0.43611942 0.40540350
0.17185852 0.19324346 0.78212619
0.15552203 0.14571798 0.96365367
0.19516854 0.11905492 0.55824000
0.75365531 0.50294482 0.50252013
0.70507169 0.94684581 0.53217233
0.30001253 0.07706988 0.27511073
0.13497044 0.33347595 0.07411979
0.73850798 0.85269952 0.75008463
0.07473694 0.37801965 0.71493422
0.98331475 0.90919440 0.31417433
0.20251527 0.24241700 0.89157740
0.25547922 0.77777165 0.29491967
0.34187706 0.82873206 0.33066104
0.50884135 0.93876126 0.06811400
0.54265936 0.41089187 0.43345798
0.32489690 0.29390140 0.21074386
0.97197424 0.23518391 0.07461123
0.61946938 0.58815270 0.76441563
0.80874211 0.86202138 0.52184131
0.51634676 0.84260332 0.62795235
0.24392451 0.24217340 0.19448489
0.62957630 0.37870053 -0.04229920
0.64834517 0.26695242 0.05987381
0.75773651 0.52157748 0.39010043
0.20994205 0.14919924 0.13431689
0.36198429 0.15718460 0.57429222
0.54640628 0.24602367 0.70037623
0.12723894 0.19739847 0.17015132
0.30467122 0.62655063 0.69446619
0.56866550 0.67742103 0.43811524
0.29854183 0.07543013 0.51943672
0.59311168 0.55268252 0.20216694
0.02141288 0.32702237 0.93350674
0.67993259 0.77515642 0.43312976
0.61635452 0.44383735 0.29022115
0.31119808 0.41194830 0.37681101
0.15637880 0.14002033 0.05703202
0.21814321 0.39052628 0.48397683
0.71287231 0.66051370 0.58484648
0.73576971 0.95022391 0.45829764
0.32745742 0.40154396 0.10724056
0.50884203 0.48539989 0.04351816
0.78021827 0.46170959 0.44534673
0.35943708 0.11685258 0.77221814
0.29989236 0.05581084 0.12412091
0.86860455 0.84324795 0.71251193
0.74714157 0.66654777 0.06817199
0.33270995 0.89688504 0.32629360
0.42997687 0.97205845 0.28030300
0.28244279 0.39442559 0.86620909
0.14524783 0.58128709 0.37417896
0.91251383 0.97589752 0.34801344
1.02984920 0.68844533 0.74779993
0.75019975 0.24324709 0.44288689
0.93714788 0.51196161 -0.01018958
0.73552876 -0.02299824 0.82199321
0.75653901 0.29325937 0.09190105
0.26551269 0.75648184 0.94640715
0.87609717 0.55489127 0.52402871
0.45095125 0.61621680 0.11637541
0.37650481 0.14687985 0.84480361
0.58094225 0.11399342 0.26485760
0.94603480 0.38011720 0.05490437
0.48438439 0.20315488 0.19420771
0.21557383 0.36419446 1.06125929
0.97629940 0.52224645 0.16144953
0.50185600 0.02523442 0.58129406
0.96463968 0.94652387 0.82100859
0.28223468 0.44633791 0.78799317
0.66914417 0.19962950 0.36963593
0.21089395 0.67258428 0.11278542
0.93500233 0.59466135 0.74104500
0.89879806 0.65653903 0.60335404
0.79122834 0.56719338 0.04739006
0.24014623 0.21262449 0.51214056
0.94546322 1.01867515 -0.02683877
0.76545194 0.94080848 0.08748214
0.57772798 0.99324136 0.71016458
0.06825077 0.11385527 0.12474632
0.81314456 0.33212654 0.03256956
0.91488411 0.58998870 0.62852873
0.71522903 0.15902113 0.87328643
0.91357783 0.32627841 0.88999602
0.16484582 0.88814943 0.07674902
0.00226284 0.67673547 0.35122453
0.07888712 0.84811131 0.12957889
0.65389318 0.15525548 0.91855873
0.13966672 0.36446586 0.31582571
0.27621928 0.65078723 0.16284088
0.28281241 0.03819824 0.34526197
0.70793115 0.44821444 0.31081519
0.31127120 0.27875753 0.46037857
0.21824168 0.81339060 0.45744246
0.10920383 0.19558316 0.72269377
0.94591648 0.38028017 0.58052591
0.55792279 0.77698988 0.09510421
0.12818193 0.94472382 1.01562651
0.39747140 0.24193658 0.55731993
0.94149665 -0.00357870 0.44420567
0.17391809 0.81829677 -0.09370671
0.21571803 0.93817259 0.83792678
0.23084754 0.77009058 0.57800732
0.09879806 0.64123191 0.18815614
0.47202678 0.80026515 0.54052317
0.87498516 0.40454170 0.77385521
0.35907829 0.92097325 0.13708042
0.43028129 0.80955041 0.44061657
0.38819593 0.53088577 0.90188966
0.05906989 0.69236391 0.94453136
0.25375301 0.36618979 0.36576954
0.54264949 0.29273902 0.15356858
0.37535398 0.45407949 0.47436160
0.54838852 0.50593327 0.81521145
1.06878247 0.29627411 0.43967415
0.29291991 0.31437921 0.66557187
0.16416586 0.56905663 0.23098639
0.18008883 0.72262684 0.93292129
0.68681664 0.94258772 0.26566847
0.52563132 0.11112469 0.16752447
0.72646010 0.64915436 0.93270498
0.02491913 0.69381503 0.48291965
0.80012518 0.49122421 0.88645199
0.50003084 0.77242940 0.18436949
0.73578619 -0.02090494 0.02905393
0.78334339 0.64749812 0.57047080
0.14217238 0.65834027 0.87243837
0.86659410 0.76332718 0.22091556
0.85118998 0.07526449 0.74801667
0.22585321 0.25923335 0.27138326
0.30509790 0.39132232 0.29588931
0.78070957 0.74709269 0.54100336
0.21046565 0.03341526 0.09218171
0.93547659 0.72419842 0.85386003
0.06398219 0.91469675 0.60066261
0.42835748 0.17834024 0.86216569
0.40085025 0.39003843 0.57018486
0.15971445 0.08192237 0.62688754
-0.00650572 0.97356823 0.57388202
0.95220371 0.95345562 0.63676730
0.57473452 0.29934663 0.05380847
0.72068083 0.74934988 0.82798456
0.46578190 0.26927744 0.59747719
0.69701206 0.52217339 0.32634350
0.60313076 0.66460598 0.18315894
0.84915336 0.39542434 0.02740611
0.42054405 0.07371163 0.38833801
0.35618070 0.11794321 0.03832552
1.02032388 0.05101286 0.07948624
0.70089020 0.71181728 0.66548276
0.52243128 0.25596201 0.94879686
0.95597303 0.98156627 0.73438012
0.87195066 0.62513180 0.84823436
0.12290465 0.55857945 0.47206338
0.32426812 0.95527896 0.68378317
0.26592526 0.89015123 0.59112178
0.84596919 0.90460337 0.12205384
0.78707735 0.35934638 0.55543655
0.57290013 0.54534593 0.02544661
0.46699509 0.04286933 0.31977153
0.05559842 0.23186704 0.22187270
0.35047370 0.32836843 0.34151836
0.23582128 0.10473133 0.75083816
0.21165409 0.88886859 0.42808506
0.48706327 0.61015267 0.21318674
0.83595136 0.22651491 0.20281244
0.95271826 0.22131600 0.26427714
0.28005538 0.23662891 0.88455750
0.75489246 0.08595319 0.23844810
0.34280845 0.12270125 0.22266231
0.46910129 0.62400048 0.29562918
0.56182420 0.20201998 0.41539587
0.92609941 0.65922390 0.37250578
0.94942409 0.30828614 0.08830876
0.82747920 0.88165382 0.43151607
0.90957833 0.46036925 0.61683779
0.43107465 0.56437253 0.28417103
0.41223023 0.52432637 0.67068035
0.15332572 0.73182620 0.00695641
0.72420538 0.70353145 0.50063265
0.40209452 0.99095919 0.47508634
0.02854617 0.86328081 0.23276724
0.53229891 0.11241543 0.45067160
0.30026152 0.78599477 0.73775783
0.27543261 0.03448999 0.57955079
0.47334825 0.00513241 0.71156960
0.81996339 0.29888785 0.28123921
0.01746045 0.69169665 0.56294391
0.18381718 0.54789548 0.65226080
0.93018886 0.03538966 0.17102705
0.99718107 0.53612377 0.02722304
0.52192316 0.37897323 0.77657595
0.10996168 0.65017303 0.94435000
0.01488716 0.37326501 0.23909029
0.35694661 0.06332645 0.48454019
0.35571562 0.81870143 0.97653578
0.44773355 0.29212424 0.76451910
0.39331146 0.26510234 0.64774229
0.88835399 0.34054392 0.96939502
0.62667639 0.25546724 0.75784028
0.51082143 0.87618122 0.83922901
0.29529807 0.11800086 0.15925651
0.85991954 0.89595024 0.23347422
0.27549528 0.92377504 0.92084412
0.48815489 0.29099934 0.04497877
0.88472065 0.93269713 1.04467663
0.86294093 0.65588590 0.33275015
0.11969356 0.39749924 0.57016591
0.54989812 0.90088981 0.36298414
0.01833866 0.28082216 0.55466247
0.49402669 0.71973846 0.94940123
1.00731953 0.50216523 0.86004635
0.07103332 0.30479643 0.32740067
0.30619380 0.18530033 0.47040382
0.54103204 0.00191453 0.88922034
0.01535140 0.26023350 0.29375650
0.18156948 0.32005904 0.65783551
0.81783420 0.21407334 0.41302844
0.44043602 0.13405014 0.96501946
0.72019381 0.35266267 0.74499157
0.80347819 0.48131991 0.76561976
0.42260537 0.32771626 0.51160064
0.83123993 0.60132609 0.10029161
0.05126786 0.92155806 0.10246475
0.09052784 0.57478368 0.15872938
0.87202335 0.28817074 0.08527606
0.39118349 0.02877211 0.84186435
0.11314506 0.02141791 0.13323617
0.10665898 0.19784361 1.03044410
0.78481890 0.48922397 -0.02451302
0.78448655 0.86397412 0.59926930
0.89650906 0.62586383 0.13679945
0.64076034 0.84461566 0.24732872
0.04995034 0.75360217 0.41643990
0.33408216 0.77480576 0.12094572
0.38848308 0.22215431 0.38261159
0.11667598 0.39809256 0.84403672
0.34958104 0.29261762 0.53345618
0.33326967 0.11831312 0.43054368
0.07622213 0.69060439 0.81646900
0.27238805 0.92166921 0.43072197
0.79142136 0.67072115 0.13375938
0.91485178 0.92864740 0.23238414
0.26909399 0.05486918 1.05122096
0.07165735 0.52653206 0.52662912
0.79438676 0.99520523 0.88767346
0.66053319 0.81633192 -0.02399194
0.62482384 0.47844822 0.97955828
0.90737418 0.19969206 0.02355544
0.73091784 0.91086838 0.97920529
0.88997326 0.71667967 0.39713302
0.01197644 0.05294325 0.63995484
0.83504266 0.56951139 0.98337041
0.01780448 0.61391787 0.12596954
0.72424060 0.73163339 0.73967047
0.27166009 0.69088766 0.89009425
0.21654317 0.55255526 0.04539545
0.10748540 0.73502171 0.31150300
0.20470946 0.60724231 0.82779900
0.95448975 0.51909720 0.43668832
0.70892450 0.38753111 0.97568575
0.35828928 0.69768724 0.60659990
0.46367790 0.12283031 0.10443595
0.64749817 0.19074056 0.08098792
0.41885191 0.76833210 0.88222365
0.24015126 0.95609303 0.19062334
0.71691779 0.18340652 0.46362057
0.81313096 0.39450429 0.20678441
0.86406454 0.82204430 0.07053051
0.80827333 0.39771772 0.30552235
0.40011268 0.05393439 0.58933585
0.54631840 0.69696510 0.21433271
0.60728892 0.25224108 0.86408022
0.44989236 -0.07029563 0.02034604
0.03919333 0.25389226 0.05122711
0.50157051 0.83447799 0.34907446
0.89523820 0.85151876 0.57881109
0.85485523 0.97525315 0.15752325
0.14457341 0.28598182 0.91465445
0.02998456 0.41600342 0.89050057
0.10117020 0.82365626 0.21678522
0.48209572 0.74743395 0.42932261
0.81250736 0.76785702 0.33661635
0.97908175 0.22497017 0.15751370
0.94777692 0.47302534 0.77325045
0.40771815 0.23166820 0.92340403
0.33832175 0.20543887 0.87755361
0.38785795 0.70912518 0.00907084
0.49129049 0.67876988 0.13991163
0.96385159 0.38358882 0.97464934
0.43795173 0.29229303 0.34282574
0.76906441 0.67782352 0.68735008
0.39568802 -0.01760876 0.11201930
0.95027356 0.51131612 0.06959423
0.90619242 0.76125663 0.09458725
0.69304236 0.80254398 0.05279386
0.26827660 0.07818133 0.97059085
0.13904940 0.68593429 0.12355384
0.68476129 0.89632280 0.87150772
0.90222161 0.73518236 0.01257814
0.66525892 0.72636740 -0.01589592
0.23612084 0.68610333 -0.00607939
0.26208718 0.29730294 0.52284089
0.25937629 0.47011502 0.14710421
1.00791230 0.08076606 0.29192105
0.50371867 0.97379161 0.78540374
0.57181589 0.69272589 0.92227413
0.17608025 0.14501149 0.27043247
0.42866069 0.87398408 0.50702722
0.68580624 0.47931015 0.38628280
0.81913811 0.69193371 0.62448859
0.69171482 0.07710995 0.78456254
0.15720849 0.86129327 0.48797365
0.45426909 0.52603701 0.90036393
0.51106927 0.36997487 0.92848933
0.85849115 0.67652613 0.10667879
0.19645875 0.75073011 0.39120854
0.75020693 0.57409921 0.74254047
0.47059891 0.34648791 0.29139678
0.86842492 0.02696074 0.31339708
0.95959916 0.61437105 0.26551000
0.04319502 0.76921351 0.84266263
0.99888976 0.57731623 0.62279164
0.74090254 0.14652076 0.00379580
0.80358287 0.14990827 0.25123986
0.61764027 0.85439058 0.76513489
0.80761862 0.60644447 0.21081745
0.95238092 0.95711857 0.91898912
0.16322202 -0.00145833 0.21626232
0.65551855 0.82134718 0.48391870
0.29021090 0.86131059 0.38462396
0.90744543 0.17190942 0.22618133
0.17971327 0.69231214 0.80536543
0.57062255 0.67087915 0.04741540
0.55581941 0.18547372 0.27920898
0.88402782 0.37019763 0.17900204
0.66522252 0.54171211 0.20754678
0.46381038 0.95285497 0.17624241
0.79876242 0.14680213 0.51783211
0.28483003 0.44252569 0.44012908
0.85297364 1.00899196 0.23683508
0.44061879 0.86194049 0.87284253
0.57556505 0.25143678 0.52497139
0.63348459 0.08946987 0.94139727
0.69887856 0.34575634 0.11517187
0.21406638 0.10139528 0.07123856
0.51698052 0.31043347 0.24672710
0.88547658 0.27865177 0.15998799
0.82061324 0.28214268 0.53850039
0.76375896 0.03230321 0.76981349
0.91085657 0.23051844 0.51082138
0.64381006 0.89424935 0.30508680
0.13965811 0.54730276 0.76510974
0.56184311 0.79992075 0.17903485
0.88757436 0.85950201 0.48850430
0.33434268 0.63051701 0.26828929
0.25949530 0.57862605 0.11403918
0.99624322 0.35269504 0.47732113
0.51246802 -0.00608915 0.19632467
0.74284961 0.63997713 0.38791205
0.38549176 0.33515756 0.74129845
0.23305609 0.62696995 0.43113568
0.64349329 0.49982640 0.90564267
0.24838865 0.28591526 0.39778331
0.64010667 0.72279777 0.59330832
0.54900629 0.77379619 0.35000988
0.60312010 0.51162882 0.46821450
0.54150703 0.17593647 0.51563577
0.86150325 0.94884581 0.96334961
0.86137094 0.57162913 0.42398402
0.69803411 0.82386670 0.81072139
0.07433243 0.27062820 0.96076727
0.69616602 0.52334607 0.14545459
0.07915330 0.60752994 0.00637835
0.04698296 0.56361693 0.25825524
0.61487637 0.04929388 0.60058620
0.82544408 0.10998471 0.38644129
0.00024487 0.70174427 0.83737189
0.07333108 0.63467576 0.27866961
0.86521577 0.86164811 0.95630455
0.89733134 0.05956168 0.10612979
0.22153595 0.46530254 0.47688589
0.22883790 0.56442572 0.58133523
0.71128285 0.96710209 0.37061972
0.41221292 0.67355859 0.88504784
0.12905795 0.59270708 0.82737401
0.30003004 0.22050688 1.02932224
0.16562448 0.76572824 0.29377887
0.68755663 0.90417677 0.43850796
0.74631479 0.65860227 0.24629580
0.88139061 0.08691420 0.49223844
0.41962018 0.71272836 0.64969169
0.04878097 0.37918888 0.62125016
0.44779807 0.67276882 0.58395171
0.03363610 0.88296007 0.77747132
0.98875155 0.17346975 0.35407151
0.17374149 0.35985516 0.55622034
0.76075416 0.08249168 0.46655190
0.74227223 0.50855828 0.77685052
0.30149176 0.51932886 0.40722175
0.61044545 0.64963131 0.68791622
0.24056772 0.82563270 0.85944522
0.50186635 0.52468148 0.45902693
0.69512123 0.16358182 0.18651097
0.70901692 0.38626693 0.34388721
0.18037684 0.90174813 0.97612701
0.38143623 0.41025784 0.19539889
0.64929151 0.85542498 0.61747678
0.93096508 0.84238910 0.83293938
0.57601362 0.60426824 0.25646390
0.83194347 0.32935568 0.20294075
0.54786290 0.27448812 0.59322120
0.93800897 0.09097477 0.81080424
0.22724678 0.78797558 0.78500971
0.46388616 0.36857944 0.13959316
0.94543942 0.67406253 0.92580334
0.37954862 0.38242472 0.68499233
0.77456048 0.41826992 0.59399615
0.84482057 0.19235751 0.13242778
0.48020982 0.57215463 0.84669861
0.60303874 0.49949722 0.62643698
0.03782943 0.45274444 0.80662328
0.87171236 0.49583805 0.10717372
0.50215857 0.07160973 0.64815371
0.15663301 0.38854502 0.90369075
0.98378567 0.06872802 0.47416069
0.60491440 0.20610255 0.80724035
0.83821563 0.08755934 0.57024153
0.59202750 0.51988672 0.10056790
0.56971261 0.09659759 0.34232045
0.61767220 0.57708375 0.13745903
0.55795340 0.54546840 0.74755044
0.70261602 0.57402978 0.67823265
0.94984292 0.20864926 0.78926554
0.73448045 0.73633132 -0.00154725
0.77775411 0.52784705 0.56649850
0.52431306 0.50449995 0.36156434
0.93603438 0.71198532 0.58094128
0.39463517 0.50030973 1.02772873
0.70913290 0.23196397 0.08094614
0.25486319 0.00380369 0.76154883
0.81145246 0.42930239 0.71832082
1.00402962 1.00182011 0.27391274
0.95787572 0.57831612 0.10420291
0.67012306 0.91107570 0.77909099
0.54536629 0.62915805 0.96830035
0.01831365 0.21847964 0.39443020
0.76504781 0.09760827 0.72706718
0.36771028 0.43911228 0.38091607
0.01908135 0.96753335 0.87463898
0.59617003 0.18467071 0.70697000
0.21659969 0.24893682 0.76365105
0.95186147 0.56924785 0.95616202
0.20041416 0.90925210 0.63397782
0.29618675 0.48797979 0.84986883
0.33401689 0.87229012 0.19970395
0.18427755 0.94428011 0.27037521
0.08482407 0.55200602 0.38078814
0.05132232 0.83362325 0.47598881
0.62946448 0.17159877 0.17222503
0.02679428 0.11175264 0.04414439
0.03273395 0.86728139 0.85941563
0.34887739 0.24429793 0.25961167
0.19595502 0.00091099 0.72978736
0.39712046 0.79276681 0.07356884
0.13908187 0.42176701 0.09194291
0.80005105 0.76314740 0.76750070
0.02827587 0.68708048 0.16817394
0.87900256 0.12217643 0.11491321
0.58669493 1.07762151 0.41844128
0.53383244 0.97864936 0.65759667
0.23456797 0.69661374 0.44923333
0.37481412 0.52949477 0.79788506
0.18441543 0.87360586 0.84608583
0.26120920 0.88264175 0.27653916
0.55529663 0.91673120 0.75393839
0.49784044 0.01439891 0.49039867
0.50011261 0.95034736 0.31693250
0.60719765 0.99002003 0.79653825
0.85572388 0.20414930 0.93270112
0.19626096 0.37769478 0.24448413
0.27322392 0.36876134 0.62455122
0.50960364 0.45139822 0.73340268
0.67974282 0.41780841 0.58182740
0.60225804 0.30014970 0.71356348
0.25934453 0.02486060 0.24955643
0.95719337 0.30051244 0.57293427
0.56975229 0.75055867 0.26727098
0.13496871 0.60515392 0.57945523
0.27742942 0.79267256 0.50359978
0.40280219 0.89559449 0.31024863
0.01362647 0.08591700 0.75656280
0.97695149 0.64189219 0.70996342
0.09787291 0.69210761 0.50344101
0.80966581 0.93105210 0.19013201
0.31263683 0.71504836 0.13690332
0.15001299 0.47045236 0.28475633
0.82977611 0.59690888 0.61008129
0.34576899 0.61118823 0.18848470
0.74322331 0.19655634 0.14756432
0.07503044 0.07243893 0.80101519
0.49838172 0.41442355 -0.00216678
0.19139457 0.65941911 0.52150847
0.92893341 0.84356574 0.00354461
0.78934913 0.28260949 0.80181652
0.80763448 0.79577577 0.88271569
0.13278189 0.52119630 0.84163461
0.23743280 0.25459500 0.98048439
0.58127402 0.32629617 0.52629796
0.64169039 0.08383882 0.48185495
0.23267830 0.39835871 0.13355640
0.70516805 0.01576910 0.53535702
0.21332520 0.04563557 0.85936644
0.45254798 0.72195403 0.21956170
0.96823749 0.21162503 0.48008766
0.03778207 0.05393201 0.36417535
0.24134815 0.07959696 0.41275285
0.66342618 0.20680177 0.85784874
0.13992437 0.96234317 0.40345020
0.94307940 0.71743673 0.17441047
0.73235063 1.04555415 0.36459492
0.60463227 0.97054685 0.04758179
0.92800835 0.72239561 0.47906307
0.08841819 0.64116130 0.65726485
0.52831888 0.73792136 0.52966512
0.36270243 0.10320775 0.12498185
0.80104650 0.62561981 0.93344885
0.85001465 0.46379366 0.02903142
0.12191749 0.44307006 0.47613844
0.57342715 0.26371964 0.38799004
1.01841223 0.89316301 0.38778302
0.81941827 0.70178515 0.82703318
0.42780916 0.27992301 0.17307671
0.63332902 0.33201116 0.09059118
0.74288149 0.43653880 0.88404006
0.76703529 0.61389767 0.30911331
0.71231381 0.54800444 1.00010633
0.62690489 0.19703683 0.98907664
0.58299987 0.35671487 0.37757365
0.71004791 0.48839953 0.85746563
0.51276942 0.59158612 0.91456489
0.16465857 0.30180753 0.14175799
0.08697654 0.09446448 0.92040205
0.16336324 0.23326420 0.97971406
0.06126791 0.47448762 0.59099876
0.46690587 0.46783359 0.82485693
1.03540931 0.92410003 0.68226187
0.02163849 0.55189108 0.73326034
0.71997979 0.25364768 0.35195626
0.69960388 0.47327032 -0.03535863
0.95773959 0.78232395 0.51609310
0.65114071 0.99849585 0.41408787
0.53637982 0.77265717 0.59738484
0.82870367 0.81091535 0.39965119
0.21926499 0.39300542 0.78397268
0.81980936 0.75696900 -0.01153597
0.49102476 0.17224725 0.92396084
0.76612965 0.38552771 0.81074198
0.20169853 0.49900524 0.85078495
0.45806942 0.54242159 0.61182020
0.22044930 0.76762275 0.12191927
0.72274909 0.60226583 0.09982509
0.27562474 -0.02081742 0.87105038
0.72914708 0.30936755 0.22728318
0.91112356 0.61656191 0.51092164
0.33570344 0.30375753 0.84719088
0.09101709 0.39676067 0.26085206
0.64923935 0.42318734 0.38591310
0.06785800 0.97437926 0.41836699
0.26989996 0.36433340 0.53600739
0.58165526 0.82212187 0.58971787
0.37713061 0.73127232 0.30193874
0.68480662 -0.00346215 0.21260752
0.58756234 0.23330161 0.11086924
0.78094427 0.80717538 0.48868457
1.04070833 0.58675109 0.80156500
0.45563243 0.52914067 0.08021967
0.01926193 0.17557187 0.26373496
0.13196085 0.82346152 0.83200743
0.58752079 0.80432649 0.91477475
0.71693906 0.34371374 0.61425172
0.63136825 0.64054106 0.38765308
0.24929277 0.82408122 0.70352762
0.13209053 0.45704027 0.62572698
0.50211281 0.69226089 0.73591220
0.33785082 0.42342142 0.62751590
-0.02518181 0.42818063 0.20729192
0.80646786 0.80314103 0.25148268
0.19562408 0.83455002 0.04029960
0.60018100 0.90765629 0.60740766
1.01038987 0.29837362 0.86228850
0.14274662 0.57703353 -0.07351319
0.19104002 0.71241409 0.57486108
0.88711974 0.71907417 0.92389515
0.35900063 0.05860045 0.70755111
0.08754645 0.14650128 0.86979816
0.33625086 0.58791115 0.57129325
0.68221397 0.69563781 0.43067064
0.35333169 0.94551031 0.21855359
0.35250789 0.55749178 0.29171423
1.01235760 0.90060260 0.92590542
0.63397458 0.06677992 1.03315373
0.65240810 0.06297671 0.68992801
0.32913129 0.68722683 0.39126153
0.06905246 0.34834178 0.87587937
0.96500176 0.11849934 0.24397289
0.11709289 0.95591703 0.68388460
0.97399654 0.78034527 0.22735453
0.60389828 0.12748908 0.83263836
0.54570282 0.47563570 0.43189713
0.68167144 0.21691553 0.27547175
0.47160503 0.14064106 0.50560879
0.73956496 0.32245219 0.84833274
0.13477904 0.79478800 0.50460541
0.55555213 0.57847750 0.44703003
0.77708019 0.47542313 0.13400122
1.05658712 0.07836404 0.98409637
0.64455150 0.11847547 0.22740432
0.51709242 0.22451460 0.08171787
0.73663524 0.44340831 0.77775627
0.56411124 0.70226610 0.78597582
0.34253907 0.41737042 0.93216831
0.88719452 0.43533712 0.87180448
0.42493937 0.91240543 0.09728242
0.13409570 0.11254388 0.38717082
0.06703504 0.34534034 0.13559713
0.74717143 0.72704664 0.92229305
0.29132972 0.02747296 0.67937644
0.55396167 0.36883401 0.21835587
0.59527878 0.44262268 0.79194790
0.43445944 0.84180467 0.35837598
0.00347847 0.88295798 0.04235112
0.83320535 0.31824962 0.45619639
0.62464479 0.02933694 0.24976635
0.44818682 0.30433710 0.89600373
0.07298332 0.18857170 0.95961053
0.87650876 0.28668005 0.60676428
0.17430494 0.96179289 0.92283856
0.74799351 0.65750661 0.84108517
0.53726445 1.00222391 0.08295109
0.12161510 0.73822794 0.41965639
0.31989005 0.79189358 0.59121517
1.00562307 0.88495189 0.14589213
0.26844950 0.50764929 0.59890499
0.72207165 0.27598439 0.57483293
0.51978147 0.30823327 0.86064356
1.00185876 0.24972877 0.95123250
0.46697323 0.78365689 0.78916533
0.67515669 0.50992216 0.73708373
0.47736463 0.92935230 0.63621622
0.19451312 0.50878294 0.33114654
0.43801147 0.61287365 0.92829549
0.51179128 0.21647264 0.76284340
0.13762731 0.66199906 0.31422450
0.36881432 0.35958803 0.88081290
0.71869914 0.22679839 0.79965687
0.86820174 0.47325308 0.22466839
0.06936513 0.49207796 0.10426507
0.24883333 0.44469877 0.30066388
0.67525392 0.11205697 0.35848408
0.60904685 0.17151606 0.46389225
0.42404586 0.42574924 0.28315716
0.60992872 0.27016782 0.32060893
0.34212467 0.53250807 0.61957535
0.41341431 0.50582910 0.14918324
0.35949451 0.48441570 0.22048954
1.01647667 0.15890792 0.51763442
0.09567808 0.84784344 0.55429054
0.81898736 -0.00980105 0.73812069
0.55847014 1.02229521 0.31164347
0.97221222 0.23188673 0.57576732
0.46544309 0.04558712 0.20634787
0.63779035 0.99481209 0.50567941
0.29064918 0.52080887 0.25455567
0.42250475 0.07295461 0.91339898
0.45509524 0.00662212 0.92960841
0.94360813 0.07528168 0.54417066
0.16031068 0.16751445 0.64784918
0.22825037 0.29462799 0.60981928
0.06870222 0.44726560 0.67658364
0.33890135 0.69030882 0.69440033
0.56622048 0.16921095 0.59875494
0.17345842 0.61516486 0.46569906
0.86717998 0.69958517 0.26531033
0.11899959 0.23196735 0.81533648
0.54995017 0.12062760 0.66566984
0.61785016 0.93193941 0.17272785
0.10174709 0.93828521 0.84931634
0.35740491 0.90372859 0.39930688
0.43327643 0.44614482 -0.08457135
0.89150978 0.54763968 0.16169434
0.68255141 0.25339134 0.48782516
0.70311927 -0.01392625 0.75015208
0.45039390 0.44269797 0.63004373
0.38531944 0.07018532 0.24959114
0.35077971 0.49466544 0.95906447
0.90704414 0.18452460 0.73682374
0.95770389 0.11867192 0.04365508
0.79552484 0.62810624 0.74864765
0.28324920 0.14030382 0.52908618
0.17425921 0.29214582 0.02082236
0.87509904 0.42012386 0.28431916
0.14372399 0.19107350 0.90596747
0.84086999 0.54232753 0.79318349
0.38631881 0.15637594 0.50131134
0.21344287 0.46741940 0.67582223
0.64127409 0.72603932 0.36299717
0.70512592 0.20350317 0.98198781
0.98574323 0.79087246 0.32801783
0.70166625 0.10141669 0.93489302
0.87543650 0.91928136 0.37591467
0.30266828 0.83004621 0.12449348
0.93367461 0.31074126 0.70814664
0.62216614 0.74625117 0.18184771
0.69746893 0.28293655 0.16402936
0.39592200 0.72525235 0.80611597
0.11474404 0.75224794 0.11551918
0.86430638 0.76038834 0.60096134
0.78070954 0.81093659 0.66975121
0.74868561 0.06260271 0.64011418
0.10386057 0.65131441 0.75310023
0.39968144 0.59351564 0.68292819
0.96431815 0.27230753 0.77471912
0.23966974 0.59985582 0.65423647
0.59836571 0.88869642 0.69481863
0.14205141 0.03889820 0.37089390
0.16199507 0.46973818 0.54360402
0.87687879 1.03410542 0.95368905
0.24993964 0.79903549 0.20142661
0.90738396 0.57205861 0.25074640
0.77657896 0.49235894 0.05555223
0.44747586 0.42507610 0.74443026
0.87289456 -0.01403958 0.59943377
0.73721283 0.15249270 0.58897050
0.96914208 1.02068181 0.37428654
0.29968880 0.68651741 0.00282333
0.18131006 0.85924049 0.70538998
0.63845205 0.44751086 0.49514842
0.72578960 0.05999193 0.11079172
0.60242514 0.47916483 0.36502093
0.62877190 0.47980950 0.16244918
0.41473607 0.27328374 0.82250859
0.22542067 0.91116392 0.50477439
0.43723234 0.50848411 0.46447764
0.28552352 0.36776348 0.97805809
0.21538919 0.51233633 0.24487353
0.53613564 0.24211024 0.22335854
0.76109726 0.35560392 0.27476124
0.44099009 0.37687647 0.93250479
0.77935314 0.47453006 0.22278440
0.37104793 -0.01875288 0.38667657
0.04067509 0.70846458 0.29702585
0.04951807 0.11219351 0.57942663
0.69286486 0.45467006 0.17733133
0.41401421 0.27906958 0.04267839
0.19602925 0.11620242 0.46420854
0.20729214 0.56959521 0.72638293
0.13847099 0.66200869 1.04201621
0.39616841 0.09815205 0.31931427
0.06819872 0.55885714 0.65260752
0.64600941 0.35395000 0.51544591
0.12124901 0.76711840 0.65085987
0.28702031 0.55871294 0.19176595
1.00834389 0.98045893 0.99946626
0.66180049 0.60761598 0.90790422
1.04130307 0.96340068 0.16660859
0.08442758 0.75266984 -0.02693920
0.42553285 0.12221870 0.03856575
0.37305984 0.16229426 0.33210689
0.69291030 0.86478234 0.53447320
0.70378278 0.81177426 0.90094518
0.44232608 -0.06272090 0.81881659
0.68919493 1.02520449 -0.02019490
0.96532235 0.35677794 0.76048771
0.24296720 0.81868737 0.36649872
0.42856179 0.45675447 0.54283520
0.66110208 0.68210252 0.90288712
0.32103274 0.12370597 0.88377447
0.31563743 -0.03086982 0.09695033
0.73118748 0.43028320 0.23621503
0.97311112 0.09595320 0.68628812
0.65395847 0.94529202 0.69793471
0.81633105 0.43654466 0.84384293
0.90488915 0.11377190 0.72547290
0.00539931 0.51433119 0.49881999
0.52392577 0.52150898 0.11412934
0.35564975 0.75086610 0.95751750
0.16002223 0.43469858 0.21443747
0.64880533 0.65525360 0.01032382
0.39700354 -0.04189544 0.72328651
0.54422881 0.40204824 0.32682047
0.50511487 0.24142348 0.87294820
0.65191154 0.35509767 0.73836061
0.88924206 0.38899584 0.39158462
0.45690624 0.23772699 -0.00787050
0.11347910 0.91229840 0.44757360
0.19066165 0.63065498 0.99884314
0.48183192 0.76553067 0.01399167
0.39460772 0.04058139 0.04197265
0.24583792 0.72284424 0.07007763
0.89056677 0.34531870 0.65946580
0.66315711 0.64801622 0.75293171
0.18226124 0.89389705 0.35151819
-0.02808625 0.13596597 0.58580226
0.38071185 0.88457494 0.99787856
0.47048843 0.03384433 1.01207461
0.34065755 0.98632205 0.30729307
0.48258837 0.85244967 0.73835181
0.50562781 0.86963932 0.96602586
0.28313214 0.87861278 0.78241107
0.17686446 0.01448840 0.62325865
1.00471451 0.09999797 0.91507935
0.19348422 0.28904385 0.52192518
0.44724700 0.14971688 0.31141825
0.62944086 0.89121688 0.91755473
0.75010063 0.99454720 0.64342156
0.47445969 0.73354102 0.08871966
0.79117230 0.22029467 0.85469764
0.39264439 0.46025109 0.84876878
0.83929712 0.73787206 0.14750531
0.49622022 0.11442089 0.35184110
0.99278280 0.07606611 0.15524023
0.39352196 0.61806815 0.76894388
0.08441986 0.09420964 0.65286255
0.73412858 0.72389806 0.13923356
0.76946587 0.37429623 0.67767979
0.13221787 0.32181151 0.47167301
0.95795839 0.35991997 0.15310585
0.38786330 0.62108138 0.60384120
-0.00455314 0.52308702 0.28632558
0.57506672 0.71182771 0.11207418
0.88292990 0.20296243 0.65842736
0.35965760 0.60778058 0.42370858
0.34877421 0.77618201 0.82456473
0.97391930 0.63406922 0.80718874
0.22071353 0.18413311 0.98877076
0.08134290 0.46727728 0.92271947
0.65834573 0.94101120 0.11477807
0.62328554 0.84885845 0.42289791
0.30232830 0.44654834 0.24034518
0.74408310 0.53700104 0.26713710
0.67905002 0.81027775 0.73022410
0.16248360 0.24200057 0.46504741
0.26884511 0.18166205 0.80883089
0.05485663 0.15410699 0.67049902
0.15357704 0.06978565 0.22985521
0.84716311 0.22639850 0.80107348
0.56231706 0.82630481 0.83888404
0.40950570 0.14864532 0.16111921
0.91463672 0.11015443 0.90761927
0.75570149 0.80865544 1.01577840
0.65900437 0.23070184 0.61644943
0.32483875 0.02452639 0.95309971
0.31526134 0.52835801 0.12626896
0.31684379 0.77292728 0.43034264
0.04520071 0.26633124 0.13574471
0.51761578 0.80803963 0.47257740
