1 12
1 13
1 37
1 41
1 57
1 65
1 73
1 89
1 97
2 52
2 68
2 74
2 177
2 195
3 7
3 38
3 46
3 55
3 96
3 608
3 612
3 650
3 702
4 46
4 49
4 54
4 95
4 820
4 848
5 24
5 45
5 69
5 117
5 709
6 39
6 85
6 246
6 279
6 805
7 34
7 42
7 50
7 94
7 96
8 26
8 40
8 45
8 108
8 206
9 32
9 41
9 57
9 67
9 68
9 80
9 86
9 97
10 15
10 30
10 31
10 43
10 84
10 168
11 54
11 75
11 114
11 133
11 135
12 38
12 65
12 66
12 78
12 89
13 25
13 34
13 41
13 53
13 65
13 72
13 73
13 89
13 667
14 19
14 68
14 195
14 209
14 228
14 1044
15 31
15 84
15 799
15 849
15 865
16 30
16 58
16 81
16 277
16 293
16 294
16 405
17 18
17 27
17 42
17 49
17 50
17 70
17 799
17 845
17 869
18 49
18 70
18 223
18 252
18 834
18 845
18 857
18 1090
19 80
19 822
19 827
19 833
19 1044
20 21
20 35
20 47
20 48
20 62
20 660
20 684
21 25
21 33
21 35
21 47
21 625
21 652
21 660
22 32
22 36
22 67
22 74
22 809
22 822
23 44
23 62
23 91
23 811
23 828
23 882
23 954
24 43
24 45
24 69
24 71
24 634
25 47
25 59
25 69
25 606
25 625
25 667
26 29
26 47
26 59
26 108
26 161
27 42
27 55
27 94
27 799
27 892
27 894
28 64
28 75
28 78
28 79
28 90
28 192
29 44
29 47
29 87
30 164
30 189
30 210
30 849
31 51
31 84
31 94
31 616
31 617
32 36
32 67
32 93
32 833
32 860
33 35
33 37
33 644
33 645
33 652
34 53
34 65
34 605
34 667
35 41
35 47
35 48
35 91
35 660
36 63
36 67
36 93
36 886
37 63
37 65
37 67
37 644
38 65
38 75
38 96
38 608
38 702
39 44
39 85
39 87
39 289
39 805
39 1025
39 1036
40 60
40 72
40 88
40 243
41 73
41 86
42 46
42 49
42 50
42 55
42 96
42 845
43 45
43 51
43 58
43 71
43 139
44 87
44 124
44 840
45 69
45 71
45 108
46 54
46 55
46 96
46 820
47 59
48 91
48 93
48 645
48 660
48 830
48 882
48 885
49 70
49 252
49 845
50 51
50 77
50 96
51 58
51 71
51 94
52 74
52 166
52 177
52 194
53 71
53 72
53 73
53 77
53 89
54 90
54 114
54 820
54 848
55 612
55 806
55 894
56 61
56 87
56 88
56 276
57 67
57 68
57 97
58 81
58 294
58 869
59 69
59 99
59 108
60 76
60 77
60 225
60 243
61 82
61 85
61 86
61 87
61 88
61 241
61 253
62 99
62 208
62 684
62 795
63 67
63 74
63 92
63 658
63 677
64 77
64 78
64 89
64 98
65 89
65 605
65 644
66 109
66 626
66 627
66 681
66 685
67 74
67 93
68 83
69 108
69 606
69 700
70 223
70 252
70 270
70 294
71 72
72 73
72 77
72 88
73 76
73 77
73 86
73 89
73 97
73 98
74 92
74 166
74 179
74 195
74 809
75 135
75 192
75 194
76 77
76 82
76 97
76 98
76 244
76 291
77 89
77 98
78 79
78 100
78 101
79 100
79 101
79 116
79 192
79 268
79 363
80 304
81 139
81 243
81 405
82 86
82 88
82 97
82 216
82 291
82 304
83 97
83 100
83 244
83 258
83 304
84 168
84 616
84 793
84 1485
85 86
85 87
86 88
86 97
87 102
90 95
90 133
91 860
91 882
92 137
92 166
92 207
92 658
92 664
92 908
93 645
93 885
93 886
94 617
95 212
95 272
95 895
97 304
98 244
99 172
99 208
99 625
99 795
100 240
100 244
101 160
101 192
101 240
102 124
102 125
102 188
102 289
102 327
102 339
103 118
103 142
103 143
103 165
103 992
104 132
104 144
104 151
104 159
104 167
104 174
105 139
105 152
105 154
105 164
105 395
105 405
106 107
106 121
106 173
106 193
106 198
106 204
107 121
107 138
107 160
107 198
107 202
107 204
108 183
109 166
109 207
109 658
109 685
109 782
110 127
110 135
110 149
110 214
110 734
110 741
111 134
111 148
111 154
111 175
111 181
111 196
112 131
112 146
112 166
112 171
112 177
112 184
112 194
112 782
113 122
113 174
113 176
113 185
114 984
115 117
115 136
115 139
115 154
115 168
115 178
116 133
116 147
116 192
116 202
116 212
116 363
117 123
117 162
117 168
117 709
117 766
118 119
118 121
118 134
118 143
118 149
118 156
118 175
119 120
119 142
119 143
119 149
119 182
119 950
120 133
120 147
120 848
120 950
120 968
121 134
121 138
121 149
121 156
121 171
121 173
122 125
122 151
122 185
122 197
122 995
123 136
123 162
123 183
123 191
123 712
124 125
124 840
124 911
124 1120
125 151
125 161
125 188
125 197
125 327
126 185
126 188
126 197
126 203
126 211
126 327
126 384
127 182
127 213
127 214
127 734
127 781
128 129
128 130
128 163
128 167
128 174
128 190
128 193
129 174
129 176
129 199
129 940
129 964
129 969
130 158
130 163
130 177
130 179
130 193
130 195
131 141
131 173
131 190
131 191
131 742
132 151
132 155
132 172
132 180
132 201
132 208
133 147
133 149
133 192
134 138
134 149
134 175
135 171
135 184
135 192
135 194
135 741
136 140
136 173
136 175
136 178
136 181
136 183
136 191
137 146
137 166
137 205
137 207
137 784
137 908
138 147
138 202
138 311
138 323
139 152
139 154
139 164
140 144
140 155
140 173
140 183
140 191
141 155
141 191
141 200
141 736
141 742
141 754
141 757
142 143
142 182
142 913
142 948
143 145
143 948
143 999
144 151
144 167
145 147
145 212
145 309
145 323
145 937
146 166
146 190
146 200
146 207
146 724
147 149
147 212
148 181
148 198
148 313
150 153
150 157
150 168
150 170
150 709
150 793
151 180
152 154
152 181
152 186
152 206
153 157
153 170
153 1538
153 1605
154 164
154 165
154 175
154 178
154 181
155 159
155 200
155 756
155 757
156 169
156 173
156 175
156 213
157 170
157 178
157 213
158 163
158 176
158 179
158 195
158 209
158 332
158 385
158 964
158 993
158 1185
159 174
159 199
159 200
159 201
159 756
160 177
160 193
160 204
160 320
160 394
162 178
162 213
162 712
163 167
163 193
163 203
163 204
163 357
163 362
164 165
164 189
164 210
164 400
164 405
165 170
165 178
165 189
166 177
166 207
167 174
167 193
167 203
168 189
169 191
169 213
169 712
169 734
169 736
170 189
170 903
170 925
171 177
171 192
171 194
172 208
172 733
172 753
173 175
173 191
174 199
174 996
175 178
175 181
176 385
176 964
176 988
177 194
179 195
179 809
179 908
179 964
180 911
180 954
180 996
180 1000
181 186
182 214
182 781
182 1525
183 186
184 194
184 626
184 741
184 771
184 782
185 197
185 203
185 357
185 384
185 1169
186 188
186 206
186 211
187 196
187 400
187 941
187 990
187 992
187 1132
187 1159
188 211
188 327
188 378
189 210
189 849
189 903
189 941
190 193
190 200
191 712
191 736
193 204
195 209
196 308
196 395
196 400
196 1159
197 327
197 384
197 995
197 1120
197 1169
198 204
198 348
199 205
199 743
199 940
199 969
199 996
199 1618
200 724
200 754
200 756
201 756
201 773
201 996
201 1618
202 320
202 363
202 398
203 340
203 357
203 362
203 384
204 320
204 394
205 743
205 784
205 908
205 940
205 1520
206 234
206 378
207 658
207 724
207 784
208 753
208 795
209 232
209 332
209 889
209 993
209 1002
209 1185
210 400
210 849
210 875
210 941
210 990
210 1115
211 378
211 387
212 360
212 376
213 723
214 734
214 741
214 777
214 778
214 781
215 228
215 247
215 251
215 407
216 225
216 253
216 291
217 227
217 230
217 264
217 280
217 299
218 245
218 299
218 363
218 397
219 266
219 271
219 302
219 331
219 382
220 238
220 242
220 282
220 301
220 1095
220 1105
220 1110
221 262
221 286
221 290
221 298
221 466
222 248
222 259
222 271
222 292
222 302
222 305
222 307
222 470
223 263
223 270
223 277
223 294
223 301
223 1090
223 1093
224 231
224 235
224 248
224 260
224 261
224 297
224 300
224 305
224 389
225 243
225 273
225 291
225 300
226 251
226 274
226 287
226 374
227 236
227 264
227 280
227 306
227 444
227 461
228 232
228 247
228 257
228 1002
229 318
229 350
229 429
229 505
229 542
229 1110
230 236
230 263
230 264
230 269
230 270
231 234
231 248
231 276
231 300
231 302
231 305
231 339
231 389
232 257
232 296
232 332
232 1002
232 1201
233 249
233 259
233 262
233 288
233 297
233 305
234 267
234 276
234 300
234 378
235 248
235 261
235 297
235 413
235 415
235 490
235 493
236 238
236 264
236 1033
237 259
237 295
237 298
237 307
238 436
238 505
238 1033
238 1105
238 1110
239 280
239 284
239 328
239 367
239 463
239 468
239 1016
239 1153
240 320
240 321
240 330
240 363
240 394
241 246
241 253
241 276
241 289
241 292
242 255
242 278
242 350
243 250
243 267
244 245
244 258
244 291
245 251
245 268
246 253
246 265
246 279
246 285
246 292
247 254
247 257
247 262
247 298
248 302
248 305
248 382
248 413
248 470
248 562
249 264
249 269
249 273
249 288
250 267
250 273
250 277
250 294
251 258
251 288
252 270
252 272
252 283
252 857
252 1048
252 1086
253 265
253 276
253 292
253 305
254 265
254 304
255 260
255 261
255 303
256 257
256 286
256 296
256 419
256 1010
256 1030
256 1046
256 1109
256 1215
257 296
257 1008
257 1046
257 1084
257 1109
258 291
258 304
259 265
259 292
259 297
259 305
260 261
260 273
260 297
260 300
260 303
261 278
261 297
261 303
261 415
262 288
262 298
263 269
263 270
263 301
265 281
265 292
266 285
266 289
266 302
266 1047
267 300
267 379
268 283
269 273
269 291
270 283
270 1086
270 1090
271 382
271 478
271 1067
272 283
272 376
272 895
272 1056
272 1073
274 287
274 288
274 290
274 409
275 286
275 330
275 366
275 370
275 407
276 300
276 339
277 282
277 293
277 294
277 301
277 1093
278 312
278 350
278 364
278 379
279 827
279 1008
279 1052
279 1098
280 284
280 306
280 1016
280 1041
280 1050
280 1073
281 285
281 307
281 1097
281 1098
282 293
282 301
282 404
282 1011
282 1093
283 299
284 299
284 328
284 335
284 376
284 1007
284 1073
285 292
285 1036
285 1097
286 296
286 370
287 328
287 374
287 435
287 442
287 577
288 290
289 339
290 409
290 418
290 435
290 491
292 302
292 305
293 404
293 875
293 1019
293 1049
293 1093
295 298
295 440
295 1030
295 1109
295 1272
296 370
296 383
296 407
296 1215
297 303
297 305
298 1109
299 328
299 376
300 305
301 1090
301 1093
301 1095
302 305
302 331
302 382
303 425
303 490
303 503
306 461
306 1016
306 1033
306 1050
307 1045
307 1272
308 311
308 313
308 325
308 345
308 393
308 395
309 315
309 352
309 360
309 1149
309 1151
309 1175
310 343
310 369
310 373
310 388
310 393
310 1121
310 1128
311 313
311 323
311 345
311 348
311 392
312 314
312 317
312 350
312 364
312 379
313 341
313 345
313 387
314 316
314 317
314 325
314 338
314 341
314 369
314 375
314 403
315 323
315 392
315 393
315 1128
315 1159
316 317
316 356
316 389
316 401
316 403
316 519
316 597
317 364
317 369
317 403
317 525
317 581
318 342
318 347
318 350
318 1163
318 1207
319 344
319 377
319 406
319 1209
320 348
320 363
320 365
320 394
320 398
321 332
321 394
321 407
322 334
322 351
322 353
322 365
322 386
322 390
322 399
323 360
323 392
324 325
324 345
324 354
324 369
324 375
324 392
324 396
325 343
325 369
325 393
325 395
326 355
326 395
326 404
326 405
327 339
327 344
327 378
327 384
328 367
328 380
329 340
329 344
329 346
329 371
329 384
329 1169
330 363
330 365
330 386
330 397
330 407
331 339
331 344
331 371
331 372
332 359
332 385
333 358
333 399
333 401
333 528
333 560
334 346
334 353
334 358
334 1214
335 376
335 380
335 1007
335 1149
335 1151
335 1153
335 1216
336 337
336 514
336 565
336 593
337 370
337 504
337 514
337 554
337 563
338 341
338 361
338 375
338 399
338 401
339 378
340 346
340 353
340 357
340 362
340 384
341 345
341 349
341 355
342 343
342 347
342 388
342 1136
342 1138
342 1144
342 1163
343 347
343 369
343 388
343 393
344 371
344 381
344 384
345 348
346 353
346 1158
346 1193
346 1214
347 393
347 1171
348 351
348 398
349 378
349 381
349 389
350 364
350 505
350 542
351 365
351 386
351 399
352 360
352 380
352 392
352 396
352 1151
353 359
353 383
353 390
354 361
354 368
354 386
354 391
354 396
354 397
355 379
356 372
356 389
356 401
356 413
356 520
356 562
356 597
357 362
357 385
357 1169
358 377
358 537
358 574
359 362
359 383
359 385
359 390
359 1201
360 376
360 380
360 392
361 375
362 365
362 394
363 398
364 499
364 581
364 589
364 597
365 386
365 390
365 394
366 370
366 374
366 386
366 514
367 402
367 559
367 598
367 1153
368 374
368 391
368 397
368 577
369 373
369 375
369 403
370 383
370 390
370 514
371 372
371 377
371 381
371 399
372 377
372 382
372 401
373 388
373 402
373 548
373 549
373 1121
373 1360
374 435
375 403
375 536
376 380
377 574
379 389
380 396
381 384
381 387
381 399
382 562
383 390
383 1192
383 1201
383 1215
385 1185
385 1201
386 397
388 525
388 1144
388 1332
390 407
391 396
391 509
391 536
391 559
392 396
393 1128
393 1159
395 400
397 398
400 404
400 1115
401 519
402 506
402 559
402 598
402 1121
402 1161
403 519
403 536
404 405
404 1019
404 1115
406 1067
406 1330
408 430
408 443
408 444
408 461
408 487
409 425
409 430
409 435
409 442
409 444
409 497
410 438
410 449
410 465
410 480
410 535
410 594
411 448
411 484
411 487
411 496
411 502
411 516
412 413
412 431
412 438
412 460
412 470
412 478
412 527
412 562
413 415
413 465
413 493
413 562
413 597
414 427
414 441
414 449
414 456
414 535
414 669
414 676
415 416
415 465
415 493
415 499
415 597
416 427
416 473
416 482
416 490
416 499
417 428
417 445
417 452
417 458
417 481
417 592
418 435
418 445
418 458
418 497
418 504
419 466
419 504
419 1010
419 1030
419 1310
420 477
420 485
420 494
420 1255
421 423
421 425
421 430
421 459
421 490
421 503
422 451
422 483
422 635
423 424
423 443
423 482
423 495
423 503
424 439
424 455
424 476
424 479
425 490
425 491
425 503
426 433
426 437
426 449
426 451
426 456
426 459
426 464
426 482
427 473
427 482
427 515
428 481
428 485
428 500
428 599
428 647
429 469
429 473
429 542
429 589
429 1219
430 442
430 444
430 459
430 487
430 497
431 438
431 460
431 475
431 478
431 480
431 488
431 498
432 449
432 464
432 609
432 618
432 688
432 698
433 439
433 451
433 456
433 459
433 482
433 601
434 441
434 469
434 473
434 501
434 515
434 539
434 596
434 659
435 442
435 497
435 507
436 443
436 495
436 505
436 1018
436 1110
436 1274
437 459
437 464
437 467
437 472
438 454
438 472
438 480
438 488
439 451
439 459
439 479
439 668
440 457
440 471
440 477
440 1251
440 1259
440 1272
441 456
441 482
441 601
441 659
441 676
442 444
442 487
442 496
442 497
443 461
443 476
443 495
443 1274
444 461
445 458
445 466
445 504
445 521
445 563
445 569
445 592
446 489
446 500
446 1217
446 1296
446 1310
447 458
447 467
447 477
447 481
447 483
447 492
448 462
448 484
448 496
448 550
448 1288
448 1308
449 456
450 479
450 486
450 502
450 620
450 649
450 670
450 1288
450 1423
451 459
451 483
451 698
452 546
452 592
453 475
453 498
453 675
454 480
454 511
454 600
454 618
454 651
455 469
455 701
455 1262
455 1304
456 688
457 460
457 488
457 492
457 1251
458 483
458 497
459 483
460 470
460 478
460 1295
461 462
461 463
462 476
462 1230
462 1308
463 468
463 1016
463 1308
464 472
464 488
464 494
464 698
465 493
465 597
466 489
466 492
466 504
467 474
467 491
467 492
468 496
468 568
468 577
469 473
469 1222
469 1276
471 477
471 489
471 1259
471 1267
472 474
472 488
472 493
473 499
473 515
473 589
474 491
474 492
475 498
475 1251
475 1254
475 1298
475 1316
476 486
476 1221
476 1262
476 1274
477 488
477 489
477 492
478 527
478 1238
478 1270
478 1330
479 486
479 657
479 668
479 670
480 498
480 511
480 527
480 575
481 485
481 494
481 647
481 663
484 544
484 550
484 649
484 747
484 1517
485 671
485 1285
485 1464
486 670
486 1221
486 1288
487 496
487 497
489 500
490 493
494 613
494 698
495 505
496 516
496 550
496 568
498 511
498 651
498 1242
499 505
499 589
500 521
500 599
500 1395
501 596
501 632
501 659
501 1510
502 635
502 637
502 649
502 668
504 514
504 563
504 569
506 555
506 1360
506 1411
506 1414
507 510
507 531
507 545
507 569
507 585
508 510
508 513
508 547
508 558
508 565
508 569
508 572
508 583
508 593
509 531
509 536
509 545
509 555
509 559
509 572
509 585
510 531
510 552
510 572
510 592
511 575
511 578
511 651
511 655
511 705
512 534
512 584
512 599
512 719
512 739
512 758
512 765
513 518
513 558
513 564
513 572
514 545
514 569
514 593
515 539
515 543
515 589
516 531
516 544
516 585
517 533
517 557
517 573
517 575
517 578
517 1367
518 547
518 551
518 558
518 564
518 573
518 588
519 528
519 560
519 570
520 528
520 553
520 562
520 570
520 595
521 534
521 547
521 563
521 583
522 566
522 586
522 737
522 747
522 1352
522 1355
522 1544
523 556
523 561
523 567
523 571
523 572
523 579
523 590
524 552
524 561
524 591
524 714
524 774
524 790
525 542
525 549
525 589
525 1415
526 530
526 576
526 1365
526 1390
526 1408
527 562
527 575
527 594
527 595
528 537
528 553
528 560
528 595
529 540
529 588
529 591
529 738
529 744
529 749
530 539
530 541
530 549
530 1408
531 572
531 579
531 585
532 565
532 1331
532 1376
532 1386
533 574
533 575
533 1322
533 1330
533 1358
533 1367
533 1413
534 538
534 547
534 551
534 1321
534 1395
535 600
536 548
536 560
537 564
537 573
537 574
537 595
538 551
538 717
538 735
538 758
538 1321
538 1405
538 1418
539 541
539 596
540 553
540 556
540 573
540 591
541 561
541 571
541 590
542 589
542 1415
543 556
543 570
543 581
543 590
544 566
544 579
544 582
544 586
544 747
545 560
545 593
546 582
546 584
546 768
547 551
547 558
547 564
547 565
547 583
548 549
548 567
549 1360
550 568
550 1236
550 1308
550 1339
551 557
551 758
551 1321
552 558
552 572
552 580
552 582
553 556
553 570
553 573
553 594
553 595
554 563
554 1010
554 1217
554 1325
554 1376
554 1402
555 559
555 567
555 568
555 585
556 561
556 570
556 590
557 1359
557 1367
557 1418
558 580
558 583
558 588
559 568
559 577
559 585
560 572
560 593
561 571
561 587
561 591
561 774
563 565
563 569
564 565
564 573
564 593
565 569
565 593
566 571
566 579
566 586
566 713
566 747
566 797
567 571
567 579
568 598
569 583
569 592
569 593
570 581
570 597
571 755
571 797
572 579
573 578
573 595
574 1174
574 1367
574 1386
575 578
575 594
575 1322
575 1357
576 711
576 797
576 1365
576 1535
577 585
578 749
578 796
579 582
580 584
580 588
580 714
580 721
581 589
581 590
581 597
582 713
583 584
583 592
584 592
584 599
587 738
587 755
587 774
588 591
588 714
588 721
588 749
588 758
591 774
594 595
596 715
596 1222
596 1368
596 1611
598 1153
598 1161
598 1339
598 1411
599 614
599 647
599 719
599 765
600 618
600 669
600 738
600 744
601 610
601 624
601 657
601 659
601 668
602 620
602 637
602 649
602 696
602 699
603 638
603 641
603 646
603 661
603 672
603 679
603 684
603 1474
604 607
604 628
604 656
604 690
604 691
605 608
605 654
605 662
605 667
605 686
606 619
606 625
606 634
606 667
606 700
607 609
607 613
607 621
607 692
607 693
608 650
608 654
608 697
608 702
609 613
609 666
609 688
609 693
609 698
610 615
610 624
610 688
611 614
611 671
611 692
611 694
611 1452
611 1454
611 1469
611 1518
612 650
612 665
612 680
613 639
613 675
613 693
614 631
614 671
614 708
614 719
614 1285
614 1454
614 1614
615 656
615 662
615 666
615 678
615 688
616 617
616 643
616 653
616 673
616 709
617 634
617 653
617 654
617 665
618 640
618 666
618 688
619 634
619 643
619 653
619 678
619 766
620 622
620 637
620 657
620 668
620 670
620 687
620 699
621 629
621 630
621 645
621 652
621 692
621 693
622 637
622 686
622 687
623 681
623 695
623 696
623 697
624 632
624 633
624 657
624 674
624 689
625 642
625 679
625 700
626 681
626 685
626 702
626 745
626 782
627 630
627 644
627 648
627 681
627 685
627 690
628 663
628 690
628 691
628 695
629 672
629 693
629 1466
629 1489
630 645
630 677
630 692
630 694
631 647
631 671
631 692
631 694
631 732
632 659
632 682
632 701
632 1473
632 1486
633 643
633 653
633 676
633 682
633 689
634 653
634 662
634 667
635 637
635 720
635 785
636 650
636 777
636 794
636 844
636 1451
637 668
637 696
638 679
638 706
638 762
638 795
639 671
639 1255
639 1464
639 1466
640 642
640 646
640 666
640 706
640 762
641 646
641 661
641 672
641 675
641 1437
642 666
642 679
642 683
642 706
643 653
643 709
643 727
643 728
644 652
645 660
645 677
645 886
645 1489
646 651
646 661
646 675
646 679
648 685
648 690
648 694
648 695
648 732
648 770
649 720
649 747
649 1423
649 1517
650 680
650 697
651 655
651 661
651 675
651 1242
652 656
652 660
652 693
653 665
653 689
654 662
654 686
654 687
655 661
655 705
655 710
655 1242
655 1501
656 662
656 667
657 668
657 670
657 674
657 687
657 701
658 685
659 676
660 672
660 679
660 684
661 710
661 1501
662 667
662 686
663 691
663 698
664 677
664 855
664 1514
664 1518
664 1568
665 689
666 688
669 676
669 683
669 738
670 699
670 1423
670 1449
670 1482
671 692
671 1285
671 1454
671 1464
672 1440
672 1474
672 1489
672 1499
673 682
673 728
673 793
673 1485
673 1502
674 687
674 689
674 701
674 1449
674 1486
674 1487
676 678
676 730
677 855
677 886
677 1452
678 683
678 746
679 693
680 687
680 699
680 1422
680 1471
681 685
681 690
682 689
682 728
682 1472
682 1473
682 1486
683 703
683 746
684 795
684 828
684 830
684 1474
684 1617
685 745
685 770
685 782
686 691
692 694
694 732
695 768
695 785
696 720
696 785
697 702
697 777
699 1423
699 1449
699 1471
700 733
700 766
701 1262
701 1482
701 1486
703 706
703 731
703 733
703 738
703 744
703 752
703 760
703 769
703 792
704 707
704 723
704 748
704 764
704 776
704 783
705 710
705 779
705 796
705 1357
705 1569
706 733
706 762
707 740
707 755
707 759
707 783
708 719
708 732
708 765
708 1518
708 1552
709 766
709 787
709 793
710 762
710 1501
710 1609
711 761
711 776
711 1365
711 1535
711 1580
711 1611
712 736
712 757
712 760
713 780
713 790
714 721
714 725
714 774
714 789
714 790
715 730
715 755
716 720
716 747
716 778
716 788
716 1526
716 1563
717 719
717 739
717 1552
717 1598
717 1615
718 731
718 754
718 757
718 775
718 789
718 792
719 739
719 765
719 1552
719 1614
720 726
720 747
720 785
720 788
721 739
721 750
721 758
721 775
721 789
722 742
722 751
722 754
723 748
723 764
723 781
724 754
724 784
724 791
725 759
725 774
725 790
725 792
726 729
726 751
726 785
726 788
727 728
727 730
727 740
727 761
728 761
728 793
728 1472
728 1502
729 741
729 745
729 771
729 778
730 740
730 746
731 753
731 762
731 763
731 769
731 789
731 792
732 765
732 770
733 760
733 766
734 741
734 764
734 771
735 749
735 758
735 786
735 796
735 1418
736 742
736 757
736 759
737 780
737 788
737 797
737 1352
737 1535
737 1563
738 744
738 752
738 769
738 774
739 750
739 758
739 765
739 775
739 791
740 746
740 783
740 787
741 771
741 777
742 771
743 773
743 791
743 1537
743 1618
744 762
744 769
745 751
745 770
745 771
745 782
746 752
746 760
746 766
747 788
748 761
748 776
748 1538
748 1580
749 769
749 779
749 789
750 765
750 768
750 770
751 768
751 790
752 760
752 769
752 774
752 792
753 756
753 767
754 756
754 773
754 775
755 797
756 757
756 773
759 783
759 792
760 766
760 783
760 792
761 1548
761 1611
762 779
763 767
763 773
763 779
763 786
764 772
766 787
767 1572
767 1609
768 785
769 774
769 789
769 792
772 778
772 788
772 1563
773 775
773 786
775 786
775 789
775 791
777 778
777 794
777 1616
778 794
778 1526
778 1616
779 796
780 788
780 797
781 913
781 1525
781 1602
783 787
784 791
784 1568
786 1601
788 1563
791 1615
793 1502
794 1526
794 1588
794 1616
795 1617
796 1357
796 1418
796 1569
797 1352
798 862
798 877
798 1037
798 1088
799 834
799 865
799 868
799 869
799 892
800 824
800 847
800 887
800 907
801 808
801 815
801 837
801 883
801 904
801 997
802 817
802 863
802 874
802 875
802 906
802 1103
803 814
803 853
803 854
803 857
803 864
803 880
803 1021
804 813
804 833
804 851
804 866
804 873
804 883
804 890
805 850
805 860
805 1108
806 832
806 838
806 894
806 1422
806 1451
806 1462
807 831
807 871
807 873
807 893
808 835
808 841
808 883
808 904
808 1495
809 822
809 881
809 889
809 908
810 861
810 866
810 877
810 881
810 889
810 901
810 997
811 825
811 840
811 850
811 871
811 882
811 960
812 814
812 819
812 836
812 874
812 897
812 1004
812 1027
813 835
813 855
813 881
814 834
814 857
814 1021
814 1027
815 821
815 837
815 902
815 998
815 1080
816 876
816 884
816 888
816 898
816 935
816 965
817 819
817 847
817 863
817 865
817 870
817 887
818 824
818 826
818 867
818 872
818 878
818 887
819 834
819 836
819 868
819 874
819 887
820 832
820 844
820 848
820 894
821 823
821 837
821 854
821 880
821 998
821 1024
822 833
822 866
822 881
822 889
823 854
823 864
823 876
823 962
824 879
824 887
824 891
824 1515
825 829
825 843
825 871
825 960
826 859
826 867
826 872
826 893
826 1420
827 1008
827 1044
827 1052
828 830
828 843
828 882
828 1456
828 1474
828 1477
828 1617
829 879
829 912
829 924
829 927
830 843
830 882
830 1440
831 856
831 858
831 862
831 873
831 1034
831 1039
832 838
832 844
832 853
832 854
832 884
832 888
832 894
833 860
833 866
833 885
834 845
834 853
834 868
834 869
834 874
834 1027
835 943
835 991
835 1491
835 1495
835 1590
836 839
836 878
837 841
837 854
837 883
838 846
838 868
838 878
838 888
838 900
839 856
839 1031
839 1040
839 1104
840 850
840 896
840 911
840 960
840 1025
841 878
841 888
841 890
841 899
841 900
842 852
842 896
842 924
842 927
842 1001
842 1089
842 1092
842 1111
843 859
843 872
843 882
843 893
843 1425
844 884
844 984
844 1451
844 1588
845 853
845 857
845 894
846 868
846 887
846 1490
846 1498
847 865
847 870
847 903
848 968
849 865
849 875
850 871
850 896
850 1025
850 1102
851 885
851 886
851 890
851 893
851 1500
852 858
852 867
852 871
852 897
852 1092
853 854
853 857
853 868
853 894
854 888
855 886
855 943
855 1503
855 1514
856 858
856 862
856 867
856 873
857 864
857 1048
858 867
858 871
858 1031
858 1104
859 872
859 893
859 1420
859 1425
859 1467
859 1496
860 885
861 877
861 889
861 901
861 1002
861 1044
861 1179
862 866
862 873
862 877
862 883
862 1039
863 891
863 897
863 906
863 926
864 880
864 1048
864 1056
864 1068
866 873
866 883
868 892
868 894
869 874
870 891
870 930
870 952
872 893
872 1420
872 1425
872 1515
873 883
874 875
874 1027
875 1103
876 884
876 898
876 935
877 901
877 902
877 1037
879 891
879 907
879 912
879 933
879 1515
879 1586
880 1021
880 1024
880 1068
881 889
881 931
884 888
884 898
884 935
884 1476
885 886
886 1503
888 898
888 900
889 993
890 899
890 1467
890 1479
890 1491
890 1500
891 926
891 952
892 894
892 1462
892 1485
895 968
895 1056
895 1149
896 924
896 938
896 960
896 1001
896 1089
897 926
897 1004
897 1099
897 1104
897 1111
898 935
898 949
898 1459
898 1476
898 1540
899 900
899 1420
899 1467
899 1490
900 1427
901 902
901 993
901 1179
902 956
902 1037
902 1080
903 980
904 949
904 965
904 991
904 997
905 942
905 953
905 957
905 966
905 1593
906 909
906 926
906 952
906 1103
906 1205
907 930
907 933
907 958
907 1506
908 931
908 940
908 943
909 952
909 983
909 990
909 1130
909 1212
910 919
910 942
910 945
910 949
910 965
910 966
910 985
911 954
911 960
912 977
912 1586
913 1525
913 1602
913 1605
914 944
914 946
914 951
914 955
914 977
915 959
915 975
915 976
915 983
915 986
915 1143
916 920
916 921
916 934
916 976
916 994
917 919
917 923
917 953
917 972
917 976
917 983
917 986
917 989
918 923
918 925
918 930
918 953
918 958
918 980
918 1605
919 936
919 957
919 971
919 976
920 921
920 945
920 955
920 967
920 979
920 987
920 994
921 967
921 973
921 981
921 988
921 994
922 935
922 942
922 947
922 957
922 971
923 925
923 930
923 939
923 953
923 961
923 972
924 927
924 951
924 960
924 982
925 939
925 941
925 972
925 992
926 927
926 952
926 1111
927 952
927 959
928 934
928 956
928 963
928 981
928 1168
929 946
929 955
929 978
929 996
929 1000
929 1519
929 1572
929 1618
930 952
930 958
930 961
930 980
931 932
931 940
931 943
931 964
931 967
931 987
932 956
932 967
932 988
932 993
932 997
933 958
933 961
933 977
933 1586
933 1612
934 956
934 965
934 997
935 1476
935 1540
935 1588
936 957
936 963
936 970
936 971
936 974
937 950
937 968
937 970
937 974
937 999
937 1175
937 1197
938 951
938 960
938 978
938 982
938 995
938 1142
939 941
939 972
939 989
939 992
940 969
940 987
940 1520
941 990
941 992
942 957
942 966
942 1593
943 987
943 991
943 1514
943 1520
944 953
944 977
944 985
944 986
944 1541
945 966
945 979
945 985
945 987
945 1573
945 1585
946 951
946 1000
946 1519
946 1572
947 950
947 970
947 984
948 950
948 972
948 974
948 999
949 965
949 1540
949 1583
949 1597
950 968
950 970
951 960
951 978
951 982
952 961
953 958
953 961
954 960
954 1000
954 1617
955 979
955 994
956 981
956 997
957 972
958 961
959 982
959 1001
959 1212
961 977
962 970
962 998
962 1024
962 1197
963 974
963 1122
963 1147
963 1197
964 967
964 988
964 993
965 971
966 985
966 1555
966 1585
966 1593
967 969
967 988
968 970
970 971
971 998
972 974
972 989
973 975
973 994
973 1133
973 1134
974 989
974 999
975 982
975 994
975 1200
975 1204
976 983
976 989
976 1122
977 986
978 994
978 996
979 985
979 987
979 1543
979 1573
980 1584
981 1137
981 1146
981 1168
982 1001
983 986
983 989
984 1588
984 1616
987 991
987 1534
988 993
988 1185
990 1115
990 1130
990 1132
991 997
991 1534
991 1590
992 999
993 1185
995 1120
995 1134
995 1142
995 1169
996 1000
996 1618
999 1159
999 1175
1000 1572
1000 1617
1001 1089
1001 1142
1001 1162
1002 1044
1002 1084
1002 1179
1003 1004
1003 1012
1003 1027
1003 1049
1003 1059
1003 1071
1003 1107
1004 1049
1004 1078
1004 1103
1004 1107
1005 1012
1005 1015
1005 1028
1005 1061
1005 1078
1006 1014
1006 1045
1006 1051
1006 1054
1006 1063
1006 1070
1006 1075
1007 1016
1007 1041
1007 1073
1007 1101
1007 1113
1007 1153
1007 1216
1008 1044
1008 1052
1008 1084
1008 1094
1008 1098
1009 1030
1009 1038
1009 1066
1009 1083
1009 1109
1009 1218
1009 1293
1010 1030
1010 1046
1010 1215
1010 1217
1010 1293
1010 1325
1011 1019
1011 1049
1011 1059
1011 1061
1011 1079
1011 1207
1012 1015
1012 1028
1012 1040
1012 1058
1012 1065
1012 1076
1012 1077
1013 1016
1013 1035
1013 1041
1013 1055
1013 1101
1013 1226
1013 1230
1014 1025
1014 1036
1014 1047
1014 1070
1014 1102
1015 1017
1015 1053
1015 1077
1015 1081
1016 1041
1016 1101
1017 1020
1017 1051
1017 1063
1017 1074
1017 1078
1017 1081
1017 1099
1018 1028
1018 1058
1018 1105
1018 1110
1018 1287
1019 1049
1019 1103
1019 1107
1019 1115
1019 1195
1019 1207
1020 1031
1020 1034
1020 1051
1020 1102
1020 1108
1021 1023
1021 1040
1021 1068
1021 1076
1021 1088
1022 1037
1022 1043
1022 1069
1022 1072
1022 1082
1022 1088
1023 1048
1023 1060
1023 1065
1023 1068
1023 1076
1023 1085
1024 1080
1024 1188
1025 1036
1025 1047
1025 1089
1025 1102
1025 1120
1026 1038
1026 1045
1026 1051
1026 1052
1026 1097
1027 1049
1027 1071
1027 1090
1027 1093
1028 1058
1028 1061
1028 1077
1028 1287
1029 1043
1029 1062
1029 1069
1029 1081
1029 1088
1029 1091
1029 1096
1030 1046
1030 1109
1030 1293
1030 1310
1031 1034
1031 1039
1031 1040
1031 1062
1031 1104
1032 1063
1032 1074
1032 1100
1032 1112
1032 1116
1032 1117
1033 1050
1033 1095
1033 1105
1033 1274
1034 1039
1034 1052
1034 1108
1035 1058
1035 1085
1035 1226
1035 1230
1035 1300
1036 1047
1036 1102
1036 1108
1037 1080
1037 1187
1038 1066
1038 1084
1038 1098
1038 1109
1039 1052
1039 1094
1040 1062
1040 1076
1040 1088
1040 1104
1041 1050
1041 1055
1041 1060
1041 1073
1042 1055
1042 1057
1042 1085
1042 1091
1042 1226
1042 1244
1042 1291
1042 1300
1043 1062
1043 1066
1043 1072
1043 1094
1043 1096
1044 1094
1045 1075
1045 1097
1045 1272
1046 1083
1046 1084
1046 1109
1046 1183
1046 1215
1047 1120
1047 1180
1047 1181
1048 1056
1048 1068
1048 1073
1048 1086
1049 1059
1049 1093
1049 1103
1049 1107
1050 1065
1050 1073
1050 1086
1051 1063
1051 1081
1052 1094
1052 1097
1052 1098
1053 1054
1053 1258
1053 1309
1054 1075
1054 1258
1054 1260
1055 1057
1055 1060
1055 1085
1055 1106
1055 1113
1056 1060
1056 1068
1056 1073
1056 1216
1057 1069
1057 1072
1057 1087
1057 1096
1057 1106
1057 1244
1058 1065
1058 1077
1058 1085
1059 1061
1059 1071
1059 1093
1059 1095
1059 1105
1060 1068
1060 1082
1060 1106
1060 1216
1061 1079
1061 1107
1061 1126
1062 1081
1062 1088
1063 1070
1063 1074
1064 1077
1064 1091
1064 1227
1064 1287
1064 1300
1064 1309
1065 1071
1065 1076
1065 1085
1065 1095
1066 1083
1066 1084
1066 1094
1067 1075
1067 1181
1067 1270
1068 1082
1069 1076
1069 1082
1069 1085
1069 1088
1070 1118
1070 1123
1070 1180
1070 1181
1071 1090
1071 1093
1071 1095
1072 1096
1072 1191
1073 1086
1074 1078
1074 1092
1074 1099
1074 1111
1074 1112
1075 1270
1076 1077
1076 1085
1076 1088
1077 1081
1077 1085
1078 1099
1078 1107
1078 1112
1079 1110
1079 1126
1079 1163
1079 1311
1080 1082
1080 1188
1082 1088
1082 1106
1082 1188
1083 1183
1083 1213
1083 1293
1084 1094
1084 1109
1086 1090
1087 1113
1087 1206
1087 1220
1087 1244
1087 1317
1089 1092
1089 1102
1090 1093
1090 1095
1091 1096
1091 1227
1091 1278
1092 1099
1092 1102
1092 1111
1093 1095
1095 1105
1096 1218
1096 1278
1097 1098
1098 1109
1099 1104
1099 1111
1100 1127
1100 1231
1100 1258
1100 1391
1100 1419
1101 1113
1101 1153
1101 1308
1101 1317
1101 1339
1101 1353
1102 1108
1103 1107
1103 1205
1105 1110
1106 1188
1107 1195
1107 1205
1110 1311
1111 1112
1111 1205
1112 1116
1112 1117
1112 1205
1112 1212
1113 1152
1113 1206
1113 1210
1113 1317
1113 1353
1114 1140
1114 1145
1114 1157
1114 1186
1114 1191
1116 1117
1116 1125
1116 1208
1117 1123
1117 1127
1117 1156
1118 1181
1118 1391
1119 1155
1119 1164
1119 1167
1119 1172
1119 1177
1119 1202
1119 1210
1119 1403
1120 1142
1121 1128
1121 1129
1121 1144
1121 1161
1121 1198
1121 1360
1121 1410
1122 1148
1122 1155
1122 1166
1123 1156
1123 1162
1123 1180
1124 1154
1124 1158
1124 1160
1124 1165
1124 1173
1124 1174
1124 1178
1124 1203
1124 1370
1125 1156
1125 1166
1125 1182
1125 1208
1125 1212
1126 1136
1126 1163
1126 1208
1126 1356
1127 1141
1127 1154
1127 1156
1127 1199
1127 1391
1127 1419
1128 1150
1128 1159
1128 1171
1129 1152
1129 1161
1129 1177
1129 1198
1129 1210
1129 1399
1129 1410
1130 1132
1130 1166
1130 1182
1131 1149
1131 1151
1131 1152
1131 1164
1131 1189
1131 1194
1131 1202
1132 1159
1132 1171
1133 1134
1133 1137
1133 1169
1134 1135
1134 1142
1134 1169
1134 1196
1134 1200
1135 1158
1135 1162
1135 1173
1135 1196
1135 1200
1135 1203
1135 1209
1136 1138
1136 1144
1136 1163
1136 1182
1136 1208
1137 1146
1137 1173
1137 1204
1138 1144
1138 1163
1138 1328
1138 1329
1138 1332
1138 1356
1138 1415
1139 1141
1139 1156
1139 1167
1139 1170
1139 1172
1139 1178
1139 1199
1139 1203
1139 1211
1140 1157
1140 1187
1140 1191
1141 1154
1141 1199
1141 1211
1141 1319
1141 1370
1142 1162
1143 1166
1143 1170
1143 1184
1143 1212
1144 1198
1144 1410
1145 1160
1145 1165
1145 1211
1145 1348
1145 1380
1145 1396
1145 1398
1146 1179
1146 1183
1146 1185
1146 1187
1147 1176
1147 1188
1147 1189
1147 1194
1147 1197
1148 1150
1148 1164
1148 1166
1148 1175
1148 1194
1149 1151
1149 1189
1149 1197
1149 1216
1150 1164
1150 1166
1150 1175
1150 1182
1150 1198
1151 1152
1152 1153
1152 1161
1152 1202
1152 1210
1152 1353
1153 1161
1154 1203
1154 1345
1154 1370
1155 1168
1155 1170
1155 1176
1156 1162
1156 1170
1156 1203
1157 1160
1157 1168
1158 1160
1158 1173
1158 1193
1158 1214
1159 1171
1160 1165
1160 1173
1160 1178
1160 1192
1160 1193
1161 1411
1162 1184
1162 1200
1162 1203
1163 1207
1163 1356
1163 1415
1164 1194
1164 1202
1165 1192
1165 1214
1165 1376
1165 1386
1166 1170
1166 1182
1167 1172
1167 1177
1167 1190
1167 1198
1167 1199
1168 1176
1169 1196
1170 1184
1171 1182
1172 1177
1172 1190
1172 1199
1172 1211
1172 1403
1173 1178
1173 1184
1173 1200
1173 1203
1174 1345
1174 1386
1175 1194
1176 1188
1176 1191
1176 1202
1177 1190
1177 1198
1177 1210
1177 1399
1177 1403
1178 1203
1178 1211
1179 1183
1179 1185
1179 1187
1180 1181
1180 1209
1181 1209
1182 1195
1182 1208
1183 1201
1183 1215
1184 1200
1184 1203
1184 1204
1185 1201
1186 1206
1186 1398
1186 1403
1188 1189
1189 1194
1189 1197
1189 1202
1189 1216
1190 1198
1190 1199
1190 1328
1190 1410
1191 1206
1192 1193
1192 1214
1192 1215
1192 1376
1193 1201
1193 1214
1194 1197
1194 1202
1195 1205
1196 1209
1198 1410
1199 1328
1199 1419
1200 1204
1201 1215
1202 1210
1205 1212
1206 1210
1208 1328
1210 1353
1210 1399
1210 1403
1211 1370
1211 1396
1213 1293
1213 1364
1217 1293
1217 1296
1217 1310
1217 1325
1217 1364
1217 1402
1217 1416
1218 1240
1218 1246
1218 1278
1218 1293
1219 1276
1219 1311
1219 1329
1219 1415
1220 1244
1220 1264
1220 1291
1220 1302
1220 1317
1220 1343
1221 1248
1221 1256
1221 1262
1221 1273
1222 1276
1222 1304
1222 1368
1222 1392
1223 1243
1223 1263
1223 1273
1223 1279
1223 1289
1224 1239
1224 1240
1224 1245
1224 1246
1224 1301
1225 1234
1225 1268
1225 1276
1225 1281
1225 1311
1226 1230
1226 1279
1226 1291
1226 1300
1226 1302
1227 1243
1227 1249
1227 1278
1227 1291
1227 1300
1228 1235
1228 1301
1228 1307
1228 1429
1228 1478
1229 1261
1229 1312
1229 1336
1229 1343
1229 1545
1230 1248
1230 1279
1230 1308
1231 1234
1231 1369
1231 1419
1232 1241
1232 1249
1232 1257
1232 1265
1232 1275
1232 1284
1232 1303
1232 1306
1233 1250
1233 1253
1233 1313
1233 1337
1233 1373
1233 1375
1233 1417
1233 1604
1234 1237
1234 1266
1234 1281
1234 1347
1234 1369
1235 1312
1235 1400
1235 1446
1235 1529
1235 1610
1236 1282
1236 1286
1236 1288
1236 1308
1236 1371
1237 1247
1237 1266
1237 1292
1237 1294
1237 1347
1238 1253
1238 1270
1238 1295
1238 1322
1238 1330
1239 1240
1239 1245
1239 1249
1239 1252
1239 1289
1239 1291
1240 1244
1240 1246
1240 1264
1240 1278
1241 1246
1241 1284
1241 1309
1242 1316
1242 1417
1242 1428
1243 1249
1243 1252
1243 1263
1243 1271
1243 1273
1243 1297
1243 1306
1244 1264
1244 1278
1244 1291
1245 1246
1245 1249
1245 1252
1245 1257
1246 1249
1246 1257
1246 1278
1247 1294
1247 1299
1247 1305
1247 1430
1247 1450
1248 1256
1248 1274
1248 1279
1248 1297
1248 1300
1249 1252
1249 1278
1249 1306
1250 1292
1250 1299
1250 1305
1250 1375
1250 1431
1250 1442
1251 1284
1251 1295
1251 1298
1252 1263
1252 1303
1253 1260
1253 1265
1253 1270
1253 1313
1253 1314
1253 1349
1254 1265
1254 1277
1254 1298
1254 1313
1254 1316
1254 1431
1255 1298
1255 1316
1255 1464
1256 1262
1256 1269
1256 1281
1256 1297
1257 1259
1257 1267
1257 1284
1257 1298
1258 1260
1258 1266
1258 1275
1258 1292
1258 1314
1259 1267
1259 1310
1260 1270
1260 1275
1260 1314
1261 1282
1261 1290
1261 1312
1261 1448
1261 1488
1262 1269
1262 1482
1263 1306
1263 1315
1263 1430
1264 1397
1265 1277
1265 1284
1265 1298
1265 1313
1266 1271
1266 1275
1266 1292
1266 1309
1267 1296
1267 1307
1268 1269
1268 1283
1268 1294
1268 1304
1269 1294
1269 1304
1269 1481
1270 1295
1270 1349
1271 1275
1271 1287
1271 1306
1271 1309
1272 1295
1273 1290
1273 1297
1273 1315
1275 1292
1275 1306
1275 1309
1276 1304
1276 1311
1277 1280
1277 1298
1277 1299
1277 1303
1277 1421
1277 1431
1278 1291
1279 1282
1279 1289
1279 1297
1279 1300
1280 1303
1280 1421
1280 1453
1280 1457
1280 1478
1281 1287
1281 1294
1281 1297
1282 1288
1282 1289
1282 1302
1283 1392
1283 1450
1283 1460
1283 1510
1284 1295
1284 1298
1285 1307
1285 1395
1285 1454
1285 1464
1285 1512
1286 1288
1286 1423
1286 1448
1286 1517
1286 1545
1287 1297
1287 1300
1289 1291
1289 1302
1289 1312
1289 1343
1290 1448
1290 1468
1290 1482
1292 1314
1292 1375
1293 1325
1293 1364
1296 1301
1296 1307
1296 1416
1297 1300
1299 1303
1299 1306
1299 1431
1299 1442
1301 1307
1301 1397
1301 1416
1302 1317
1302 1343
1302 1371
1303 1306
1304 1473
1304 1481
1304 1510
1305 1361
1305 1375
1305 1442
1305 1443
1307 1429
1307 1457
1307 1512
1307 1560
1308 1339
1311 1356
1312 1446
1312 1488
1313 1417
1313 1431
1314 1349
1314 1374
1314 1375
1314 1391
1315 1430
1315 1439
1317 1323
1317 1353
1318 1338
1318 1342
1318 1366
1318 1394
1318 1400
1318 1529
1318 1570
1318 1576
1318 1610
1319 1374
1319 1377
1319 1379
1319 1384
1319 1387
1320 1324
1320 1366
1320 1382
1320 1409
1320 1524
1321 1331
1321 1351
1321 1402
1321 1405
1322 1330
1322 1357
1322 1413
1322 1417
1323 1336
1323 1353
1323 1363
1323 1371
1323 1399
1323 1407
1324 1333
1324 1350
1324 1361
1324 1382
1324 1571
1325 1348
1325 1364
1325 1376
1326 1337
1326 1373
1326 1381
1326 1383
1326 1393
1326 1413
1326 1575
1327 1335
1327 1379
1327 1387
1327 1389
1327 1393
1327 1406
1328 1356
1328 1369
1328 1419
1329 1332
1329 1344
1329 1356
1329 1372
1329 1408
1329 1415
1330 1349
1330 1383
1331 1348
1331 1376
1331 1389
1331 1402
1332 1360
1332 1408
1332 1410
1332 1415
1333 1347
1333 1361
1333 1375
1333 1379
1333 1381
1333 1388
1333 1401
1334 1336
1334 1341
1334 1355
1334 1522
1334 1544
1334 1545
1335 1393
1335 1561
1335 1576
1335 1577
1336 1341
1336 1343
1336 1363
1336 1371
1337 1357
1337 1373
1337 1417
1337 1567
1337 1575
1337 1604
1338 1351
1338 1378
1338 1394
1338 1405
1338 1576
1338 1592
1339 1353
1339 1371
1339 1411
1340 1342
1340 1346
1340 1377
1340 1379
1341 1355
1341 1363
1341 1404
1341 1409
1341 1412
1341 1414
1342 1346
1342 1354
1342 1394
1342 1400
1342 1407
1343 1400
1344 1369
1344 1388
1344 1392
1345 1358
1345 1370
1345 1383
1345 1387
1346 1362
1346 1407
1346 1409
1347 1369
1347 1374
1347 1375
1348 1364
1348 1376
1348 1380
1348 1389
1348 1396
1348 1402
1349 1391
1350 1382
1350 1385
1350 1521
1350 1556
1350 1571
1350 1594
1351 1378
1351 1402
1351 1406
1351 1416
1352 1355
1352 1390
1352 1535
1353 1399
1354 1380
1354 1394
1354 1397
1354 1398
1354 1407
1355 1412
1355 1522
1355 1524
1355 1535
1355 1544
1355 1579
1356 1369
1357 1413
1357 1417
1358 1359
1358 1367
1358 1383
1358 1413
1359 1367
1359 1389
1359 1393
1359 1413
1360 1410
1361 1581
1362 1377
1362 1384
1362 1401
1362 1404
1363 1371
1363 1404
1363 1411
1363 1414
1364 1397
1365 1368
1365 1385
1365 1390
1365 1535
1365 1594
1366 1400
1366 1409
1366 1522
1366 1524
1366 1566
1366 1610
1367 1386
1368 1385
1368 1392
1368 1408
1368 1611
1369 1419
1370 1387
1370 1396
1372 1390
1372 1401
1372 1404
1372 1408
1372 1410
1373 1375
1373 1381
1373 1581
1373 1604
1374 1391
1374 1419
1376 1386
1376 1389
1377 1379
1377 1384
1378 1395
1378 1416
1378 1560
1378 1614
1379 1381
1379 1384
1379 1387
1380 1389
1380 1396
1380 1398
1380 1406
1382 1385
1382 1388
1382 1401
1382 1409
1382 1412
1383 1387
1383 1413
1384 1401
1385 1388
1385 1392
1385 1556
1386 1389
1388 1392
1388 1401
1389 1396
1389 1406
1390 1404
1390 1408
1390 1412
1392 1510
1392 1556
1392 1611
1393 1413
1393 1418
1393 1575
1394 1400
1394 1529
1395 1614
1397 1416
1399 1403
1399 1411
1400 1610
1402 1416
1403 1407
1404 1412
1404 1414
1405 1418
1405 1527
1405 1561
1409 1412
1409 1524
1411 1414
1412 1524
1418 1527
1420 1467
1420 1490
1420 1509
1420 1515
1421 1431
1421 1436
1421 1453
1422 1451
1422 1462
1422 1470
1422 1471
1422 1487
1422 1505
1423 1448
1423 1507
1423 1517
1424 1434
1424 1444
1424 1445
1424 1452
1424 1453
1424 1457
1425 1477
1425 1513
1425 1515
1426 1462
1426 1484
1426 1485
1426 1487
1426 1494
1426 1498
1426 1511
1427 1433
1427 1465
1427 1470
1428 1431
1428 1437
1429 1445
1429 1457
1429 1512
1429 1560
1430 1442
1430 1450
1430 1458
1430 1493
1430 1504
1431 1436
1431 1442
1432 1438
1432 1455
1432 1459
1432 1476
1432 1505
1432 1516
1432 1564
1433 1439
1433 1446
1433 1465
1433 1480
1433 1488
1434 1444
1434 1467
1434 1479
1434 1491
1434 1500
1435 1475
1435 1477
1435 1483
1435 1496
1435 1513
1435 1530
1435 1546
1436 1453
1436 1461
1436 1483
1436 1493
1437 1474
1437 1499
1437 1501
1438 1446
1438 1455
1438 1488
1438 1545
1438 1562
1438 1564
1439 1465
1439 1488
1439 1493
1440 1474
1440 1489
1440 1496
1440 1499
1441 1458
1441 1468
1441 1481
1441 1484
1441 1486
1441 1487
1442 1443
1442 1504
1443 1460
1443 1531
1443 1581
1443 1582
1444 1496
1444 1499
1444 1500
1445 1447
1445 1480
1445 1587
1445 1619
1446 1480
1446 1488
1447 1452
1447 1491
1447 1495
1447 1503
1447 1514
1447 1590
1448 1455
1448 1488
1448 1545
1449 1468
1449 1482
1449 1487
1450 1460
1450 1463
1450 1481
1451 1471
1451 1505
1452 1503
1453 1461
1453 1478
1453 1493
1454 1457
1454 1464
1454 1512
1455 1507
1455 1516
1455 1545
1456 1477
1456 1546
1456 1617
1456 1620
1457 1464
1458 1463
1458 1465
1458 1494
1458 1504
1458 1508
1459 1476
1459 1492
1459 1540
1460 1463
1460 1473
1460 1484
1460 1565
1461 1465
1461 1493
1461 1509
1462 1470
1462 1498
1463 1484
1463 1494
1463 1504
1465 1493
1466 1499
1467 1500
1468 1487
1469 1512
1469 1518
1469 1551
1469 1552
1469 1587
1470 1505
1470 1508
1471 1505
1472 1473
1472 1484
1472 1502
1472 1510
1472 1511
1472 1548
1472 1565
1473 1481
1473 1484
1473 1486
1473 1510
1474 1477
1474 1499
1474 1501
1474 1620
1475 1497
1475 1506
1475 1513
1475 1531
1475 1558
1476 1505
1476 1516
1476 1540
1476 1588
1477 1496
1477 1620
1478 1493
1479 1491
1479 1492
1479 1495
1480 1492
1480 1619
1483 1496
1483 1513
1484 1486
1484 1494
1484 1511
1485 1502
1486 1487
1489 1500
1490 1508
1491 1495
1491 1500
1491 1503
1492 1495
1494 1497
1494 1498
1494 1508
1494 1511
1495 1590
1496 1499
1497 1506
1497 1509
1497 1513
1497 1515
1498 1508
1498 1511
1500 1503
1501 1530
1501 1567
1501 1620
1502 1511
1502 1584
1506 1515
1506 1542
1506 1558
1506 1586
1507 1517
1507 1526
1507 1545
1508 1509
1509 1513
1510 1565
1510 1611
1512 1560
1512 1614
1513 1515
1513 1546
1513 1586
1514 1518
1514 1568
1514 1590
1515 1586
1516 1540
1516 1564
1516 1588
1516 1599
1517 1544
1517 1545
1518 1568
1519 1543
1519 1572
1519 1589
1519 1613
1519 1618
1520 1534
1520 1568
1521 1547
1521 1548
1521 1550
1521 1556
1521 1571
1521 1580
1521 1594
1522 1524
1522 1544
1522 1545
1522 1553
1522 1562
1522 1566
1523 1527
1523 1569
1523 1589
1523 1601
1523 1603
1523 1608
1523 1609
1524 1566
1524 1579
1524 1594
1524 1600
1525 1578
1525 1602
1526 1544
1526 1553
1526 1563
1526 1616
1527 1561
1527 1569
1527 1575
1527 1601
1527 1608
1528 1546
1528 1558
1528 1591
1528 1612
1529 1559
1529 1560
1529 1570
1529 1592
1529 1610
1529 1619
1530 1531
1530 1533
1530 1546
1530 1567
1530 1603
1531 1581
1531 1582
1531 1591
1531 1604
1532 1536
1532 1547
1532 1550
1532 1578
1532 1580
1532 1602
1532 1605
1533 1546
1533 1609
1533 1620
1534 1573
1534 1590
1534 1596
1535 1579
1535 1594
1536 1550
1536 1578
1536 1580
1536 1602
1537 1543
1537 1601
1537 1615
1538 1580
1538 1584
1538 1605
1539 1557
1539 1585
1539 1607
1540 1564
1540 1597
1540 1599
1541 1555
1541 1612
1541 1613
1542 1549
1542 1558
1542 1565
1542 1574
1542 1582
1543 1573
1543 1618
1544 1545
1544 1553
1544 1563
1546 1558
1546 1586
1547 1549
1547 1550
1547 1555
1547 1574
1547 1580
1548 1565
1548 1574
1548 1580
1548 1584
1548 1611
1549 1557
1549 1571
1549 1582
1549 1591
1550 1579
1550 1580
1550 1594
1550 1600
1551 1552
1551 1568
1551 1587
1551 1596
1551 1615
1552 1598
1552 1614
1552 1615
1553 1562
1553 1563
1553 1579
1554 1571
1554 1577
1554 1581
1554 1591
1555 1593
1556 1565
1556 1611
1557 1571
1557 1600
1558 1586
1558 1612
1559 1562
1559 1564
1559 1566
1559 1570
1559 1606
1559 1610
1560 1587
1560 1614
1561 1575
1561 1576
1561 1577
1561 1608
1562 1564
1562 1566
1562 1595
1562 1599
1563 1578
1564 1597
1564 1599
1565 1582
1566 1600
1567 1603
1567 1604
1568 1615
1569 1575
1569 1603
1570 1576
1570 1592
1570 1606
1571 1594
1572 1609
1572 1618
1573 1585
1573 1607
1573 1613
1574 1584
1575 1577
1575 1603
1577 1581
1577 1603
1578 1602
1579 1594
1579 1600
1581 1591
1581 1604
1582 1591
1583 1585
1583 1590
1583 1596
1583 1597
1583 1606
1585 1597
1585 1613
1586 1612
1587 1592
1587 1596
1587 1619
1588 1616
1589 1608
1590 1596
1592 1598
1592 1606
1593 1595
1595 1597
1595 1599
1595 1600
1596 1606
1596 1619
1597 1599
1598 1615
1602 1605
1606 1607
1607 1608
1609 1620
1612 1613
1617 1620
