0.29618000 0.09598000 0.18745000
0.35489000 0.15272000 0.02461000
0.10142000 0.02452000 0.14880000
0.00595000 0.17530000 0.08765000
0.16762000 0.02743000 0.46296000
0.47958000 0.24048000 0.31196000
0.11497000 0.05530000 0.20758000
0.25659000 0.15334000 0.47099000
0.38488000 0.16884000 0.21039000
0.08121000 0.09459000 0.44880000
0.10027000 0.06935000 0.00462000
0.26480000 0.07325000 0.11184000
0.26868000 0.07360000 0.26607000
0.45031000 0.23182000 0.07488000
0.02483000 0.08107000 0.41629000
0.07758000 0.21804000 0.42824000
0.03282000 0.15075000 0.25663000
0.00273000 0.23892000 0.23733000
0.49333000 0.20818000 0.14906000
0.41746000 0.02048000 0.37989000
0.34815000 0.00198000 0.34539000
0.46032000 0.12332000 0.09786000
0.49227000 0.08203000 0.42883000
0.17460000 0.05290000 0.38738000
0.28213000 0.03402000 0.36652000
0.32003000 0.12747000 0.44484000
0.02037000 0.07474000 0.25089000
0.17838000 0.15502000 0.08293000
0.39047000 0.13356000 0.40668000
0.05638000 0.16798000 0.48476000
0.07496000 0.03955000 0.37470000
0.44757000 0.12776000 0.21160000
0.37315000 0.01594000 0.24581000
0.18567000 0.02869000 0.25265000
0.40839000 0.05869000 0.30626000
0.47519000 0.06455000 0.13555000
0.35775000 0.04069000 0.16754000
0.18706000 0.04722000 0.12737000
0.48457000 0.21975000 0.39986000
0.23632000 0.19738000 0.38600000
0.35001000 0.10677000 0.27533000
0.05409000 0.11405000 0.19375000
0.13971000 0.12448000 0.42762000
0.47268000 0.16730000 0.44322000
0.20305000 0.09823000 0.43422000
0.03814000 0.08974000 0.11974000
0.36142000 0.06507000 0.38296000
0.48182000 0.02500000 0.30848000
0.04267000 0.18064000 0.16398000
0.11305000 0.12800000 0.24021000
0.10367000 0.11358000 0.33021000
0.31546000 0.10155000 0.01694000
0.20703000 0.09048000 0.28408000
0.04324000 0.10309000 0.04674000
0.01914000 0.04058000 0.18261000
0.32552000 0.23453000 0.42250000
0.34527000 0.13489000 0.14914000
0.09651000 0.18350000 0.35552000
0.31747000 0.05684000 0.44327000
0.20300000 0.22282000 0.31208000
0.36513000 0.24638000 0.33793000
0.43475000 0.05583000 0.46966000
0.41756000 0.02527000 0.09577000
0.21789000 0.16021000 0.15337000
0.26366000 0.03879000 0.18794000
0.27546000 0.01570000 0.06679000
0.40459000 0.10308000 0.15715000
0.36731000 0.19510000 0.11205000
0.23705000 0.03917000 0.45181000
0.07317000 0.22960000 0.22534000
0.16611000 0.11627000 0.35965000
0.25223000 0.13114000 0.32791000
0.26630000 0.15338000 0.25586000
0.40933000 0.09203000 0.04386000
0.17720000 0.09027000 0.02948000
0.24544000 0.21389000 0.24593000
0.18629000 0.15350000 0.25329000
0.25448000 0.16196000 0.07804000
0.19959000 0.21827000 0.04762000
0.42267000 0.23283000 0.20003000
0.14945000 0.21869000 0.44131000
0.31048000 0.24157000 0.27779000
0.31977000 0.24485000 0.14228000
0.04147000 0.02672000 0.46511000
0.42236000 0.19189000 0.32362000
0.34556000 0.17350000 0.29006000
0.40373000 0.19942000 0.39873000
0.30883000 0.19045000 0.35603000
0.23147000 0.10851000 0.19834000
0.10399000 0.17338000 0.05971000
0.47107000 0.10592000 0.34907000
0.43531000 0.01900000 0.00525000
0.46538000 0.05581000 0.21207000
0.07417000 0.03565000 0.27870000
0.05761000 0.21800000 0.01398000
0.11632000 0.10713000 0.15189000
0.31445000 0.18667000 0.21229000
0.20130000 0.20313000 0.19623000
0.35314000 0.00573000 0.48593000
0.27125000 0.24899000 0.09222000
0.25242000 0.19064000 0.00107000
0.41707000 0.24335000 0.49704000
0.05762000 0.14121000 0.71053000
0.40968000 0.10978000 0.69524000
0.14746000 0.23309000 0.56996000
0.27344000 0.16311000 0.78605000
0.23258000 0.19427000 0.83627000
0.27253000 0.07700000 0.50852000
0.32441000 0.00761000 0.99551000
0.13556000 0.04777000 0.87875000
0.14151000 0.19113000 0.68312000
0.28775000 0.05399000 0.90420000
0.49491000 0.17771000 0.72652000
0.03851000 0.05552000 0.98701000
0.16368000 0.11101000 0.56109000
0.15265000 0.23101000 0.97813000
0.16449000 0.03855000 0.54636000
0.10330000 0.12548000 0.80456000
0.04336000 0.11288000 0.86058000
0.04156000 0.14410000 0.93621000
0.18744000 0.13803000 0.82972000
0.47563000 0.18335000 0.64661000
0.24160000 0.03783000 0.61048000
0.47958000 0.20570000 0.52073000
0.41395000 0.18379000 0.56064000
0.37776000 0.23958000 0.66124000
0.08818000 0.02174000 0.80872000
0.41591000 0.13187000 0.83354000
0.48485000 0.12350000 0.83912000
0.39523000 0.15588000 0.90910000
0.25562000 0.04658000 0.80936000
0.39795000 0.05715000 0.62113000
0.11806000 0.14804000 0.95901000
0.14519000 0.17872000 0.77118000
0.17523000 0.06891000 0.95184000
0.22008000 0.10576000 0.65402000
0.44122000 0.03724000 0.91171000
0.15814000 0.22467000 0.84099000
0.16423000 0.17000000 0.50674000
0.30449000 0.08722000 0.69865000
0.31084000 0.00135000 0.75217000
0.00691000 0.08378000 0.76204000
0.04035000 0.15920000 0.80325000
0.34568000 0.14905000 0.69282000
0.04569000 0.21733000 0.85533000
0.36384000 0.03713000 0.85443000
0.10428000 0.19869000 0.89692000
0.22739000 0.21909000 0.70717000
0.13206000 0.13654000 0.87301000
0.06390000 0.03252000 0.57694000
0.41461000 0.13466000 0.62845000
0.20531000 0.20859000 0.59470000
0.01176000 0.01943000 0.63049000
0.14609000 0.15908000 0.61262000
0.34981000 0.03202000 0.68986000
0.16208000 0.07169000 0.75939000
0.07026000 0.04407000 0.68732000
0.45661000 0.20773000 0.91347000
0.42117000 0.04040000 0.74721000
0.29596000 0.19179000 0.91532000
0.36983000 0.14287000 0.52127000
0.15674000 0.02834000 0.63321000
0.39968000 0.21577000 0.82501000
0.08924000 0.19336000 0.55005000
0.07584000 0.13620000 0.62402000
0.37020000 0.06457000 0.94644000
0.38629000 0.16492000 0.75615000
0.09882000 0.07770000 0.52922000
0.19134000 0.00168000 0.73942000
0.00705000 0.08640000 0.62220000
0.23421000 0.11430000 0.92048000
0.33979000 0.00606000 0.56059000
0.23668000 0.10011000 0.75697000
0.45562000 0.12291000 0.75608000
0.16371000 0.12659000 0.71487000
0.49801000 0.19209000 0.83174000
0.32886000 0.12624000 0.94247000
0.14536000 0.09247000 0.64295000
0.46025000 0.13064000 0.95849000
0.47127000 0.08257000 0.59689000
0.22030000 0.16948000 0.65691000
0.02266000 0.04814000 0.84668000
0.29064000 0.09941000 0.59225000
0.21228000 0.01004000 0.94547000
0.45262000 0.23861000 0.71024000
0.27961000 0.19275000 0.58188000
0.00678000 0.23927000 0.65224000
0.35250000 0.22586000 0.57504000
0.02484000 0.13286000 0.54548000
0.34078000 0.09039000 0.80740000
0.24761000 0.04845000 0.70731000
0.18728000 0.14847000 0.97699000
0.35282000 0.16383000 0.82807000
0.25654000 0.07569000 0.97958000
0.41554000 0.17495000 0.99323000
0.07286000 0.23424000 0.67797000
0.45413000 0.24670000 0.62890000
0.25000000 0.23246000 0.78269000
0.49080000 0.04562000 0.78669000
0.37480000 0.00547000 0.78629000
0.45571000 0.00408000 0.68853000
0.20528000 0.23110000 0.91171000
0.39178000 0.24545000 0.75265000
0.30645000 0.21487000 0.83238000
0.48981000 0.01028000 0.85010000
0.24871000 0.23834000 0.50099000
0.38620000 0.00025000 0.92703000
0.41668000 0.00761000 0.56392000
0.49083000 0.23542000 0.99504000
0.00283000 0.20218000 0.51717000
0.30687000 0.24485000 0.63175000
0.07884000 0.24626000 0.93837000
0.12440000 0.00314000 0.71959000
0.06724000 0.00152000 0.88684000
0.36457000 0.32020000 0.08198000
0.29621000 0.32469000 0.30083000
0.11816000 0.40662000 0.13250000
0.17157000 0.32877000 0.01767000
0.45595000 0.40755000 0.48874000
0.05183000 0.40746000 0.37209000
0.37766000 0.47052000 0.12098000
0.41528000 0.45655000 0.36741000
0.04775000 0.27376000 0.27977000
0.27811000 0.42555000 0.43577000
0.24979000 0.29445000 0.34207000
0.22559000 0.41414000 0.05204000
0.09834000 0.46763000 0.16263000
0.43865000 0.30201000 0.07598000
0.03001000 0.49687000 0.46651000
0.12232000 0.37308000 0.19800000
0.32195000 0.37364000 0.46418000
0.47394000 0.32540000 0.00730000
0.30899000 0.41592000 0.25848000
0.27128000 0.30664000 0.47007000
0.28220000 0.49530000 0.39788000
0.07552000 0.43348000 0.25345000
0.41834000 0.48535000 0.25340000
0.04029000 0.45725000 0.32540000
0.05035000 0.45554000 0.04360000
0.28592000 0.26571000 0.00127000
0.39921000 0.29740000 0.37342000
0.13017000 0.41595000 0.43265000
0.19680000 0.25259000 0.40135000
0.25555000 0.27001000 0.16982000
0.20714000 0.32364000 0.11839000
0.45130000 0.31086000 0.32060000
0.40278000 0.36328000 0.13764000
0.35545000 0.45815000 0.43361000
0.22512000 0.38891000 0.23802000
0.14254000 0.29621000 0.35927000
0.28461000 0.35357000 0.09979000
0.02094000 0.25880000 0.15056000
0.35603000 0.32821000 0.32652000
0.40241000 0.32650000 0.20486000
0.16967000 0.43193000 0.36195000
0.47158000 0.43808000 0.05812000
0.47217000 0.36417000 0.10283000
0.30384000 0.31770000 0.18475000
0.36702000 0.44367000 0.29484000
0.23465000 0.39720000 0.37037000
0.21733000 0.46341000 0.40942000
0.35100000 0.41345000 0.17945000
0.09577000 0.33702000 0.26323000
0.15562000 0.42903000 0.20839000
0.40779000 0.36047000 0.28297000
0.47534000 0.34269000 0.46959000
0.19450000 0.32173000 0.43793000
0.15353000 0.25146000 0.11215000
0.17484000 0.32359000 0.22752000
0.06872000 0.30901000 0.20077000
0.46654000 0.46710000 0.43051000
0.02015000 0.27821000 0.04432000
0.19324000 0.33979000 0.31168000
0.22497000 0.45234000 0.12274000
0.33512000 0.40975000 0.01606000
0.33437000 0.30554000 0.42638000
0.06429000 0.29751000 0.38633000
0.17994000 0.43469000 0.48220000
0.49573000 0.29127000 0.25079000
0.02476000 0.41787000 0.12135000
0.48873000 0.39961000 0.27802000
0.03602000 0.34848000 0.42259000
0.09255000 0.29725000 0.10775000
0.04368000 0.38798000 0.04462000
0.49439000 0.37211000 0.36254000
0.39432000 0.43534000 0.04696000
0.17803000 0.46806000 0.04719000
0.28143000 0.41386000 0.16001000
0.45008000 0.29079000 0.44721000
0.29205000 0.47733000 0.10545000
0.25963000 0.29300000 0.24823000
0.41188000 0.38502000 0.36590000
0.00087000 0.26111000 0.41683000
0.09481000 0.25336000 0.32895000
0.48319000 0.48975000 0.17485000
0.43883000 0.38964000 0.02323000
0.28165000 0.44745000 0.32546000
0.43247000 0.43413000 0.19250000
0.09988000 0.35534000 0.05649000
0.27131000 0.35372000 0.41017000
0.04510000 0.34179000 0.31865000
0.40076000 0.39163000 0.44784000
0.21787000 0.47242000 0.30490000
0.35120000 0.26714000 0.20859000
0.33777000 0.40869000 0.36585000
0.02076000 0.47907000 0.16709000
0.48650000 0.46705000 0.29725000
0.14296000 0.30005000 0.68821000
0.00399000 0.30248000 0.85387000
0.05018000 0.42806000 0.72963000
0.15433000 0.27647000 0.77627000
0.14942000 0.41774000 0.55415000
0.20568000 0.28206000 0.68981000
0.19461000 0.41090000 0.65234000
0.05451000 0.30347000 0.76648000
0.23371000 0.45451000 0.59704000
0.15286000 0.47880000 0.60300000
0.02877000 0.42307000 0.52212000
0.47264000 0.41380000 0.60707000
0.26893000 0.26506000 0.90755000
0.36834000 0.26619000 0.98596000
0.34788000 0.39800000 0.83391000
0.08970000 0.25816000 0.80316000
0.15392000 0.38537000 0.77002000
0.12581000 0.36433000 0.66449000
0.10533000 0.33126000 0.53545000
0.40028000 0.27129000 0.58329000
0.12065000 0.41432000 0.99110000
0.44966000 0.35479000 0.71043000
0.27948000 0.34770000 0.97208000
0.39604000 0.36664000 0.55777000
0.43773000 0.27173000 0.96022000
0.32267000 0.47766000 0.74039000
0.42678000 0.42641000 0.78576000
0.01249000 0.37822000 0.96419000
0.37234000 0.49297000 0.84724000
0.41758000 0.49916000 0.93878000
0.26677000 0.40417000 0.70103000
0.38036000 0.30897000 0.50361000
0.40641000 0.32161000 0.76442000
0.23002000 0.34940000 0.63980000
0.00205000 0.44716000 0.60541000
0.07062000 0.41202000 0.64686000
0.43068000 0.35019000 0.62428000
0.20888000 0.33162000 0.74800000
0.48942000 0.36282000 0.78326000
0.02133000 0.37260000 0.61324000
0.23206000 0.30364000 0.82161000
0.30002000 0.35111000 0.58516000
0.09007000 0.46399000 0.50040000
0.29683000 0.34398000 0.80699000
0.05505000 0.37509000 0.84847000
0.41418000 0.36718000 0.83277000
0.20399000 0.39928000 0.85212000
0.19016000 0.32249000 0.56875000
0.29579000 0.47627000 0.53318000
0.44773000 0.26601000 0.78624000
0.40453000 0.48281000 0.72648000
0.43268000 0.31586000 0.89781000
0.08249000 0.30348000 0.88412000
0.24254000 0.43130000 0.78870000
0.38166000 0.27910000 0.85856000
0.21110000 0.28308000 0.99275000
0.15603000 0.48834000 0.51361000
0.31123000 0.32585000 0.89304000
0.30850000 0.43903000 0.94261000
0.06607000 0.46510000 0.93403000
0.19993000 0.45398000 0.92831000
0.13149000 0.44112000 0.68751000
0.38437000 0.43878000 0.95564000
0.38344000 0.39558000 0.65096000
0.36527000 0.43416000 0.56794000
0.06855000 0.48891000 0.73507000
0.25104000 0.46339000 0.98291000
0.18857000 0.45024000 0.73295000
0.05668000 0.32622000 0.98609000
0.41659000 0.45284000 0.64703000
0.31326000 0.28837000 0.56137000
0.20219000 0.37801000 0.52222000
0.08758000 0.36333000 0.92654000
0.34618000 0.34003000 0.67083000
0.40719000 0.46115000 0.50654000
0.45557000 0.40085000 0.91509000
0.40229000 0.29652000 0.66959000
0.48130000 0.27624000 0.86065000
0.28319000 0.38538000 0.88177000
0.29691000 0.29634000 0.69987000
0.02341000 0.48329000 0.66535000
0.26487000 0.40534000 0.53054000
0.38938000 0.36450000 0.91290000
0.16239000 0.47254000 0.84942000
0.11866000 0.33056000 0.81195000
0.06571000 0.35140000 0.70507000
0.33786000 0.25488000 0.91295000
0.10495000 0.29205000 0.61998000
0.12410000 0.41182000 0.84411000
0.21098000 0.38238000 0.93898000
0.19348000 0.30835000 0.90715000
0.33837000 0.39056000 0.73478000
0.04359000 0.26069000 0.59149000
0.29431000 0.45051000 0.63754000
0.05498000 0.48675000 0.83471000
0.18405000 0.49015000 0.67704000
0.03985000 0.29686000 0.50190000
0.12187000 0.26619000 0.50256000
0.49993000 0.48766000 0.55208000
0.35902000 0.34045000 0.99993000
0.10833000 0.60732000 0.15989000
0.21059000 0.51815000 0.14277000
0.32162000 0.64080000 0.47662000
0.10871000 0.66244000 0.04688000
0.39635000 0.56389000 0.42938000
0.32100000 0.52303000 0.47721000
0.21275000 0.71419000 0.45924000
0.23241000 0.53017000 0.44694000
0.18100000 0.57903000 0.39286000
0.33545000 0.67627000 0.04961000
0.30402000 0.55994000 0.06690000
0.45981000 0.51042000 0.04915000
0.43863000 0.70371000 0.23328000
0.18988000 0.57771000 0.26166000
0.20792000 0.73027000 0.12767000
0.12391000 0.59217000 0.28403000
0.08568000 0.66265000 0.26881000
0.22877000 0.50710000 0.23038000
0.23842000 0.66639000 0.33208000
0.19380000 0.63602000 0.44569000
0.39870000 0.71028000 0.06993000
0.04482000 0.56930000 0.46621000
0.18123000 0.59184000 0.16946000
0.43471000 0.61913000 0.39652000
0.31741000 0.74182000 0.34067000
0.17851000 0.69121000 0.29083000
0.09558000 0.67253000 0.46603000
0.23715000 0.53021000 0.03935000
0.01793000 0.53359000 0.33874000
0.27381000 0.63026000 0.28240000
0.36894000 0.64319000 0.40416000
0.14264000 0.68533000 0.21377000
0.47960000 0.56878000 0.20241000
0.15091000 0.71581000 0.40550000
0.17721000 0.55595000 0.07239000
0.06094000 0.56991000 0.24948000
0.13855000 0.52982000 0.14390000
0.36706000 0.60045000 0.03119000
0.49868000 0.60479000 0.03438000
0.34418000 0.64341000 0.17951000
0.04831000 0.62427000 0.06550000
0.28015000 0.68634000 0.40387000
0.05046000 0.73741000 0.11561000
0.22341000 0.71830000 0.23832000
0.24986000 0.67584000 0.02558000
0.43016000 0.71188000 0.36209000
0.36790000 0.72680000 0.44952000
0.02720000 0.68896000 0.35326000
0.21591000 0.73528000 0.37502000
0.44437000 0.58217000 0.29097000
0.31522000 0.61332000 0.11397000
0.21115000 0.64439000 0.23247000
0.45781000 0.55885000 0.36721000
0.06918000 0.53547000 0.15079000
0.00408000 0.59151000 0.14773000
0.02888000 0.52602000 0.06436000
0.32727000 0.68140000 0.29223000
0.29259000 0.58539000 0.48542000
0.41094000 0.55780000 0.11337000
0.29368000 0.58638000 0.22241000
0.09501000 0.52202000 0.02114000
0.02125000 0.63898000 0.42822000
0.38958000 0.51916000 0.36817000
0.49220000 0.64444000 0.16480000
0.33317000 0.60442000 0.33603000
0.11001000 0.60723000 0.44130000
0.33089000 0.54612000 0.27784000
0.48937000 0.66694000 0.35058000
0.01673000 0.63687000 0.24042000
0.41539000 0.63535000 0.19994000
0.47754000 0.55680000 0.46207000
0.07006000 0.72826000 0.20617000
0.41852000 0.65655000 0.46971000
0.35416000 0.71951000 0.13753000
0.16176000 0.64290000 0.35134000
0.26095000 0.67937000 0.15718000
0.06037000 0.69918000 0.00215000
0.45125000 0.72787000 0.13298000
0.01913000 0.68514000 0.16915000
0.16161000 0.62541000 0.08425000
0.38602000 0.63889000 0.30235000
0.43937000 0.61897000 0.10646000
0.23440000 0.54845000 0.32631000
0.30703000 0.50474000 0.20500000
0.37163000 0.57868000 0.21491000
0.28725000 0.55740000 0.41139000
0.37837000 0.73403000 0.24186000
0.07996000 0.56448000 0.34463000
0.10106000 0.59518000 0.02056000
0.24486000 0.58808000 0.08820000
0.46632000 0.69759000 0.43577000
0.14629000 0.54308000 0.46337000
0.44837000 0.67240000 0.03720000
0.03983000 0.74733000 0.47195000
0.11392000 0.74351000 0.08783000
0.15624000 0.51400000 0.26783000
0.37666000 0.53732000 0.01254000
0.09368000 0.50028000 0.40003000
0.02894000 0.55700000 0.82010000
0.25078000 0.55910000 0.95924000
0.31139000 0.60373000 0.86270000
0.19830000 0.55068000 0.85528000
0.26374000 0.63168000 0.90116000
0.42938000 0.72967000 0.52603000
0.41010000 0.74382000 0.90439000
0.31115000 0.62793000 0.77862000
0.33593000 0.50082000 0.91812000
0.15017000 0.64622000 0.52323000
0.15498000 0.62510000 0.96024000
0.45098000 0.64332000 0.66794000
0.37965000 0.65964000 0.76361000
0.25564000 0.51058000 0.66347000
0.34407000 0.52814000 0.58940000
0.42115000 0.64990000 0.95828000
0.03029000 0.72956000 0.87713000
0.19226000 0.62428000 0.74811000
0.24118000 0.73305000 0.75638000
0.08552000 0.51889000 0.60720000
0.02992000 0.66321000 0.69195000
0.41196000 0.59173000 0.52345000
0.32425000 0.53621000 0.69112000
0.31307000 0.71733000 0.64027000
0.05069000 0.61022000 0.63988000
0.20281000 0.61427000 0.89470000
0.47704000 0.52970000 0.82824000
0.48621000 0.57874000 0.62490000
0.46400000 0.67975000 0.90253000
0.26517000 0.68249000 0.53015000
0.18640000 0.52436000 0.75823000
0.39128000 0.55014000 0.70910000
0.48868000 0.73857000 0.82278000
0.08768000 0.66494000 0.56611000
0.29869000 0.65693000 0.66376000
0.12463000 0.66029000 0.65362000
0.06332000 0.52051000 0.53342000
0.20649000 0.61719000 0.58942000
0.12341000 0.69590000 0.91715000
0.26131000 0.51960000 0.87561000
0.25264000 0.73240000 0.96125000
0.39185000 0.64998000 0.86625000
0.11721000 0.53464000 0.75739000
0.07555000 0.55992000 0.70547000
0.02496000 0.62051000 0.98927000
0.44414000 0.67674000 0.79556000
0.25461000 0.69319000 0.84814000
0.31313000 0.59141000 0.61526000
0.49968000 0.53772000 0.94269000
0.10919000 0.57109000 0.87726000
0.24303000 0.60691000 0.68857000
0.48216000 0.66325000 0.73664000
0.33852000 0.67452000 0.82201000
0.11868000 0.50882000 0.89303000
0.27465000 0.52732000 0.76752000
0.20683000 0.68636000 0.70218000
0.37947000 0.51925000 0.51328000
0.42212000 0.57387000 0.94820000
0.39020000 0.59471000 0.77672000
0.40537000 0.58016000 0.86182000
0.11335000 0.71393000 0.83470000
0.12364000 0.61549000 0.78099000
0.06034000 0.56270000 0.94476000
0.34077000 0.57315000 0.93142000
0.25299000 0.55559000 0.59729000
0.13158000 0.69880000 0.75073000
0.24698000 0.60951000 0.80799000
0.37530000 0.63584000 0.68198000
0.46082000 0.52475000 0.69821000
0.44550000 0.64950000 0.57896000
0.03315000 0.73266000 0.68619000
0.15201000 0.50359000 0.97168000
0.41105000 0.70467000 0.63441000
0.16837000 0.64619000 0.83932000
0.31208000 0.73172000 0.83811000
0.18171000 0.54242000 0.57778000
0.19355000 0.71982000 0.90298000
0.35396000 0.66240000 0.92873000
0.33053000 0.71856000 0.94466000
0.17213000 0.55603000 0.92938000
0.06877000 0.65831000 0.87965000
0.19771000 0.73055000 0.62354000
0.34073000 0.72241000 0.74934000
0.11990000 0.57442000 0.52800000
0.15736000 0.59420000 0.64767000
0.28194000 0.70539000 0.71060000
0.30225000 0.63820000 0.98416000
0.34341000 0.54941000 0.83565000
0.35164000 0.62939000 0.56087000
0.38054000 0.57666000 0.62857000
0.03596000 0.70406000 0.53974000
0.23906000 0.51701000 0.52215000
0.01370000 0.50903000 0.92263000
0.40868000 0.74814000 0.98987000
0.31785000 0.74806000 0.51033000
0.12950000 0.75289000 0.31265000
0.06956000 0.84052000 0.07555000
0.46231000 0.91152000 0.43449000
0.30140000 0.87967000 0.22372000
0.21179000 0.96948000 0.22067000
0.24610000 0.97403000 0.39483000
0.37694000 0.85474000 0.21968000
0.15048000 0.97371000 0.16291000
0.32826000 0.81928000 0.30848000
0.18041000 0.80893000 0.31196000
0.49320000 0.86669000 0.08408000
0.04381000 0.96776000 0.20151000
0.41214000 0.79198000 0.27331000
0.46676000 0.79429000 0.03945000
0.23774000 0.87266000 0.34727000
0.08303000 0.97740000 0.41593000
0.11401000 0.97108000 0.32112000
0.31625000 0.78241000 0.42550000
0.17845000 0.93356000 0.42057000
0.08699000 0.81594000 0.15939000
0.41133000 0.92160000 0.22342000
0.13912000 0.86105000 0.16336000
0.18875000 0.89863000 0.06321000
0.09834000 0.81555000 0.33042000
0.31670000 0.96140000 0.42359000
0.22345000 0.97943000 0.01645000
0.32403000 0.94966000 0.11686000
0.25793000 0.83680000 0.14148000
0.46288000 0.88837000 0.26058000
0.39934000 0.93160000 0.14664000
0.39819000 0.81694000 0.08857000
0.03118000 0.78595000 0.38225000
0.10898000 0.85334000 0.39537000
0.18377000 0.97049000 0.34757000
0.16880000 0.75772000 0.03006000
0.02888000 0.98183000 0.06811000
0.14016000 0.81073000 0.10562000
0.41471000 0.92807000 0.49948000
0.47324000 0.79904000 0.22146000
0.35409000 0.83031000 0.46486000
0.46924000 0.84358000 0.37737000
0.31902000 0.88763000 0.44370000
0.11499000 0.90868000 0.47515000
0.31120000 0.98308000 0.19367000
0.45614000 0.98283000 0.21545000
0.40899000 0.84392000 0.41891000
0.35286000 0.77158000 0.05078000
0.32283000 0.87957000 0.04404000
0.06634000 0.77150000 0.03281000
0.06714000 0.95515000 0.13146000
0.42925000 0.76585000 0.46130000
0.36579000 0.95033000 0.27208000
0.10938000 0.91566000 0.36172000
0.13955000 0.93493000 0.24097000
0.48926000 0.78836000 0.49199000
0.29835000 0.91706000 0.29368000
0.06674000 0.78950000 0.26278000
0.38377000 0.97105000 0.01613000
0.10225000 0.75603000 0.42291000
0.43504000 0.96904000 0.32131000
0.46811000 0.84579000 0.45972000
0.21639000 0.91562000 0.29052000
0.30493000 0.79011000 0.16981000
0.49450000 0.97545000 0.00889000
0.04516000 0.93952000 0.29297000
0.30439000 0.83861000 0.38272000
0.24792000 0.99443000 0.31366000
0.12517000 0.75688000 0.19811000
0.23913000 0.78196000 0.49959000
0.02142000 0.77276000 0.18067000
0.46002000 0.79664000 0.13505000
0.47881000 0.90600000 0.33591000
0.02156000 0.93228000 0.42888000
0.02493000 0.83685000 0.27209000
0.41657000 0.79170000 0.35984000
0.16476000 0.79547000 0.44851000
0.47646000 0.96277000 0.11822000
0.21060000 0.87661000 0.42813000
0.38348000 0.91952000 0.39099000
0.03447000 0.90450000 0.17108000
0.24260000 0.93906000 0.09617000
0.01908000 0.85657000 0.41347000
0.25686000 0.84249000 0.49342000
0.47723000 0.98788000 0.41532000
0.28884000 0.95002000 0.01769000
0.20026000 0.88933000 0.21138000
0.08960000 0.87036000 0.21557000
0.26078000 0.78300000 0.36313000
0.05545000 0.87985000 0.32295000
0.31097000 0.88603000 0.12323000
0.24186000 0.82251000 0.21591000
0.43777000 0.87077000 0.13828000
0.38886000 0.87665000 0.29722000
0.40020000 0.88560000 0.07137000
0.24761000 0.83748000 0.03400000
0.13301000 0.85023000 0.04391000
0.12606000 0.94649000 0.07332000
0.31159000 0.75623000 0.24236000
0.00191000 0.83249000 0.14267000
0.25802000 0.97776000 0.49117000
0.00143000 0.76046000 0.30748000
0.16679000 0.99968000 0.07238000
0.29337000 0.85682000 0.56111000
0.09509000 0.89017000 0.70186000
0.49941000 0.77586000 0.56653000
0.34454000 0.89839000 0.51541000
0.15017000 0.84813000 0.66931000
0.45288000 0.84052000 0.96707000
0.11854000 0.97758000 0.51177000
0.48070000 0.84399000 0.54160000
0.00488000 0.79885000 0.64787000
0.23749000 0.97854000 0.65542000
0.16059000 0.76807000 0.82952000
0.28324000 0.79681000 0.76940000
0.08794000 0.76292000 0.57851000
0.05047000 0.84057000 0.94493000
0.49732000 0.81693000 0.85354000
0.32535000 0.90167000 0.72207000
0.46630000 0.78016000 0.92634000
0.12726000 0.79029000 0.96310000
0.34940000 0.79036000 0.80334000
0.28939000 0.91225000 0.83397000
0.06255000 0.94560000 0.71606000
0.37766000 0.97303000 0.85410000
0.23730000 0.84530000 0.75489000
0.15742000 0.85285000 0.90553000
0.07697000 0.85748000 0.53183000
0.03136000 0.89414000 0.50744000
0.15252000 0.91236000 0.93043000
0.13501000 0.80815000 0.54152000
0.35731000 0.87248000 0.63965000
0.38623000 0.85788000 0.99605000
0.28642000 0.94307000 0.56215000
0.15047000 0.98230000 0.83193000
0.44838000 0.77245000 0.74657000
0.24350000 0.95833000 0.74154000
0.02562000 0.79354000 0.81118000
0.26045000 0.77511000 0.59737000
0.40984000 0.82590000 0.85241000
0.12705000 0.86351000 0.58382000
0.14307000 0.98418000 0.92811000
0.27029000 0.97408000 0.81207000
0.47375000 0.95919000 0.79735000
0.33282000 0.79225000 0.57402000
0.23711000 0.90932000 0.94873000
0.19539000 0.86485000 0.53470000
0.07552000 0.75558000 0.92323000
0.03015000 0.89493000 0.64664000
0.37538000 0.75727000 0.67441000
0.34409000 0.81992000 0.89941000
0.24755000 0.86954000 0.88505000
0.23980000 0.84065000 0.61326000
0.39336000 0.94304000 0.61240000
0.36081000 0.93885000 0.76780000
0.12447000 0.77079000 0.68008000
0.39298000 0.96956000 0.69931000
0.30827000 0.97183000 0.66978000
0.41043000 0.75717000 0.80836000
0.20921000 0.89972000 0.72453000
0.23126000 0.91352000 0.59947000
0.01438000 0.84022000 0.56872000
0.40576000 0.85130000 0.55075000
0.45170000 0.86828000 0.65545000
0.12149000 0.92182000 0.80264000
0.40688000 0.80612000 0.92901000
0.19563000 0.95028000 0.52762000
0.47138000 0.92580000 0.60788000
0.27512000 0.81244000 0.95907000
0.31460000 0.81678000 0.66219000
0.33078000 0.89280000 0.96050000
0.19770000 0.96606000 0.88375000
0.05966000 0.88817000 0.83265000
0.43814000 0.92690000 0.72634000
0.23612000 0.77514000 0.68194000
0.38487000 0.87441000 0.77587000
0.05265000 0.83548000 0.68762000
0.06773000 0.95783000 0.98244000
0.05616000 0.91612000 0.91016000
0.42867000 0.80338000 0.62689000
0.11731000 0.82020000 0.78780000
0.03327000 0.98801000 0.78848000
0.28180000 0.98652000 0.93871000
0.15409000 0.91350000 0.66286000
0.43187000 0.95633000 0.90575000
0.18535000 0.82053000 0.98294000
0.45708000 0.84902000 0.73613000
0.12020000 0.93853000 0.59729000
0.09422000 0.83057000 0.87571000
0.35612000 0.82147000 0.72703000
0.22592000 0.80825000 0.81450000
0.42884000 0.90108000 0.85549000
0.27553000 0.87695000 0.66457000
0.02791000 0.96859000 0.52508000
0.00142000 0.93027000 0.99785000
0.44849000 0.99243000 0.50068000
0.47629000 0.75219000 0.65680000
0.07061000 0.75026000 0.75676000
0.72571000 0.23556000 0.13789000
0.99143000 0.11254000 0.31654000
0.85590000 0.02160000 0.45779000
0.72309000 0.12100000 0.06004000
0.88724000 0.20095000 0.43062000
0.87483000 0.20515000 0.18316000
0.61470000 0.09262000 0.18525000
0.53606000 0.19759000 0.34466000
0.93910000 0.01150000 0.19324000
0.61281000 0.13422000 0.29787000
0.70799000 0.05649000 0.07227000
0.50089000 0.11306000 0.02254000
0.61899000 0.16340000 0.04708000
0.56687000 0.11750000 0.42184000
0.85344000 0.22786000 0.31965000
0.59311000 0.06457000 0.09897000
0.89874000 0.23825000 0.25307000
0.76103000 0.18511000 0.04056000
0.81224000 0.07988000 0.03361000
0.88683000 0.12440000 0.41391000
0.77479000 0.09455000 0.33748000
0.87746000 0.13979000 0.31697000
0.96635000 0.10510000 0.10562000
0.81703000 0.17912000 0.08114000
0.52223000 0.14718000 0.11006000
0.88607000 0.16955000 0.05683000
0.80184000 0.03525000 0.40657000
0.62273000 0.08885000 0.43529000
0.70414000 0.07825000 0.30653000
0.53230000 0.24800000 0.20343000
0.54307000 0.01463000 0.41217000
0.70334000 0.09236000 0.48404000
0.53914000 0.00413000 0.33917000
0.62338000 0.19419000 0.26380000
0.91548000 0.06693000 0.14446000
0.53486000 0.13588000 0.19006000
0.94142000 0.18396000 0.28136000
0.64312000 0.02778000 0.04235000
0.81809000 0.15654000 0.25771000
0.76578000 0.13555000 0.13543000
0.86092000 0.04238000 0.20803000
0.77055000 0.21841000 0.23835000
0.54329000 0.17047000 0.48672000
0.75908000 0.05607000 0.15693000
0.69700000 0.19853000 0.46791000
0.61983000 0.03981000 0.37245000
0.95897000 0.02271000 0.06693000
0.98178000 0.16554000 0.21180000
0.85344000 0.02807000 0.29721000
0.91536000 0.05494000 0.45300000
0.97879000 0.13994000 0.01527000
0.99077000 0.14813000 0.45547000
0.58246000 0.19124000 0.42234000
0.60077000 0.04530000 0.22567000
0.71258000 0.18431000 0.39313000
0.91347000 0.14451000 0.20413000
0.85268000 0.13122000 0.14703000
0.54261000 0.00704000 0.07442000
0.71019000 0.17118000 0.24189000
0.94366000 0.23105000 0.18135000
0.67971000 0.20420000 0.32417000
0.65983000 0.00140000 0.32625000
0.51221000 0.15628000 0.27481000
0.57314000 0.24168000 0.06650000
0.67260000 0.19345000 0.17930000
0.82346000 0.16892000 0.42127000
0.90622000 0.22262000 0.11518000
0.96302000 0.10528000 0.41216000
0.60279000 0.17101000 0.15084000
0.71965000 0.14458000 0.31252000
0.90688000 0.09904000 0.26488000
0.99994000 0.17918000 0.33935000
0.88123000 0.11478000 0.49900000
0.63100000 0.14447000 0.38043000
0.70166000 0.05010000 0.37968000
0.64604000 0.14478000 0.22180000
0.92959000 0.19941000 0.35576000
0.95968000 0.21394000 0.44570000
0.88292000 0.08120000 0.01968000
0.66713000 0.22069000 0.08178000
0.79424000 0.09624000 0.24467000
0.75379000 0.03839000 0.49461000
0.83265000 0.23114000 0.12559000
0.56663000 0.10922000 0.03937000
0.54819000 0.07037000 0.36220000
0.68233000 0.12651000 0.14078000
0.88055000 0.03507000 0.07021000
0.52603000 0.06687000 0.24506000
0.52343000 0.02787000 0.17066000
0.85479000 0.07069000 0.36304000
0.82218000 0.05681000 0.11596000
0.54126000 0.17862000 0.03158000
0.67838000 0.02967000 0.19652000
0.80507000 0.10196000 0.47425000
0.95718000 0.03874000 0.30267000
0.64003000 0.06099000 0.29997000
0.95547000 0.08324000 0.21173000
0.97485000 0.24268000 0.00371000
0.63157000 0.19004000 0.49976000
0.78152000 0.21892000 0.39436000
0.81838000 0.01519000 0.03105000
0.74793000 0.01267000 0.23742000
0.81287000 0.00881000 0.16927000
0.61973000 0.23311000 0.00954000
0.70314000 0.20974000 0.00178000
0.97304000 0.08092000 0.53678000
0.71350000 0.06536000 0.97329000
0.86185000 0.02814000 0.75772000
0.85569000 0.21140000 0.51310000
0.82863000 0.00318000 0.53271000
0.50020000 0.06287000 0.94250000
0.84711000 0.20981000 0.61250000
0.77388000 0.04602000 0.86743000
0.51058000 0.12235000 0.54586000
0.67586000 0.04183000 0.53529000
0.96046000 0.02893000 0.74234000
0.67038000 0.04873000 0.66210000
0.75121000 0.21623000 0.68691000
0.70997000 0.15691000 0.79997000
0.82351000 0.12232000 0.71870000
0.90662000 0.04350000 0.63632000
0.81986000 0.11831000 0.81846000
0.65559000 0.09860000 0.82793000
0.63291000 0.18619000 0.80010000
0.87373000 0.05634000 0.90739000
0.87820000 0.10971000 0.66185000
0.67056000 0.14607000 0.52922000
0.95767000 0.11623000 0.66304000
0.79045000 0.18891000 0.50257000
0.73608000 0.16782000 0.53310000
0.73560000 0.22798000 0.87731000
0.56543000 0.04583000 0.68589000
0.86773000 0.06980000 0.56109000
0.57396000 0.09530000 0.93261000
0.61867000 0.15102000 0.92148000
0.76706000 0.01920000 0.57192000
0.73406000 0.13725000 0.88794000
0.87294000 0.02382000 0.97757000
0.86311000 0.16001000 0.86071000
0.96976000 0.20641000 0.87432000
0.58142000 0.17879000 0.59610000
0.91749000 0.17535000 0.68869000
0.53916000 0.05544000 0.85725000
0.96732000 0.17306000 0.60914000
0.84192000 0.02094000 0.84792000
0.57919000 0.03042000 0.97263000
0.74012000 0.04716000 0.69569000
0.70697000 0.02777000 0.85174000
0.60869000 0.02029000 0.61781000
0.93430000 0.08214000 0.91829000
0.96405000 0.13499000 0.79341000
0.76577000 0.00666000 0.97128000
0.96393000 0.13747000 0.88036000
0.61898000 0.09891000 0.60350000
0.81821000 0.13978000 0.56405000
0.83069000 0.04862000 0.69629000
0.53403000 0.06261000 0.52038000
0.63145000 0.06155000 0.73343000
0.68508000 0.17755000 0.92065000
0.87134000 0.07828000 0.82723000
0.83427000 0.01713000 0.61450000
0.73844000 0.20585000 0.60603000
0.59519000 0.10749000 0.52732000
0.80927000 0.07717000 0.60439000
0.88332000 0.19355000 0.98888000
0.82860000 0.21332000 0.86600000
0.51549000 0.15263000 0.90287000
0.77212000 0.08047000 0.93348000
0.78343000 0.00397000 0.79974000
0.59881000 0.13889000 0.84612000
0.98101000 0.18233000 0.95093000
0.55338000 0.11157000 0.78521000
0.90989000 0.15657000 0.93074000
0.83413000 0.12359000 0.92476000
0.90500000 0.13131000 0.74606000
0.59733000 0.20784000 0.73107000
0.90420000 0.18757000 0.80426000
0.65784000 0.21322000 0.68594000
0.78596000 0.16839000 0.77542000
0.73011000 0.07331000 0.61676000
0.57824000 0.11705000 0.66103000
0.65943000 0.03253000 0.79682000
0.92733000 0.01085000 0.55546000
0.65420000 0.24588000 0.88420000
0.65970000 0.17792000 0.61260000
0.81089000 0.17898000 0.69018000
0.97343000 0.03693000 0.97131000
0.73810000 0.06244000 0.77605000
0.74029000 0.12262000 0.67350000
0.62729000 0.04945000 0.88417000
0.56779000 0.20005000 0.85202000
0.85901000 0.18357000 0.74676000
0.93203000 0.23757000 0.58244000
0.65479000 0.02789000 0.94981000
0.98971000 0.18154000 0.69421000
0.54698000 0.20561000 0.94795000
0.64695000 0.12788000 0.72930000
0.54023000 0.22467000 0.63337000
0.50048000 0.07186000 0.67720000
0.66820000 0.11753000 0.96673000
0.80382000 0.17588000 0.97971000
0.97507000 0.22306000 0.76580000
0.52690000 0.02076000 0.60073000
0.67510000 0.24673000 0.55553000
0.52609000 0.29127000 0.04057000
0.88438000 0.32211000 0.35648000
0.84169000 0.28050000 0.39516000
0.82130000 0.40961000 0.40669000
0.62203000 0.41335000 0.38332000
0.95298000 0.41414000 0.02972000
0.50500000 0.31615000 0.17175000
0.59361000 0.46607000 0.12427000
0.52227000 0.49355000 0.00116000
0.96405000 0.38047000 0.44269000
0.83269000 0.37967000 0.30564000
0.91392000 0.48945000 0.10388000
0.59078000 0.33741000 0.42792000
0.77081000 0.42624000 0.34611000
0.98767000 0.47648000 0.09538000
0.72542000 0.36253000 0.35140000
0.92962000 0.49698000 0.33034000
0.95454000 0.31023000 0.49065000
0.65176000 0.32221000 0.32717000
0.84539000 0.28034000 0.21641000
0.73088000 0.34637000 0.09036000
0.88306000 0.35188000 0.15943000
0.84781000 0.25595000 0.02832000
0.55757000 0.25220000 0.46012000
0.61842000 0.39086000 0.24190000
0.92871000 0.27140000 0.32119000
0.87291000 0.43009000 0.33563000
0.72817000 0.39745000 0.19338000
0.52803000 0.48804000 0.08090000
0.69511000 0.26763000 0.26229000
0.73778000 0.40615000 0.47012000
0.99616000 0.45133000 0.25697000
0.61460000 0.28670000 0.27070000
0.90675000 0.48287000 0.18879000
0.54483000 0.29334000 0.38455000
0.68898000 0.28748000 0.06006000
0.56646000 0.42074000 0.17716000
0.63194000 0.26690000 0.19471000
0.78158000 0.30865000 0.26290000
0.94115000 0.41973000 0.10725000
0.80186000 0.48358000 0.13626000
0.67895000 0.36577000 0.14261000
0.52475000 0.26519000 0.12315000
0.57639000 0.45234000 0.30478000
0.54223000 0.40810000 0.04312000
0.54050000 0.32935000 0.48752000
0.93450000 0.29986000 0.15959000
0.93248000 0.30617000 0.41643000
0.97837000 0.40482000 0.18275000
0.66609000 0.38484000 0.33139000
0.55781000 0.31891000 0.22480000
0.71368000 0.47202000 0.36662000
0.63721000 0.47602000 0.41276000
0.86579000 0.42764000 0.08228000
0.93675000 0.29680000 0.07066000
0.77896000 0.43658000 0.07013000
0.88882000 0.44025000 0.25539000
0.94377000 0.35946000 0.37035000
0.87718000 0.35466000 0.08074000
0.89618000 0.40670000 0.41295000
0.69862000 0.33476000 0.22053000
0.67869000 0.37947000 0.41810000
0.77894000 0.49518000 0.25936000
0.90907000 0.38509000 0.23344000
0.61134000 0.38452000 0.12184000
0.54308000 0.46717000 0.47261000
0.86560000 0.29086000 0.13372000
0.77950000 0.36901000 0.14067000
0.62246000 0.38699000 0.48347000
0.92540000 0.33374000 0.28691000
0.70769000 0.39860000 0.04253000
0.98473000 0.35339000 0.09675000
0.71380000 0.32437000 0.44228000
0.56476000 0.47699000 0.38327000
0.81891000 0.36375000 0.21741000
0.81091000 0.42762000 0.26496000
0.79248000 0.34171000 0.40225000
0.93456000 0.45624000 0.44667000
0.76087000 0.26045000 0.00999000
0.72673000 0.39261000 0.28215000
0.79258000 0.31879000 0.08914000
0.61404000 0.42909000 0.03948000
0.54023000 0.36069000 0.09392000
0.85619000 0.41895000 0.16612000
0.99612000 0.33055000 0.17389000
0.78744000 0.48842000 0.01369000
0.76576000 0.31060000 0.17902000
0.63056000 0.26467000 0.49399000
0.99570000 0.31050000 0.25584000
0.72716000 0.48093000 0.19861000
0.68317000 0.25899000 0.42716000
0.98786000 0.30525000 0.34728000
0.59352000 0.32109000 0.14629000
0.98798000 0.37288000 0.29562000
0.70094000 0.44440000 0.13491000
0.55317000 0.37084000 0.30323000
0.51512000 0.36866000 0.21757000
0.73992000 0.29024000 0.38694000
0.73109000 0.47465000 0.48452000
0.93460000 0.49952000 0.02237000
0.61446000 0.25858000 0.39204000
0.88978000 0.26375000 0.45473000
0.74883000 0.25885000 0.30771000
0.97320000 0.42308000 0.33781000
0.81757000 0.36220000 0.02898000
0.86779000 0.32373000 0.45769000
0.57685000 0.26097000 0.32579000
0.50570000 0.42683000 0.13155000
0.99275000 0.47867000 0.38219000
0.75384000 0.25473000 0.47049000
0.76247000 0.31890000 0.49407000
0.87569000 0.45254000 0.00270000
0.71078000 0.42640000 0.87748000
0.98533000 0.27229000 0.54543000
0.79138000 0.36887000 0.54169000
0.72445000 0.38324000 0.54941000
0.63620000 0.44802000 0.52276000
0.80402000 0.42179000 0.81433000
0.51426000 0.27136000 0.55550000
0.98419000 0.45845000 0.77006000
0.79851000 0.25138000 0.78598000
0.66457000 0.35307000 0.57402000
0.60597000 0.44409000 0.72772000
0.80657000 0.35579000 0.62156000
0.88302000 0.43975000 0.51463000
0.72156000 0.46002000 0.59259000
0.98963000 0.37001000 0.74276000
0.91691000 0.45497000 0.81890000
0.87466000 0.27485000 0.65531000
0.92565000 0.36604000 0.87660000
0.94293000 0.26897000 0.66257000
0.55639000 0.27046000 0.76526000
0.57812000 0.27103000 0.68804000
0.59338000 0.33619000 0.68705000
0.92407000 0.43381000 0.61123000
0.61305000 0.28578000 0.82382000
0.92861000 0.49834000 0.61680000
0.73750000 0.42748000 0.72077000
0.66077000 0.38881000 0.92906000
0.70231000 0.49316000 0.66747000
0.59643000 0.26090000 0.60809000
0.75969000 0.28432000 0.67716000
0.95725000 0.44658000 0.68555000
0.64503000 0.48876000 0.85108000
0.59534000 0.30978000 0.90794000
0.83318000 0.26763000 0.90680000
0.88152000 0.28102000 0.77332000
0.97044000 0.31439000 0.93167000
0.91194000 0.34321000 0.74903000
0.98956000 0.36626000 0.88626000
0.92069000 0.43121000 0.90845000
0.98468000 0.45633000 0.96398000
0.64165000 0.45227000 0.65661000
0.77683000 0.33400000 0.80951000
0.71415000 0.38313000 0.63643000
0.68289000 0.36332000 0.85900000
0.55646000 0.38170000 0.75767000
0.99711000 0.29261000 0.69748000
0.60727000 0.41071000 0.82383000
0.97262000 0.47871000 0.87046000
0.67053000 0.31151000 0.63552000
0.94731000 0.46859000 0.54444000
0.87527000 0.36427000 0.81464000
0.56323000 0.47215000 0.80833000
0.83715000 0.31028000 0.71310000
0.83060000 0.41902000 0.71623000
0.72289000 0.30690000 0.88911000
0.50663000 0.27871000 0.69790000
0.75645000 0.34439000 0.72564000
0.96270000 0.35003000 0.64853000
0.77653000 0.48330000 0.75465000
0.62579000 0.35532000 0.76029000
0.54456000 0.47679000 0.68550000
0.94535000 0.27480000 0.80845000
0.78100000 0.34257000 0.92059000
0.84824000 0.47479000 0.80592000
0.66527000 0.42337000 0.76563000
0.58472000 0.29170000 0.98596000
0.58551000 0.35229000 0.55523000
0.55266000 0.40456000 0.52821000
0.88373000 0.35762000 0.64236000
0.56727000 0.38070000 0.97193000
0.68787000 0.32886000 0.73174000
0.53104000 0.26703000 0.91873000
0.75008000 0.48026000 0.88910000
0.65606000 0.32184000 0.99208000
0.81247000 0.30600000 0.98683000
0.88882000 0.31560000 0.93580000
0.85230000 0.49142000 0.71387000
0.73488000 0.39423000 0.95676000
0.52634000 0.44243000 0.87268000
0.53445000 0.37308000 0.84380000
0.89372000 0.30278000 0.85181000
0.88225000 0.32189000 0.55022000
0.53134000 0.32772000 0.64836000
0.90414000 0.25544000 0.91379000
0.89601000 0.43519000 0.73444000
0.77870000 0.46076000 0.65841000
0.65359000 0.28267000 0.69937000
0.50028000 0.35084000 0.91917000
0.85550000 0.37307000 0.88768000
0.66237000 0.38612000 0.68978000
0.69121000 0.26012000 0.76313000
0.83116000 0.28260000 0.51018000
0.80490000 0.45475000 0.94910000
0.95876000 0.37731000 0.52133000
0.85080000 0.41715000 0.58359000
0.55829000 0.38855000 0.61904000
0.86023000 0.45383000 0.89197000
0.70019000 0.48333000 0.76430000
0.79492000 0.27000000 0.58050000
0.67039000 0.47742000 0.97889000
0.50506000 0.43200000 0.78571000
0.50002000 0.43141000 0.97304000
0.92575000 0.35369000 0.99972000
0.55839000 0.57623000 0.00657000
0.64740000 0.50487000 0.11566000
0.97391000 0.57044000 0.49899000
0.79870000 0.56120000 0.03697000
0.94032000 0.65273000 0.22405000
0.97509000 0.66935000 0.49006000
0.82775000 0.66690000 0.18320000
0.64952000 0.61779000 0.09429000
0.87608000 0.59393000 0.44376000
0.86036000 0.52495000 0.11622000
0.77375000 0.56345000 0.19990000
0.67127000 0.73729000 0.09459000
0.85000000 0.71094000 0.00903000
0.93534000 0.54907000 0.14341000
0.79320000 0.50843000 0.49289000
0.67266000 0.61858000 0.27926000
0.64698000 0.68704000 0.48168000
0.81342000 0.56120000 0.44648000
0.72350000 0.72886000 0.03363000
0.94593000 0.64687000 0.01780000
0.78352000 0.62726000 0.41758000
0.53188000 0.59995000 0.44311000
0.72242000 0.63447000 0.10720000
0.68497000 0.56158000 0.07886000
0.64951000 0.52740000 0.26558000
0.51487000 0.74764000 0.42808000
0.79842000 0.62867000 0.23726000
0.74362000 0.52107000 0.07012000
0.65980000 0.64177000 0.16145000
0.64989000 0.57413000 0.17527000
0.78740000 0.69726000 0.37829000
0.92276000 0.57665000 0.24563000
0.71500000 0.60568000 0.21424000
0.69946000 0.69882000 0.43287000
0.50507000 0.61886000 0.27783000
0.72217000 0.66368000 0.18332000
0.61125000 0.61039000 0.42999000
0.57257000 0.68403000 0.35101000
0.50618000 0.72978000 0.24497000
0.94146000 0.62211000 0.31706000
0.59908000 0.63737000 0.21016000
0.69765000 0.53143000 0.42092000
0.54632000 0.59037000 0.16656000
0.63661000 0.54815000 0.38667000
0.87250000 0.72787000 0.09722000
0.98020000 0.69060000 0.28332000
0.77566000 0.69614000 0.26175000
0.72212000 0.56402000 0.00132000
0.61907000 0.63710000 0.34627000
0.76096000 0.56082000 0.39610000
0.56298000 0.67356000 0.14645000
0.87108000 0.67620000 0.44252000
0.91160000 0.68579000 0.34986000
0.56482000 0.54529000 0.41981000
0.77244000 0.57516000 0.32105000
0.52900000 0.51323000 0.26982000
0.87598000 0.67615000 0.23133000
0.99376000 0.54573000 0.25711000
0.70600000 0.58494000 0.34854000
0.95461000 0.61526000 0.43268000
0.62378000 0.72221000 0.30555000
0.70541000 0.53487000 0.15479000
0.87959000 0.58994000 0.16332000
0.63290000 0.74898000 0.21088000
0.86509000 0.59263000 0.35732000
0.89560000 0.65289000 0.09877000
0.86623000 0.73929000 0.46503000
0.59189000 0.58745000 0.29543000
0.51136000 0.73609000 0.08304000
0.95412000 0.71536000 0.03121000
0.84797000 0.51825000 0.32275000
0.97725000 0.67954000 0.09614000
0.81935000 0.63738000 0.10635000
0.90942000 0.74688000 0.16654000
0.78763000 0.57640000 0.12104000
0.71079000 0.62292000 0.42838000
0.59200000 0.50361000 0.02106000
0.84177000 0.66254000 0.35038000
0.52845000 0.56759000 0.35558000
0.55770000 0.64545000 0.05852000
0.86594000 0.59345000 0.27666000
0.55614000 0.67034000 0.27149000
0.69729000 0.71858000 0.34533000
0.85087000 0.52351000 0.21378000
0.64441000 0.66581000 0.03045000
0.86699000 0.58553000 0.04162000
0.67368000 0.70717000 0.25611000
0.95420000 0.70798000 0.41541000
0.76052000 0.71343000 0.47239000
0.72688000 0.65113000 0.30601000
0.59416000 0.71255000 0.07614000
0.96803000 0.57622000 0.06006000
0.72445000 0.52424000 0.30843000
0.53071000 0.55913000 0.09732000
0.93183000 0.52711000 0.44200000
0.79002000 0.71045000 0.07977000
0.59263000 0.68472000 0.43013000
0.68245000 0.57346000 0.48221000
0.84082000 0.74390000 0.26546000
0.52277000 0.74885000 0.33809000
0.86463000 0.52547000 0.00003000
0.72347000 0.73562000 0.87367000
0.71693000 0.55749000 0.64777000
0.79348000 0.73928000 0.76030000
0.52659000 0.66375000 0.85391000
0.50657000 0.62798000 0.54687000
0.83780000 0.56838000 0.93146000
0.78473000 0.71603000 0.67229000
0.56550000 0.51354000 0.94635000
0.61964000 0.67066000 0.62225000
0.64297000 0.62041000 0.73591000
0.85449000 0.50220000 0.62120000
0.94150000 0.57004000 0.60380000
0.52677000 0.57015000 0.53935000
0.50818000 0.59184000 0.84032000
0.98348000 0.53709000 0.66568000
0.77631000 0.65280000 0.59888000
0.92156000 0.71164000 0.91536000
0.65884000 0.70235000 0.73978000
0.86333000 0.65970000 0.92709000
0.59899000 0.73220000 0.56217000
0.63064000 0.72602000 0.85677000
0.95722000 0.55771000 0.97152000
0.74175000 0.65232000 0.76336000
0.91368000 0.67357000 0.84891000
0.72809000 0.65893000 0.84581000
0.80520000 0.64169000 0.99924000
0.89322000 0.61943000 0.56200000
0.59587000 0.52613000 0.64233000
0.81154000 0.62748000 0.81235000
0.78271000 0.60271000 0.51956000
0.59171000 0.55613000 0.87426000
0.60693000 0.54310000 0.50326000
0.85355000 0.74250000 0.66548000
0.58637000 0.65176000 0.89424000
0.99397000 0.71466000 0.80183000
0.89473000 0.50640000 0.93397000
0.68836000 0.61873000 0.90709000
0.94277000 0.73591000 0.84164000
0.89008000 0.51729000 0.54196000
0.51648000 0.70559000 0.60447000
0.55054000 0.58696000 0.65645000
0.54494000 0.62778000 0.71965000
0.99454000 0.54796000 0.74775000
0.78410000 0.73170000 0.58132000
0.82522000 0.57813000 0.75995000
0.90495000 0.61443000 0.87545000
0.61713000 0.55049000 0.96673000
0.97063000 0.71943000 0.68840000
0.80228000 0.73616000 0.87374000
0.50292000 0.57641000 0.71802000
0.97444000 0.68556000 0.58589000
0.83218000 0.56903000 0.55795000
0.63900000 0.51051000 0.71228000
0.91306000 0.61277000 0.96198000
0.90432000 0.59255000 0.69043000
0.68059000 0.69560000 0.56230000
0.72510000 0.56579000 0.56104000
0.72520000 0.65181000 0.50643000
0.53253000 0.52499000 0.86217000
0.74039000 0.58176000 0.74813000
0.57712000 0.72449000 0.93366000
0.71905000 0.61967000 0.68245000
0.65935000 0.57857000 0.84323000
0.69234000 0.65607000 0.62411000
0.84637000 0.69193000 0.71672000
0.60513000 0.59812000 0.59787000
0.78774000 0.57674000 0.67087000
0.89933000 0.70644000 0.64050000
0.53979000 0.52485000 0.76199000
0.64911000 0.57961000 0.67306000
0.84724000 0.65655000 0.61212000
0.57248000 0.58589000 0.80217000
0.96196000 0.65735000 0.71900000
0.67566000 0.50402000 0.54381000
0.91292000 0.70106000 0.54760000
0.60448000 0.67798000 0.70221000
0.69224000 0.69639000 0.92965000
0.50787000 0.70431000 0.97677000
0.63980000 0.53508000 0.78643000
0.65194000 0.60821000 0.97747000
0.69747000 0.53099000 0.88091000
0.86450000 0.52378000 0.85749000
0.75805000 0.68120000 0.95009000
0.83051000 0.62910000 0.68448000
0.53839000 0.61912000 0.92361000
0.80216000 0.51006000 0.84522000
0.90783000 0.60654000 0.77018000
0.56270000 0.72134000 0.79987000
0.61981000 0.63627000 0.81966000
0.77867000 0.59624000 0.88294000
0.97611000 0.61957000 0.65424000
0.84224000 0.69261000 0.81440000
0.92284000 0.50886000 0.73624000
0.95273000 0.55532000 0.86210000
0.90220000 0.68548000 0.77149000
0.55139000 0.64558000 0.62145000
0.96755000 0.61917000 0.83388000
0.99673000 0.54303000 0.57021000
0.59108000 0.65357000 0.96958000
0.55741000 0.69926000 0.51012000
0.52204000 0.72407000 0.73086000
0.78538000 0.50039000 0.57245000
0.73358000 0.99675000 0.31729000
0.61522000 0.78541000 0.28327000
0.94671000 0.92360000 0.20541000
0.99163000 0.77965000 0.09185000
0.61047000 0.85750000 0.17856000
0.67111000 0.99676000 0.41242000
0.94607000 0.92528000 0.35179000
0.78661000 0.92169000 0.19649000
0.59162000 0.78521000 0.41396000
0.63177000 0.79453000 0.07680000
0.78032000 0.77776000 0.31908000
0.63680000 0.75234000 0.37323000
0.84454000 0.89222000 0.06077000
0.79716000 0.84176000 0.14212000
0.66450000 0.92449000 0.17698000
0.63976000 0.90112000 0.44505000
0.67418000 0.82667000 0.32564000
0.55372000 0.84682000 0.39318000
0.83723000 0.81047000 0.01740000
0.81062000 0.78314000 0.19622000
0.54088000 0.94376000 0.32742000
0.89198000 0.81883000 0.30337000
0.72375000 0.77813000 0.40738000
0.77051000 0.79493000 0.48792000
0.61412000 0.89305000 0.25874000
0.64446000 0.86135000 0.07210000
0.77547000 0.78338000 0.06691000
0.61277000 0.92575000 0.07442000
0.91935000 0.77637000 0.09534000
0.97468000 0.81872000 0.22079000
0.83802000 0.76414000 0.38357000
0.96187000 0.96573000 0.13029000
0.54910000 0.90344000 0.12068000
0.66723000 0.81530000 0.22791000
0.52701000 0.81140000 0.10693000
0.90063000 0.83962000 0.06186000
0.59482000 0.98502000 0.49629000
0.57782000 0.77243000 0.15788000
0.82227000 0.84455000 0.31019000
0.79458000 0.95130000 0.06203000
0.85973000 0.80196000 0.45558000
0.71577000 0.86436000 0.27267000
0.94242000 0.96895000 0.27681000
0.83148000 0.85184000 0.41163000
0.51220000 0.75472000 0.17014000
0.78945000 0.84552000 0.23160000
0.51752000 0.83436000 0.27485000
0.68074000 0.97847000 0.25558000
0.89199000 0.83663000 0.19474000
0.55553000 0.85501000 0.00433000
0.86419000 0.93668000 0.22640000
0.96908000 0.89747000 0.12959000
0.94903000 0.86120000 0.47231000
0.95258000 0.79991000 0.42118000
0.53506000 0.92173000 0.42379000
0.73497000 0.89037000 0.46898000
0.87997000 0.96386000 0.06368000
0.59257000 0.95140000 0.43010000
0.69790000 0.77590000 0.17263000
0.70836000 0.96081000 0.14007000
0.73391000 0.84584000 0.05813000
0.90778000 0.75656000 0.36093000
0.95214000 0.75445000 0.22656000
0.65990000 0.86544000 0.38495000
0.91613000 0.85606000 0.38788000
0.98766000 0.98368000 0.38433000
0.96844000 0.83040000 0.34561000
0.94135000 0.86251000 0.27551000
0.82993000 0.78432000 0.11311000
0.51523000 0.93555000 0.24161000
0.79796000 0.99536000 0.29686000
0.64266000 0.97634000 0.12375000
0.73177000 0.91899000 0.08545000
0.73293000 0.80061000 0.24883000
0.85774000 0.90653000 0.37560000
0.69260000 0.97732000 0.06353000
0.63504000 0.92085000 0.34273000
0.78635000 0.93843000 0.41673000
0.88426000 0.98028000 0.35524000
0.56792000 0.88272000 0.32829000
0.60229000 0.97375000 0.22082000
0.54862000 0.86313000 0.48715000
0.96622000 0.93375000 0.47825000
0.57442000 0.97555000 0.14213000
0.76628000 0.83175000 0.38164000
0.88200000 0.93158000 0.13972000
0.79028000 0.93472000 0.49304000
0.97154000 0.83325000 0.01877000
0.81717000 0.92569000 0.30829000
0.73800000 0.91875000 0.33671000
0.94726000 0.77139000 0.49701000
0.90123000 0.92782000 0.44075000
0.56838000 0.78476000 0.04080000
0.70866000 0.93718000 0.42812000
0.57925000 0.95447000 0.00709000
0.74540000 0.99632000 0.42554000
0.88805000 0.91873000 0.00222000
0.99775000 0.76379000 0.01060000
0.50167000 0.90625000 0.01528000
0.60186000 0.96774000 0.69252000
0.54958000 0.98875000 0.89195000
0.88903000 0.82074000 0.65009000
0.87851000 0.76744000 0.91879000
0.55882000 0.86396000 0.66809000
0.85547000 0.75635000 0.81418000
0.95115000 0.99153000 0.82227000
0.98232000 0.86732000 0.94938000
0.55644000 0.79596000 0.73054000
0.70461000 0.89948000 0.60691000
0.69144000 0.77397000 0.94684000
0.63899000 0.86805000 0.51922000
0.71103000 0.83057000 0.52530000
0.92050000 0.92575000 0.73860000
0.59956000 0.91441000 0.57453000
0.63217000 0.97263000 0.89455000
0.97390000 0.77848000 0.75000000
0.96356000 0.88480000 0.75357000
0.53791000 0.91194000 0.81178000
0.98422000 0.93662000 0.62820000
0.74544000 0.89675000 0.77598000
0.83042000 0.95649000 0.97682000
0.75023000 0.95806000 0.68132000
0.83326000 0.89052000 0.54405000
0.58992000 0.98117000 0.77766000
0.96270000 0.78055000 0.91294000
0.90529000 0.76943000 0.99307000
0.65805000 0.94191000 0.52006000
0.88213000 0.89547000 0.67166000
0.93885000 0.85300000 0.58174000
0.80017000 0.86968000 0.64769000
0.90289000 0.85633000 0.73855000
0.57329000 0.88058000 0.92843000
0.52724000 0.82761000 0.92962000
0.91659000 0.82584000 0.89463000
0.72718000 0.80094000 0.67681000
0.81407000 0.94882000 0.72219000
0.87942000 0.75806000 0.58480000
0.80088000 0.85163000 0.72736000
0.74921000 0.92356000 0.55221000
0.75354000 0.83450000 0.90658000
0.61504000 0.75888000 0.98476000
0.62824000 0.77412000 0.74565000
0.84097000 0.83853000 0.91959000
0.99981000 0.83834000 0.86439000
0.81949000 0.87618000 0.97455000
0.89152000 0.83376000 0.52168000
0.81502000 0.81167000 0.85720000
0.59919000 0.81590000 0.53482000
0.50534000 0.93859000 0.94343000
0.54182000 0.79492000 0.64469000
0.70614000 0.80250000 0.85273000
0.82200000 0.80188000 0.67760000
0.54031000 0.96405000 0.64519000
0.66988000 0.97311000 0.80634000
0.88328000 0.92454000 0.58818000
0.59793000 0.75424000 0.64085000
0.69075000 0.75861000 0.79121000
0.66603000 0.76261000 0.67145000
0.95895000 0.90501000 0.83252000
0.91298000 0.79600000 0.80608000
0.95085000 0.87632000 0.66322000
0.71933000 0.77040000 0.57588000
0.80318000 0.82999000 0.55937000
0.72392000 0.94993000 0.93310000
0.94108000 0.93052000 0.56005000
0.73534000 0.95522000 0.82167000
0.72430000 0.98204000 0.51953000
0.62202000 0.84169000 0.97142000
0.92919000 0.97736000 0.98437000
0.62753000 0.89466000 0.69143000
0.65489000 0.95804000 0.98828000
0.74978000 0.83580000 0.60556000
0.63965000 0.80477000 0.88079000
0.83941000 0.96352000 0.79351000
0.90428000 0.78396000 0.72093000
0.84231000 0.90639000 0.84677000
0.64317000 0.89989000 0.92896000
0.79206000 0.94887000 0.91154000
0.56717000 0.81429000 0.84337000
0.86768000 0.92607000 0.91926000
0.85345000 0.84450000 0.80153000
0.52490000 0.87415000 0.74601000
0.97778000 0.94808000 0.77458000
0.62858000 0.82305000 0.61251000
0.65249000 0.75766000 0.50998000
0.94965000 0.97159000 0.68504000
0.69593000 0.87915000 0.88216000
0.65921000 0.88778000 0.80143000
0.62974000 0.84108000 0.73734000
0.53442000 0.89803000 0.60064000
0.76487000 0.77008000 0.95362000
0.97560000 0.76674000 0.57637000
0.70834000 0.96332000 0.62276000
0.69146000 0.96391000 0.72401000
0.52793000 0.76400000 0.96811000
0.50930000 0.88233000 0.88006000
0.98568000 0.95727000 0.92732000
0.51117000 0.99691000 0.51724000
0.53157000 0.99266000 0.72560000
0.68777000 0.84853000 0.99950000
0.53847000 0.93954000 0.50032000
