0.81658493 0.52617612 0.47636951
0.07220690 0.50795995 0.70538835
0.28960534 0.48646080 0.93254698
0.76654138 0.54853313 0.93925168
0.40100666 0.53613679 0.22221520
0.11600298 0.25521432 0.68571234
0.52069929 0.92234925 0.56506576
0.95944838 0.48877772 0.56706542
0.77375317 0.36572593 0.92959825
0.83337811 0.82698119 0.15842241
0.84587730 -0.00640725 0.06516633
0.57261540 0.99783505 0.97090664
0.56645622 0.16867914 0.95650269
0.11737944 -0.05447394 0.77075437
0.50683684 0.83068379 0.06082806
0.91758867 0.92167873 0.13465874
0.51156652 0.53246761 0.68208437
0.29747097 0.02795357 0.43314603
0.72249366 0.32294985 0.44214289
0.44298941 1.00412862 0.78504602
0.45512657 0.65793438 0.77716560
-0.00927780 0.15522167 0.66175756
0.85759081 0.70357740 0.53942850
0.84688732 0.11595287 0.94877182
0.58669856 0.33546703 0.26925698
0.13208764 0.59165020 0.08873487
0.05573583 1.01078653 0.94234929
0.49697834 0.09068024 0.77041235
0.26511357 0.64219874 0.30585011
0.45225823 0.45206869 0.16517669
0.25418770 0.53012725 -0.02378318
0.82708078 0.05141076 0.45488137
0.85498136 0.50954170 0.39683768
0.59883251 0.80780335 0.29511315
0.29987469 0.37965277 0.78419164
0.79671366 0.98760540 0.33558640
0.20738895 0.72042964 0.24679622
0.88876893 0.15708190 0.34681018
1.04963779 0.81449227 0.29326740
0.12831090 0.51413456 0.95483800
0.94578565 0.99235676 0.24044897
0.41739070 0.60498635 0.18684033
0.26947333 0.33945275 0.24678927
0.54698673 0.51585690 0.95078226
0.77759113 0.42276285 0.00391545
0.83354792 0.85679784 0.28592945
0.89149213 0.82626594 0.27747039
0.78636156 0.24910712 0.30391723
0.15279248 0.73098146 0.50315005
0.33213213 0.56204445 0.86852604
0.67874495 0.92221566 0.61166904
0.85859672 0.26938396 0.42206315
0.38988580 0.80942424 0.50813766
0.68683019 0.88785814 0.07332601
0.23411543 0.63826130 0.57984295
0.95795002 0.85247555 0.28046712
0.93628769 0.58001538 0.40487623
0.41776536 0.95856585 0.89032875
0.63554344 0.55241412 0.00144958
0.06331592 0.18202318 0.79940438
0.18047356 0.75884339 0.85529202
0.39012298 0.74646465 0.46092592
0.58906981 0.39814264 0.49540798
0.03473856 0.80440287 0.02471938
0.91899305 0.14565663 0.42989694
0.96257243 0.35739837 0.36688027
0.42613732 0.83718946 0.78614910
0.78672027 0.06983734 0.32092876
0.87099020 0.95230773 0.47494644
0.93534848 0.62634358 0.01239599
0.75273558 0.86862056 0.91865890
0.59218144 0.74358142 0.41575588
0.94843829 0.28461466 0.20950721
0.22849796 -0.00503818 0.01156093
0.50985343 0.48241570 0.63522301
0.82205357 0.34377183 0.38747788
0.40869768 0.65680737 0.43325288
0.64374931 0.22949314 0.21288192
0.53743778 0.30813576 0.46462819
0.44139059 0.10584731 0.83661310
0.92586608 0.91596905 0.76784389
0.51772414 0.37003934 0.55792735
0.58800756 0.60214419 0.84779979
0.56740034 0.42633783 -0.02981655
0.33859861 0.90913791 0.49476716
0.67325874 0.30233300 0.83753963
0.21147096 0.40014519 0.61248513
0.32142586 1.00232258 0.50166898
0.49031626 0.21330839 0.45413908
0.29656562 0.42871582 0.55600477
0.39285873 0.55538470 0.36129546
0.23288432 0.07880104 0.19159688
0.49888316 0.63238842 0.44128552
0.31469974 0.50759832 0.03980565
0.08731692 0.18972847 0.59805769
0.44260194 0.28583869 0.26252217
0.99323127 0.67656098 0.63663715
0.12585067 0.53243851 0.59786234
0.24107428 0.10049650 0.61412948
0.13589917 0.04273702 0.86668799
0.48438904 0.71076893 0.83482555
0.90050197 1.01361819 0.72175943
0.54952125 0.13818474 0.75353882
0.51412543 0.31697742 0.35319060
0.01175369 0.42571582 0.48702573
0.86878767 0.92910632 0.80425176
0.61103804 0.86778115 0.05091567
0.32831944 0.75047352 0.20849122
0.97428804 0.28639900 0.37029173
0.69319700 0.13873485 0.09503591
0.68351385 0.08331558 0.56459172
0.27610705 0.04358149 0.82679327
0.53651876 0.94159296 0.48586174
0.62662196 0.41398916 0.85581309
0.66855096 0.05457045 0.32031025
0.39859433 0.38458836 0.81901551
0.20382300 0.48695810 0.93305345
0.39040839 0.56320597 0.50155751
0.40279240 -0.04980010 0.97030307
0.13869392 0.32106157 0.77100865
0.58786750 0.53715583 0.87125255
0.02353209 0.18255021 0.05801465
0.18417325 0.07612920 0.72478984
0.43211829 0.77721182 0.27822595
0.35242387 0.44489964 0.06078828
0.55548986 0.63602444 0.78972381
0.39227874 0.58544581 -0.01372523
0.21979640 0.02840297 0.53392328
0.47168111 0.12843517 0.22447067
0.36515433 0.47297938 0.56334561
0.09864052 0.95459281 0.92414656
0.06568356 0.87821779 0.32565824
0.58558140 0.65957980 0.33670378
0.11807264 0.35458284 0.64263746
0.14988464 0.98043984 0.08759526
0.00122601 0.70169323 0.05996904
0.73832112 0.91698353 0.16527902
0.44359692 0.40268521 0.05479735
0.07975610 0.24291802 0.89021434
0.38197124 0.70919440 0.20047474
0.19934940 0.25946229 0.08956424
0.87027249 0.68183108 0.68601241
0.95237361 0.55561231 0.50449297
0.89188807 0.66315488 0.78780336
0.45292768 0.51457508 0.35374990
0.89364178 0.49103585 0.32955298
0.23285550 0.42539272 0.21431184
0.09376251 0.03808381 0.31293871
0.20980302 0.84941250 0.13916777
0.40007101 0.68040752 0.71824523
0.23792300 0.91756222 0.05635058
0.17287244 0.95123367 0.53759459
0.87604905 0.48541506 0.69921675
0.54245743 1.06357519 0.51094771
0.37341222 0.37966445 0.47570253
0.03900344 0.47594987 0.44058272
0.11364595 0.32703993 0.25582966
0.70791994 0.43373980 0.50888048
0.32777965 0.33958433 0.43174657
0.29823640 0.14739200 0.30973618
0.24461789 0.86556845 0.98501630
0.25527824 0.78493159 0.02875482
0.16325622 0.41134488 0.99971426
0.09198388 0.84664762 0.04515700
0.52875344 0.12062419 0.85273685
0.96916228 0.88717277 0.65310198
0.88956798 0.48778698 0.46899638
0.33435587 0.67597339 0.91390666
0.93403289 0.46589458 0.16823890
0.21379501 0.05532663 0.34579869
0.02541310 0.21150282 0.63137198
0.76741663 0.88378272 0.67397724
0.43114342 0.13087384 0.72504506
0.46728800 0.70436801 0.36563641
0.75936697 0.81924670 0.18322441
0.71582668 0.02429905 0.88571897
0.85629282 0.42802494 0.13950991
0.84748334 0.91350407 0.59012556
0.22649010 0.45803045 0.57232161
0.05544329 0.36726002 0.79115091
0.48424562 0.42011416 0.51577260
0.78491119 0.15694539 0.91331259
0.46990906 0.52471889 0.99595213
-0.00208135 0.48589425 0.37352429
0.84066517 0.40478194 0.93026927
0.26897722 0.62489507 0.84921272
0.35148349 0.26678291 0.12354237
0.72503124 0.62612548 0.00786715
0.63805446 0.66527255 0.49086481
0.66510821 0.58263056 0.27572848
0.12817455 0.10221352 0.30350390
0.51858371 0.12912736 0.05005006
0.84823915 0.44220367 0.38921884
0.15611928 0.38441268 0.44585839
1.04195134 0.56289522 0.45621113
0.76449550 0.41532437 0.39112330
0.85763665 0.90394956 0.68415860
0.95125369 0.86259265 0.08652254
0.04620029 0.04125345 0.47993904
0.18556696 0.65720487 0.68618579
0.47615233 0.03060697 0.85326720
0.80818359 0.92229387 0.88671354
0.65863430 0.78976177 0.58861835
0.28134520 0.96175026 0.25078919
0.91751354 0.85799199 0.41361587
0.60321970 0.09686514 0.14139006
0.36149154 0.84697367 0.56578507
0.31344627 0.11945759 0.65517244
0.19548466 0.19548061 0.06764199
0.08388917 0.12268632 0.74835497
0.07679804 0.31478431 0.51917383
0.35391297 0.04924317 0.37563685
0.35299892 0.67202307 0.06523487
0.32384376 0.84351788 0.45870201
0.77201394 0.16189192 0.40526309
0.04010678 0.41798779 0.55966610
0.37639685 0.18219680 0.23476135
0.85785161 0.83276257 0.80720539
0.06596161 0.61564783 0.87575924
0.21135792 0.47368715 0.02842661
0.99964839 0.33269818 1.03011754
0.11285340 0.51557472 0.04638198
0.42001183 0.34262928 0.21447609
0.08424138 0.21908037 0.36117586
1.03704298 0.12622747 0.20042412
0.91497115 0.28336129 0.01178254
0.46893630 -0.00067008 0.10904637
0.01578926 0.62562619 0.03759597
0.49342587 0.21705516 0.67783213
0.09466406 0.15528509 0.23060127
0.86310110 0.54595094 0.05354346
0.99036640 0.28009135 0.44982141
0.81881320 1.00217834 0.97247876
0.42931869 0.09567320 0.54278837
0.18638553 0.51329766 0.41485044
0.01519172 0.92726504 0.46900475
0.83382583 0.22140556 0.50212658
0.83065494 0.38514059 0.64497464
0.05204947 0.46119100 0.30848139
0.77684392 0.46534073 0.30504480
-0.00770743 0.89914022 0.55455445
0.70547711 0.55368298 0.90280239
0.03535815 0.29453405 0.76905541
0.39217881 0.83141122 0.17778530
0.54295951 0.18583344 0.82961095
0.68759858 0.58015215 0.52358420
0.64867207 0.66077641 0.09190600
0.21598271 1.00863931 0.44993607
0.24356080 0.96857936 0.67234361
0.99411841 0.74492091 0.64088549
0.32659573 0.33918205 0.08695192
0.32797779 0.93287408 0.81468733
0.76929143 0.85107439 0.82933281
0.34422337 0.61688002 0.10731876
0.63600461 0.78020633 0.84437961
0.81112795 0.52446187 0.33159417
0.13609211 0.02925152 0.55781293
0.06150578 0.74386861 0.55240992
0.73225275 0.14252924 0.78821699
0.61840229 0.05522718 0.80733488
0.86033235 0.15231326 0.47245119
0.80358054 0.68748260 0.37592579
0.44928158 0.54261380 0.78009420
0.14624254 0.42776146 0.77433233
0.73415362 0.18355397 0.33264571
0.83273818 0.20085679 0.32364994
0.13308402 0.60017084 0.71829688
0.51759493 0.29230818 0.78371511
0.76528162 0.97242812 0.26185585
0.74152196 0.75165025 0.42557008
0.27831067 0.20353713 0.25175062
0.94021990 0.44057241 0.49489806
0.81083314 0.91142580 0.36171775
0.35707325 0.88565912 0.76321443
0.63499588 0.67056353 0.82214008
0.17507259 1.02452350 0.97921497
0.89861446 1.02089919 0.53166864
0.83855583 0.59377371 0.32180776
0.22115156 0.18324602 0.87708244
0.86912761 0.49107719 0.94715609
0.66196877 0.39630098 0.26377875
0.41323412 0.72205308 0.11946272
0.88473962 0.18150586 0.86564677
0.67341360 0.76863450 0.24120572
0.87436196 0.26580857 0.32363429
0.96984665 0.38271657 0.83425467
0.64939887 0.63929464 0.57090058
0.74703471 -0.02629311 0.94752474
0.28360871 0.29472526 0.31149756
0.57281866 0.79729275 0.75434549
0.81983303 0.62866987 0.44102563
0.27655796 0.56393450 0.33953241
0.69644848 0.69276273 0.34026831
0.16919553 -0.01103553 0.82407599
0.81432375 0.01691483 0.64216155
0.46229684 0.59254101 0.72403684
0.25133170 0.30251479 0.07713058
0.94746703 0.71783739 0.34551648
0.53651646 0.31796529 -0.02875688
0.58174549 0.11830159 0.53350868
0.85379397 0.65014334 0.01273443
0.44904191 0.66895220 0.50154500
0.93119878 0.69636874 0.08729379
0.11247564 0.40182266 0.16561595
0.69650608 0.88409975 0.69275188
0.62946956 0.41397522 0.71403755
0.84047262 0.15449057 0.70173388
0.93320200 0.24958185 0.91250031
0.79817044 0.06395823 0.83687364
0.20597150 0.50923314 0.76158930
0.20738736 0.22594206 0.34949944
0.62382909 0.18536018 0.29908463
0.99118344 0.03523127 0.89867975
0.36340449 0.86920698 0.07411367
0.52394020 0.44529787 0.11945401
0.69661331 0.61705733 0.33198718
0.45127415 0.28503033 0.68278631
0.04855378 0.28532732 0.62772900
0.74617761 0.92414180 0.77763472
0.57290429 0.86724418 0.17830137
0.82501025 0.69016584 0.93349672
0.61869251 0.03700915 0.10696985
0.68273835 0.85666530 0.35095164
0.49360260 0.88340514 0.18438468
0.28512038 0.52670870 0.76402337
0.39130575 0.33951771 0.61619561
0.18912520 0.22726664 0.68486612
0.31741578 0.71161106 0.78081130
0.34376215 0.22475802 -0.03558383
0.36171969 0.29796414 0.93299025
0.11602494 0.04153503 0.70100922
0.72922437 0.75946650 0.32183564
0.13795455 0.16335794 0.46277362
0.53579303 0.86301954 0.26453697
0.18660128 0.78283685 0.98343010
0.21966243 0.13507901 0.33239327
0.98739060 0.14483758 0.77669140
0.82918288 0.43481339 0.48734178
1.00137478 0.56795759 0.89831357
0.43521292 0.83046417 1.00917196
0.25595074 0.93873240 0.74363477
0.44100703 0.01535118 0.53986445
0.07245830 0.96108838 0.30116361
0.10800293 0.25693738 0.30090823
0.65193787 -0.03361942 0.32791687
0.02644866 0.02593189 0.19367467
0.86871670 0.36701612 0.57549278
0.76441124 0.74382277 0.61644780
0.50167174 0.24801584 0.52433273
0.28576213 0.44528663 0.69702778
0.09185323 0.21600443 0.45118947
0.70583248 0.56460096 0.44051866
0.27568184 0.19700387 0.67076924
0.32474952 0.61315852 0.35060558
0.46845105 0.37664137 0.84000972
0.72495619 0.14335927 0.68496202
0.90058716 0.40802260 0.68019145
0.55090602 0.65379084 0.57063624
0.51888256 0.35635348 0.04657811
0.11805900 0.99547879 0.48790393
0.22934319 0.35212615 0.84829045
0.52617390 0.41595518 0.85553454
0.12330397 0.85237826 0.28616578
0.58873573 0.97357167 0.56379756
0.50635119 0.47581229 0.55159435
0.68790988 0.38457305 0.83766684
0.55175023 0.19170827 0.16619648
0.76962671 0.84364086 0.37397413
0.21000305 0.58224665 0.33556581
0.04128861 0.51695591 0.20236025
0.81194779 0.36713250 0.75364294
0.68240582 0.45068744 0.67209404
0.04138621 0.80606670 0.58102637
0.75323405 0.47585730 0.69048212
0.72279616 0.30225030 0.68096128
0.88546910 0.77202979 0.71171512
0.17439960 0.19034191 0.55328368
0.66989565 0.99301367 0.62685240
0.29977292 0.86828867 0.69428900
0.63746235 0.49851795 0.81801176
0.25176999 0.47660856 0.37546311
0.51000693 0.54076947 0.19679849
0.66968873 0.64483485 0.21851510
0.28396218 0.71523881 0.27891943
0.46549905 0.22439860 0.37338369
0.49728739 0.09441423 0.95290664
0.93172502 0.45866349 0.40963478
0.38263213 0.14051269 0.64956818
0.27117288 0.22902157 0.59174869
0.96796261 0.14310582 0.15804246
0.65314676 0.29174592 0.55253255
0.45433032 0.81074705 0.13899002
0.27764956 0.12920622 1.02041497
0.62173870 0.79342082 0.03600936
0.20867518 0.89772221 0.76804893
0.30186698 0.69220152 0.48421419
0.39662183 0.14793300 0.41625297
0.49468624 -0.05280575 0.89208675
0.82425277 0.85895529 0.02972876
0.04769838 0.73559622 0.69381612
0.58948917 0.23133389 0.63161223
0.17455529 0.28846412 0.35232062
0.53997227 0.05828147 1.00523194
0.41055701 0.34607784 0.09883657
0.72717272 0.22632029 0.89032284
0.27251684 0.23740872 0.11300940
0.98686577 0.75991145 0.09301369
0.75148725 0.21574893 0.58180064
0.70943432 0.78119231 0.66656100
0.98657339 0.60131412 0.54271154
0.72154908 0.86353374 0.24130922
0.39723442 0.60175502 0.85528437
0.30146601 0.78718218 0.88034870
0.97277095 0.77734284 -0.00359787
0.45517615 0.78638742 0.94446054
0.27182731 0.96948994 0.35900235
0.60446910 0.86661549 0.53172118
0.09767047 0.64096881 0.37792844
0.61631220 0.57760927 0.49940480
0.79350402 0.57712803 0.38336441
0.12430209 0.28999677 0.59543094
-0.02916959 0.25609933 0.67595057
0.95489833 1.00485352 0.05033568
0.63518236 0.70302829 0.29149588
0.81417043 0.74665651 0.67712307
0.16667196 0.89128527 0.56514091
0.56443973 0.88708146 0.92501869
0.97688734 0.47531095 0.68399461
0.61054543 0.40188774 0.21238442
0.10097728 0.48291638 0.39721654
0.16151144 0.05248797 0.46937851
0.23417397 0.97092150 0.59125874
0.04987085 0.31933448 0.21765262
0.04316481 0.41779327 0.15549161
0.73924395 0.37200510 0.18986438
0.62959940 0.74485391 0.71231478
0.31071349 0.49815790 0.33031521
0.79045453 0.13020174 0.17611830
0.99455991 0.22767051 0.86573671
0.20248211 0.49959374 0.12140415
0.26261872 0.62532098 0.03503805
0.35515858 0.24710848 0.78819709
0.12631802 0.48631176 0.74428737
0.66029230 0.73384738 0.11691177
0.16389454 0.79605676 0.20780689
0.72132546 0.44700212 0.09286107
0.74831073 0.06074518 0.98897565
0.12635519 0.91536009 0.13928889
1.07738715 0.08726014 0.43246816
0.21968878 0.96512073 0.12313154
0.88572652 0.79298917 0.89753121
0.72177771 0.98411511 0.12228014
0.20347436 0.67304314 0.35116253
0.31490123 0.31103154 0.99415074
0.92210861 0.33316451 0.25418088
0.56807944 0.93552711 0.23379286
0.73068617 0.08601550 0.85332277
0.90756133 0.91888446 0.55077199
0.93785377 0.85520626 0.73520979
0.38530867 0.74236931 0.53492551
0.63845149 0.32873881 0.43115725
0.38365173 0.65790819 0.32039490
0.36034176 0.79789098 0.25511208
0.02699017 0.36088053 0.33985139
0.40849901 0.33651718 0.39856913
0.00464132 0.63710340 0.90550050
0.66414711 0.20204998 0.71904823
0.87888720 0.27813577 0.23625645
0.88574285 0.76979842 0.34113821
0.41283490 0.34415255 -0.00253303
0.32435207 0.25183344 0.70731766
0.07623965 0.91522325 0.51958367
0.01382818 0.01353386 0.76812078
0.78155708 0.82645646 0.09403735
0.32523816 0.90648656 0.62835231
0.92541507 0.20321658 0.10964391
0.95335146 0.53977136 0.68230860
0.32981247 0.00150786 0.81303231
0.66277590 0.88259659 -0.00924853
0.61469328 0.89431261 0.83042867
0.68609273 0.50297727 0.47677766
0.74522953 0.86472212 0.46813388
0.83978504 0.10582665 0.03242134
0.15417205 0.79174329 0.58741990
0.50669157 0.59720495 0.37488500
0.51169103 0.23733835 0.31279744
0.68632252 0.31347023 0.37193086
0.92615452 0.08097450 0.32479377
0.83297838 0.75184414 0.06678310
0.36133833 0.12670772 0.95936239
0.25872219 0.67675774 0.64164942
0.63477204 0.33009446 0.64964083
0.79122189 0.28371776 0.16085189
0.09399595 0.70921565 0.23201350
0.07660561 0.97348904 0.56942113
0.47617966 0.83020779 0.23343974
0.66101878 -0.03368634 0.92495161
0.20744412 0.65258214 0.92553657
0.71342689 0.29311018 0.91414995
0.21872188 0.10951426 0.92580099
0.58094253 0.47833026 0.22017111
0.49563643 0.87371228 0.47269648
0.58325043 0.07138570 0.71207952
0.74262017 0.35039152 0.04074803
0.52001373 0.80129617 0.68952326
0.51885914 0.46348319 0.91358968
0.49779172 0.71763362 0.61333051
0.44377259 0.92353851 0.56406810
0.84555941 0.27834949 0.95202881
0.21900519 0.38705103 0.69617483
0.01648681 0.81337544 0.79193493
0.59610069 0.29232517 0.96379525
0.08356157 0.70425147 0.03438888
0.36968372 0.93409370 0.57955278
0.79823598 0.05048711 0.04431944
0.80951520 0.96329918 0.41505252
0.40619335 0.18421938 0.75814136
0.06872657 0.23042861 0.52906778
0.53387151 0.36900648 0.12617047
0.76663931 0.19224928 1.05958104
0.54188284 0.98683859 0.37358129
0.47593166 0.89537156 0.39353518
0.79524391 0.30783422 0.62024420
0.56205805 0.94120309 0.83830315
0.41934213 0.76628598 0.36647231
0.78245733 0.40269277 0.12501961
0.71530467 0.54909085 0.59852527
0.48462059 0.38661760 0.62459588
0.08077797 0.92274432 0.22009437
0.33940399 0.04356494 0.61470464
0.78870846 0.07628694 0.92191174
0.45820665 0.59758005 0.51173917
0.87891259 0.79395816 0.51383304
0.37343173 0.46766816 0.31086018
0.82476301 0.53037496 0.65538074
0.57789951 0.37791666 0.89225722
0.55772225 0.75194847 -0.01857918
0.94046964 0.15360632 0.83972746
0.33591509 0.58833321 0.03084986
0.19842365 0.82482397 0.29643995
0.08450887 0.18350811 0.11479537
0.74392517 0.94984252 0.70079834
0.84650847 0.13521967 0.81992843
0.36624433 0.18622261 0.04210787
0.58886271 0.75579391 0.50499859
0.11500310 0.09496853 0.51236538
0.24195962 0.27863335 0.69571929
0.61396610 0.56698551 0.35558870
0.83594844 0.26601336 0.02899351
0.11121016 0.87651707 0.79446114
0.19095621 1.02544734 0.28507261
0.42328564 0.81323249 0.69768821
0.97981630 0.74592511 0.74103295
0.87944530 0.58953030 0.91293647
0.56997881 0.15339833 0.09151408
0.30270235 -0.02912852 0.97451529
0.46630958 0.15267520 0.42338312
0.25432555 0.71222810 0.81569458
0.54970698 0.34456692 0.71333698
0.42068057 0.78040246 0.59406339
0.91065858 0.53239359 0.58816580
0.06420659 0.42826307 -0.00181935
0.93515180 0.69405036 0.71716890
0.87547936 0.06450949 0.83148498
0.96706285 0.18372216 0.99300229
0.79173862 0.17957147 0.64024235
0.78532764 0.08109668 0.11750912
0.28252802 0.16272616 0.94720174
0.33292676 0.46446686 0.14677994
0.64714938 0.53014394 0.55650929
0.97397832 0.99094923 0.13527825
0.68737794 0.09061725 0.17753637
0.62059919 0.29007634 0.17600565
0.41518623 0.37486517 0.33248188
0.58524359 0.37615566 0.57998773
0.72276425 0.59654863 0.19182775
0.26540485 0.51432908 0.51097761
0.08796922 0.79452266 0.77752632
0.67386286 0.18311761 0.54659594
0.97140754 0.82295634 0.57974028
0.57111161 0.41009591 0.66310434
0.24877579 0.55291226 0.85491162
0.15414732 0.84723648 0.62073144
0.97135881 0.40770166 0.66365878
0.18461065 0.57934194 0.13879145
0.91971946 0.77223094 0.80549238
0.54921413 0.93285481 -0.01284173
0.33485327 0.19758775 0.13869542
0.37466118 0.27551255 0.43214431
0.30456415 0.94860506 0.55212697
0.58159227 0.03130818 0.18686565
0.08741650 0.85747727 0.41836609
0.57458582 0.46834028 0.53507542
0.51044759 0.65709765 0.88564023
0.82802188 0.88490477 0.76180296
0.49945863 0.45255368 0.28941146
0.93698375 0.92572919 0.44746045
0.02038571 0.80395838 0.68543983
0.91579147 1.01978864 0.87996752
0.34053127 0.57616647 0.73941750
0.53956361 0.53165099 0.57099533
0.92518777 0.82660573 0.34761838
0.29482481 0.55347426 0.67384378
0.55514537 0.56589271 0.31736187
0.25023532 0.59757950 0.94370068
0.10400367 0.82151537 0.70440031
0.29654901 0.86979283 0.87117020
0.86493286 0.60124642 0.75879964
0.50464325 0.65713448 0.02625540
0.45709765 0.17429050 0.63172916
0.07062165 0.85765355 0.65621479
0.78581837 0.02867245 0.51360504
0.98818289 0.80671651 0.44794826
0.80066413 0.29074798 0.70732760
0.20058578 0.43288301 0.86467885
0.62016547 0.74649451 0.92234526
0.61345354 0.81568059 0.68051524
0.37519913 0.86460097 0.89550087
0.20318475 0.17807972 0.41488394
0.98065451 0.45923359 -0.04037305
0.28310416 0.27943181 0.78588844
0.34132603 0.64095800 0.51896053
0.86399275 0.38185805 0.50259062
0.31058249 0.38153138 0.21039638
0.33037947 0.18589744 0.77162363
0.43422195 0.40997673 0.45100998
0.58343703 0.99218113 0.43511698
0.48167136 0.36013590 0.48181798
0.05965361 0.62532872 0.56144253
0.43236622 0.86251148 0.61682645
0.43082135 0.64418994 0.03690569
0.22454434 0.31736674 0.95516455
0.26469930 0.41302556 0.02822580
0.87197736 0.10332165 0.23788007
0.30412594 0.84270833 0.01212734
0.48529584 0.69230057 0.27972615
0.76531092 0.09192474 0.55881862
0.13512166 0.48947645 0.13984737
0.41396113 0.90262902 0.67790840
0.66149523 0.72101711 0.77774542
0.51561493 0.60173013 0.67254382
0.42280347 0.74909722 0.73372272
0.86271958 0.35443481 0.09778841
0.08639644 0.63316110 0.46354783
0.94178560 0.42607565 0.30715195
0.45545361 0.61528603 0.62793706
0.77467635 0.75481759 0.19781413
0.06137483 0.52429515 0.98576133
0.96221117 0.66020122 0.48953818
0.31743821 0.75605230 0.65774028
0.32378236 0.33136306 0.58869083
0.78859540 0.03510814 0.23350363
0.86470767 0.64052147 0.22183062
0.40538092 -0.01069705 0.20358130
0.26628462 0.33929748 0.14589370
0.65719358 0.14509928 0.77836606
0.46101004 0.07270304 0.46717150
0.18016008 0.53612236 0.50534954
0.69676052 0.63861548 0.67799319
0.91682736 0.23618558 0.39577711
0.70876311 0.27350341 0.01534221
0.14463574 0.43006713 0.35585978
0.63025507 0.92282411 0.50152526
0.32497645 0.60787690 -0.05555729
0.90642453 0.53452346 0.83518603
0.14762475 0.12736473 0.15301876
0.93703035 0.50378126 0.24775335
0.08704741 0.87915752 0.92703267
0.08509447 0.14220263 0.33966673
0.42561371 0.06163542 0.67555937
0.16567155 0.14057161 0.84291458
0.54375774 0.03616124 0.80608427
0.93329304 0.32370543 0.46333406
0.07836184 0.40324165 0.36064156
0.46412601 0.96508889 0.43556989
0.63017618 0.55223469 0.68388245
0.33343610 0.63175736 0.80631859
0.89664598 0.86558887 0.17608119
0.77245754 0.26218097 -0.03380014
0.46148700 0.45255962 0.39363284
-0.01279101 0.71203752 -0.02069425
0.26034059 0.82057596 0.61660546
0.08105405 0.08179971 0.23166492
0.47834333 0.26856968 0.12444318
0.07260242 0.34670873 -0.00277437
0.47688795 1.02670290 0.40354175
0.92617090 0.73762284 0.27026714
0.39251101 0.98414383 0.64204243
0.37811131 0.47058695 0.74390936
1.02361456 0.58498618 0.38713553
0.92346278 0.45058679 0.06802115
0.08164635 0.72185053 0.62170137
0.89278328 0.33114631 0.34518319
0.20893028 0.72225932 0.67800924
0.80600329 0.11589975 0.64286710
0.35678517 0.81407239 0.69740156
0.64645117 0.01446972 0.86155521
0.51209065 0.47008067 0.19378191
0.59130163 0.57885235 -0.05476519
0.59584245 0.11724406 0.01368636
0.10859545 0.26673609 0.04436597
0.62921916 0.13497010 0.59747719
0.27332466 0.59441212 0.49425375
0.48279456 0.38247729 0.22090973
0.50649221 0.58709913 0.01618755
0.21257976 0.15412626 0.70364424
0.42870842 0.24311548 0.47276550
0.75192714 0.19732794 0.72364457
0.22104693 0.64296179 0.76291111
0.37784521 0.55048874 0.09745083
1.01309486 0.17838611 0.92894199
0.70299681 0.77721943 0.52551045
1.00226703 0.35130972 0.68651274
0.40571383 0.04689748 0.14245140
0.59253768 0.38224864 0.03300587
0.47518583 0.38049845 0.39400788
0.29494229 0.69670151 0.56527088
0.59381768 0.04647780 0.91406713
0.47264470 0.29801932 0.42361372
0.88979863 0.14849265 0.58913329
0.59826943 0.36697902 0.79029071
0.34790193 0.51234111 0.49084471
0.07742550 0.03994639 0.58166209
0.97680433 0.79980806 0.91651372
0.17902989 0.77439888 0.70507404
0.76196272 0.01746057 0.42485078
0.57436166 0.44938095 0.05148972
0.64798613 0.43384768 0.05531596
0.36817842 0.36812766 0.26681660
0.80546428 0.96089643 0.52354200
0.32492665 0.76142202 0.34487422
0.41726898 0.21918836 0.10787256
0.68619633 0.48569803 0.59841658
0.12841725 0.70859502 0.71964625
0.78020336 0.59607842 0.82764651
0.62333783 0.51511758 0.29763698
0.55916018 0.82711603 -0.00589184
0.62516762 0.60113873 0.63677115
0.17907783 0.65006947 0.17912182
0.08791718 0.38776345 0.45578202
0.88899938 0.04437162 0.64129813
0.07976207 1.00239408 0.23446665
0.06815008 1.00537784 0.03590087
0.32334931 0.21241614 0.34363449
0.59780304 0.31652459 0.85880148
0.87274167 0.33746694 0.78740422
0.72512445 0.36940583 0.51395170
0.58161432 0.73271673 0.64903084
0.69407243 0.13278804 0.27370606
0.22687063 0.61544978 0.22247221
0.80777558 0.47421312 0.61711222
0.32731643 0.01318092 0.03563074
0.82167754 0.35728014 0.87393096
0.49740371 0.82201450 0.89686761
0.89985334 0.91343795 0.89533088
0.37415732 0.39805940 -0.00079612
0.79714214 0.17076612 0.78726709
0.48155558 0.91659640 0.73371325
0.75968927 0.93844325 0.60638475
0.20855072 0.32083325 0.19937781
0.57778088 0.59070302 0.57378753
0.72079606 0.71917842 0.24023112
0.51271917 0.18807193 0.01997596
0.19956310 0.43237088 0.40498054
0.17439215 0.19565598 0.78442867
0.15330874 0.14443343 0.96168443
0.19615980 0.11701808 0.55698708
0.75207471 0.50035969 0.50615132
0.70575096 0.94689565 0.53417114
0.30272342 0.07965750 0.27544068
0.13453054 0.33084198 0.07562466
0.73655622 0.85248865 0.75141522
0.07427038 0.38068485 0.71174971
0.98653089 0.90849262 0.31232489
0.20493412 0.24318368 0.89005535
0.25900682 0.77371604 0.29716136
0.34172500 0.82902403 0.32678304
0.50931630 0.94121391 0.06870402
0.54125830 0.40746882 0.43429768
0.32056941 0.29220699 0.20731420
0.97535647 0.23461495 0.07169298
0.61813497 0.58755972 0.76318023
0.80780982 0.86287366 0.51633697
0.51671301 0.84359580 0.62569022
0.24290793 0.24085082 0.19138583
0.62952557 0.37942752 -0.03897542
0.65026209 0.26392770 0.06084242
0.75833647 0.52185439 0.39060252
0.21007475 0.14947461 0.13458920
0.36410531 0.15838050 0.57558612
0.54987757 0.24653435 0.70358026
0.12618432 0.19822833 0.17310581
0.30262016 0.62658132 0.68974620
0.56996296 0.67593629 0.43861848
0.29924463 0.07589097 0.52209839
0.59314803 0.55513490 0.20489540
0.02228036 0.32677973 0.93079078
0.67944177 0.77567355 0.43310707
0.61451535 0.44310594 0.29194131
0.31348431 0.40933895 0.37826592
0.15719496 0.13984080 0.05922871
0.21807228 0.38895138 0.48614057
0.71261007 0.66009444 0.58540603
0.73576494 0.95189487 0.46030071
0.32595640 0.40116469 0.10861004
0.50812763 0.48454893 0.04355108
0.77880340 0.46053818 0.44610027
0.35862478 0.11688530 0.77435555
0.29735650 0.05482708 0.12375559
0.87064993 0.84086029 0.71447556
0.74838920 0.66532846 0.06562283
0.33156723 0.89596160 0.32567525
0.43039685 0.97193145 0.28214139
0.28074394 0.39643729 0.86729624
0.14498150 0.58205053 0.37325406
0.91398098 0.97679050 0.34922404
1.03156682 0.69018195 0.74907641
0.75258921 0.24415087 0.44512540
0.93680834 0.51210107 -0.01201980
0.73535038 -0.02232070 0.82080170
0.75833834 0.29342736 0.09178625
0.26211450 0.75539974 0.94396767
0.87563069 0.55489966 0.52251980
0.44959100 0.61685853 0.11698538
0.37851099 0.14853276 0.84704595
0.58227788 0.11433222 0.26525854
0.94650532 0.37985141 0.05459411
0.48208046 0.20181468 0.19341460
0.21665116 0.36443511 1.05855856
0.97568541 0.52201225 0.16350409
0.50001934 0.02656105 0.58088681
0.96664910 0.94513336 0.82047803
0.28188407 0.44837532 0.78770186
0.66641154 0.20134308 0.36927772
0.21020715 0.67259569 0.11069859
0.93696689 0.59585834 0.74270675
0.89961023 0.65521005 0.60017291
0.79235908 0.56617726 0.04861485
0.24074739 0.21120190 0.51205388
0.94612847 1.01774909 -0.02969005
0.76810802 0.93928233 0.08765375
0.58010069 0.99179772 0.71047473
0.06554804 0.11260195 0.12599188
0.81362681 0.32898263 0.03197575
0.91261702 0.58995612 0.62957210
0.71480558 0.16062561 0.87406068
0.91541194 0.32549073 0.89138776
0.16636152 0.88852448 0.07707797
0.00029755 0.67676774 0.34801398
0.07944119 0.84686770 0.12988644
0.65244830 0.15702848 0.91723616
0.14103782 0.36398607 0.31346852
0.27629092 0.64957988 0.16023317
0.28309596 0.04031054 0.34627715
0.70465778 0.44846052 0.31051039
0.31033713 0.27757184 0.45513853
0.22043963 0.81311740 0.45505317
0.10806062 0.19646349 0.72485631
0.94601930 0.37997343 0.57943133
0.55785247 0.77828650 0.09543146
0.12748648 0.94615893 1.01494500
0.39371080 0.24180702 0.55868012
0.93951380 -0.00106074 0.44181937
0.17103157 0.81747633 -0.08935188
0.21340075 0.93805676 0.83814185
0.23001833 0.76774655 0.57771307
0.10003557 0.64032184 0.18575946
0.47264425 0.80050217 0.54109355
0.87167510 0.40374684 0.77608775
0.35809198 0.92105849 0.13850552
0.42971120 0.80746985 0.44231857
0.38774555 0.53056528 0.90371014
0.05674728 0.69243608 0.94279105
0.25333214 0.36451451 0.36457974
0.54480122 0.29234644 0.15409153
0.37367328 0.45506232 0.47458471
0.54782460 0.50755606 0.81383730
1.06929823 0.29499784 0.43875635
0.29285809 0.31485812 0.66569048
0.16496230 0.56675301 0.22943676
0.18065032 0.72049102 0.93208528
0.68744054 0.94298754 0.26619534
0.52610144 0.11193416 0.16876806
0.72528951 0.65150653 0.93228046
0.02725265 0.69244255 0.48312694
0.80061088 0.49200116 0.88887502
0.49939985 0.77248834 0.18163278
0.73725377 -0.02227159 0.02677872
0.78483059 0.64557169 0.57288828
0.14253170 0.65708923 0.87196923
0.86637412 0.76493336 0.22043996
0.85288551 0.07526214 0.74658218
0.22621288 0.25996720 0.26979675
0.30329450 0.39171961 0.29850694
0.78042132 0.74606721 0.54217704
0.21411914 0.03174145 0.09371038
0.93154231 0.72172108 0.85577815
0.06544091 0.91612203 0.60131475
0.43159936 0.17925507 0.85809184
0.40337471 0.39241730 0.57065991
0.15726507 0.08474032 0.62763898
-0.00565966 0.97469096 0.57663999
0.95160821 0.95716624 0.63567635
0.57662502 0.29793939 0.05397376
0.72024950 0.74848924 0.82800402
0.46704311 0.26787587 0.59587785
0.69542569 0.52455047 0.32267058
0.60147711 0.66542408 0.18356773
0.84864266 0.39320141 0.03129635
0.42123844 0.07360342 0.38978146
0.35626015 0.11828220 0.03905926
1.01602272 0.04987972 0.07807525
0.70136450 0.71142848 0.66386896
0.52280658 0.25347320 0.95255421
0.95548674 0.98114376 0.73480723
0.87084746 0.62414501 0.84904136
0.12044866 0.55820806 0.47113730
0.32457038 0.95285602 0.68925690
0.26498150 0.89029813 0.59078404
0.84442145 0.90605117 0.12130156
0.78472385 0.36023345 0.55482959
0.57132444 0.54115946 0.02624917
0.46541753 0.04019781 0.31743158
0.05498986 0.23289751 0.22193958
0.35226420 0.32644513 0.34054414
0.23518218 0.10513330 0.75094164
0.21085517 0.89235237 0.42710747
0.48692214 0.60956363 0.21157655
0.83862509 0.22561950 0.20356741
0.95345655 0.22245161 0.26442971
0.28144360 0.23628360 0.88448375
0.75335469 0.08642627 0.24052300
0.34213498 0.12277243 0.22301454
0.46542865 0.62490509 0.29269186
0.56253032 0.20013959 0.41563484
0.92756564 0.65953761 0.37267337
0.95122829 0.30722708 0.08682689
0.82619668 0.88189264 0.43180493
0.90863375 0.45968808 0.61635369
0.43158629 0.56333435 0.28445446
0.41007128 0.52423174 0.67061821
0.15491139 0.73003062 0.00830645
0.72339073 0.70308367 0.50186296
0.39920947 0.99244057 0.47563491
0.02718530 0.86373063 0.23326521
0.53284841 0.11321025 0.45053060
0.29979322 0.78819913 0.73685611
0.27743225 0.03478539 0.58362093
0.47195277 0.00405892 0.71052209
0.82063733 0.30097720 0.27907402
0.01796011 0.69113635 0.56350367
0.18375682 0.54642598 0.65195284
0.92729453 0.03889901 0.17065273
0.99842210 0.53794655 0.02620467
0.52337604 0.38191578 0.77409110
0.11077164 0.65015716 0.94691726
0.01577111 0.37333494 0.23700142
0.35924754 0.06545802 0.48562503
0.35614395 0.82175616 0.97520692
0.44929775 0.29327309 0.76593631
0.39300623 0.26472089 0.64862294
0.88493095 0.33867241 0.96893826
0.62736137 0.25366455 0.75846182
0.50853125 0.87740993 0.83804405
0.29504455 0.11946168 0.15863299
0.86025144 0.89622970 0.23395812
0.27468640 0.92339455 0.92212954
0.48776599 0.29181955 0.04522618
0.88763779 0.93172979 1.04429671
0.86444872 0.65606552 0.33384388
0.11726738 0.39682497 0.57030325
0.54732703 0.89914909 0.36287786
0.01649568 0.28167575 0.55501785
0.49354157 0.71769851 0.95392128
1.00950888 0.49946402 0.86121963
0.07107360 0.30459807 0.32948609
0.30925553 0.18623803 0.47415340
0.54043879 0.00213575 0.88989273
0.01840276 0.26236837 0.29468247
0.17855271 0.32138337 0.65783723
0.81689592 0.21535279 0.41092034
0.44036917 0.13395435 0.96626507
0.72086092 0.35426467 0.74761955
0.80517817 0.48189361 0.76472352
0.41996706 0.32782312 0.51052112
0.82932385 0.60004210 0.10103660
0.05271148 0.92116940 0.10509664
0.08984964 0.57723760 0.15643639
0.87472842 0.28775451 0.08438877
0.39045203 0.02695357 0.84233632
0.11487306 0.02079765 0.13292170
0.10872699 0.19618549 1.02840815
0.78486502 0.49079812 -0.02543969
0.78657392 0.87016221 0.59884994
0.89494879 0.62649622 0.13530075
0.64217905 0.84461847 0.24951263
0.05127260 0.75246862 0.41867940
0.33470645 0.77363723 0.11887203
0.38909633 0.22161471 0.38169905
0.11509096 0.39576946 0.84355128
0.35035814 0.29540596 0.52963160
0.33502978 0.11801036 0.43029186
0.07541722 0.69018516 0.81749829
0.27302606 0.92207252 0.43102456
0.79135740 0.67200618 0.13282996
0.91661870 0.92704668 0.23538580
0.27195347 0.05440388 1.05226102
0.06963754 0.52626853 0.52404671
0.79416578 0.99692869 0.88679874
0.65946587 0.81964928 -0.02277355
0.62342653 0.47950774 0.97977662
0.90747853 0.19927474 0.02306345
0.73352908 0.91039188 0.98055073
0.88878234 0.71696507 0.39533260
0.01268673 0.05414149 0.64037550
0.83686076 0.56744106 0.98219021
0.02072081 0.61298205 0.12211582
0.72353438 0.73032949 0.74183896
0.27001532 0.68961777 0.89032071
0.21571038 0.55410614 0.04458826
0.10848488 0.73653070 0.30995162
0.20238023 0.60580345 0.82703138
0.95321560 0.51911415 0.43648306
0.71180289 0.38863560 0.97475763
0.35698172 0.70067671 0.60451606
0.46302439 0.12320709 0.10429386
0.64692254 0.18893491 0.08059321
0.41644084 0.76932153 0.88185581
0.24014339 0.95626807 0.19263850
0.71698676 0.18410062 0.46297563
0.81208742 0.39510763 0.20653528
0.86542320 0.82149224 0.06881181
0.80886577 0.39489201 0.30722893
0.39930663 0.05390873 0.58731017
0.54379039 0.69829747 0.21401134
0.60615908 0.25155281 0.86515898
0.45014550 -0.07013445 0.02096195
0.03954368 0.25090467 0.05047828
0.50076995 0.83688571 0.34861798
0.89655100 0.85073226 0.58068752
0.85483038 0.97632244 0.15661732
0.14869289 0.28575247 0.91704169
0.02941813 0.41716702 0.89145139
0.10096436 0.82737517 0.21564953
0.48451633 0.74975923 0.42427187
0.81368664 0.76844739 0.33528503
0.98092429 0.22437946 0.15636246
0.94772867 0.47218062 0.77242911
0.40511918 0.23119676 0.92278091
0.34000139 0.20695287 0.87487621
0.38570478 0.70637551 0.01041596
0.49115318 0.67766186 0.13945132
0.96131364 0.38054705 0.97526184
0.43813896 0.28990018 0.34110648
0.77016858 0.67908195 0.68827956
0.39494209 -0.01613263 0.10913384
0.95368706 0.51276859 0.07035377
0.90540069 0.76544184 0.09254561
0.69312489 0.80107670 0.05466128
0.27078918 0.07937142 0.97068173
0.13913131 0.68815476 0.12203482
0.68433017 0.89737024 0.86881272
0.90102167 0.73715851 0.01298924
0.66650526 0.72687407 -0.01841273
0.23519902 0.68630452 -0.00450153
0.26555091 0.29818109 0.52177807
0.25864130 0.46932783 0.14948082
1.00898126 0.08014198 0.29141474
0.50472539 0.97361550 0.78291521
0.57199099 0.69336347 0.92176877
0.17717322 0.14523596 0.27070924
0.42803317 0.87379380 0.50872511
0.68789640 0.48395508 0.38776763
0.81988721 0.69232389 0.62654396
0.69080041 0.07768376 0.78341462
0.15778148 0.85980436 0.48589349
0.45470104 0.52489687 0.90127902
0.51217179 0.36978789 0.92911180
0.85934805 0.67503587 0.10471962
0.19297890 0.75177061 0.39379233
0.75178196 0.57372243 0.74401890
0.47168064 0.34635957 0.29145802
0.86841652 0.02342595 0.31454266
0.96164877 0.61379343 0.26630815
0.04036249 0.77195053 0.84346439
1.00041525 0.57509282 0.62297475
0.74355705 0.14640146 0.00353175
0.80386181 0.15217180 0.24931036
0.61862847 0.85314810 0.76834306
0.80791065 0.60891804 0.21247855
0.95143082 0.95519488 0.91742855
0.16177135 -0.00173534 0.21711302
0.65331504 0.82088489 0.48523872
0.29116281 0.85973522 0.38512107
0.90905577 0.17266331 0.22602973
0.18033562 0.69162608 0.80272952
0.57115634 0.67095244 0.04757479
0.55782959 0.18407817 0.28041776
0.88354601 0.37136476 0.17837274
0.66794584 0.54336847 0.20775528
0.46646789 0.95349421 0.17565352
0.80013748 0.14640408 0.51809242
0.28164870 0.44109428 0.43996674
0.85225329 1.00840715 0.23539307
0.44230940 0.86331564 0.87405463
0.57672076 0.25332916 0.52316909
0.63447879 0.08816319 0.94411973
0.69672898 0.34474770 0.11702577
0.21387363 0.10061977 0.07202571
0.51712679 0.30829492 0.24504694
0.88564310 0.27818329 0.15912496
0.82226964 0.28203767 0.53715233
0.76332637 0.03306412 0.76830483
0.90973544 0.23063446 0.51194703
0.64483433 0.89477725 0.30652434
0.14050595 0.54931857 0.76645132
0.56121792 0.80167304 0.17910782
0.88846263 0.85841287 0.48942424
0.33249754 0.62855194 0.26667417
0.26129962 0.57734405 0.11361750
0.99493968 0.35298927 0.47932691
0.51455432 -0.00482107 0.19270750
0.74243276 0.64042827 0.39156019
0.38680610 0.33508681 0.74192908
0.23338584 0.62794938 0.43079350
0.64384716 0.50301115 0.90769432
0.24727383 0.28408436 0.39533513
0.64096869 0.72030629 0.59789226
0.55110497 0.77484718 0.35021084
0.60553554 0.51183407 0.46607317
0.53873716 0.17460385 0.51723895
0.86239299 0.94839131 0.96394351
0.86176344 0.56916352 0.42526501
0.69731838 0.82177318 0.81306901
0.07307293 0.27124629 0.95914446
0.69775248 0.52004035 0.14383295
0.07746009 0.60682533 0.00903684
0.04489575 0.56244038 0.25641180
0.61459398 0.04644746 0.60113890
0.82495641 0.10854372 0.38506287
0.00055749 0.70225948 0.83533504
0.07323939 0.63118328 0.27938083
0.86226440 0.86148395 0.95632005
0.89594791 0.05755250 0.10394267
0.21950691 0.46341300 0.47915289
0.22915217 0.56622940 0.58305898
0.71069076 0.96702329 0.37156311
0.41283161 0.67333267 0.88582299
0.12971556 0.59246843 0.82974696
0.29885175 0.21950862 1.02809056
0.16522706 0.76449864 0.29306762
0.68767249 0.90307469 0.43855750
0.74316504 0.65720704 0.24338494
0.88025555 0.08801229 0.49195416
0.41928159 0.70988582 0.65182610
0.04818806 0.37938263 0.62356272
0.45069215 0.67355876 0.58441079
0.03616250 0.88353246 0.77474456
0.99010882 0.17188433 0.35477058
0.17358917 0.36070302 0.55340962
0.76223121 0.08308115 0.46833090
0.73921721 0.50835149 0.77853754
0.30075110 0.51936589 0.40824273
0.61364983 0.64920809 0.68831198
0.23888213 0.82437143 0.85837856
0.50321943 0.52633619 0.46155491
0.69526909 0.16455260 0.18567179
0.70924775 0.38522091 0.34176734
0.18004269 0.90690203 0.97626510
0.38110085 0.41023944 0.19454817
0.64796098 0.85649385 0.61815033
0.93244551 0.84060086 0.83071077
0.57409315 0.60609455 0.25568877
0.83150824 0.32893409 0.20145212
0.55038333 0.27541792 0.59326370
0.93574099 0.09019513 0.81160031
0.22710649 0.78611496 0.78372587
0.46443686 0.36653229 0.14093290
0.94553711 0.67495089 0.92763192
0.38062460 0.38165463 0.68376097
0.77323750 0.41761750 0.59545466
0.84468266 0.19105467 0.13274647
0.48073479 0.57298417 0.84526189
0.60295659 0.50163931 0.62738213
0.03737216 0.45250884 0.80354110
0.87315027 0.49542468 0.10826731
0.50216794 0.07398272 0.64903757
0.15555403 0.38993978 0.90368305
0.98153786 0.06988716 0.47407461
0.60580689 0.20684872 0.80830666
0.83998654 0.09186901 0.57041331
0.59284883 0.51766291 0.10466190
0.56645672 0.09601097 0.34388936
0.61727314 0.57875759 0.13760073
0.56009634 0.54477297 0.74864505
0.70239838 0.57351173 0.67827842
0.95174330 0.20718569 0.78623092
0.73447964 0.74061437 -0.00014578
0.77917325 0.52632347 0.56907035
0.52695001 0.50584049 0.36224961
0.93628669 0.71236290 0.58104339
0.39424069 0.49736330 1.02601580
0.70844556 0.23237163 0.08135526
0.25554452 0.00341813 0.76625776
0.80871331 0.42921501 0.72007321
1.00540034 1.00179342 0.27386611
0.95498660 0.58090146 0.10283476
0.67006165 0.91140729 0.77835987
0.54546634 0.62899444 0.96902954
0.01931145 0.21619731 0.39500158
0.76447422 0.09592135 0.72746184
0.36984301 0.43785500 0.38024918
0.01928821 0.96399104 0.87566792
0.59614569 0.18446991 0.70655671
0.21791220 0.24720974 0.76328867
0.95006424 0.56948009 0.95467329
0.19817233 0.90859152 0.63325071
0.29575372 0.48950876 0.84951639
0.33254160 0.87052294 0.20075224
0.18360915 0.94414821 0.27110827
0.08572170 0.55230142 0.38014199
0.04939029 0.83151584 0.47944379
0.62938396 0.17234769 0.17310020
0.02701782 0.11464814 0.04599905
0.03279344 0.86875662 0.85970844
0.34811074 0.24231180 0.25874826
0.19378769 0.00006583 0.73340479
0.39665845 0.79283860 0.07464721
0.13727199 0.41996865 0.09049505
0.79951963 0.76234419 0.76711901
0.02890948 0.68747367 0.16568830
0.87937660 0.12427700 0.11651129
0.58723316 1.07795348 0.41583342
0.53160665 0.97920718 0.65814586
0.23222138 0.69692161 0.44796545
0.37224482 0.52917559 0.79494788
0.18671899 0.87147509 0.84620977
0.26087971 0.88131869 0.27439069
0.55771055 0.91784086 0.75563807
0.49838158 0.01581866 0.49216569
0.49793031 0.95102800 0.31693272
0.60657078 0.98892126 0.79803254
0.85001177 0.20387842 0.92950581
0.19396160 0.37774223 0.24632901
0.27177207 0.36929624 0.63121999
0.51035371 0.45173458 0.73469875
0.67971395 0.41687895 0.58050778
0.60159451 0.30024475 0.71619053
0.25968922 0.02697289 0.24943238
0.95652578 0.30092293 0.57406098
0.57009892 0.75215131 0.26818554
0.13553160 0.60935008 0.57337972
0.27874701 0.79512898 0.50319916
0.40462017 0.89544470 0.30664030
0.01371092 0.08475916 0.76278376
0.97744521 0.64522742 0.71184295
0.09765242 0.68877976 0.50452489
0.81153990 0.93126834 0.19081939
0.31002402 0.71204500 0.13405109
0.14891858 0.47099146 0.28307197
0.83106649 0.59867405 0.61134842
0.34776697 0.61056012 0.19137909
0.74225589 0.19942067 0.14974946
0.07561661 0.07254832 0.79827464
0.49761258 0.41440547 -0.00179583
0.19189772 0.65796896 0.52103014
0.93106820 0.84537621 0.00457096
0.78835869 0.28285588 0.80152280
0.80830625 0.79519638 0.88502202
0.13079240 0.52120423 0.84088423
0.24158806 0.25531339 0.97951076
0.58314285 0.32463595 0.52515237
0.64170093 0.08326006 0.48426113
0.23182074 0.39701134 0.13729773
0.70285480 0.01461232 0.53578116
0.21171628 0.04439328 0.85904555
0.45275521 0.71964126 0.21776203
0.96743455 0.21066129 0.47595370
0.03874211 0.05355172 0.36611310
0.24639262 0.08001002 0.41448580
0.66544195 0.20988406 0.85611485
0.13984584 0.96149343 0.40214539
0.94467145 0.71795466 0.17541227
0.73224673 1.04613045 0.36251816
0.60479008 0.96947155 0.04657673
0.92733675 0.72158751 0.47882475
0.08841994 0.64134634 0.65400434
0.52675511 0.73920869 0.52843773
0.36233094 0.10420836 0.12455259
0.80073882 0.62574339 0.93131866
0.84713102 0.46387417 0.02826295
0.12183069 0.44408202 0.47679172
0.57537142 0.26407849 0.38924255
1.01857898 0.89343629 0.38792972
0.81773764 0.70267504 0.82712570
0.42667456 0.27887820 0.17505446
0.63435637 0.33116298 0.08658995
0.74532698 0.43782477 0.88620392
0.76754084 0.61288050 0.30690677
0.71252525 0.54889201 0.99812995
0.62517594 0.19403245 0.98947701
0.57881748 0.35709951 0.38028597
0.71053504 0.48895732 0.85745100
0.51381299 0.58821015 0.91596023
0.16774105 0.30019402 0.14287113
0.08573182 0.09342747 0.92302948
0.16382555 0.23348980 0.97749164
0.06173335 0.47330349 0.59048652
0.46608054 0.46891040 0.82428766
1.04052599 0.92431262 0.68138501
0.02028677 0.54970841 0.73403504
0.71991737 0.25011062 0.35396075
0.69704574 0.47185500 -0.03562328
0.95898290 0.78138239 0.51522965
0.65317253 0.99754812 0.41506566
0.53642541 0.77139730 0.59937861
0.82900871 0.81250490 0.40028239
0.21762238 0.39089438 0.78235420
0.82075782 0.75882447 -0.01093258
0.48994706 0.17230296 0.92489331
0.76801710 0.38506217 0.81175620
0.19955850 0.50058808 0.85177675
0.45721118 0.54109449 0.61327807
0.21997054 0.76849720 0.12178251
0.72352252 0.60352475 0.09869389
0.27377102 -0.02275138 0.87378312
0.72898004 0.30857158 0.22801439
0.90965840 0.61602986 0.51131697
0.33731429 0.30548837 0.84645326
0.09025802 0.39801536 0.26250974
0.64865257 0.42306788 0.38785376
0.06576630 0.97320752 0.41863212
0.26916569 0.36601604 0.53775976
0.58275758 0.82281176 0.59071337
0.37688464 0.73141551 0.30139659
0.68420269 -0.00486511 0.20924352
0.58805978 0.23348555 0.11337784
0.78155164 0.80571903 0.48885615
1.04088265 0.58604780 0.80029411
0.45564132 0.53021402 0.07836613
0.02135036 0.17726040 0.26490136
0.13328600 0.82425927 0.83370430
0.58677320 0.80591843 0.91610005
0.71318155 0.34475060 0.61594196
0.63193420 0.63959718 0.38738306
0.25056692 0.82415549 0.70152531
0.13091272 0.45510569 0.62613503
0.50037828 0.69063311 0.73879900
0.33785676 0.42421478 0.62872422
-0.02716541 0.42726346 0.20910031
0.80462393 0.80350916 0.24888440
0.19557528 0.83676209 0.03981710
0.59865623 0.90554890 0.60484258
1.01495978 0.29786692 0.85881351
0.14376757 0.57863386 -0.07418097
0.18969921 0.71148759 0.57483197
0.88666350 0.72053202 0.92385658
0.35822275 0.05934685 0.70872189
0.08605822 0.14333136 0.86741738
0.33563318 0.58896089 0.57035871
0.68239273 0.69652931 0.43362884
0.35415843 0.94128429 0.22031266
0.35338168 0.55604929 0.29100435
1.01578402 0.90132470 0.92593787
0.63610723 0.06742732 1.03446103
0.65141361 0.05990040 0.69053646
0.33125071 0.68347361 0.39066633
0.06851142 0.34946093 0.87569830
0.96547042 0.11966595 0.24359953
0.11876313 0.95431825 0.68347227
0.97363340 0.77942344 0.22652360
0.60633510 0.12509520 0.83313481
0.54632573 0.47518989 0.43503836
0.68149349 0.21564116 0.27866937
0.46836209 0.14118346 0.50603699
0.74108716 0.32246513 0.84756367
0.13655151 0.79583866 0.50379988
0.55643548 0.57961370 0.44390857
0.77727024 0.47335581 0.13419175
1.05380090 0.07760761 0.98342289
0.64455510 0.12087328 0.22577077
0.51970290 0.22312022 0.08147818
0.73636817 0.44275429 0.77968876
0.56606099 0.70249324 0.78586108
0.34059134 0.41961596 0.92937559
0.88775584 0.43648263 0.86922409
0.42426755 0.91231374 0.09571634
0.13527086 0.11469015 0.38743654
0.06678470 0.35003265 0.13677745
0.74734966 0.72666704 0.92307876
0.29049617 0.02788711 0.68318207
0.55434413 0.36762757 0.21775016
0.59259727 0.44490477 0.79321640
0.43338680 0.84052829 0.35847819
0.00253197 0.88236834 0.04620333
0.83496009 0.31870304 0.45411167
0.62534196 0.02831929 0.25007559
0.44880272 0.30286088 0.89736377
0.07116934 0.18814285 0.95933534
0.87665759 0.28964355 0.60561643
0.17446806 0.95983378 0.92230828
0.74846382 0.65718671 0.84323200
0.53692005 1.00126458 0.08077707
0.12260395 0.73852432 0.41910396
0.31714843 0.79108962 0.59023238
1.00464023 0.88228662 0.14906072
0.27057032 0.50795480 0.59674464
0.72125690 0.27479353 0.57609321
0.52029860 0.30893737 0.86192336
1.00382443 0.24998872 0.95095764
0.46676277 0.78059641 0.78860419
0.67516723 0.50846689 0.73672585
0.47871714 0.92855282 0.63485911
0.19586324 0.50621970 0.32915073
0.43812533 0.61316520 0.92742372
0.51254665 0.21817327 0.76242830
0.13780113 0.66097971 0.31190793
0.36884536 0.36006977 0.87830893
0.71930031 0.22608468 0.79694484
0.86778516 0.47556157 0.22521844
0.07097381 0.49167144 0.10138903
0.25040376 0.44557071 0.29941544
0.67523711 0.11352977 0.35876625
0.60791567 0.16927208 0.46254358
0.42300729 0.42529486 0.28493716
0.60794624 0.27109711 0.32018030
0.34200431 0.53438714 0.61942958
0.41355851 0.50395628 0.14651536
0.35786565 0.48135477 0.21976548
1.01589163 0.15874754 0.51704677
0.09546886 0.84711048 0.55421207
0.81952376 -0.01177503 0.73641671
0.55811275 1.02056991 0.31271285
0.97007926 0.23199217 0.57588456
0.46677702 0.04524057 0.20564620
0.63685034 0.99591005 0.50477459
0.28863443 0.52096108 0.25322481
0.42275334 0.07287218 0.91243895
0.45511766 0.00621351 0.92792060
0.94311701 0.07455386 0.54358913
0.15882579 0.16859618 0.64938204
0.22699204 0.29367419 0.60922293
0.06886617 0.44975165 0.67518354
0.33691491 0.69081345 0.69474271
0.56405665 0.17100742 0.60034699
0.17359991 0.61422648 0.46446714
0.86670932 0.70018859 0.26350933
0.12098887 0.23126648 0.81565948
0.54800294 0.12244408 0.66510583
0.61880945 0.92986587 0.17321877
0.10335612 0.93919974 0.84820686
0.35758952 0.90252347 0.40085443
0.43372478 0.44356249 -0.08411674
0.89059843 0.54710059 0.16560385
0.68306761 0.25443724 0.48415619
0.70246948 -0.01434099 0.75074570
0.45171035 0.44454544 0.63009914
0.38580302 0.07049731 0.24864702
0.35085676 0.49425542 0.95884274
0.90631355 0.18601712 0.73177577
0.95686978 0.11685076 0.04192438
0.79429755 0.62808807 0.74645547
0.28298701 0.13990791 0.53478367
0.17447040 0.29248031 0.02156277
0.87209924 0.42107258 0.28412381
0.14224882 0.19143079 0.90537447
0.84071034 0.54123687 0.79244844
0.38480926 0.15578548 0.50156007
0.21419301 0.46744942 0.67440744
0.63989185 0.72556622 0.36284504
0.70748816 0.20444411 0.98238432
0.98742748 0.79084547 0.32892703
0.70303831 0.10315787 0.93392938
0.87744044 0.91796116 0.37372938
0.30138536 0.82991698 0.12509075
0.93546052 0.31004704 0.70859702
0.61938687 0.74367884 0.18336281
0.69818963 0.28287277 0.16650208
0.39695362 0.72406482 0.81090458
0.11384006 0.75612906 0.11578942
0.86587541 0.76103546 0.59969959
0.78154385 0.80998669 0.66545080
0.74807299 0.06416341 0.63964816
0.10585512 0.65143706 0.75370101
0.39784825 0.59157627 0.68529767
0.96435538 0.27156591 0.77357941
0.23594399 0.60238974 0.65500980
0.59889944 0.88874774 0.69429704
0.14565129 0.03855592 0.37199085
0.16200551 0.47021629 0.54758129
0.87850134 1.03208445 0.95348820
0.24913692 0.79948565 0.20378330
0.90894095 0.57357080 0.25342003
0.77486355 0.48958100 0.05570364
0.44775456 0.42769871 0.74255061
0.87602765 -0.01341825 0.59889121
0.73676257 0.15227010 0.58739647
0.97238117 1.02077670 0.37189694
0.29944466 0.68729457 -0.00014330
0.18463912 0.86351948 0.70707330
0.64054635 0.44554076 0.49520435
0.72547308 0.05890597 0.11180728
0.60524728 0.47642748 0.36707405
0.62879587 0.48057051 0.16103703
0.41544363 0.27212315 0.82151419
0.22725181 0.90720182 0.50624415
0.43594184 0.51080450 0.46306982
0.28554006 0.36960948 0.97925404
0.21250704 0.51155596 0.24284022
0.53788575 0.23969084 0.22460146
0.76172800 0.35488246 0.27195197
0.44235800 0.37708549 0.93603685
0.77748746 0.47495320 0.22420042
0.37038481 -0.02126720 0.38690768
0.04148227 0.70833537 0.29738817
0.04874986 0.11242479 0.58102116
0.69384684 0.45505381 0.17627704
0.41573371 0.27948297 0.04119225
0.19649835 0.11535351 0.46208275
0.20822189 0.57140294 0.72586550
0.13971839 0.65985778 1.04413846
0.39697044 0.09961765 0.32244564
0.07284893 0.55936435 0.64785807
0.64651741 0.35255869 0.51475760
0.12402818 0.76793924 0.65159791
0.28639634 0.55680920 0.18954368
1.00824139 0.98234006 0.99816963
0.65991591 0.60548640 0.91109484
1.03716161 0.96287562 0.16533039
0.08431020 0.75271990 -0.02637794
0.42294970 0.12079021 0.03885984
0.37170399 0.16428216 0.33245637
0.69212712 0.86600946 0.53575368
0.70240740 0.81345817 0.89948451
0.44429411 -0.06189990 0.81920430
0.68809392 1.02323050 -0.01895811
0.96113825 0.35787596 0.75981646
0.24483636 0.81797658 0.36290436
0.43080478 0.45782593 0.54423590
0.65893513 0.68202388 0.90384208
0.32247546 0.12326850 0.88631977
0.31434099 -0.02979846 0.09823035
0.73053753 0.43070047 0.23414159
0.97330014 0.09663417 0.68681071
0.65386897 0.94415210 0.69833678
0.81740298 0.43660050 0.84566858
0.90519525 0.11273096 0.72297007
0.00487363 0.51484691 0.49841862
0.52304306 0.52245895 0.11692962
0.35535160 0.75239214 0.95638566
0.15910656 0.43504171 0.21576876
0.64957478 0.65444557 0.01162866
0.40000942 -0.04366326 0.72438399
0.54416723 0.40171909 0.32701801
0.50553839 0.24103924 0.87450704
0.65290227 0.35350834 0.74185914
0.89034928 0.38814535 0.39073800
0.45575055 0.23828284 -0.00807134
0.11486913 0.90992756 0.44903416
0.18750960 0.62703564 0.99892957
0.48212825 0.76770641 0.01476015
0.39541593 0.04218211 0.04147401
0.24493363 0.72210741 0.06905106
0.89094018 0.34468589 0.65936136
0.66183089 0.64528028 0.75310597
0.17921344 0.89081735 0.34797319
-0.02658630 0.13622696 0.58676352
0.38354240 0.88808552 0.99851908
0.47040849 0.03193440 1.01300787
0.33971215 0.98732015 0.30833652
0.48187730 0.85223510 0.73625674
0.50850432 0.87240106 0.96513656
0.28439206 0.88225592 0.78110024
0.17646076 0.01571775 0.62534463
1.00284623 0.10145312 0.91582488
0.19538290 0.28710257 0.52262754
0.44560481 0.14985964 0.31230881
0.63025159 0.89221544 0.91880940
0.74974645 0.99658689 0.64237333
0.47411664 0.73366292 0.08956170
0.79303394 0.21822324 0.85300125
0.39442074 0.46323042 0.84950934
0.84057816 0.73466039 0.14670567
0.49596693 0.11396820 0.35153769
0.99324094 0.07528566 0.15433401
0.39346195 0.61877309 0.77109292
0.08437845 0.09391844 0.65190756
0.73560170 0.72640757 0.13545232
0.76913066 0.37448590 0.67748384
0.13304154 0.32363419 0.47246068
0.95641770 0.36161061 0.15252221
0.39019473 0.62190449 0.60287916
-0.00496520 0.52089607 0.28571272
0.57394488 0.71162713 0.11170391
0.88022995 0.20466105 0.65861557
0.35868373 0.60751219 0.42193102
0.34819385 0.77810798 0.82158106
0.97538299 0.63396668 0.80781561
0.22032918 0.18399241 0.98536733
0.08242190 0.46571402 0.92333083
0.65827030 0.94014806 0.11477880
0.62567684 0.84774215 0.42071534
0.30331653 0.44788871 0.23968742
0.74532109 0.53828929 0.26736478
0.67958932 0.81033904 0.73024304
0.16334313 0.24336103 0.46216119
0.26994179 0.17936365 0.81243748
0.05547188 0.15518594 0.67279722
0.15228746 0.06875217 0.22766543
0.84778326 0.22827318 0.79856298
0.56191402 0.82741138 0.83852048
0.41030482 0.14892657 0.16182285
0.91424233 0.11159343 0.90819999
0.75623764 0.81026820 1.01516265
0.65908413 0.23587629 0.61572850
0.32730264 0.02427761 0.95055721
0.31527530 0.52590886 0.12680164
0.31490572 0.77038395 0.43045053
0.04592931 0.26764353 0.13517259
0.51625430 0.80686313 0.47340391
