Simulation began at: 2022-12-02 20:44:03.069437

Box details:
	cell parameters = 52.79450 54.79430 45.19530
	cell volume = 130742.65416 Å^3
	Ca number density = 0.01239075

Lennard-Jones parameters set:
	eps = 0.00950718 eV
	sigma = 3.75849720 Å

Gaussian parameters set:
	eps = 0.03968365 eV
	H = -0.05979992 eV # See LAMMPS documentation
	r0 = 5.99124646 Å
	sigma = 0.60117255 Å

Gaussian (II) parameters set:
	eps = -0.03112717 eV
	H = 0.07261839 eV # See LAMMPS documentation
	r0 = 5.91965995 Å
	sigma = 0.93071570 Å

Performing Monte-Carlo simulation.
	Max moves = 8000000
	Max accepted moves = 4000000
	Temperature = 300 K
	Max translation = 0.1 Å
	Energy(start) = 778781728.28681 eV
	Number of cores = 48


Tracking simulation progress:
nmoves, naccept, nboltzmann, nhardspherereject, nreject | curr_e, hs_violations
-------------------------------------------------------------------------------
         0          0          0          0          0 | 778781728.28681386            -
     10000       5757        766          0       4243 | 3507910.63168541            -
     20000      11573       1720          0       8427 | 51979.22786962            -
     30000      17561       2876          0      12439 | 7142.38808738            -
     40000      23656       4287          0      16344 |  74.64702885            -
     50000      30026       6064          0      19974 |   3.50996781            -
     60000      36589       8085          0      23411 |   0.89492859            -
     70000      43452      10434          0      26548 |   0.34048033            -
     80000      50532      13040          0      29468 |   0.16014569            -
     90000      57901      16020          0      32099 |   0.09708058            -
    100000      65564      19277          0      34436 |   0.06123028            -
    110000      73353      22732          0      36647 |   0.04374941            -
    120000      81349      26381          0      38651 |   0.03419010            -
    130000      89455      30111          0      40545 |   0.02779269            -
    140000      97715      34050          0      42285 |   0.02360849            -
    150000     106035      38045          0      43965 |   0.01997681            -
    160000     114401      41958          0      45599 |   0.01701376            -
    170000     122767      46000          0      47233 |   0.01567028            -
    180000     131148      50083          0      48852 |   0.01485118            -
    190000     139605      54187          0      50395 |   0.01321998            -
    200000     148090      58279          0      51910 |   0.01148406            -
    210000     156634      62442          0      53366 |   0.00980621            -
    220000     165177      66732          0      54823 |   0.00939615            -
    230000     173691      70925          0      56309 |   0.00906913            -
    240000     182281      75165          0      57719 |   0.00791439            -
    250000     190892      79439          0      59108 |   0.00732084            -
    260000     199480      83681          0      60520 |   0.00671787            -
    270000     208070      87909          0      61930 |   0.00563827            -
    280000     216678      92179          0      63322 |   0.00576639            -
    290000     225226      96459          0      64774 |   0.00639091            -
    300000     233802     100680          0      66198 |   0.00550067            -
    310000     242405     104885          0      67595 |   0.00412954            -
    320000     251155     109250          0      68845 |   0.00463018            -
    330000     259839     113664          0      70161 |   0.00487545            -
    340000     268494     117953          0      71506 |   0.00449414            -
    350000     277106     122215          0      72894 |   0.00383950            -
    360000     285783     126476          0      74217 |   0.00325889            -
    370000     294538     130850          0      75462 |   0.00365346            -
    380000     303216     135164          0      76784 |   0.00403024            -
    390000     311873     139542          0      78127 |   0.00407563            -
    400000     320512     143789          0      79488 |   0.00374702            -
    410000     329247     148090          0      80753 |   0.00338506            -
    420000     337920     152409          0      82080 |   0.00324139            -
    430000     346625     156743          0      83375 |   0.00263633            -
    440000     355263     161089          0      84737 |   0.00256627            -
    450000     363984     165450          0      86016 |   0.00269162            -
    460000     372653     169794          0      87347 |   0.00292169            -
    470000     381334     174096          0      88666 |   0.00242493            -
    480000     390099     178481          0      89901 |   0.00232855            -
    490000     398838     182794          0      91162 |   0.00216868            -
    500000     407598     187166          0      92402 |   0.00144204            -
    510000     416345     191579          0      93655 |   0.00193043            -
    520000     425078     196004          0      94922 |   0.00190094            -
    530000     433786     200308          0      96214 |   0.00143233            -
    540000     442586     204743          0      97414 |   0.00178113            -
    550000     451409     209087          0      98591 |   0.00122784            -
    560000     460180     213480          0      99820 |   0.00136133            -
    570000     468951     217845          0     101049 |   0.00110162            -
    580000     477748     222248          0     102252 |   0.00069959            -
    590000     486490     226632          0     103510 |   0.00071729            -
    600000     495257     231025          0     104743 |   0.00078797            -
    610000     503972     235442          0     106028 |   0.00110254            -
    620000     512702     239769          0     107298 |   0.00102971            -
    630000     521451     244084          0     108549 |   0.00110254            -
    640000     530263     248476          0     109737 |   0.00113769            -
    650000     539035     252722          0     110965 |  -0.00007920            -
    660000     547774     257081          0     112226 |  -0.00029390            -
    670000     556557     261534          0     113443 |   0.00028747            -
    680000     565393     265951          0     114607 |   0.00020364            -
    690000     574164     270432          0     115836 |   0.00090468            -
    700000     582904     274709          0     117096 |  -0.00016708            -
    710000     591689     279078          0     118311 |   0.00042108            -
    720000     600433     283476          0     119567 |   0.00058411            -
    730000     609165     287755          0     120835 |  -0.00010394            -
    740000     617888     292056          0     122112 |  -0.00085273            -
    750000     626662     296475          0     123338 |  -0.00039076            -
    760000     635412     300915          0     124588 |   0.00018040            -
    770000     644242     305257          0     125758 |  -0.00036136            -
    780000     652940     309583          0     127060 |  -0.00100978            -
    790000     661704     313976          0     128296 |  -0.00076927            -
    800000     670460     318382          0     129540 |  -0.00054077            -
    810000     679280     322749          0     130720 |  -0.00106364            -
    820000     688041     327116          0     131959 |  -0.00067808            -
    830000     696806     331507          0     133194 |  -0.00046562            -
    840000     705520     335839          0     134480 |  -0.00066703            -
    850000     714278     340232          0     135722 |  -0.00068653            -
    860000     723039     344572          0     136961 |  -0.00105450            -
    870000     731824     348983          0     138176 |  -0.00111040            -
    880000     740564     353378          0     139436 |  -0.00103331            -
    890000     749345     357787          0     140655 |  -0.00080000            -
    900000     758062     362216          0     141938 |  -0.00032505            -
    910000     766841     366572          0     143159 |  -0.00088735            -
    920000     775556     370955          0     144444 |   0.00015980            -
    930000     784341     375378          0     145659 |  -0.00000569            -
    940000     793081     379662          0     146919 |  -0.00023489            -
    950000     801797     384070          0     148203 |   0.00011462            -
    960000     810476     388306          0     149524 |  -0.00046886            -
    970000     819257     392618          0     150743 |  -0.00110675            -
    980000     828002     396979          0     151998 |  -0.00099449            -
    990000     836701     401411          0     153299 |  -0.00009993            -
   1000000     845490     405749          0     154510 |  -0.00081166            -
   1010000     854295     410084          0     155705 |  -0.00174510            -
   1020000     863124     414583          0     156876 |  -0.00097460            -
   1030000     871882     419024          0     158118 |  -0.00100900            -
   1040000     880681     423438          0     159319 |  -0.00123580            -
   1050000     889485     427842          0     160515 |  -0.00070880            -
   1060000     898258     432169          0     161742 |  -0.00125951            -
   1070000     907052     436623          0     162948 |  -0.00122779            -
   1080000     915850     441035          0     164150 |  -0.00172404            -
   1090000     924720     445454          0     165280 |  -0.00127184            -
   1100000     933568     449897          0     166432 |  -0.00148980            -
   1110000     942357     454376          0     167643 |  -0.00119529            -
   1120000     951191     458771          0     168809 |  -0.00094091            -
   1130000     960037     463267          0     169963 |  -0.00060869            -
   1140000     968841     467600          0     171159 |  -0.00103697            -
   1150000     977666     471954          0     172334 |  -0.00153792            -
   1160000     986489     476350          0     173511 |  -0.00127486            -
   1170000     995333     480815          0     174667 |  -0.00132729            -
   1180000    1004111     485263          0     175889 |  -0.00142654            -
   1190000    1012887     489698          0     177113 |  -0.00082482            -
   1200000    1021723     494056          0     178277 |  -0.00142951            -
   1210000    1030591     498545          0     179409 |  -0.00090991            -
   1220000    1039413     502936          0     180587 |  -0.00054347            -
   1230000    1048174     507314          0     181826 |  -0.00066789            -
   1240000    1056945     511663          0     183055 |  -0.00086745            -
   1250000    1065752     516053          0     184248 |  -0.00136630            -
   1260000    1074564     520446          0     185436 |  -0.00138946            -
   1270000    1083353     524895          0     186647 |  -0.00142047            -
   1280000    1092192     529413          0     187808 |  -0.00005080            -
   1290000    1100944     533735          0     189056 |  -0.00064082            -
   1300000    1109728     538123          0     190272 |  -0.00051088            -
   1310000    1118484     542430          0     191516 |  -0.00072280            -
   1320000    1127274     546852          0     192726 |  -0.00058806            -
   1330000    1136067     551238          0     193933 |  -0.00080107            -
   1340000    1144857     555607          0     195143 |  -0.00126328            -
   1350000    1153690     560042          0     196310 |  -0.00106637            -
   1360000    1162475     564505          0     197525 |  -0.00085025            -
   1370000    1171227     568830          0     198773 |  -0.00112253            -
   1380000    1180038     573087          0     199962 |  -0.00174723            -
   1390000    1188851     577482          0     201149 |  -0.00170747            -
   1400000    1197688     581958          0     202312 |  -0.00171697            -
   1410000    1206466     586388          0     203534 |  -0.00169726            -
   1420000    1215252     590782          0     204748 |  -0.00129324            -
   1430000    1224046     595164          0     205954 |  -0.00159429            -
   1440000    1232737     599527          0     207263 |  -0.00145859            -
   1450000    1241532     603896          0     208468 |  -0.00225601            -
   1460000    1250326     608286          0     209674 |  -0.00249876            -
   1470000    1259154     612772          0     210846 |  -0.00219813            -
   1480000    1267939     617190          0     212061 |  -0.00216428            -
   1490000    1276757     621548          0     213243 |  -0.00216183            -
   1500000    1285542     625998          0     214458 |  -0.00188574            -
   1510000    1294395     630438          0     215605 |  -0.00147906            -
   1520000    1303228     634778          0     216772 |  -0.00191805            -
   1530000    1312100     639143          0     217900 |  -0.00215978            -
   1540000    1320938     643600          0     219062 |  -0.00217105            -
   1550000    1329774     647999          0     220226 |  -0.00249946            -
   1560000    1338656     652408          0     221344 |  -0.00254400            -
   1570000    1347407     656826          0     222593 |  -0.00213037            -
   1580000    1356169     661246          0     223831 |  -0.00186865            -
   1590000    1365004     665673          0     224996 |  -0.00153415            -
   1600000    1373842     670060          0     226158 |  -0.00125256            -
   1610000    1382620     674489          0     227380 |  -0.00142567            -
   1620000    1391405     678880          0     228595 |  -0.00165461            -
   1630000    1400147     683202          0     229853 |  -0.00176870            -
   1640000    1408958     687589          0     231042 |  -0.00197782            -
   1650000    1417776     691959          0     232224 |  -0.00215877            -
   1660000    1426609     696354          0     233391 |  -0.00191414            -
   1670000    1435405     700704          0     234595 |  -0.00243186            -
   1680000    1444198     705128          0     235802 |  -0.00194771            -
   1690000    1453039     709519          0     236961 |  -0.00232069            -
   1700000    1461904     713862          0     238096 |  -0.00298055            -
   1710000    1470699     718331          0     239301 |  -0.00267045            -
   1720000    1479568     722813          0     240432 |  -0.00235825            -
   1730000    1488407     727202          0     241593 |  -0.00248034            -
   1740000    1497261     731645          0     242739 |  -0.00228643            -
   1750000    1506092     736076          0     243908 |  -0.00191552            -
   1760000    1514982     740495          0     245018 |  -0.00191416            -
   1770000    1523793     744883          0     246207 |  -0.00148027            -
   1780000    1532623     749244          0     247377 |  -0.00214059            -
   1790000    1541394     753582          0     248606 |  -0.00222724            -
   1800000    1550263     758048          0     249737 |  -0.00226122            -
   1810000    1559109     762471          0     250891 |  -0.00259091            -
   1820000    1567972     766918          0     252028 |  -0.00194385            -
   1830000    1576834     771286          0     253166 |  -0.00304071            -
   1840000    1585673     775772          0     254327 |  -0.00241733            -
   1850000    1594541     780192          0     255459 |  -0.00247578            -
   1860000    1603390     784610          0     256610 |  -0.00241175            -
   1870000    1612256     789103          0     257744 |  -0.00181183            -
   1880000    1621023     793515          0     258977 |  -0.00203595            -
   1890000    1629813     797879          0     260187 |  -0.00151370            -
   1900000    1638585     802266          0     261415 |  -0.00162606            -
   1910000    1647427     806647          0     262573 |  -0.00231298            -
   1920000    1656214     811052          0     263786 |  -0.00261816            -
   1930000    1665049     815435          0     264951 |  -0.00300995            -
   1940000    1673854     819901          0     266146 |  -0.00227961            -
   1950000    1682711     824366          0     267289 |  -0.00240468            -
   1960000    1691478     828776          0     268522 |  -0.00222045            -
   1970000    1700340     833142          0     269660 |  -0.00278439            -
   1980000    1709157     837625          0     270843 |  -0.00233265            -
   1990000    1718075     842035          0     271925 |  -0.00221212            -
   2000000    1726934     846472          0     273066 |  -0.00270863            -
   2010000    1735787     850898          0     274213 |  -0.00215854            -
   2020000    1744613     855284          0     275387 |  -0.00242725            -
   2030000    1753429     859675          0     276571 |  -0.00263215            -
   2040000    1762230     864068          0     277770 |  -0.00212192            -
   2050000    1771062     868431          0     278938 |  -0.00242217            -
   2060000    1779953     872862          0     280047 |  -0.00210621            -
   2070000    1788744     877276          0     281256 |  -0.00198205            -
   2080000    1797536     881661          0     282464 |  -0.00236183            -
   2090000    1806384     886057          0     283616 |  -0.00246590            -
   2100000    1815231     890418          0     284769 |  -0.00299691            -
   2110000    1824118     894928          0     285882 |  -0.00214805            -
   2120000    1832897     899427          0     287103 |  -0.00154038            -
   2130000    1841671     903865          0     288329 |  -0.00106629            -
   2140000    1850508     908306          0     289492 |  -0.00100006            -
   2150000    1859308     912689          0     290692 |  -0.00143626            -
   2160000    1868095     917075          0     291905 |  -0.00114576            -
   2170000    1876918     921429          0     293082 |  -0.00112650            -
   2180000    1885683     925780          0     294317 |  -0.00193767            -
   2190000    1894511     930228          0     295489 |  -0.00186835            -
   2200000    1903304     934617          0     296696 |  -0.00205161            -
   2210000    1912152     939057          0     297848 |  -0.00219483            -
   2220000    1920997     943469          0     299003 |  -0.00233234            -
   2230000    1929828     947923          0     300172 |  -0.00191322            -
   2240000    1938626     952303          0     301374 |  -0.00252187            -
   2250000    1947509     956705          0     302491 |  -0.00228442            -
   2260000    1956318     961159          0     303682 |  -0.00180326            -
   2270000    1965159     965579          0     304841 |  -0.00192511            -
   2280000    1973977     969926          0     306023 |  -0.00269623            -
   2290000    1982785     974292          0     307215 |  -0.00290242            -
   2300000    1991652     978756          0     308348 |  -0.00294496            -
   2310000    2000488     983219          0     309512 |  -0.00230702            -
   2320000    2009292     987547          0     310708 |  -0.00275637            -
   2330000    2018118     991992          0     311882 |  -0.00219651            -
   2340000    2026926     996359          0     313074 |  -0.00216904            -
   2350000    2035777    1000816          0     314223 |  -0.00169276            -
   2360000    2044577    1005242          0     315423 |  -0.00188882            -
   2370000    2053404    1009570          0     316596 |  -0.00279101            -
   2380000    2062297    1014023          0     317703 |  -0.00289090            -
   2390000    2071111    1018523          0     318889 |  -0.00219535            -
   2400000    2079927    1022901          0     320073 |  -0.00256457            -
   2410000    2088727    1027304          0     321273 |  -0.00244430            -
   2420000    2097564    1031640          0     322436 |  -0.00307805            -
   2430000    2106369    1036026          0     323631 |  -0.00326371            -
   2440000    2115268    1040456          0     324732 |  -0.00349812            -
   2450000    2124167    1044931          0     325833 |  -0.00307764            -
   2460000    2132987    1049281          0     327013 |  -0.00325440            -
   2470000    2141844    1053722          0     328156 |  -0.00299877            -
   2480000    2150631    1058093          0     329369 |  -0.00294376            -
   2490000    2159493    1062577          0     330507 |  -0.00238922            -
   2500000    2168282    1066926          0     331718 |  -0.00253426            -
   2510000    2177121    1071386          0     332879 |  -0.00225107            -
   2520000    2185949    1075763          0     334051 |  -0.00290846            -
   2530000    2194776    1080143          0     335224 |  -0.00310763            -
   2540000    2203594    1084563          0     336406 |  -0.00262005            -
   2550000    2212393    1088926          0     337607 |  -0.00291398            -
   2560000    2221214    1093317          0     338786 |  -0.00308339            -
   2570000    2230035    1097713          0     339965 |  -0.00318311            -
   2580000    2238889    1102106          0     341111 |  -0.00326452            -
   2590000    2247803    1106571          0     342197 |  -0.00315055            -
   2600000    2256665    1110986          0     343335 |  -0.00334121            -
   2610000    2265492    1115393          0     344508 |  -0.00325599            -
   2620000    2274326    1119819          0     345674 |  -0.00325812            -
   2630000    2283158    1124232          0     346842 |  -0.00348090            -
   2640000    2291955    1128592          0     348045 |  -0.00321951            -
   2650000    2300759    1132984          0     349241 |  -0.00284047            -
   2660000    2309551    1137328          0     350449 |  -0.00331401            -
   2670000    2318435    1141777          0     351565 |  -0.00302981            -
   2680000    2327211    1146161          0     352789 |  -0.00366767            -
   2690000    2336066    1150620          0     353934 |  -0.00325569            -
   2700000    2344881    1155064          0     355119 |  -0.00356108            -
   2710000    2353775    1159527          0     356225 |  -0.00364167            -
   2720000    2362620    1163924          0     357380 |  -0.00351293            -
   2730000    2371477    1168387          0     358523 |  -0.00272112            -
   2740000    2380323    1172770          0     359677 |  -0.00264650            -
   2750000    2389146    1177156          0     360854 |  -0.00293205            -
   2760000    2397975    1181590          0     362025 |  -0.00254339            -
   2770000    2406738    1185915          0     363262 |  -0.00257099            -
   2780000    2415590    1190393          0     364410 |  -0.00208608            -
   2790000    2424433    1194801          0     365567 |  -0.00217547            -
   2800000    2433214    1199219          0     366786 |  -0.00220003            -
   2810000    2442068    1203627          0     367932 |  -0.00276079            -
   2820000    2450868    1208027          0     369132 |  -0.00245229            -
   2830000    2459664    1212444          0     370336 |  -0.00179489            -
   2840000    2468505    1216765          0     371495 |  -0.00293882            -
   2850000    2477328    1221153          0     372672 |  -0.00312465            -
   2860000    2486169    1225641          0     373831 |  -0.00241506            -
   2870000    2494955    1229986          0     375045 |  -0.00208520            -
   2880000    2503793    1234384          0     376207 |  -0.00244707            -
   2890000    2512581    1238770          0     377419 |  -0.00262056            -
   2900000    2521383    1243138          0     378617 |  -0.00363216            -
   2910000    2530250    1247629          0     379750 |  -0.00307119            -
   2920000    2539105    1252043          0     380895 |  -0.00330236            -
   2930000    2547877    1256411          0     382123 |  -0.00320315            -
   2940000    2556679    1260819          0     383321 |  -0.00305338            -
   2950000    2565448    1265213          0     384552 |  -0.00329383            -
   2960000    2574266    1269681          0     385734 |  -0.00327988            -
   2970000    2583104    1274096          0     386896 |  -0.00324940            -
   2980000    2591923    1278508          0     388077 |  -0.00317403            -
   2990000    2600749    1282952          0     389251 |  -0.00288765            -
   3000000    2609570    1287380          0     390430 |  -0.00253497            -
   3010000    2618344    1291688          0     391656 |  -0.00252316            -
   3020000    2627206    1296134          0     392794 |  -0.00292359            -
   3030000    2636003    1300480          0     393997 |  -0.00318341            -
   3040000    2644793    1304863          0     395207 |  -0.00359442            -
   3050000    2653667    1309257          0     396333 |  -0.00422964            -
   3060000    2662502    1313728          0     397498 |  -0.00374937            -
   3070000    2671306    1318158          0     398694 |  -0.00336643            -
   3080000    2680178    1322637          0     399822 |  -0.00350471            -
   3090000    2689027    1327070          0     400973 |  -0.00320100            -
   3100000    2697822    1331428          0     402178 |  -0.00353522            -
   3110000    2706679    1335895          0     403321 |  -0.00314735            -
   3120000    2715446    1340336          0     404554 |  -0.00266418            -
   3130000    2724272    1344713          0     405728 |  -0.00247057            -
   3140000    2733076    1349089          0     406924 |  -0.00263675            -
   3150000    2741924    1353433          0     408076 |  -0.00308501            -
   3160000    2750763    1357855          0     409237 |  -0.00315431            -
   3170000    2759569    1362253          0     410431 |  -0.00296456            -
   3180000    2768332    1366598          0     411668 |  -0.00328961            -
   3190000    2777126    1371022          0     412874 |  -0.00294839            -
   3200000    2785864    1375411          0     414136 |  -0.00281362            -
   3210000    2794712    1379792          0     415288 |  -0.00314034            -
   3220000    2803506    1384229          0     416494 |  -0.00276083            -
   3230000    2812324    1388577          0     417676 |  -0.00269903            -
   3240000    2821103    1393019          0     418897 |  -0.00254814            -
   3250000    2829904    1397399          0     420096 |  -0.00304283            -
   3260000    2838727    1401821          0     421273 |  -0.00288131            -
   3270000    2847530    1406252          0     422470 |  -0.00284442            -
   3280000    2856371    1410665          0     423629 |  -0.00278384            -
   3290000    2865227    1415129          0     424773 |  -0.00212780            -
   3300000    2874052    1419510          0     425948 |  -0.00266705            -
   3310000    2882841    1423939          0     427159 |  -0.00232196            -
   3320000    2891629    1428351          0     428371 |  -0.00271153            -
   3330000    2900495    1432782          0     429505 |  -0.00261107            -
   3340000    2909275    1437217          0     430725 |  -0.00205197            -
   3350000    2918064    1441655          0     431936 |  -0.00152526            -
   3360000    2926861    1446003          0     433139 |  -0.00236088            -
   3370000    2935652    1450478          0     434348 |  -0.00174360            -
   3380000    2944382    1454850          0     435618 |  -0.00187869            -
   3390000    2953212    1459275          0     436788 |  -0.00148505            -
   3400000    2961970    1463635          0     438030 |  -0.00175158            -
   3410000    2970761    1468011          0     439239 |  -0.00210084            -
   3420000    2979602    1472410          0     440398 |  -0.00143274            -
   3430000    2988367    1476784          0     441633 |  -0.00159012            -
   3440000    2997149    1481102          0     442851 |  -0.00212900            -
   3450000    3005933    1485453          0     444067 |  -0.00236344            -
   3460000    3014776    1489847          0     445224 |  -0.00286101            -
   3470000    3023635    1494209          0     446365 |  -0.00334155            -
   3480000    3032522    1498671          0     447478 |  -0.00280864            -
   3490000    3041331    1503075          0     448669 |  -0.00282770            -
   3500000    3050201    1507521          0     449799 |  -0.00253611            -
   3510000    3059076    1511884          0     450924 |  -0.00295232            -
   3520000    3067949    1516285          0     452051 |  -0.00342108            -
   3530000    3076789    1520736          0     453211 |  -0.00327393            -
   3540000    3085673    1525247          0     454327 |  -0.00252149            -
   3550000    3094520    1529644          0     455480 |  -0.00315392            -
   3560000    3103330    1534070          0     456670 |  -0.00259535            -
   3570000    3112212    1538494          0     457788 |  -0.00293528            -
   3580000    3121104    1542929          0     458896 |  -0.00326654            -
   3590000    3130003    1547316          0     459997 |  -0.00305934            -
   3600000    3138808    1551740          0     461192 |  -0.00265501            -
   3610000    3147632    1556151          0     462368 |  -0.00247655            -
   3620000    3156451    1560604          0     463549 |  -0.00251483            -
   3630000    3165275    1564990          0     464725 |  -0.00290463            -
   3640000    3174146    1569407          0     465854 |  -0.00323431            -
   3650000    3183017    1573790          0     466983 |  -0.00366829            -
   3660000    3191865    1578285          0     468135 |  -0.00293892            -
   3670000    3200725    1582710          0     469275 |  -0.00287583            -
   3680000    3209597    1587132          0     470403 |  -0.00299234            -
   3690000    3218466    1591592          0     471534 |  -0.00282250            -
   3700000    3227312    1595954          0     472688 |  -0.00325986            -
   3710000    3236168    1600448          0     473832 |  -0.00288911            -
   3720000    3245024    1604898          0     474976 |  -0.00237121            -
   3730000    3253882    1609326          0     476118 |  -0.00215005            -
   3740000    3262692    1613741          0     477308 |  -0.00228090            -
   3750000    3271525    1618226          0     478475 |  -0.00190628            -
   3760000    3280406    1622570          0     479594 |  -0.00263633            -
   3770000    3289239    1627086          0     480761 |  -0.00205649            -
   3780000    3298047    1631556          0     481953 |  -0.00126032            -
   3790000    3306900    1635943          0     483100 |  -0.00192810            -
   3800000    3315764    1640441          0     484236 |  -0.00193611            -
   3810000    3324585    1644828          0     485415 |  -0.00182233            -
   3820000    3333423    1649190          0     486577 |  -0.00229747            -
   3830000    3342240    1653611          0     487760 |  -0.00202157            -
   3840000    3351114    1658029          0     488886 |  -0.00244010            -
   3850000    3359990    1662414          0     490010 |  -0.00259822            -
   3860000    3368829    1666837          0     491171 |  -0.00255158            -
   3870000    3377694    1671301          0     492306 |  -0.00252679            -
   3880000    3386496    1675685          0     493504 |  -0.00262542            -
   3890000    3395321    1680112          0     494679 |  -0.00313656            -
   3900000    3404226    1684648          0     495774 |  -0.00231129            -
   3910000    3413035    1689130          0     496965 |  -0.00199168            -
   3920000    3421815    1693479          0     498185 |  -0.00228672            -
   3930000    3430616    1697900          0     499384 |  -0.00191680            -
   3940000    3439415    1702246          0     500585 |  -0.00196734            -
   3950000    3448258    1706671          0     501742 |  -0.00200890            -
   3960000    3457074    1711124          0     502926 |  -0.00173357            -
   3970000    3465773    1715481          0     504227 |  -0.00186898            -
   3980000    3474538    1719868          0     505462 |  -0.00166853            -
   3990000    3483348    1724274          0     506652 |  -0.00173229            -
   4000000    3492210    1728722          0     507790 |  -0.00181561            -
   4010000    3500973    1732991          0     509027 |  -0.00294874            -
   4020000    3509809    1737424          0     510191 |  -0.00249836            -
   4030000    3518653    1741887          0     511347 |  -0.00221635            -
   4040000    3527491    1746319          0     512509 |  -0.00225110            -
   4050000    3536294    1750720          0     513706 |  -0.00240799            -
   4060000    3545107    1755034          0     514893 |  -0.00314355            -
   4070000    3553974    1759454          0     516026 |  -0.00332012            -
   4080000    3562784    1763870          0     517216 |  -0.00300696            -
   4090000    3571619    1768295          0     518381 |  -0.00330218            -
   4100000    3580483    1772664          0     519517 |  -0.00390424            -
   4110000    3589319    1777085          0     520681 |  -0.00265266            -
   4120000    3598165    1781517          0     521835 |  -0.00281864            -
   4130000    3607009    1785907          0     522991 |  -0.00308791            -
   4140000    3615914    1790363          0     524086 |  -0.00243536            -
   4150000    3624753    1794718          0     525247 |  -0.00273235            -
   4160000    3633590    1799149          0     526410 |  -0.00276992            -
   4170000    3642301    1803561          0     527699 |  -0.00212453            -
   4180000    3651142    1807923          0     528858 |  -0.00262080            -
   4190000    3659975    1812419          0     530025 |  -0.00231718            -
   4200000    3668738    1816839          0     531262 |  -0.00178137            -
   4210000    3677507    1821179          0     532493 |  -0.00234991            -
   4220000    3686302    1825544          0     533698 |  -0.00279906            -
   4230000    3695107    1829932          0     534893 |  -0.00246024            -
   4240000    3703902    1834365          0     536098 |  -0.00192599            -
   4250000    3712674    1838743          0     537326 |  -0.00232524            -
   4260000    3721472    1843164          0     538528 |  -0.00225686            -
   4270000    3730232    1847574          0     539768 |  -0.00205736            -
   4280000    3739101    1852029          0     540899 |  -0.00218229            -
   4290000    3747975    1856363          0     542025 |  -0.00234106            -
   4300000    3756800    1860767          0     543200 |  -0.00227914            -
   4310000    3765614    1865192          0     544386 |  -0.00257224            -
   4320000    3774450    1869688          0     545550 |  -0.00228356            -
   4330000    3783280    1874102          0     546720 |  -0.00239232            -
   4340000    3792096    1878490          0     547904 |  -0.00244784            -
   4350000    3800942    1882988          0     549058 |  -0.00204458            -
   4360000    3809769    1887303          0     550231 |  -0.00268567            -
   4370000    3818616    1891699          0     551384 |  -0.00302191            -
   4380000    3827503    1896159          0     552497 |  -0.00289277            -
   4390000    3836343    1900510          0     553657 |  -0.00305665            -
   4400000    3845191    1904888          0     554809 |  -0.00378715            -
   4410000    3854066    1909373          0     555934 |  -0.00349557            -
   4420000    3862941    1913767          0     557059 |  -0.00359474            -
   4430000    3871754    1918164          0     558246 |  -0.00296289            -
   4440000    3880611    1922579          0     559389 |  -0.00304843            -
   4450000    3889456    1927044          0     560544 |  -0.00297289            -
   4460000    3898259    1931392          0     561741 |  -0.00359465            -
   4470000    3907160    1935912          0     562840 |  -0.00302411            -
   4480000    3916051    1940376          0     563949 |  -0.00275408            -
   4490000    3924998    1944808          0     565002 |  -0.00277254            -
   4500000    3933857    1949186          0     566143 |  -0.00350023            -
   4510000    3942678    1953620          0     567322 |  -0.00317294            -
   4520000    3951528    1958001          0     568472 |  -0.00351834            -
   4530000    3960339    1962465          0     569661 |  -0.00264886            -
   4540000    3969203    1966938          0     570797 |  -0.00235787            -
   4550000    3978026    1971259          0     571974 |  -0.00337218            -
   4560000    3986876    1975705          0     573124 |  -0.00340212            -
   4570000    3995679    1980202          0     574321 |  -0.00222671            -
   4574858    4000000    1982300          0     574858 |  -0.00223936            -


Monte Carlo simulation results:
	Total accepted moves = 4000000
	E_start, E_last, E_diff = 778781728.28681, -0.00224, -778781728.28905 eV

Simulation ended at: 2022-12-03 06:12:15.920048
Elapsed time = 9:28:12.850611

