Simulation began at: 2022-11-30 03:17:15.534273

Box details:
	cell parameters = 52.79450 54.79430 45.19530
	cell volume = 130742.65416 Å^3
	Ca number density = 0.01239075

Lennard-Jones parameters set:
	eps = 0.00950718 eV
	sigma = 3.75849720 Å

Gaussian parameters set:
	eps = 0.03968365 eV
	H = -0.05979992 eV # See LAMMPS documentation
	r0 = 5.99124646 Å
	sigma = 0.60117255 Å

Gaussian (II) parameters set:
	eps = -0.03112717 eV
	H = 0.07261839 eV # See LAMMPS documentation
	r0 = 5.91965995 Å
	sigma = 0.93071570 Å

Performing Monte-Carlo simulation.
	Max moves = 8000000
	Max accepted moves = 4000000
	Temperature = 300 K
	Max translation = 0.1 Å
	Energy(start) = 778781728.28681 eV
	Number of cores = 48


Tracking simulation progress:
nmoves, naccept, nboltzmann, nhardspherereject, nreject | curr_e, hs_violations
-------------------------------------------------------------------------------
         0          0          0          0          0 | 778781728.28681386            -
     10000       5717        766          0       4283 | 7933333.15152894            -
     20000      11521       1715          0       8479 | 22561.28842694            -
     30000      17519       2865          0      12481 | 563.02466028            -
     40000      23708       4323          0      16292 |  18.81908761            -
     50000      30057       6074          0      19943 |   2.36013141            -
     60000      36677       8110          0      23323 |   0.76929565            -
     70000      43578      10483          0      26422 |   0.28629283            -
     80000      50769      13176          0      29231 |   0.13198419            -
     90000      58159      16098          0      31841 |   0.08113705            -
    100000      65799      19421          0      34201 |   0.05716096            -
    110000      73615      22901          0      36385 |   0.04352137            -
    120000      81580      26532          0      38420 |   0.03333658            -
    130000      89687      30247          0      40313 |   0.02730989            -
    140000      97860      34104          0      42140 |   0.02284445            -
    150000     106098      38069          0      43902 |   0.01904950            -
    160000     114446      42064          0      45554 |   0.01661545            -
    170000     122896      46189          0      47104 |   0.01528996            -
    180000     131347      50290          0      48653 |   0.01353820            -
    190000     139840      54499          0      50160 |   0.01291978            -
    200000     148363      58660          0      51637 |   0.01183536            -
    210000     156900      62803          0      53100 |   0.01088783            -
    220000     165519      67047          0      54481 |   0.01042752            -
    230000     174048      71229          0      55952 |   0.01003221            -
    240000     182606      75454          0      57394 |   0.00930415            -
    250000     191165      79648          0      58835 |   0.00847826            -
    260000     199734      83945          0      60266 |   0.00807282            -
    270000     208374      88184          0      61626 |   0.00762493            -
    280000     217018      92470          0      62982 |   0.00692977            -
    290000     225624      96759          0      64376 |   0.00698997            -
    300000     234231     101009          0      65769 |   0.00652801            -
    310000     242876     105289          0      67124 |   0.00627510            -
    320000     251476     109550          0      68524 |   0.00607233            -
    330000     260170     113897          0      69830 |   0.00572914            -
    340000     268831     118207          0      71169 |   0.00589178            -
    350000     277488     122457          0      72512 |   0.00499688            -
    360000     286184     126850          0      73816 |   0.00522693            -
    370000     294837     131160          0      75163 |   0.00476525            -
    380000     303474     135486          0      76526 |   0.00434975            -
    390000     312214     139882          0      77786 |   0.00448797            -
    400000     320931     144212          0      79069 |   0.00405206            -
    410000     329602     148492          0      80398 |   0.00369113            -
    420000     338238     152862          0      81762 |   0.00427435            -
    430000     346968     157282          0      83032 |   0.00431066            -
    440000     355671     161646          0      84329 |   0.00428943            -
    450000     364381     165950          0      85619 |   0.00408118            -
    460000     373077     170282          0      86923 |   0.00404876            -
    470000     381833     174652          0      88167 |   0.00376052            -
    480000     390566     178959          0      89434 |   0.00318523            -
    490000     399334     183382          0      90666 |   0.00360989            -
    500000     408063     187701          0      91937 |   0.00345286            -
    510000     416829     192035          0      93171 |   0.00268670            -
    520000     425622     196447          0      94378 |   0.00265770            -
    530000     434320     200786          0      95680 |   0.00256461            -
    540000     443069     205197          0      96931 |   0.00262188            -
    550000     451820     209530          0      98180 |   0.00204467            -
    560000     460613     213954          0      99387 |   0.00233332            -
    570000     469341     218232          0     100659 |   0.00199088            -
    580000     478074     222534          0     101926 |   0.00162424            -
    590000     486877     226935          0     103123 |   0.00139983            -
    600000     495667     231338          0     104333 |   0.00138532            -
    610000     504417     235744          0     105583 |   0.00147343            -
    620000     513195     240045          0     106805 |   0.00108460            -
    630000     521967     244464          0     108033 |   0.00093392            -
    640000     530805     248822          0     109195 |   0.00010580            -
    650000     539627     253245          0     110373 |  -0.00012717            -
    660000     548376     257707          0     111624 |   0.00044707            -
    670000     557091     262086          0     112909 |   0.00056698            -
    680000     565832     266447          0     114168 |   0.00079152            -
    690000     574610     270862          0     115390 |   0.00096021            -
    700000     583300     275177          0     116700 |   0.00082842            -
    710000     592025     279520          0     117975 |   0.00024585            -
    720000     600767     283936          0     119233 |   0.00037137            -
    730000     609541     288327          0     120459 |   0.00034058            -
    740000     618301     292752          0     121699 |   0.00005027            -
    750000     627120     297134          0     122880 |  -0.00007768            -
    760000     635903     301529          0     124097 |  -0.00025322            -
    770000     644655     305925          0     125345 |   0.00014135            -
    780000     653422     310368          0     126578 |   0.00057489            -
    790000     662133     314765          0     127867 |   0.00076719            -
    800000     670886     319132          0     129114 |   0.00025806            -
    810000     679671     323484          0     130329 |   0.00036812            -
    820000     688473     327920          0     131527 |   0.00046427            -
    830000     697214     332239          0     132786 |  -0.00042946            -
    840000     706014     336669          0     133986 |   0.00002368            -
    850000     714847     341070          0     135153 |  -0.00043849            -
    860000     723579     345430          0     136421 |  -0.00026967            -
    870000     732378     349781          0     137622 |  -0.00049965            -
    880000     741144     354167          0     138856 |  -0.00070875            -
    890000     749926     358597          0     140074 |  -0.00010258            -
    900000     758757     362957          0     141243 |  -0.00027871            -
    910000     767563     367340          0     142437 |  -0.00062376            -
    920000     776310     371698          0     143690 |  -0.00095242            -
    930000     785109     376169          0     144891 |  -0.00083607            -
    940000     793940     380569          0     146060 |  -0.00065318            -
    950000     802706     385000          0     147294 |  -0.00045698            -
    960000     811510     389387          0     148490 |  -0.00079930            -
    970000     820235     393814          0     149765 |  -0.00077653            -
    980000     829036     398107          0     150964 |  -0.00135398            -
    990000     837863     402500          0     152137 |  -0.00093786            -
   1000000     846632     406863          0     153368 |  -0.00099895            -
   1010000     855456     411201          0     154544 |  -0.00159255            -
   1020000     864281     415659          0     155719 |  -0.00117937            -
   1030000     873149     420131          0     156851 |  -0.00145213            -
   1040000     881925     424528          0     158075 |  -0.00166932            -
   1050000     890757     428939          0     159243 |  -0.00148538            -
   1060000     899558     433411          0     160442 |  -0.00100219            -
   1070000     908388     437847          0     161612 |  -0.00121303            -
   1080000     917117     442209          0     162883 |  -0.00095766            -
   1090000     925916     446619          0     164084 |  -0.00102979            -
   1100000     934737     451077          0     165263 |  -0.00088758            -
   1110000     943554     455462          0     166446 |  -0.00151514            -
   1120000     952390     459887          0     167610 |  -0.00128242            -
   1130000     961146     464343          0     168854 |  -0.00073608            -
   1140000     969869     468675          0     170131 |  -0.00086460            -
   1150000     978689     473013          0     171311 |  -0.00137688            -
   1160000     987441     477364          0     172559 |  -0.00103939            -
   1170000     996280     481779          0     173720 |  -0.00131570            -
   1180000    1005083     486210          0     174917 |  -0.00098509            -
   1190000    1013914     490639          0     176086 |  -0.00091589            -
   1200000    1022664     494985          0     177336 |  -0.00072654            -
   1210000    1031419     499283          0     178581 |  -0.00141111            -
   1220000    1040222     503679          0     179778 |  -0.00187685            -
   1230000    1049048     508077          0     180952 |  -0.00186980            -
   1240000    1057854     512517          0     182146 |  -0.00130941            -
   1250000    1066681     516955          0     183319 |  -0.00095077            -
   1260000    1075382     521279          0     184618 |  -0.00111400            -
   1270000    1084177     525713          0     185823 |  -0.00046618            -
   1280000    1092957     530145          0     187043 |  -0.00067759            -
   1290000    1101708     534568          0     188292 |  -0.00045307            -
   1300000    1110498     538995          0     189502 |  -0.00070831            -
   1310000    1119275     543364          0     190725 |  -0.00084585            -
   1320000    1128064     547783          0     191936 |  -0.00115898            -
   1330000    1136827     552144          0     193173 |  -0.00140157            -
   1340000    1145581     556482          0     194419 |  -0.00168188            -
   1350000    1154392     560887          0     195608 |  -0.00186596            -
   1360000    1163217     565358          0     196783 |  -0.00143489            -
   1370000    1172002     569727          0     197998 |  -0.00086954            -
   1380000    1180766     574020          0     199234 |  -0.00130048            -
   1390000    1189565     578422          0     200435 |  -0.00156918            -
   1400000    1198423     582875          0     201577 |  -0.00154301            -
   1410000    1207146     587239          0     202854 |  -0.00163688            -
   1420000    1215930     591678          0     204070 |  -0.00116279            -
   1430000    1224748     596086          0     205252 |  -0.00170942            -
   1440000    1233595     600533          0     206405 |  -0.00104739            -
   1450000    1242389     604877          0     207611 |  -0.00127967            -
   1460000    1251169     609297          0     208831 |  -0.00103538            -
   1470000    1259914     613651          0     210086 |  -0.00153143            -
   1480000    1268777     618092          0     211223 |  -0.00120929            -
   1490000    1277564     622458          0     212436 |  -0.00133154            -
   1500000    1286346     626840          0     213654 |  -0.00141615            -
   1510000    1295227     631370          0     214773 |  -0.00104101            -
   1520000    1303979     635757          0     216021 |  -0.00099020            -
   1530000    1312793     640112          0     217207 |  -0.00118224            -
   1540000    1321586     644491          0     218414 |  -0.00122563            -
   1550000    1330450     648908          0     219550 |  -0.00143469            -
   1560000    1339207     653291          0     220793 |  -0.00106106            -
   1570000    1347976     657666          0     222024 |  -0.00121623            -
   1580000    1356720     662053          0     223280 |  -0.00115138            -
   1590000    1365492     666487          0     224508 |  -0.00087683            -
   1600000    1374249     670917          0     225751 |  -0.00091274            -
   1610000    1383034     675280          0     226966 |  -0.00105932            -
   1620000    1391851     679604          0     228149 |  -0.00186804            -
   1630000    1400676     684016          0     229324 |  -0.00173208            -
   1640000    1409460     688396          0     230540 |  -0.00147936            -
   1650000    1418238     692767          0     231762 |  -0.00173935            -
   1660000    1427063     697229          0     232937 |  -0.00136743            -
   1670000    1435852     701559          0     234148 |  -0.00185642            -
   1680000    1444642     705993          0     235358 |  -0.00137467            -
   1690000    1453425     710306          0     236575 |  -0.00204469            -
   1700000    1462183     714725          0     237817 |  -0.00139277            -
   1710000    1471016     719100          0     238984 |  -0.00175694            -
   1720000    1479803     723487          0     240197 |  -0.00194665            -
   1730000    1488671     727990          0     241329 |  -0.00171033            -
   1740000    1497442     732427          0     242558 |  -0.00148945            -
   1750000    1506290     736804          0     243710 |  -0.00197002            -
   1760000    1515136     741215          0     244864 |  -0.00176819            -
   1770000    1523892     745520          0     246108 |  -0.00223549            -
   1780000    1532723     749918          0     247277 |  -0.00245726            -
   1790000    1541562     754341          0     248438 |  -0.00264473            -
   1800000    1550393     758733          0     249607 |  -0.00233625            -
   1810000    1559190     763126          0     250810 |  -0.00222216            -
   1820000    1567977     767585          0     252023 |  -0.00198233            -
   1830000    1576806     772027          0     253194 |  -0.00199943            -
   1840000    1585582     776399          0     254418 |  -0.00248044            -
   1850000    1594408     780823          0     255592 |  -0.00234109            -
   1860000    1603168     785208          0     256832 |  -0.00195366            -
   1870000    1611940     789652          0     258060 |  -0.00142082            -
   1880000    1620698     794071          0     259302 |  -0.00120674            -
   1890000    1629538     798481          0     260462 |  -0.00158136            -
   1900000    1638326     802768          0     261674 |  -0.00222973            -
   1910000    1647105     807135          0     262895 |  -0.00176297            -
   1920000    1655885     811546          0     264115 |  -0.00144215            -
   1930000    1664719     815921          0     265281 |  -0.00198850            -
   1940000    1673516     820351          0     266484 |  -0.00156392            -
   1950000    1682323     824792          0     267677 |  -0.00179631            -
   1960000    1691103     829132          0     268897 |  -0.00207599            -
   1970000    1699977     833604          0     270023 |  -0.00222388            -
   1980000    1708802     838072          0     271198 |  -0.00163231            -
   1990000    1717592     842475          0     272408 |  -0.00202797            -
   2000000    1726393     846863          0     273607 |  -0.00232160            -
   2010000    1735233     851273          0     274767 |  -0.00184219            -
   2020000    1744033     855663          0     275967 |  -0.00217460            -
   2030000    1752800     860047          0     277200 |  -0.00224178            -
   2040000    1761627     864484          0     278373 |  -0.00210662            -
   2050000    1770396     868894          0     279604 |  -0.00138927            -
   2060000    1779265     873286          0     280735 |  -0.00152422            -
   2070000    1788037     877656          0     281963 |  -0.00159308            -
   2080000    1796880     882057          0     283120 |  -0.00171922            -
   2090000    1805721     886529          0     284279 |  -0.00130831            -
   2100000    1814514     890919          0     285486 |  -0.00141489            -
   2110000    1823374     895399          0     286626 |  -0.00124426            -
   2120000    1832196     899735          0     287804 |  -0.00149149            -
   2130000    1841056     904142          0     288944 |  -0.00161592            -
   2140000    1849910     908513          0     290090 |  -0.00176821            -
   2150000    1858749     912868          0     291251 |  -0.00163057            -
   2160000    1867548     917251          0     292452 |  -0.00240588            -
   2170000    1876391     921643          0     293609 |  -0.00197269            -
   2180000    1885165     926077          0     294835 |  -0.00219227            -
   2190000    1894042     930546          0     295958 |  -0.00182141            -
   2200000    1902924     934912          0     297076 |  -0.00198447            -
   2210000    1911806     939301          0     298194 |  -0.00225913            -
   2220000    1920606     943581          0     299394 |  -0.00310914            -
   2230000    1929495     948057          0     300505 |  -0.00277926            -
   2240000    1938380     952501          0     301620 |  -0.00296298            -
   2250000    1947185     956945          0     302815 |  -0.00229107            -
   2260000    1956005     961302          0     303995 |  -0.00267813            -
   2270000    1964860     965746          0     305140 |  -0.00278681            -
   2280000    1973693     970287          0     306307 |  -0.00181190            -
   2290000    1982532     974688          0     307468 |  -0.00202379            -
   2300000    1991382     979065          0     308618 |  -0.00253855            -
   2310000    2000239     983543          0     309761 |  -0.00184455            -
   2320000    2009063     988026          0     310937 |  -0.00140178            -
   2330000    2017919     992431          0     312081 |  -0.00184384            -
   2340000    2026766     996798          0     313234 |  -0.00200214            -
   2350000    2035579    1001247          0     314421 |  -0.00144454            -
   2360000    2044413    1005660          0     315587 |  -0.00124727            -
   2370000    2053213    1010152          0     316787 |  -0.00061787            -
   2380000    2062044    1014438          0     317956 |  -0.00167724            -
   2390000    2070915    1018831          0     319085 |  -0.00148058            -
   2400000    2079760    1023328          0     320240 |  -0.00134219            -
   2410000    2088555    1027734          0     321445 |  -0.00193581            -
   2420000    2097384    1032177          0     322616 |  -0.00170546            -
   2430000    2106196    1036526          0     323804 |  -0.00212438            -
   2440000    2115062    1040991          0     324938 |  -0.00195973            -
   2450000    2123872    1045454          0     326128 |  -0.00151047            -
   2460000    2132641    1049893          0     327359 |  -0.00137515            -
   2470000    2141439    1054265          0     328561 |  -0.00171830            -
   2480000    2150255    1058672          0     329745 |  -0.00160375            -
   2490000    2159065    1063075          0     330935 |  -0.00177515            -
   2500000    2167890    1067471          0     332110 |  -0.00254822            -
   2510000    2176705    1071888          0     333295 |  -0.00287387            -
   2520000    2185544    1076301          0     334456 |  -0.00263825            -
   2530000    2194330    1080750          0     335670 |  -0.00244073            -
   2540000    2203187    1085154          0     336813 |  -0.00253825            -
   2550000    2212021    1089561          0     337979 |  -0.00261539            -
   2560000    2220878    1094011          0     339122 |  -0.00263739            -
   2570000    2229735    1098439          0     340265 |  -0.00220540            -
   2580000    2238581    1102867          0     341419 |  -0.00192105            -
   2590000    2247406    1107230          0     342594 |  -0.00225913            -
   2600000    2256218    1111617          0     343782 |  -0.00225464            -
   2610000    2264979    1115949          0     345021 |  -0.00252966            -
   2620000    2273839    1120426          0     346161 |  -0.00243765            -
   2630000    2282672    1124871          0     347328 |  -0.00199967            -
   2640000    2291530    1129278          0     348470 |  -0.00230444            -
   2650000    2300384    1133703          0     349616 |  -0.00243439            -
   2660000    2309232    1138129          0     350768 |  -0.00251246            -
   2670000    2318102    1142653          0     351898 |  -0.00184106            -
   2680000    2326895    1147080          0     353105 |  -0.00130984            -
   2690000    2335672    1151455          0     354328 |  -0.00148098            -
   2700000    2344468    1155899          0     355532 |  -0.00137027            -
   2710000    2353310    1160320          0     356690 |  -0.00119589            -
   2720000    2362072    1164708          0     357928 |  -0.00150891            -
   2730000    2370827    1169042          0     359173 |  -0.00222064            -
   2740000    2379672    1173422          0     360328 |  -0.00228773            -
   2750000    2388491    1177831          0     361509 |  -0.00191714            -
   2760000    2397331    1182240          0     362669 |  -0.00239838            -
   2770000    2406185    1186660          0     363815 |  -0.00280169            -
   2780000    2414976    1191069          0     365024 |  -0.00262134            -
   2790000    2423763    1195488          0     366237 |  -0.00238789            -
   2800000    2432612    1199987          0     367388 |  -0.00223983            -
   2810000    2441526    1204452          0     368474 |  -0.00253887            -
   2820000    2450321    1208808          0     369679 |  -0.00260288            -
   2830000    2459203    1213263          0     370797 |  -0.00250686            -
   2840000    2468085    1217748          0     371915 |  -0.00272836            -
   2850000    2476922    1222139          0     373078 |  -0.00279732            -
   2860000    2485755    1226603          0     374245 |  -0.00220432            -
   2870000    2494567    1230992          0     375433 |  -0.00253018            -
   2880000    2503441    1235485          0     376559 |  -0.00265483            -
   2890000    2512287    1239958          0     377713 |  -0.00206768            -
   2900000    2521148    1244395          0     378852 |  -0.00251988            -
   2910000    2530008    1248799          0     379992 |  -0.00275876            -
   2920000    2538881    1253144          0     381119 |  -0.00354716            -
   2930000    2547797    1257599          0     382203 |  -0.00373665            -
   2940000    2556657    1262198          0     383343 |  -0.00261478            -
   2950000    2565478    1266638          0     384522 |  -0.00229234            -
   2960000    2574266    1271045          0     385734 |  -0.00223413            -
   2970000    2583119    1275389          0     386881 |  -0.00308943            -
   2980000    2591998    1279832          0     388002 |  -0.00291399            -
   2990000    2600880    1284272          0     389120 |  -0.00325323            -
   3000000    2609747    1288724          0     390253 |  -0.00280687            -
   3010000    2618556    1293112          0     391444 |  -0.00334374            -
   3020000    2627416    1297513          0     392584 |  -0.00363454            -
   3030000    2636273    1301989          0     393727 |  -0.00285362            -
   3040000    2645123    1306417          0     394877 |  -0.00306722            -
   3050000    2654032    1310904          0     395968 |  -0.00277429            -
   3060000    2662916    1315307          0     397084 |  -0.00305916            -
   3070000    2671802    1319725          0     398198 |  -0.00311565            -
   3080000    2680610    1324164          0     399390 |  -0.00321124            -
   3090000    2689501    1328577          0     400499 |  -0.00322996            -
   3100000    2698395    1333024          0     401605 |  -0.00313265            -
   3110000    2707249    1337497          0     402751 |  -0.00264339            -
   3120000    2716068    1341873          0     403932 |  -0.00269911            -
   3130000    2724860    1346252          0     405140 |  -0.00262232            -
   3140000    2733631    1350658          0     406369 |  -0.00246443            -
   3150000    2742421    1355053          0     407579 |  -0.00249130            -
   3160000    2751211    1359456          0     408789 |  -0.00270711            -
   3170000    2760035    1363879          0     409965 |  -0.00252499            -
   3180000    2768844    1368197          0     411156 |  -0.00309103            -
   3190000    2777689    1372602          0     412311 |  -0.00288617            -
   3200000    2786511    1377022          0     413489 |  -0.00297305            -
   3210000    2795400    1381480          0     414600 |  -0.00333044            -
   3220000    2804277    1385954          0     415723 |  -0.00299495            -
   3230000    2813114    1390371          0     416886 |  -0.00284868            -
   3240000    2821969    1394825          0     418031 |  -0.00267471            -
   3250000    2830835    1399257          0     419165 |  -0.00257324            -
   3260000    2839640    1403661          0     420360 |  -0.00261341            -
   3270000    2848519    1408063          0     421481 |  -0.00325282            -
   3280000    2857357    1412505          0     422643 |  -0.00317477            -
   3290000    2866244    1416830          0     423756 |  -0.00381431            -
   3300000    2875102    1421314          0     424898 |  -0.00371589            -
   3310000    2883929    1425659          0     426071 |  -0.00378906            -
   3320000    2892755    1430127          0     427245 |  -0.00318018            -
   3330000    2901635    1434551          0     428365 |  -0.00294226            -
   3340000    2910430    1438994          0     429570 |  -0.00262082            -
   3350000    2919271    1443394          0     430729 |  -0.00226350            -
   3360000    2928124    1447748          0     431876 |  -0.00273801            -
   3370000    2936985    1452214          0     433015 |  -0.00259705            -
   3380000    2945798    1456559          0     434202 |  -0.00232065            -
   3390000    2954684    1461002          0     435316 |  -0.00283201            -
   3400000    2963473    1465367          0     436527 |  -0.00266327            -
   3410000    2972275    1469787          0     437725 |  -0.00283074            -
   3420000    2981122    1474255          0     438878 |  -0.00289887            -
   3430000    2989974    1478721          0     440026 |  -0.00286625            -
   3440000    2998796    1483101          0     441204 |  -0.00288053            -
   3450000    3007567    1487429          0     442433 |  -0.00291223            -
   3460000    3016412    1491823          0     443588 |  -0.00267732            -
   3470000    3025197    1496247          0     444803 |  -0.00271777            -
   3480000    3034020    1500676          0     445980 |  -0.00286866            -
   3490000    3042902    1505135          0     447098 |  -0.00250320            -
   3500000    3051704    1509478          0     448296 |  -0.00260928            -
   3510000    3060517    1513849          0     449483 |  -0.00246084            -
   3520000    3069365    1518302          0     450635 |  -0.00220666            -
   3530000    3078184    1522631          0     451816 |  -0.00217069            -
   3540000    3087018    1526964          0     452982 |  -0.00265520            -
   3550000    3095886    1531449          0     454114 |  -0.00241089            -
   3560000    3104748    1535869          0     455252 |  -0.00254746            -
   3570000    3113565    1540304          0     456435 |  -0.00232919            -
   3580000    3122395    1544758          0     457605 |  -0.00197549            -
   3590000    3131257    1549138          0     458743 |  -0.00212347            -
   3600000    3140057    1553545          0     459943 |  -0.00201774            -
   3610000    3148913    1557972          0     461087 |  -0.00213582            -
   3620000    3157738    1562450          0     462262 |  -0.00162051            -
   3630000    3166572    1566896          0     463428 |  -0.00190850            -
   3640000    3175372    1571272          0     464628 |  -0.00217081            -
   3650000    3184236    1575667          0     465764 |  -0.00243967            -
   3660000    3193007    1580073          0     466993 |  -0.00228969            -
   3670000    3201826    1584488          0     468174 |  -0.00236433            -
   3680000    3210649    1588884          0     469351 |  -0.00251837            -
   3690000    3219471    1593290          0     470529 |  -0.00253448            -
   3700000    3228333    1597707          0     471667 |  -0.00221697            -
   3710000    3237190    1602162          0     472810 |  -0.00237544            -
   3720000    3246136    1606577          0     473864 |  -0.00312612            -
   3730000    3254973    1611096          0     475027 |  -0.00236346            -
   3740000    3263815    1615550          0     476185 |  -0.00208498            -
   3750000    3272615    1619931          0     477385 |  -0.00242114            -
   3760000    3281497    1624406          0     478503 |  -0.00207530            -
   3770000    3290376    1628766          0     479624 |  -0.00242254            -
   3780000    3299209    1633220          0     480791 |  -0.00195920            -
   3790000    3308019    1637613          0     481981 |  -0.00238924            -
   3800000    3316877    1642074          0     483123 |  -0.00237391            -
   3810000    3325745    1646442          0     484255 |  -0.00283829            -
   3820000    3334598    1650963          0     485402 |  -0.00223600            -
   3830000    3343490    1655368          0     486510 |  -0.00255435            -
   3840000    3352285    1659853          0     487715 |  -0.00175441            -
   3850000    3361188    1664294          0     488812 |  -0.00209437            -
   3860000    3370025    1668683          0     489975 |  -0.00191294            -
   3870000    3378840    1673047          0     491160 |  -0.00180931            -
   3880000    3387633    1677432          0     492367 |  -0.00195799            -
   3890000    3396464    1681842          0     493536 |  -0.00236754            -
   3900000    3405326    1686244          0     494674 |  -0.00269392            -
   3910000    3414156    1690661          0     495844 |  -0.00271976            -
   3920000    3423010    1695051          0     496990 |  -0.00228296            -
   3930000    3431872    1699504          0     498128 |  -0.00195538            -
   3940000    3440728    1703980          0     499272 |  -0.00171634            -
   3950000    3449556    1708310          0     500444 |  -0.00232920            -
   3960000    3458438    1712780          0     501562 |  -0.00236017            -
   3970000    3467285    1717178          0     502715 |  -0.00222035            -
   3980000    3476082    1721565          0     503918 |  -0.00198851            -
   3990000    3484986    1726029          0     505014 |  -0.00233163            -
   4000000    3493847    1730403          0     506153 |  -0.00292976            -
   4010000    3502692    1734939          0     507308 |  -0.00154746            -
   4020000    3511593    1739356          0     508407 |  -0.00197011            -
   4030000    3520418    1743794          0     509582 |  -0.00129849            -
   4040000    3529216    1748137          0     510784 |  -0.00152630            -
   4050000    3538001    1752493          0     511999 |  -0.00181515            -
   4060000    3546821    1756888          0     513179 |  -0.00169410            -
   4070000    3555626    1761298          0     514374 |  -0.00143611            -
   4080000    3564461    1765680          0     515539 |  -0.00196796            -
   4090000    3573289    1770171          0     516711 |  -0.00135399            -
   4100000    3582121    1774500          0     517879 |  -0.00230991            -
   4110000    3590949    1778940          0     519051 |  -0.00220716            -
   4120000    3599795    1783330          0     520205 |  -0.00255277            -
   4130000    3608673    1787842          0     521327 |  -0.00255898            -
   4140000    3617533    1792275          0     522467 |  -0.00191662            -
   4150000    3626319    1796705          0     523681 |  -0.00146392            -
   4160000    3635163    1801135          0     524837 |  -0.00160751            -
   4170000    3643981    1805565          0     526019 |  -0.00137140            -
   4180000    3652824    1810033          0     527176 |  -0.00155180            -
   4190000    3661573    1814328          0     528427 |  -0.00242517            -
   4200000    3670464    1818762          0     529536 |  -0.00206433            -
   4210000    3679307    1823272          0     530693 |  -0.00158373            -
   4220000    3688195    1827781          0     531805 |  -0.00130321            -
   4230000    3697031    1832251          0     532969 |  -0.00099187            -
   4240000    3705892    1836662          0     534108 |  -0.00147092            -
   4250000    3714700    1841131          0     535300 |  -0.00102305            -
   4260000    3723515    1845526          0     536485 |  -0.00147764            -
   4270000    3732375    1849940          0     537625 |  -0.00176753            -
   4280000    3741279    1854370          0     538721 |  -0.00206875            -
   4290000    3750180    1858840          0     539820 |  -0.00160161            -
   4300000    3759023    1863278          0     540977 |  -0.00150331            -
   4310000    3767798    1867694          0     542202 |  -0.00179688            -
   4320000    3776641    1872128          0     543359 |  -0.00252815            -
   4330000    3785500    1876583          0     544500 |  -0.00233294            -
   4340000    3794284    1880960          0     545716 |  -0.00211823            -
   4350000    3803091    1885422          0     546909 |  -0.00147889            -
   4360000    3811903    1889798          0     548097 |  -0.00168998            -
   4370000    3820730    1894174          0     549270 |  -0.00168159            -
   4380000    3829606    1898597          0     550394 |  -0.00201124            -
   4390000    3838459    1903010          0     551541 |  -0.00178141            -
   4400000    3847275    1907409          0     552725 |  -0.00173041            -
   4410000    3856105    1911830          0     553895 |  -0.00193826            -
   4420000    3864927    1916350          0     555073 |  -0.00172406            -
   4430000    3873805    1920824          0     556195 |  -0.00138918            -
   4440000    3882620    1925244          0     557380 |  -0.00103475            -
   4450000    3891448    1929658          0     558552 |  -0.00143653            -
   4460000    3900251    1933958          0     559749 |  -0.00206796            -
   4470000    3909079    1938415          0     560921 |  -0.00163860            -
   4480000    3917867    1942729          0     562133 |  -0.00223220            -
   4490000    3926687    1947182          0     563313 |  -0.00191506            -
   4500000    3935476    1951536          0     564524 |  -0.00211654            -
   4510000    3944281    1955987          0     565719 |  -0.00204011            -
   4520000    3953151    1960318          0     566849 |  -0.00289505            -
   4530000    3962042    1964818          0     567958 |  -0.00250440            -
   4540000    3970841    1969219          0     569159 |  -0.00204146            -
   4550000    3979650    1973642          0     570350 |  -0.00194627            -
   4560000    3988472    1978039          0     571528 |  -0.00206096            -
   4570000    3997244    1982416          0     572756 |  -0.00231083            -
   4573133    4000000    1983789          0     573133 |  -0.00257121            -


Monte Carlo simulation results:
	Total accepted moves = 4000000
	E_start, E_last, E_diff = 778781728.28681, -0.00257, -778781728.28939 eV

Simulation ended at: 2022-11-30 13:12:20.296771
Elapsed time = 9:55:04.762498




