Simulation began at: 2022-12-02 20:44:03.091635

Box details:
	cell parameters = 52.79450 54.79430 45.19530
	cell volume = 130742.65416 Å^3
	Ca number density = 0.01239075

Lennard-Jones parameters set:
	eps = 0.00950718 eV
	sigma = 3.75849720 Å

Gaussian parameters set:
	eps = 0.03968365 eV
	H = -0.05979992 eV # See LAMMPS documentation
	r0 = 5.99124646 Å
	sigma = 0.60117255 Å

Gaussian (II) parameters set:
	eps = -0.03112717 eV
	H = 0.07261839 eV # See LAMMPS documentation
	r0 = 5.91965995 Å
	sigma = 0.93071570 Å

Performing Monte-Carlo simulation.
	Max moves = 8000000
	Max accepted moves = 4000000
	Temperature = 300 K
	Max translation = 0.1 Å
	Energy(start) = 778781728.28681 eV
	Number of cores = 48


Tracking simulation progress:
nmoves, naccept, nboltzmann, nhardspherereject, nreject | curr_e, hs_violations
-------------------------------------------------------------------------------
         0          0          0          0          0 | 778781728.28681386            -
     10000       5679        742          0       4321 | 189271.65875389            -
     20000      11520       1709          0       8480 | 2236.77368551            -
     30000      17519       2826          0      12481 | 183.65241230            -
     40000      23669       4269          0      16331 |  18.89804373            -
     50000      30109       6019          0      19891 |   4.08739060            -
     60000      36695       8050          0      23305 |   1.24088991            -
     70000      43588      10395          0      26412 |   0.38626817            -
     80000      50781      13100          0      29219 |   0.17097914            -
     90000      58230      16105          0      31770 |   0.09856579            -
    100000      66010      19483          0      33990 |   0.06329352            -
    110000      73817      23009          0      36183 |   0.04566186            -
    120000      81741      26665          0      38259 |   0.03626933            -
    130000      89851      30467          0      40149 |   0.02810729            -
    140000      98073      34381          0      41927 |   0.02357935            -
    150000     106342      38332          0      43658 |   0.02020780            -
    160000     114682      42377          0      45318 |   0.01744596            -
    170000     123006      46464          0      46994 |   0.01587716            -
    180000     131384      50563          0      48616 |   0.01459322            -
    190000     139819      54656          0      50181 |   0.01272380            -
    200000     148328      58853          0      51672 |   0.01190624            -
    210000     156852      63043          0      53148 |   0.01041382            -
    220000     165381      67219          0      54619 |   0.00955252            -
    230000     173940      71474          0      56060 |   0.00924655            -
    240000     182488      75709          0      57512 |   0.00851275            -
    250000     191051      80037          0      58949 |   0.00813921            -
    260000     199606      84231          0      60394 |   0.00791378            -
    270000     208235      88433          0      61765 |   0.00754114            -
    280000     216849      92644          0      63151 |   0.00672334            -
    290000     225474      96870          0      64526 |   0.00582274            -
    300000     234096     101141          0      65904 |   0.00527851            -
    310000     242735     105375          0      67265 |   0.00489128            -
    320000     251385     109718          0      68615 |   0.00540564            -
    330000     260073     114043          0      69927 |   0.00539759            -
    340000     268749     118396          0      71251 |   0.00480988            -
    350000     277365     122613          0      72635 |   0.00413494            -
    360000     286056     126965          0      73944 |   0.00370821            -
    370000     294826     131358          0      75174 |   0.00363806            -
    380000     303485     135739          0      76515 |   0.00404590            -
    390000     312154     140060          0      77846 |   0.00353060            -
    400000     320861     144436          0      79139 |   0.00407158            -
    410000     329533     148718          0      80467 |   0.00380913            -
    420000     338174     153066          0      81826 |   0.00373336            -
    430000     346839     157336          0      83161 |   0.00310935            -
    440000     355475     161695          0      84525 |   0.00320302            -
    450000     364150     166055          0      85850 |   0.00342577            -
    460000     372913     170429          0      87087 |   0.00288749            -
    470000     381633     174739          0      88367 |   0.00225417            -
    480000     390416     179141          0      89584 |   0.00244113            -
    490000     399094     183478          0      90906 |   0.00261321            -
    500000     407861     187928          0      92139 |   0.00303380            -
    510000     416532     192203          0      93468 |   0.00251245            -
    520000     425203     196460          0      94797 |   0.00243326            -
    530000     433902     200810          0      96098 |   0.00264900            -
    540000     442621     205186          0      97379 |   0.00236482            -
    550000     451298     209516          0      98702 |   0.00209415            -
    560000     460023     213907          0      99977 |   0.00206399            -
    570000     468749     218236          0     101251 |   0.00128323            -
    580000     477460     222585          0     102540 |   0.00184347            -
    590000     486210     226983          0     103790 |   0.00195777            -
    600000     494911     231323          0     105089 |   0.00190636            -
    610000     503567     235588          0     106433 |   0.00116208            -
    620000     512355     239955          0     107645 |   0.00120422            -
    630000     521162     244380          0     108838 |   0.00118195            -
    640000     529962     248763          0     110038 |   0.00069698            -
    650000     538716     253139          0     111284 |   0.00097173            -
    660000     547503     257576          0     112497 |   0.00120269            -
    670000     556252     261968          0     113748 |   0.00124823            -
    680000     565043     266256          0     114957 |   0.00046807            -
    690000     573739     270614          0     116261 |   0.00077051            -
    700000     582514     274954          0     117486 |   0.00028909            -
    710000     591348     279367          0     118652 |   0.00005247            -
    720000     600069     283726          0     119931 |   0.00054870            -
    730000     608837     288050          0     121163 |   0.00027714            -
    740000     617570     292426          0     122430 |   0.00038774            -
    750000     626342     296881          0     123658 |   0.00052920            -
    760000     635110     301254          0     124890 |   0.00023316            -
    770000     643905     305617          0     126095 |  -0.00021198            -
    780000     652698     310069          0     127302 |   0.00021696            -
    790000     661524     314480          0     128476 |   0.00008060            -
    800000     670312     318827          0     129688 |  -0.00003359            -
    810000     679129     323259          0     130871 |   0.00013612            -
    820000     687908     327641          0     132092 |  -0.00012816            -
    830000     696676     331948          0     133324 |  -0.00056944            -
    840000     705462     336358          0     134538 |  -0.00070357            -
    850000     714356     340887          0     135644 |  -0.00004888            -
    860000     723126     345251          0     136874 |  -0.00010380            -
    870000     731928     349599          0     138072 |  -0.00016688            -
    880000     740694     354021          0     139306 |   0.00026965            -
    890000     749495     358392          0     140505 |  -0.00001454            -
    900000     758258     362756          0     141742 |   0.00013185            -
    910000     767049     367089          0     142951 |  -0.00034713            -
    920000     775840     371563          0     144160 |  -0.00040332            -
    930000     784671     375936          0     145329 |  -0.00079121            -
    940000     793473     380359          0     146527 |  -0.00098477            -
    950000     802292     384703          0     147708 |  -0.00136895            -
    960000     811088     389161          0     148912 |  -0.00099121            -
    970000     819868     393566          0     150132 |  -0.00107119            -
    980000     828659     398043          0     151341 |  -0.00034397            -
    990000     837440     402461          0     152560 |  -0.00045006            -
   1000000     846190     406846          0     153810 |  -0.00049333            -
   1010000     855028     411255          0     154972 |  -0.00097687            -
   1020000     863855     415691          0     156145 |  -0.00072768            -
   1030000     872646     420130          0     157354 |  -0.00039925            -
   1040000     881472     424616          0     158528 |  -0.00009505            -
   1050000     890277     429028          0     159723 |  -0.00014265            -
   1060000     899033     433384          0     160967 |  -0.00043492            -
   1070000     907828     437707          0     162172 |  -0.00126655            -
   1080000     916656     442129          0     163344 |  -0.00137893            -
   1090000     925433     446491          0     164567 |  -0.00122312            -
   1100000     934198     450882          0     165802 |  -0.00061387            -
   1110000     942965     455335          0     167035 |  -0.00053120            -
   1120000     951788     459738          0     168212 |  -0.00082818            -
   1130000     960548     464058          0     169452 |  -0.00087066            -
   1140000     969312     468452          0     170688 |  -0.00097460            -
   1150000     978112     472851          0     171888 |  -0.00101427            -
   1160000     986934     477290          0     173066 |  -0.00114089            -
   1170000     995727     481676          0     174273 |  -0.00093803            -
   1180000    1004513     486025          0     175487 |  -0.00089669            -
   1190000    1013330     490361          0     176670 |  -0.00150641            -
   1200000    1022170     494790          0     177830 |  -0.00130299            -
   1210000    1030979     499213          0     179021 |  -0.00096578            -
   1220000    1039765     503606          0     180235 |  -0.00146156            -
   1230000    1048592     508062          0     181408 |  -0.00134452            -
   1240000    1057424     512503          0     182576 |  -0.00124294            -
   1250000    1066254     516995          0     183746 |  -0.00074849            -
   1260000    1075033     521408          0     184967 |  -0.00073124            -
   1270000    1083856     525831          0     186144 |  -0.00102001            -
   1280000    1092696     530244          0     187304 |  -0.00067110            -
   1290000    1101511     534642          0     188489 |  -0.00085831            -
   1300000    1110323     538980          0     189677 |  -0.00090594            -
   1310000    1119121     543357          0     190879 |  -0.00111562            -
   1320000    1127919     547745          0     192081 |  -0.00119655            -
   1330000    1136721     552087          0     193279 |  -0.00124647            -
   1340000    1145515     556502          0     194485 |  -0.00068914            -
   1350000    1154313     560819          0     195687 |  -0.00133818            -
   1360000    1163067     565161          0     196933 |  -0.00165197            -
   1370000    1171883     569589          0     198117 |  -0.00181696            -
   1380000    1180704     573998          0     199296 |  -0.00181285            -
   1390000    1189481     578440          0     200519 |  -0.00148816            -
   1400000    1198322     582862          0     201678 |  -0.00141681            -
   1410000    1207086     587300          0     202914 |  -0.00090657            -
   1420000    1215787     591647          0     204213 |  -0.00109640            -
   1430000    1224570     596097          0     205430 |  -0.00086546            -
   1440000    1233297     600478          0     206703 |  -0.00069911            -
   1450000    1242119     604876          0     207881 |  -0.00075318            -
   1460000    1250921     609328          0     209079 |  -0.00026259            -
   1470000    1259689     613706          0     210311 |  -0.00094718            -
   1480000    1268477     618042          0     211523 |  -0.00146944            -
   1490000    1277352     622523          0     212648 |  -0.00134379            -
   1500000    1286146     626888          0     213854 |  -0.00171115            -
   1510000    1294968     631316          0     215032 |  -0.00151545            -
   1520000    1303754     635704          0     216246 |  -0.00153353            -
   1530000    1312504     640037          0     217496 |  -0.00156932            -
   1540000    1321365     644379          0     218635 |  -0.00229953            -
   1550000    1330150     648779          0     219850 |  -0.00207629            -
   1560000    1338990     653218          0     221010 |  -0.00185769            -
   1570000    1347785     657587          0     222215 |  -0.00204873            -
   1580000    1356663     661991          0     223337 |  -0.00229505            -
   1590000    1365520     666433          0     224480 |  -0.00192650            -
   1600000    1374411     670880          0     225589 |  -0.00200914            -
   1610000    1383209     675316          0     226791 |  -0.00159646            -
   1620000    1391945     679680          0     228055 |  -0.00245437            -
   1630000    1400762     684094          0     229238 |  -0.00261613            -
   1640000    1409603     688430          0     230397 |  -0.00250615            -
   1650000    1418448     692890          0     231552 |  -0.00223424            -
   1660000    1427293     697299          0     232707 |  -0.00248203            -
   1670000    1436151     701748          0     233849 |  -0.00249150            -
   1680000    1444985     706192          0     235015 |  -0.00224372            -
   1690000    1453800     710538          0     236200 |  -0.00278945            -
   1700000    1462660     714954          0     237340 |  -0.00288552            -
   1710000    1471480     719417          0     238520 |  -0.00197089            -
   1720000    1480259     723829          0     239741 |  -0.00157957            -
   1730000    1489030     728234          0     240970 |  -0.00135832            -
   1740000    1497780     732653          0     242220 |  -0.00122669            -
   1750000    1506605     737102          0     243395 |  -0.00105072            -
   1760000    1515381     741464          0     244619 |  -0.00117825            -
   1770000    1524190     745908          0     245810 |  -0.00117089            -
   1780000    1533052     750263          0     246948 |  -0.00187214            -
   1790000    1541907     754770          0     248093 |  -0.00078485            -
   1800000    1550752     759204          0     249248 |  -0.00083113            -
   1810000    1559585     763636          0     250415 |  -0.00091711            -
   1820000    1568371     768001          0     251629 |  -0.00122476            -
   1830000    1577140     772384          0     252860 |  -0.00130925            -
   1840000    1585950     776735          0     254050 |  -0.00185465            -
   1850000    1594806     781187          0     255194 |  -0.00204471            -
   1860000    1603684     785678          0     256316 |  -0.00138179            -
   1870000    1612482     790022          0     257518 |  -0.00161108            -
   1880000    1621303     794421          0     258697 |  -0.00169879            -
   1890000    1630159     798831          0     259841 |  -0.00158224            -
   1900000    1639014     803245          0     260986 |  -0.00170103            -
   1910000    1647839     807700          0     262161 |  -0.00116677            -
   1920000    1656621     812164          0     263379 |  -0.00050066            -
   1930000    1665366     816525          0     264634 |  -0.00048548            -
   1940000    1674211     820921          0     265789 |  -0.00092795            -
   1950000    1683062     825285          0     266938 |  -0.00092632            -
   1960000    1691944     829715          0     268056 |  -0.00154789            -
   1970000    1700759     834127          0     269241 |  -0.00094444            -
   1980000    1709577     838522          0     270423 |  -0.00084970            -
   1990000    1718354     842912          0     271646 |  -0.00125536            -
   2000000    1727109     847289          0     272891 |  -0.00148835            -
   2010000    1735953     851727          0     274047 |  -0.00146003            -
   2020000    1744796     856156          0     275204 |  -0.00133754            -
   2030000    1753663     860552          0     276337 |  -0.00174501            -
   2040000    1762498     865010          0     277502 |  -0.00156868            -
   2050000    1771308     869460          0     278692 |  -0.00117707            -
   2060000    1780137     873879          0     279863 |  -0.00099010            -
   2070000    1788912     878245          0     281088 |  -0.00092466            -
   2080000    1797678     882603          0     282322 |  -0.00123637            -
   2090000    1806463     887041          0     283537 |  -0.00098878            -
   2100000    1815190     891317          0     284810 |  -0.00189819            -
   2110000    1824022     895749          0     285978 |  -0.00163114            -
   2120000    1832812     900147          0     287188 |  -0.00155995            -
   2130000    1841634     904511          0     288366 |  -0.00142775            -
   2140000    1850434     908915          0     289566 |  -0.00183910            -
   2150000    1859282     913328          0     290718 |  -0.00193344            -
   2160000    1868099     917677          0     291901 |  -0.00187050            -
   2170000    1876959     922110          0     293041 |  -0.00187472            -
   2180000    1885781     926437          0     294219 |  -0.00266884            -
   2190000    1894605     930850          0     295395 |  -0.00239121            -
   2200000    1903481     935353          0     296519 |  -0.00247466            -
   2210000    1912341     939769          0     297659 |  -0.00275952            -
   2220000    1921177     944219          0     298823 |  -0.00249807            -
   2230000    1930023     948646          0     299977 |  -0.00234034            -
   2240000    1938894     953065          0     301106 |  -0.00214887            -
   2250000    1947750     957429          0     302250 |  -0.00241060            -
   2260000    1956585     961822          0     303415 |  -0.00256104            -
   2270000    1965413     966305          0     304587 |  -0.00213161            -
   2280000    1974251     970733          0     305749 |  -0.00246245            -
   2290000    1983071     975175          0     306929 |  -0.00208440            -
   2300000    1991890     979582          0     308110 |  -0.00195474            -
   2310000    2000713     983997          0     309287 |  -0.00212780            -
   2320000    2009543     988401          0     310457 |  -0.00196087            -
   2330000    2018418     992827          0     311582 |  -0.00247446            -
   2340000    2027273     997292          0     312727 |  -0.00225654            -
   2350000    2036139    1001722          0     313861 |  -0.00204684            -
   2360000    2045017    1006174          0     314983 |  -0.00190330            -
   2370000    2053884    1010613          0     316116 |  -0.00200842            -
   2380000    2062674    1014929          0     317326 |  -0.00225614            -
   2390000    2071525    1019244          0     318475 |  -0.00299580            -
   2400000    2080418    1023698          0     319582 |  -0.00260684            -
   2410000    2089246    1028112          0     320754 |  -0.00216154            -
   2420000    2098104    1032547          0     321896 |  -0.00229898            -
   2430000    2106953    1036924          0     323047 |  -0.00295596            -
   2440000    2115821    1041316          0     324179 |  -0.00314043            -
   2450000    2124682    1045803          0     325318 |  -0.00287759            -
   2460000    2133558    1050238          0     326442 |  -0.00241240            -
   2470000    2142429    1054687          0     327571 |  -0.00192009            -
   2480000    2151307    1059080          0     328693 |  -0.00228854            -
   2490000    2160186    1063445          0     329814 |  -0.00274171            -
   2500000    2169007    1067918          0     330993 |  -0.00211205            -
   2510000    2177813    1072324          0     332187 |  -0.00146235            -
   2520000    2186641    1076789          0     333359 |  -0.00155230            -
   2530000    2195492    1081240          0     334508 |  -0.00161661            -
   2540000    2204301    1085591          0     335699 |  -0.00186621            -
   2550000    2213093    1089949          0     336907 |  -0.00227827            -
   2560000    2222014    1094371          0     337986 |  -0.00215945            -
   2570000    2230862    1098845          0     339138 |  -0.00145242            -
   2580000    2239776    1103284          0     340224 |  -0.00145290            -
   2590000    2248677    1107752          0     341323 |  -0.00140666            -
   2600000    2257534    1112231          0     342466 |  -0.00080014            -
   2610000    2266417    1116582          0     343583 |  -0.00162638            -
   2620000    2275264    1120956          0     344736 |  -0.00197622            -
   2630000    2284137    1125409          0     345863 |  -0.00180420            -
   2640000    2293015    1129854          0     346985 |  -0.00168636            -
   2650000    2301788    1134269          0     348212 |  -0.00144178            -
   2660000    2310649    1138713          0     349351 |  -0.00138862            -
   2670000    2319481    1143219          0     350519 |  -0.00144761            -
   2680000    2328278    1147560          0     351722 |  -0.00143999            -
   2690000    2337132    1152014          0     352868 |  -0.00148235            -
   2700000    2345994    1156426          0     354006 |  -0.00194404            -
   2710000    2354815    1160827          0     355185 |  -0.00209783            -
   2720000    2363654    1165170          0     356346 |  -0.00231442            -
   2730000    2372503    1169672          0     357497 |  -0.00166645            -
   2740000    2381296    1174073          0     358704 |  -0.00187787            -
   2750000    2390142    1178456          0     359858 |  -0.00226377            -
   2760000    2398968    1182902          0     361032 |  -0.00209995            -
   2770000    2407807    1187399          0     362193 |  -0.00151654            -
   2780000    2416644    1191758          0     363356 |  -0.00234644            -
   2790000    2425481    1196236          0     364519 |  -0.00199540            -
   2800000    2434298    1200671          0     365702 |  -0.00138123            -
   2810000    2443107    1205121          0     366893 |  -0.00149409            -
   2820000    2451934    1209472          0     368066 |  -0.00222120            -
   2830000    2460763    1213853          0     369237 |  -0.00207921            -
   2840000    2469616    1218232          0     370384 |  -0.00179562            -
   2850000    2478470    1222705          0     371530 |  -0.00180763            -
   2860000    2487316    1227106          0     372684 |  -0.00209049            -
   2870000    2496170    1231432          0     373830 |  -0.00176834            -
   2880000    2504923    1235866          0     375077 |  -0.00186662            -
   2890000    2513734    1240249          0     376266 |  -0.00209260            -
   2900000    2522560    1244634          0     377440 |  -0.00197735            -
   2910000    2531343    1249050          0     378657 |  -0.00213124            -
   2920000    2540205    1253505          0     379795 |  -0.00203322            -
   2930000    2548967    1257907          0     381033 |  -0.00169171            -
   2940000    2557826    1262299          0     382174 |  -0.00233300            -
   2950000    2566677    1266713          0     383323 |  -0.00183946            -
   2960000    2575462    1271096          0     384538 |  -0.00198838            -
   2970000    2584244    1275535          0     385756 |  -0.00201620            -
   2980000    2593133    1279988          0     386867 |  -0.00224099            -
   2990000    2601980    1284373          0     388020 |  -0.00251604            -
   3000000    2610796    1288785          0     389204 |  -0.00187120            -
   3010000    2619645    1293152          0     390355 |  -0.00237145            -
   3020000    2628440    1297530          0     391560 |  -0.00256246            -
   3030000    2637236    1301913          0     392764 |  -0.00225311            -
   3040000    2646083    1306350          0     393917 |  -0.00215915            -
   3050000    2654911    1310714          0     395089 |  -0.00318852            -
   3060000    2663775    1315087          0     396225 |  -0.00355686            -
   3070000    2672679    1319625          0     397321 |  -0.00258057            -
   3080000    2681454    1324050          0     398546 |  -0.00242371            -
   3090000    2690247    1328475          0     399753 |  -0.00253348            -
   3100000    2699030    1332874          0     400970 |  -0.00216765            -
   3110000    2707874    1337224          0     402126 |  -0.00287981            -
   3120000    2716716    1341556          0     403284 |  -0.00318594            -
   3130000    2725582    1346063          0     404418 |  -0.00312023            -
   3140000    2734477    1350565          0     405523 |  -0.00245706            -
   3150000    2743328    1354958          0     406672 |  -0.00244048            -
   3160000    2752130    1359387          0     407870 |  -0.00193539            -
   3170000    2761005    1363857          0     408995 |  -0.00198273            -
   3180000    2769823    1368225          0     410177 |  -0.00218049            -
   3190000    2778689    1372651          0     411311 |  -0.00317454            -
   3200000    2787534    1377141          0     412466 |  -0.00254848            -
   3210000    2796373    1381626          0     413627 |  -0.00210102            -
   3220000    2805218    1386028          0     414782 |  -0.00207775            -
   3230000    2814055    1390397          0     415945 |  -0.00264352            -
   3240000    2822829    1394779          0     417171 |  -0.00265524            -
   3250000    2831607    1399173          0     418393 |  -0.00277011            -
   3260000    2840423    1403594          0     419577 |  -0.00264905            -
   3270000    2849306    1407975          0     420694 |  -0.00336000            -
   3280000    2858222    1412397          0     421778 |  -0.00344698            -
   3290000    2867062    1416825          0     422938 |  -0.00314625            -
   3300000    2875919    1421195          0     424081 |  -0.00382130            -
   3310000    2884766    1425645          0     425234 |  -0.00394758            -
   3320000    2893609    1430121          0     426391 |  -0.00318230            -
   3330000    2902425    1434567          0     427575 |  -0.00302133            -
   3340000    2911292    1438980          0     428708 |  -0.00315255            -
   3350000    2920122    1443368          0     429878 |  -0.00349559            -
   3360000    2928980    1447786          0     431020 |  -0.00316236            -
   3370000    2937772    1452211          0     432228 |  -0.00297571            -
   3380000    2946615    1456560          0     433385 |  -0.00322242            -
   3390000    2955440    1460961          0     434560 |  -0.00267752            -
   3400000    2964254    1465371          0     435746 |  -0.00279812            -
   3410000    2973109    1469787          0     436891 |  -0.00284312            -
   3420000    2981959    1474187          0     438041 |  -0.00341511            -
   3430000    2990788    1478609          0     439212 |  -0.00369494            -
   3440000    2999659    1483130          0     440341 |  -0.00360200            -
   3450000    3008487    1487498          0     441513 |  -0.00381735            -
   3460000    3017345    1491947          0     442655 |  -0.00329709            -
   3470000    3026156    1496397          0     443844 |  -0.00294971            -
   3480000    3034975    1500802          0     445025 |  -0.00273800            -
   3490000    3043786    1505201          0     446214 |  -0.00287849            -
   3500000    3052628    1509684          0     447372 |  -0.00297841            -
   3510000    3061450    1514170          0     448550 |  -0.00228223            -
   3520000    3070261    1518542          0     449739 |  -0.00239510            -
   3530000    3079090    1522913          0     450910 |  -0.00283583            -
   3540000    3087876    1527224          0     452124 |  -0.00289959            -
   3550000    3096727    1531597          0     453273 |  -0.00279347            -
   3560000    3105529    1535991          0     454471 |  -0.00307010            -
   3570000    3114342    1540370          0     455658 |  -0.00296274            -
   3580000    3123176    1544793          0     456824 |  -0.00275907            -
   3590000    3131987    1549142          0     458013 |  -0.00271333            -
   3600000    3140742    1553452          0     459258 |  -0.00303185            -
   3610000    3149523    1557848          0     460477 |  -0.00305889            -
   3620000    3158382    1562281          0     461618 |  -0.00336060            -
   3630000    3167253    1566735          0     462747 |  -0.00309986            -
   3640000    3176045    1571088          0     463955 |  -0.00299225            -
   3650000    3184860    1575463          0     465140 |  -0.00336278            -
   3660000    3193620    1579802          0     466380 |  -0.00372847            -
   3670000    3202439    1584204          0     467561 |  -0.00406823            -
   3680000    3211334    1588635          0     468666 |  -0.00407917            -
   3690000    3220168    1592985          0     469832 |  -0.00419685            -
   3700000    3229081    1597571          0     470919 |  -0.00334930            -
   3710000    3237945    1602003          0     472055 |  -0.00367804            -
   3720000    3246777    1606389          0     473223 |  -0.00345229            -
   3730000    3255629    1610784          0     474371 |  -0.00405791            -
   3740000    3264463    1615195          0     475537 |  -0.00400589            -
   3750000    3273351    1619664          0     476649 |  -0.00366538            -
   3760000    3282219    1624119          0     477781 |  -0.00366233            -
   3770000    3291065    1628613          0     478935 |  -0.00299711            -
   3780000    3299875    1633034          0     480125 |  -0.00333191            -
   3790000    3308754    1637412          0     481246 |  -0.00373398            -
   3800000    3317608    1641790          0     482392 |  -0.00324701            -
   3810000    3326457    1646160          0     483543 |  -0.00354470            -
   3820000    3335351    1650586          0     484649 |  -0.00379163            -
   3830000    3344094    1654995          0     485906 |  -0.00365505            -
   3840000    3352940    1659367          0     487060 |  -0.00413015            -
   3850000    3361790    1663834          0     488210 |  -0.00342163            -
   3860000    3370586    1668160          0     489414 |  -0.00359537            -
   3870000    3379397    1672610          0     490603 |  -0.00332208            -
   3880000    3388248    1677100          0     491752 |  -0.00307285            -
   3890000    3397102    1681550          0     492898 |  -0.00257085            -
   3900000    3405964    1685929          0     494036 |  -0.00271789            -
   3910000    3414804    1690271          0     495196 |  -0.00336220            -
   3920000    3423610    1694673          0     496390 |  -0.00278102            -
   3930000    3432331    1699122          0     497669 |  -0.00176659            -
   3940000    3441133    1703607          0     498867 |  -0.00126739            -
   3950000    3449947    1707920          0     500053 |  -0.00221308            -
   3960000    3458746    1712318          0     501254 |  -0.00221880            -
   3970000    3467537    1716704          0     502463 |  -0.00218525            -
   3980000    3476343    1721079          0     503657 |  -0.00259118            -
   3990000    3485169    1725470          0     504831 |  -0.00240404            -
   4000000    3494073    1729843          0     505927 |  -0.00322622            -
   4010000    3502894    1734247          0     507106 |  -0.00332005            -
   4020000    3511733    1738682          0     508267 |  -0.00296301            -
   4030000    3520559    1743085          0     509441 |  -0.00323098            -
   4040000    3529398    1747575          0     510602 |  -0.00274296            -
   4050000    3538264    1751946          0     511736 |  -0.00306391            -
   4060000    3547068    1756316          0     512932 |  -0.00322794            -
   4070000    3555904    1760756          0     514096 |  -0.00327693            -
   4080000    3564743    1765176          0     515257 |  -0.00308564            -
   4090000    3573640    1769695          0     516360 |  -0.00254735            -
   4100000    3582434    1774083          0     517566 |  -0.00263509            -
   4110000    3591274    1778526          0     518726 |  -0.00243777            -
   4120000    3600116    1782898          0     519884 |  -0.00282585            -
   4130000    3608985    1787363          0     521015 |  -0.00301861            -
   4140000    3617840    1791755          0     522160 |  -0.00329385            -
   4150000    3626702    1796197          0     523298 |  -0.00293614            -
   4160000    3635536    1800590          0     524464 |  -0.00343132            -
   4170000    3644433    1805042          0     525567 |  -0.00323850            -
   4180000    3653306    1809552          0     526694 |  -0.00282103            -
   4190000    3662176    1814044          0     527824 |  -0.00250823            -
   4200000    3671010    1818493          0     528990 |  -0.00225428            -
   4210000    3679882    1822960          0     530118 |  -0.00240134            -
   4220000    3688822    1827413          0     531178 |  -0.00263636            -
   4230000    3697692    1831856          0     532308 |  -0.00258042            -
   4240000    3706576    1836327          0     533424 |  -0.00206121            -
   4250000    3715416    1840777          0     534584 |  -0.00220497            -
   4260000    3724285    1845277          0     535715 |  -0.00237386            -
   4270000    3733131    1849687          0     536869 |  -0.00284163            -
   4280000    3741970    1854121          0     538030 |  -0.00317638            -
   4290000    3750819    1858492          0     539181 |  -0.00353324            -
   4300000    3759646    1862934          0     540354 |  -0.00343197            -
   4310000    3768501    1867393          0     541499 |  -0.00287901            -
   4320000    3777356    1871860          0     542644 |  -0.00281492            -
   4330000    3786193    1876225          0     543807 |  -0.00292421            -
   4340000    3794993    1880684          0     545007 |  -0.00272922            -
   4350000    3803854    1885077          0     546146 |  -0.00325041            -
   4360000    3812712    1889523          0     547288 |  -0.00247813            -
   4370000    3821537    1893869          0     548463 |  -0.00288572            -
   4380000    3830412    1898231          0     549588 |  -0.00355812            -
   4390000    3839237    1902700          0     550763 |  -0.00354017            -
   4400000    3848145    1907194          0     551855 |  -0.00326947            -
   4410000    3856946    1911603          0     553054 |  -0.00332102            -
   4420000    3865753    1916034          0     554247 |  -0.00251081            -
   4430000    3874560    1920463          0     555440 |  -0.00238286            -
   4440000    3883412    1924861          0     556588 |  -0.00319629            -
   4450000    3892224    1929296          0     557776 |  -0.00292179            -
   4460000    3901078    1933735          0     558922 |  -0.00343876            -
   4470000    3909953    1938192          0     560047 |  -0.00296353            -
   4480000    3918785    1942666          0     561215 |  -0.00310818            -
   4490000    3927708    1947152          0     562292 |  -0.00293720            -
   4500000    3936570    1951602          0     563430 |  -0.00297988            -
   4510000    3945426    1956010          0     564574 |  -0.00304644            -
   4520000    3954280    1960447          0     565720 |  -0.00293117            -
   4530000    3963125    1964799          0     566875 |  -0.00271936            -
   4540000    3971972    1969264          0     568028 |  -0.00268628            -
   4550000    3980807    1973569          0     569193 |  -0.00307424            -
   4560000    3989689    1977989          0     570311 |  -0.00330246            -
   4570000    3998565    1982378          0     571435 |  -0.00323486            -
   4571608    4000000    1983132          0     571608 |  -0.00303109            -


Monte Carlo simulation results:
	Total accepted moves = 4000000
	E_start, E_last, E_diff = 778781728.28681, -0.00303, -778781728.28984 eV

Simulation ended at: 2022-12-03 06:31:16.050383
Elapsed time = 9:47:12.958748

