1 3
1 4
1 11
1 16
1 20
1 1236
1 1238
1 1249
2 4
2 8
2 11
2 19
2 20
2 319
3 9
3 15
3 1236
3 1253
4 16
4 19
4 20
4 312
4 323
4 1238
5 9
5 15
5 22
5 101
5 105
5 116
5 118
6 342
6 411
6 444
6 726
7 11
7 74
7 315
7 337
7 341
7 405
8 10
8 20
8 22
8 23
8 26
8 444
9 94
9 1307
9 1330
10 21
10 22
10 23
10 26
10 27
10 418
10 444
12 16
12 24
12 25
12 50
12 1237
12 1240
12 1253
13 16
13 20
13 24
13 44
14 18
14 26
14 379
14 443
15 20
15 22
15 25
15 116
15 1253
16 20
16 24
16 1237
16 1238
17 23
17 25
17 46
17 118
17 124
18 26
18 417
18 430
18 443
18 726
19 312
20 22
20 23
21 26
21 69
21 91
21 125
21 418
21 500
22 23
23 27
23 444
24 38
24 50
25 32
25 110
25 116
25 118
25 127
26 69
26 417
26 418
26 443
27 121
27 416
27 418
27 427
27 444
28 31
28 33
28 35
28 41
28 51
28 476
28 481
29 38
29 42
29 45
29 55
29 1286
30 33
30 39
30 40
30 49
30 52
30 58
30 59
30 141
30 148
31 35
31 40
31 43
31 53
32 46
32 50
32 51
32 54
32 127
32 162
32 165
33 37
33 48
33 52
33 141
33 154
33 463
34 39
34 42
34 55
34 56
34 1264
35 41
35 53
35 466
35 481
36 43
36 44
36 47
36 342
36 347
36 357
36 794
37 133
37 144
37 154
37 463
37 476
37 477
37 557
38 367
39 40
39 52
39 55
39 56
39 59
39 84
39 92
40 52
40 55
41 47
41 57
41 475
41 476
41 481
42 43
42 356
42 369
42 1264
43 347
43 367
44 47
44 51
45 50
45 54
45 1286
46 124
46 165
46 448
47 57
47 342
47 357
47 442
47 475
47 794
48 66
48 130
48 141
48 453
48 514
49 54
49 135
49 140
49 148
49 154
49 165
50 162
50 1282
51 54
52 84
52 90
53 349
53 352
54 165
55 1267
56 73
56 84
56 92
56 358
56 377
57 448
57 475
58 134
58 148
58 160
59 79
59 89
59 90
59 92
60 70
60 71
60 81
60 82
60 506
61 78
61 83
61 89
61 178
61 181
61 197
62 63
62 69
62 76
62 77
62 82
62 88
62 379
62 443
62 503
62 509
63 69
63 70
63 484
63 509
64 68
64 352
64 457
64 502
64 504
64 781
65 71
65 73
65 75
65 79
65 80
65 83
65 92
65 1304
66 81
66 89
66 90
66 176
66 198
67 72
67 74
67 93
67 1236
67 1307
67 1316
68 84
68 90
68 479
68 502
69 77
69 443
69 500
69 509
70 168
70 198
70 484
70 497
70 595
71 75
71 82
71 83
71 86
71 89
71 90
72 74
72 75
72 83
72 1316
72 1327
73 75
73 80
73 84
73 92
73 377
74 77
74 88
75 80
75 82
75 88
75 380
76 82
76 88
76 400
76 403
76 490
76 819
77 86
77 93
78 86
78 91
78 93
78 178
79 87
79 92
79 1275
79 1295
79 1304
79 1317
80 388
80 1304
80 1315
80 1321
81 90
81 198
81 514
82 86
82 88
83 85
83 89
83 1317
84 90
84 92
85 170
85 1300
85 1303
85 1307
86 93
87 89
87 182
87 197
87 1317
87 1426
88 380
89 90
91 125
91 178
93 94
94 105
94 126
94 170
95 98
95 102
95 103
95 107
95 109
95 112
95 115
95 117
96 106
96 120
96 128
96 129
96 184
96 191
96 192
96 581
97 107
97 110
97 114
97 127
97 146
97 153
97 1359
98 100
98 102
98 112
98 121
99 111
99 114
99 116
99 1330
99 1332
99 1346
100 101
100 105
100 112
100 118
100 120
100 121
100 542
101 105
101 111
101 112
101 126
102 117
102 157
102 159
102 538
103 108
103 109
103 115
103 209
103 212
103 229
103 539
104 117
104 139
104 157
104 199
104 205
104 209
105 125
106 115
106 119
106 122
106 129
106 184
106 191
106 229
106 230
107 109
107 113
107 114
107 117
107 234
107 1359
108 120
108 129
108 528
108 539
109 115
109 123
109 209
109 219
109 234
110 112
110 114
110 116
110 118
110 127
111 126
111 1330
111 1337
111 1346
112 114
112 115
112 118
113 131
113 132
113 139
113 234
113 1336
113 1359
113 1493
114 116
114 1332
114 1359
115 119
115 122
115 229
116 118
116 1253
116 1348
117 139
117 146
117 159
119 122
119 187
119 191
120 125
120 128
120 129
120 528
120 542
120 581
121 416
121 542
122 202
122 219
122 222
122 229
122 230
123 219
123 228
123 234
123 1329
123 1340
123 1344
124 127
124 159
124 165
124 166
125 128
125 437
125 548
126 170
126 186
126 190
127 146
127 162
127 165
128 192
128 581
129 184
129 526
129 528
130 152
130 176
130 612
131 132
131 139
131 142
131 153
131 1374
132 139
132 142
132 237
132 1369
132 1493
133 144
133 154
133 156
133 557
133 571
134 148
134 164
134 1262
134 1290
134 1365
134 1367
135 140
135 146
135 148
135 164
136 137
136 143
136 145
136 151
136 156
136 161
136 563
136 566
136 685
137 149
137 152
137 156
137 163
137 246
137 271
137 578
138 147
138 152
138 155
138 160
138 179
138 188
139 142
139 151
139 244
140 144
140 145
140 146
140 154
140 159
140 165
141 148
141 154
141 160
142 145
142 151
143 145
143 156
143 157
143 159
143 563
143 572
144 166
144 480
144 557
144 572
145 149
145 155
145 156
146 153
146 159
146 165
147 149
147 155
147 1365
147 1378
148 154
148 155
148 160
149 150
149 152
149 155
149 246
150 152
150 158
150 167
150 188
150 193
150 242
150 308
150 1396
151 161
151 237
151 246
152 155
152 163
152 172
152 179
153 162
153 1374
153 1386
154 155
156 563
156 578
157 161
157 205
157 538
157 654
158 167
158 260
158 273
158 1369
158 1396
158 1485
159 166
160 176
160 182
161 265
161 566
161 685
162 164
162 1282
163 172
163 271
163 574
163 578
163 612
164 1282
164 1367
166 480
166 562
167 242
167 260
167 273
167 277
167 308
167 1396
167 1487
167 1518
168 169
168 178
168 198
168 583
168 595
169 175
169 178
169 183
169 192
170 186
170 1300
171 172
171 175
171 183
171 196
171 609
172 175
172 179
172 193
172 196
173 177
173 189
173 191
173 230
173 275
173 292
173 296
174 179
174 181
174 182
174 185
174 188
174 193
174 194
174 1408
175 176
175 179
175 183
175 194
175 612
176 179
176 194
176 198
177 184
177 191
177 192
177 283
177 296
178 181
178 194
179 193
179 194
180 185
180 186
180 187
180 189
180 190
180 195
180 1405
180 1416
181 185
181 194
181 197
182 197
182 1408
183 189
183 194
184 192
184 599
184 610
184 696
185 189
185 195
185 1405
186 1300
186 1337
186 1409
186 1418
187 191
187 195
187 202
187 1329
188 193
188 1363
188 1368
188 1396
188 1406
188 1408
189 195
189 196
190 191
191 230
192 581
192 599
193 196
193 308
194 198
195 289
195 1405
195 1417
195 1421
195 1523
196 289
196 293
196 308
197 1300
197 1317
197 1409
198 497
198 595
199 209
199 217
199 234
199 244
200 207
200 208
200 215
200 222
200 620
200 623
200 630
200 632
200 640
201 211
201 220
201 223
201 227
202 228
202 230
202 233
202 305
202 1329
202 1457
203 217
203 225
203 252
203 253
203 257
203 267
204 207
204 219
204 220
204 228
204 1442
205 217
205 618
205 638
205 654
206 208
206 210
206 221
206 279
206 280
206 294
206 300
206 303
206 304
207 210
207 215
207 222
207 229
208 210
208 215
208 221
208 224
208 231
208 304
209 217
209 219
209 229
210 211
210 220
210 221
211 215
211 224
211 225
211 317
211 338
212 229
212 526
212 539
212 623
212 632
213 227
213 234
213 1433
213 1442
214 223
214 327
214 338
214 1446
214 1455
215 217
215 630
215 632
216 223
216 250
216 253
216 340
216 1587
217 632
218 225
218 226
218 243
218 257
218 364
218 683
218 791
219 228
219 234
220 1442
220 1446
221 231
221 280
221 327
221 328
221 375
222 229
222 230
222 233
222 296
223 338
223 1444
223 1446
223 1553
224 226
224 231
224 628
224 630
225 226
225 243
225 317
226 625
226 630
227 259
227 267
227 1433
228 1329
228 1432
228 1442
228 1464
230 233
230 296
231 304
231 328
231 334
231 729
231 735
232 279
232 280
232 284
232 1455
232 1464
232 1514
233 279
233 305
233 1464
235 236
235 238
235 249
235 266
235 373
235 1473
235 1482
235 1584
235 1585
236 245
236 249
236 254
236 256
236 266
236 270
236 272
237 244
237 247
237 248
237 260
237 273
238 239
238 249
238 250
238 253
238 354
238 363
238 373
239 241
239 258
239 354
240 251
240 264
240 274
240 298
240 722
241 251
241 258
241 261
241 678
242 254
242 260
242 264
242 277
242 293
242 308
243 250
243 253
243 257
243 316
243 363
243 364
244 247
244 267
245 254
245 256
245 270
245 272
245 277
245 286
245 1468
245 1509
246 260
246 262
246 264
246 271
247 248
247 249
247 255
247 263
247 267
248 249
248 259
248 270
248 273
248 1477
249 255
249 269
250 253
250 269
250 340
250 355
250 363
250 1482
250 1587
251 255
251 261
251 262
251 264
252 257
252 265
252 661
252 683
253 257
253 267
253 269
254 255
254 256
254 260
254 264
254 270
254 277
254 298
255 256
255 263
255 264
256 266
256 268
256 272
256 298
257 258
257 683
258 348
258 362
258 795
259 267
259 269
259 1477
259 1493
260 264
260 273
261 268
261 307
261 678
261 722
261 785
262 263
262 264
262 271
262 673
262 676
262 685
263 265
263 673
264 271
264 298
265 661
265 673
265 685
266 272
266 351
266 353
266 354
266 373
266 1584
268 272
268 278
268 301
268 351
268 370
269 1482
269 1489
270 273
270 1476
271 556
271 685
272 278
272 351
272 395
273 1369
273 1476
273 1477
273 1485
274 276
274 281
274 298
274 306
274 307
274 691
274 722
275 276
275 283
275 287
275 292
275 295
275 306
276 281
276 287
276 293
276 295
276 298
276 306
277 286
277 298
277 308
277 1518
278 301
278 395
278 407
279 280
279 284
279 294
279 1464
280 300
280 302
280 327
280 375
281 282
281 285
281 287
281 297
281 301
281 307
281 691
282 285
282 287
282 291
282 297
282 303
282 310
282 694
282 708
283 296
283 306
283 310
283 609
283 691
283 696
283 702
283 715
284 288
284 294
284 299
284 1511
284 1514
285 291
285 297
285 390
285 694
285 714
285 833
286 298
286 309
287 292
287 294
287 295
287 297
287 310
288 295
288 305
288 1506
289 295
289 308
289 1421
289 1518
289 1523
290 299
290 302
290 309
290 394
290 407
290 1511
290 1520
290 1610
291 300
291 304
291 390
291 399
291 694
291 708
291 729
291 826
292 294
292 295
292 296
292 303
293 306
293 308
294 297
294 299
294 300
294 303
296 303
296 310
296 696
297 299
297 300
297 301
297 398
299 302
300 302
300 304
300 375
300 398
301 307
301 378
302 375
302 384
302 394
302 398
303 304
303 310
303 721
304 399
304 729
305 1417
305 1457
305 1464
305 1508
306 691
306 712
306 715
307 716
307 722
307 833
308 1518
309 407
309 1506
309 1511
309 1515
310 691
310 696
310 703
310 721
311 314
311 317
311 325
311 343
311 754
312 319
312 320
312 323
312 324
312 326
312 333
313 318
313 322
313 331
313 336
313 1530
313 1545
314 316
314 320
314 324
314 333
314 339
314 346
314 371
315 323
315 405
315 1249
315 1305
315 1529
315 1534
315 1552
316 317
316 332
316 340
316 355
316 364
316 371
317 325
317 338
318 322
318 331
318 335
318 344
318 393
318 1530
318 1533
318 1534
319 330
319 333
319 337
320 324
320 326
320 331
320 332
320 333
321 328
321 329
321 330
321 334
321 402
322 325
322 331
322 335
322 337
323 326
323 331
323 337
323 1529
324 326
324 332
324 345
324 346
324 367
325 328
325 334
325 338
326 345
326 1541
327 344
327 375
327 409
328 334
328 344
328 375
329 330
329 334
329 725
329 728
329 735
329 748
330 333
330 748
331 337
331 1529
331 1530
331 1534
331 1545
332 336
332 340
332 345
332 1537
332 1545
334 343
334 735
334 742
334 748
335 337
335 341
335 344
335 393
335 402
335 405
335 1534
336 340
336 1545
336 1553
337 341
339 357
339 371
339 731
339 738
339 757
339 790
340 355
340 1587
341 402
341 405
342 357
342 411
342 442
342 757
343 727
343 738
343 742
343 748
343 754
344 375
344 384
344 402
344 409
345 1537
345 1541
346 366
346 367
346 371
347 349
347 357
347 359
347 794
348 361
348 362
348 678
348 786
349 352
349 359
349 368
350 356
350 359
350 360
350 366
350 368
351 353
351 354
351 360
351 370
351 395
352 457
352 781
353 360
353 365
353 372
353 373
353 1584
354 360
354 373
355 363
355 366
355 1567
355 1585
355 1587
356 359
356 366
356 369
357 790
357 794
358 377
358 386
358 403
359 368
360 365
360 368
360 370
361 362
361 764
361 786
361 791
362 363
362 364
362 371
363 373
364 371
364 791
365 368
365 372
365 389
366 1567
367 369
369 1284
369 1566
370 387
370 785
372 389
372 395
372 406
372 1578
373 1584
373 1585
374 376
374 378
374 390
374 394
374 396
374 397
374 398
374 404
375 384
375 399
376 390
376 396
376 399
376 401
376 803
376 808
376 824
376 825
376 831
377 389
377 1582
378 390
378 398
378 404
378 833
379 381
379 400
379 401
379 503
380 381
380 385
380 388
380 403
381 391
381 396
381 397
381 400
381 401
381 402
382 386
382 400
382 403
382 404
382 818
382 819
382 831
383 384
383 391
383 392
383 393
383 394
383 397
383 408
383 1616
384 391
384 394
384 396
384 398
384 402
385 388
385 391
385 393
385 405
385 408
385 1327
386 387
386 388
386 389
386 397
386 403
387 404
388 389
388 392
388 397
388 408
388 1609
389 392
389 1609
390 398
390 399
390 824
390 833
391 393
391 396
391 397
391 402
392 394
392 397
392 1592
392 1609
392 1616
393 405
393 408
393 1533
393 1616
394 398
394 407
395 406
395 407
396 397
396 399
396 401
396 402
399 729
399 803
400 401
400 503
400 819
400 825
401 402
401 803
401 825
404 831
405 1534
406 407
406 1592
406 1615
407 1592
407 1610
408 1607
408 1609
408 1616
409 1455
409 1520
409 1533
409 1594
410 414
410 420
410 424
410 432
410 438
410 439
411 439
411 442
411 726
411 757
411 758
412 424
412 434
412 445
412 446
412 485
412 511
412 857
413 421
413 432
413 544
413 871
414 415
414 420
414 424
414 426
414 428
414 435
414 844
415 424
415 425
415 440
415 446
415 739
415 844
416 419
416 444
416 447
416 535
417 418
417 429
417 439
418 429
418 444
419 427
419 431
419 432
419 447
419 535
420 424
420 426
420 432
420 837
420 842
420 844
420 871
421 432
421 450
421 452
421 544
421 547
421 868
421 871
422 424
422 433
422 438
422 842
422 858
422 946
423 426
423 435
423 460
423 468
423 472
423 853
424 446
424 842
424 844
424 857
425 430
425 436
425 440
425 445
425 505
425 507
425 739
426 432
426 435
426 460
427 437
427 535
428 435
428 730
428 749
428 758
429 436
429 441
429 445
429 500
430 436
430 443
430 507
430 725
430 734
431 447
431 448
431 450
431 475
432 438
433 438
433 485
433 493
433 534
433 905
434 440
434 446
434 505
434 510
434 827
434 857
434 907
435 439
435 468
435 758
436 443
436 445
436 488
436 507
436 509
437 441
437 530
437 548
438 534
440 446
440 505
440 724
440 739
440 827
440 1165
441 493
441 500
441 534
441 548
441 600
442 468
442 475
442 794
443 509
445 493
445 511
446 844
446 847
446 857
447 448
447 450
447 480
447 547
447 562
448 455
448 476
448 480
449 458
449 465
449 470
449 471
449 487
449 495
450 455
450 460
450 464
450 467
450 547
451 459
451 466
451 475
451 794
452 464
452 854
452 868
452 875
452 901
452 969
453 477
453 498
453 514
454 455
454 456
454 459
454 462
454 467
454 469
454 471
454 472
455 459
455 467
455 475
455 476
456 465
456 472
456 482
456 873
456 874
456 888
457 466
457 479
457 504
457 781
458 461
458 478
458 486
458 495
458 899
459 462
459 463
459 466
459 471
459 473
459 476
459 481
460 472
460 901
461 462
461 477
461 478
461 486
461 498
461 553
461 576
462 463
462 467
462 471
462 473
462 477
463 476
463 477
463 481
464 467
464 469
464 550
465 470
465 474
465 796
465 874
466 479
466 481
467 469
468 472
468 475
468 780
469 553
469 897
470 761
470 832
470 874
471 473
472 474
472 482
473 479
473 514
474 482
474 778
474 787
474 796
476 481
477 557
478 486
478 553
478 558
478 576
478 894
479 481
479 502
480 562
482 796
482 888
482 896
483 484
483 489
483 493
483 512
483 518
484 494
484 497
484 506
484 518
485 511
485 857
485 858
485 905
485 907
486 495
486 899
486 910
487 491
487 494
487 495
487 496
487 499
487 517
488 490
488 492
488 503
488 507
488 509
489 493
489 512
489 515
489 516
489 518
489 591
489 593
489 600
490 492
490 503
490 806
490 819
491 495
491 499
491 922
491 936
492 494
492 499
492 506
493 511
494 495
494 497
494 498
494 499
494 506
494 512
494 514
495 499
495 512
496 499
496 517
496 829
496 830
496 832
496 936
497 498
497 514
497 516
497 595
497 598
498 514
498 516
498 576
499 508
499 512
500 509
501 512
501 513
501 515
501 593
501 601
501 910
501 918
502 504
502 506
503 507
503 806
504 517
504 776
504 781
504 818
505 507
505 805
505 812
505 827
505 828
507 807
507 812
508 510
508 511
508 513
508 830
508 927
510 511
510 812
510 827
510 907
510 913
510 920
510 927
510 1207
511 513
511 907
512 513
512 516
512 593
513 515
513 922
513 927
515 601
515 905
515 928
516 518
516 588
516 591
516 593
516 597
517 776
517 820
517 830
518 583
518 591
518 595
518 600
519 531
519 540
519 543
519 577
519 618
520 527
520 531
520 536
520 547
520 550
520 562
520 579
521 531
521 546
521 549
521 579
521 631
521 648
521 680
522 524
522 532
522 533
522 537
522 541
522 545
522 596
522 614
522 945
523 527
523 528
523 530
523 535
523 541
523 542
523 543
524 537
524 545
524 546
524 635
524 945
524 951
524 953
524 1056
525 533
525 536
525 544
525 545
525 957
526 529
526 540
526 623
527 535
527 542
528 530
528 541
528 542
528 543
528 611
529 532
529 540
529 634
529 649
530 533
530 534
530 541
530 548
530 611
530 614
531 536
531 545
531 546
531 579
532 537
532 541
532 582
532 596
532 614
532 634
532 649
533 534
533 541
533 614
535 547
536 544
536 545
537 596
537 634
537 647
537 1056
538 572
538 577
539 540
540 543
540 629
541 543
541 545
541 614
543 545
544 868
544 957
545 546
546 549
546 648
546 953
547 550
547 562
548 583
548 600
548 611
549 579
549 976
549 993
550 554
550 560
550 562
550 579
551 564
551 569
551 652
551 655
551 682
551 968
551 993
551 1065
552 554
552 563
552 564
552 572
552 577
552 579
553 568
553 575
553 894
554 557
554 562
554 568
554 572
555 556
555 559
555 564
555 566
555 573
555 664
556 574
556 578
556 685
557 568
557 571
558 570
558 977
558 1021
559 564
559 566
559 652
559 664
559 670
559 680
560 564
560 579
560 993
561 565
561 569
561 584
561 592
561 594
561 686
563 566
563 572
564 573
564 993
565 570
565 574
565 592
565 605
565 608
566 664
566 685
567 568
567 570
567 573
567 575
567 977
568 573
569 570
569 573
569 655
569 1085
570 573
570 594
570 605
570 977
571 578
571 580
574 578
574 592
574 608
574 712
575 969
575 971
576 580
576 597
576 605
577 579
577 618
577 654
577 680
580 598
580 605
580 608
580 612
581 583
581 586
581 599
581 611
582 599
582 607
582 610
582 611
583 586
583 595
584 592
584 594
584 606
584 701
584 1019
585 586
585 587
585 590
585 599
585 602
585 607
585 609
585 613
586 590
586 599
586 602
586 607
586 611
587 590
587 592
587 608
587 701
588 590
588 591
588 595
588 597
588 598
589 594
589 597
589 602
589 605
589 615
590 595
590 598
590 612
591 593
591 600
591 601
591 602
592 608
592 689
592 712
593 597
593 601
594 615
594 963
594 977
594 1004
594 1019
595 598
596 614
596 1025
597 605
598 612
599 609
599 610
600 603
600 611
601 603
601 604
601 1016
602 604
602 606
602 607
603 614
603 1003
603 1016
604 615
604 1007
604 1014
604 1016
604 1025
605 608
606 607
606 613
606 701
606 707
607 613
608 612
609 702
609 715
610 696
610 702
611 614
613 698
613 701
613 702
613 707
613 709
615 995
615 1004
615 1007
616 618
616 621
616 629
616 632
616 638
616 640
616 643
617 619
617 626
617 636
617 723
617 1051
617 1161
618 622
618 629
618 638
618 654
619 636
619 641
619 642
619 651
619 1040
619 1054
620 627
620 640
620 644
620 646
620 708
621 627
621 629
621 634
621 635
621 643
621 645
621 646
622 631
622 633
622 638
622 643
622 672
622 674
622 681
623 696
623 721
624 633
624 636
624 637
624 646
625 630
625 638
626 637
626 669
626 723
626 1057
626 1059
626 1132
627 640
627 641
627 642
627 646
627 695
627 697
628 630
628 644
628 650
628 742
629 635
629 643
629 648
630 632
630 640
631 639
631 643
631 674
631 677
631 680
631 681
632 638
632 640
633 637
633 669
633 672
633 674
633 684
633 753
634 635
634 647
634 649
635 645
635 648
635 1033
635 1056
636 637
636 642
636 645
636 646
636 650
637 639
637 643
637 645
637 1057
639 643
639 645
639 648
639 674
639 677
639 1057
639 1059
640 646
641 642
641 688
641 695
641 1040
641 1098
642 644
642 646
642 650
642 695
643 645
644 708
644 729
644 760
645 1033
645 1040
645 1057
647 649
647 688
647 709
647 1055
647 1056
647 1119
647 1124
648 953
648 1033
649 709
650 736
651 719
651 756
651 1118
651 1153
652 655
652 663
652 667
652 670
652 675
652 680
652 682
652 1065
653 769
653 775
653 1069
653 1075
653 1088
654 661
655 659
655 675
655 682
655 686
655 1073
655 1085
656 668
656 687
656 710
656 1088
657 660
657 672
657 679
657 683
657 795
658 673
658 676
658 679
659 665
659 666
659 667
659 668
659 675
659 686
659 687
659 704
660 770
660 782
661 670
661 673
661 679
661 681
661 683
662 693
662 716
662 770
662 785
663 667
663 671
663 672
664 670
664 673
664 675
664 676
664 685
665 668
665 686
665 687
665 713
665 1073
665 1079
665 1101
666 675
666 676
666 689
666 692
667 668
667 670
667 671
667 675
667 679
668 671
668 687
668 1073
668 1079
669 672
669 674
669 753
669 792
669 1059
669 1069
670 675
670 679
670 681
671 682
671 1073
671 1075
671 1076
672 674
672 681
672 684
673 676
673 679
673 685
674 677
674 681
674 1059
676 692
676 722
677 1059
677 1065
677 1083
677 1094
678 782
678 785
679 681
682 968
682 1065
682 1070
682 1073
682 1076
682 1085
683 795
684 753
684 759
684 784
684 795
686 689
686 713
686 1128
687 700
687 704
687 710
687 713
688 709
688 717
688 720
688 1098
688 1119
689 692
689 701
689 706
689 713
690 695
690 699
690 705
690 719
690 760
690 810
690 826
691 694
691 703
691 706
691 715
692 712
692 722
693 704
693 714
693 716
693 718
693 813
693 816
694 699
694 703
694 708
694 711
694 714
695 697
695 705
695 711
695 719
696 702
696 703
696 721
697 703
697 711
697 721
698 701
698 702
698 703
698 706
698 717
699 705
699 711
699 714
699 813
699 826
700 704
700 713
700 717
700 718
700 720
700 1103
701 707
702 703
702 715
703 711
703 721
704 706
704 713
705 711
705 718
705 719
705 720
705 810
706 713
707 709
707 717
707 999
707 1104
708 711
708 721
710 802
710 1087
710 1112
712 715
713 717
714 716
714 813
714 833
716 722
716 833
717 720
718 810
718 813
719 810
719 1108
719 1118
719 1199
720 1103
720 1108
720 1110
723 732
723 733
723 736
723 753
723 792
723 1161
724 730
724 737
724 739
724 1135
724 1165
725 728
725 734
725 807
726 757
727 736
727 738
727 741
727 742
727 748
727 750
728 735
728 740
728 748
728 750
728 803
729 735
729 760
729 803
729 826
730 732
730 737
730 739
730 749
730 751
731 738
731 746
731 754
731 764
731 790
731 791
732 733
732 744
732 1144
732 1159
732 1161
733 741
733 752
733 788
733 792
733 1143
734 739
734 740
734 751
735 742
735 803
736 741
736 744
736 750
737 739
737 740
737 744
737 747
737 750
737 751
738 741
738 743
738 751
738 757
738 790
739 740
739 751
740 747
740 750
740 805
741 743
741 746
741 751
742 748
742 750
742 754
743 746
743 749
743 763
743 780
743 788
743 790
744 756
744 1144
745 747
745 750
745 755
745 756
745 760
745 801
745 814
746 753
746 759
746 764
746 784
746 788
747 755
747 801
747 805
747 814
748 750
749 752
749 787
751 758
752 783
752 1143
752 1159
752 1189
753 759
753 784
753 792
754 759
755 756
755 814
755 1135
755 1165
755 1200
756 1144
756 1153
760 801
760 822
760 826
761 762
761 766
761 767
761 772
761 776
761 793
761 823
762 766
762 768
762 772
762 773
763 765
763 778
763 780
763 783
763 787
763 788
764 765
764 771
764 773
764 786
764 790
764 791
765 772
765 773
765 775
765 777
765 778
765 788
766 774
766 776
766 779
766 781
766 789
766 804
766 818
767 771
767 778
768 769
768 770
768 773
768 797
768 816
769 775
769 777
769 793
769 797
769 1088
769 1169
770 779
770 782
770 816
771 778
772 777
772 778
772 796
772 1184
773 775
773 782
773 786
774 779
774 781
774 789
775 777
775 784
775 788
775 792
776 781
776 818
776 823
777 783
777 788
778 780
779 782
779 785
779 789
779 804
779 821
780 790
781 789
781 818
782 786
783 787
783 1174
783 1182
783 1186
783 1189
784 788
784 791
784 795
786 795
787 1182
789 800
789 818
791 795
792 1069
793 797
793 1175
793 1184
793 1191
796 874
796 890
796 1184
796 1191
797 802
797 1169
797 1175
797 1187
798 800
798 806
798 808
798 809
798 819
798 820
798 831
799 802
799 817
799 823
799 1210
799 1221
800 804
800 808
800 809
800 818
800 821
800 831
801 805
801 807
801 814
801 815
801 822
802 816
802 1210
803 822
803 824
803 825
803 826
804 809
804 816
804 821
804 823
805 807
805 828
806 807
806 812
806 819
806 820
806 830
807 825
808 809
808 822
808 824
808 825
808 831
809 813
809 815
809 817
809 820
809 821
810 815
810 817
810 1127
810 1199
810 1228
811 812
811 820
811 828
811 830
811 1227
812 827
812 828
812 830
813 815
813 821
813 824
814 815
814 1199
815 817
815 822
816 821
817 1210
817 1227
817 1228
818 819
818 831
819 831
820 823
820 830
822 824
822 826
824 826
824 831
824 833
827 828
827 1165
827 1209
829 830
829 832
829 1207
829 1221
829 1227
832 874
832 934
832 936
832 1191
834 835
834 851
834 862
834 1235
834 1259
834 1312
835 838
835 856
835 862
835 929
835 930
835 1312
836 838
836 839
836 844
836 846
836 847
836 848
836 857
837 839
837 844
837 853
837 854
837 904
838 848
838 851
838 856
838 858
838 859
838 862
838 865
839 842
839 844
839 846
839 854
839 859
840 843
840 849
840 851
840 856
840 859
840 864
840 952
840 1231
841 846
841 869
841 1138
841 1147
841 1149
841 1166
842 871
843 849
843 852
843 855
843 859
843 864
843 866
843 883
844 847
844 1166
845 848
845 850
845 860
845 869
845 919
845 1139
845 1146
845 1162
846 849
846 851
846 852
846 863
846 1138
847 850
847 857
847 869
847 1136
847 1166
848 850
848 857
848 860
848 862
848 919
849 851
849 861
849 863
849 864
849 1233
849 1248
850 919
850 920
850 1136
850 1146
851 859
852 861
852 882
852 883
852 904
853 896
853 904
853 1182
854 855
854 868
854 870
854 871
854 875
854 901
854 904
855 866
855 870
855 875
855 876
855 883
856 859
856 865
856 867
856 949
857 858
858 865
858 905
859 867
860 919
860 1242
860 1255
860 1259
861 863
861 903
861 1233
861 1266
862 917
862 919
862 930
863 1138
863 1244
863 1548
864 866
864 1231
864 1252
864 1362
865 905
865 929
865 946
865 949
866 876
866 989
866 1362
867 870
867 956
868 870
868 871
868 875
869 1136
869 1138
869 1140
869 1141
869 1166
870 875
870 940
872 879
872 880
872 881
872 889
872 892
872 902
872 1280
873 897
873 899
874 890
874 1191
875 876
875 886
875 901
875 992
876 883
876 886
876 887
876 984
876 989
876 992
877 878
877 882
877 895
877 903
877 1176
877 1177
877 1178
878 882
878 883
878 884
878 885
878 892
878 900
879 881
879 891
879 892
879 924
879 925
879 926
879 1278
879 1280
879 1309
880 881
880 886
880 898
880 900
880 990
881 898
881 924
881 925
881 933
882 895
882 896
882 904
882 1149
882 1178
883 887
884 892
884 1266
884 1274
885 890
885 893
885 900
886 887
886 900
886 975
886 984
886 990
886 992
887 1260
887 1274
887 1283
887 1395
888 897
888 900
888 901
889 902
889 923
889 990
889 991
889 1000
890 895
890 1176
890 1183
891 892
891 893
891 926
891 1193
891 1278
892 1278
893 934
893 1183
893 1193
894 897
894 899
895 896
895 1174
895 1176
895 1178
896 904
896 1182
898 899
898 923
898 933
898 990
899 910
901 904
902 991
902 1272
902 1280
902 1283
903 1167
903 1266
903 1288
903 1557
903 1562
905 928
905 1003
905 1020
906 921
906 923
906 924
906 931
907 920
907 927
908 911
908 913
908 916
908 1222
908 1229
909 917
909 921
909 929
909 930
909 1027
910 935
910 1021
911 914
911 925
911 931
911 1320
912 918
912 922
912 923
912 931
912 933
912 935
913 915
913 920
913 927
913 1202
913 1207
913 1209
913 1229
914 926
914 1222
914 1313
914 1324
914 1620
915 933
915 934
915 936
915 1215
916 919
916 932
916 1326
917 928
917 929
917 930
917 931
918 921
918 928
918 931
918 935
919 920
919 932
919 1206
920 1209
920 1229
921 931
921 935
921 1023
922 927
923 924
923 935
924 925
924 1293
924 1309
925 926
925 933
926 1193
926 1309
926 1324
928 929
928 1020
929 949
929 1020
930 1312
930 1326
932 1206
932 1222
932 1298
932 1595
934 1183
934 1215
934 1226
935 1021
937 954
937 958
937 976
937 981
938 939
938 947
938 950
938 961
938 994
938 997
938 1018
939 942
939 945
939 947
939 949
940 964
940 989
941 943
941 944
941 1358
941 1362
941 1371
942 945
942 949
942 994
942 1003
942 1006
943 947
943 952
943 958
944 948
944 950
944 958
944 960
944 1053
945 951
947 950
947 959
947 1347
948 1053
948 1339
948 1484
950 951
950 958
950 960
950 961
951 953
951 1052
951 1056
952 955
952 1231
952 1361
952 1362
953 1052
954 976
954 1030
954 1094
954 1096
955 959
955 1333
955 1361
956 957
959 1009
960 1035
960 1041
960 1046
960 1053
960 1437
961 1018
961 1046
961 1049
961 1125
962 970
962 978
962 980
962 982
962 983
962 998
962 1012
962 1393
963 977
963 978
963 1004
963 1013
963 1019
963 1128
964 969
964 979
965 966
965 973
965 981
965 987
965 989
965 1371
965 1380
965 1395
966 967
966 973
966 979
966 981
966 984
966 987
966 988
966 989
967 970
967 973
967 980
967 986
967 987
967 988
968 974
968 976
968 993
968 1065
968 1070
968 1071
968 1085
969 992
970 978
970 980
970 983
970 985
970 986
970 1091
971 975
971 979
971 980
972 977
972 980
972 982
972 990
972 1008
972 1012
972 1021
973 981
973 987
973 988
973 1380
973 1494
974 978
974 986
975 984
975 990
975 992
976 988
976 993
976 1071
976 1094
976 1096
978 983
978 1012
978 1013
979 981
979 988
980 982
981 988
982 1012
982 1015
982 1424
983 998
983 1013
983 1024
983 1081
984 989
984 992
985 986
985 1062
985 1091
985 1392
985 1494
986 988
986 1063
986 1071
986 1091
987 1377
987 1379
987 1380
991 1272
991 1381
991 1385
994 1006
994 1010
994 1018
994 1025
995 1007
995 1008
995 1014
995 1016
995 1022
995 1023
996 1002
996 1006
996 1009
996 1010
996 1011
996 1014
996 1022
997 1009
997 1109
997 1347
998 1012
998 1024
998 1028
998 1411
999 1010
999 1025
999 1029
999 1104
999 1124
1000 1293
1000 1314
1000 1385
1000 1424
1001 1002
1001 1005
1001 1026
1001 1029
1001 1100
1001 1102
1002 1011
1002 1026
1002 1028
1003 1016
1003 1020
1004 1005
1004 1007
1004 1012
1004 1013
1004 1019
1005 1007
1005 1013
1005 1029
1006 1014
1006 1020
1006 1023
1007 1008
1007 1014
1007 1022
1008 1012
1008 1015
1008 1021
1008 1022
1009 1011
1009 1419
1010 1014
1010 1017
1010 1018
1010 1025
1010 1029
1010 1124
1011 1022
1011 1027
1011 1412
1011 1422
1013 1100
1013 1111
1014 1016
1014 1022
1014 1023
1014 1025
1015 1022
1015 1412
1016 1020
1016 1025
1017 1018
1017 1026
1017 1029
1017 1109
1017 1125
1018 1124
1018 1125
1019 1111
1019 1128
1020 1023
1022 1023
1024 1100
1024 1388
1024 1411
1024 1490
1026 1102
1026 1109
1026 1129
1027 1312
1027 1404
1028 1411
1028 1412
1028 1422
1029 1102
1029 1104
1029 1106
1030 1043
1030 1067
1030 1083
1030 1094
1030 1096
1031 1036
1031 1038
1031 1040
1031 1047
1031 1054
1031 1055
1031 1098
1032 1036
1032 1037
1032 1045
1032 1050
1032 1051
1032 1134
1033 1040
1033 1043
1033 1052
1033 1056
1033 1057
1034 1039
1034 1042
1034 1047
1034 1105
1034 1117
1034 1125
1034 1130
1034 1452
1035 1041
1035 1046
1035 1058
1035 1437
1035 1448
1035 1452
1035 1456
1036 1037
1036 1043
1036 1047
1036 1050
1036 1051
1036 1054
1037 1038
1037 1039
1037 1050
1037 1142
1037 1153
1037 1157
1037 1164
1038 1054
1038 1105
1038 1118
1038 1153
1038 1164
1039 1047
1039 1050
1039 1105
1039 1460
1040 1054
1040 1055
1040 1098
1041 1043
1041 1049
1041 1053
1041 1058
1042 1046
1042 1109
1042 1125
1042 1452
1042 1521
1043 1049
1043 1057
1044 1048
1044 1051
1044 1132
1044 1194
1045 1050
1045 1060
1045 1134
1045 1439
1045 1451
1045 1532
1046 1342
1046 1347
1047 1049
1047 1050
1047 1055
1048 1064
1049 1052
1050 1058
1051 1132
1051 1134
1051 1161
1052 1056
1053 1089
1053 1096
1055 1056
1055 1119
1057 1059
1058 1451
1058 1456
1059 1069
1059 1083
1060 1152
1060 1451
1060 1453
1060 1462
1060 1532
1061 1066
1061 1074
1061 1075
1061 1077
1061 1078
1061 1093
1061 1185
1062 1063
1062 1066
1062 1078
1062 1081
1062 1091
1062 1095
1062 1483
1063 1067
1063 1071
1063 1086
1063 1089
1063 1095
1063 1096
1063 1494
1064 1074
1064 1160
1064 1168
1065 1070
1065 1071
1065 1076
1065 1083
1065 1094
1066 1070
1066 1077
1066 1078
1066 1084
1066 1086
1067 1086
1067 1089
1067 1096
1068 1074
1068 1076
1068 1083
1068 1086
1069 1194
1070 1071
1070 1073
1070 1076
1070 1080
1070 1085
1070 1086
1070 1091
1071 1086
1071 1091
1071 1096
1072 1078
1072 1090
1072 1092
1072 1116
1072 1196
1072 1481
1072 1491
1072 1502
1073 1076
1073 1079
1073 1080
1073 1085
1074 1168
1074 1185
1074 1194
1075 1076
1075 1077
1075 1088
1075 1093
1075 1185
1076 1077
1076 1086
1077 1079
1077 1084
1077 1087
1077 1093
1078 1491
1079 1087
1079 1097
1079 1101
1080 1081
1080 1084
1080 1085
1080 1091
1080 1123
1081 1084
1081 1091
1081 1092
1082 1089
1082 1095
1082 1453
1082 1470
1083 1086
1083 1094
1084 1090
1084 1092
1084 1097
1085 1128
1087 1088
1087 1093
1087 1112
1087 1187
1088 1169
1088 1187
1089 1095
1089 1470
1089 1484
1089 1494
1092 1115
1092 1116
1092 1483
1093 1169
1093 1185
1093 1187
1095 1472
1095 1494
1097 1101
1097 1112
1097 1121
1097 1123
1098 1108
1098 1119
1099 1114
1099 1115
1099 1120
1099 1225
1099 1617
1099 1619
1100 1102
1101 1103
1101 1123
1102 1106
1102 1117
1102 1121
1102 1129
1103 1110
1104 1106
1104 1107
1104 1110
1104 1119
1104 1124
1105 1120
1105 1126
1105 1164
1106 1110
1106 1111
1106 1121
1107 1117
1107 1119
1107 1125
1108 1118
1108 1122
1108 1126
1108 1127
1109 1125
1109 1129
1110 1121
1110 1122
1111 1123
1111 1128
1112 1114
1112 1219
1113 1115
1113 1129
1113 1500
1113 1507
1114 1121
1114 1122
1114 1219
1114 1230
1115 1116
1115 1121
1116 1502
1117 1129
1117 1130
1118 1126
1118 1164
1118 1199
1118 1200
1119 1124
1120 1130
1120 1496
1121 1123
1122 1126
1122 1127
1126 1127
1126 1164
1126 1197
1126 1224
1126 1230
1127 1197
1127 1199
1127 1228
1127 1230
1129 1521
1129 1522
1130 1496
1130 1503
1130 1517
1130 1521
1131 1133
1131 1150
1131 1527
1131 1538
1132 1143
1132 1145
1132 1161
1132 1194
1133 1134
1133 1142
1133 1151
1133 1152
1133 1154
1133 1532
1134 1142
1134 1145
1134 1154
1134 1155
1134 1160
1135 1136
1135 1141
1135 1144
1135 1165
1136 1146
1136 1165
1137 1142
1137 1153
1137 1158
1137 1164
1137 1200
1137 1201
1138 1149
1138 1156
1139 1146
1139 1158
1139 1162
1139 1206
1139 1217
1140 1141
1140 1154
1140 1156
1140 1158
1141 1144
1141 1147
1141 1159
1141 1166
1142 1153
1142 1154
1142 1157
1143 1145
1143 1159
1143 1181
1143 1189
1143 1194
1144 1153
1144 1159
1144 1161
1145 1154
1145 1155
1145 1159
1145 1161
1145 1194
1146 1158
1147 1148
1147 1159
1147 1166
1147 1182
1148 1154
1148 1155
1148 1156
1148 1159
1148 1163
1149 1163
1149 1178
1150 1157
1150 1217
1150 1218
1150 1614
1151 1152
1151 1154
1151 1155
1151 1156
1151 1160
1151 1163
1152 1160
1152 1462
1152 1532
1152 1556
1153 1161
1154 1155
1154 1156
1155 1160
1155 1163
1156 1163
1156 1527
1157 1164
1157 1460
1157 1550
1160 1179
1162 1527
1163 1167
1163 1178
1164 1200
1164 1201
1164 1218
1167 1548
1167 1562
1168 1172
1168 1179
1168 1181
1168 1185
1168 1188
1169 1180
1169 1185
1169 1187
1170 1171
1170 1190
1170 1196
1170 1213
1170 1601
1171 1172
1171 1173
1171 1192
1171 1576
1172 1180
1172 1188
1172 1192
1173 1183
1173 1193
1173 1226
1173 1576
1174 1176
1174 1178
1174 1182
1174 1186
1174 1189
1175 1180
1175 1183
1175 1187
1175 1190
1175 1191
1175 1212
1175 1226
1176 1177
1176 1178
1176 1180
1176 1186
1177 1178
1177 1188
1177 1192
1177 1557
1178 1188
1179 1188
1179 1192
1179 1555
1180 1183
1180 1184
1180 1186
1181 1185
1181 1188
1181 1189
1181 1194
1183 1191
1183 1226
1184 1186
1184 1191
1186 1188
1186 1189
1187 1190
1188 1189
1188 1192
1190 1212
1190 1219
1192 1555
1193 1198
1193 1580
1195 1196
1195 1491
1195 1568
1195 1573
1196 1491
1196 1568
1197 1199
1197 1200
1197 1201
1197 1208
1197 1214
1197 1223
1197 1230
1198 1204
1198 1213
1198 1215
1198 1226
1198 1620
1199 1200
1200 1201
1200 1208
1201 1205
1201 1208
1201 1218
1202 1203
1202 1207
1202 1209
1202 1215
1202 1220
1202 1229
1203 1204
1203 1205
1203 1208
1203 1211
1203 1214
1203 1220
1203 1229
1204 1212
1204 1213
1204 1214
1204 1216
1204 1220
1205 1208
1205 1211
1205 1214
1205 1217
1205 1218
1205 1224
1206 1217
1206 1222
1206 1229
1206 1595
1207 1209
1207 1227
1208 1209
1208 1214
1208 1223
1209 1223
1209 1229
1210 1212
1210 1221
1210 1228
1211 1217
1211 1597
1211 1605
1212 1220
1212 1221
1212 1226
1213 1216
1213 1618
1214 1216
1214 1220
1214 1230
1215 1226
1216 1219
1216 1225
1216 1230
1216 1618
1217 1595
1218 1224
1218 1604
1218 1614
1219 1225
1219 1230
1220 1221
1220 1223
1220 1227
1221 1226
1221 1227
1222 1229
1223 1227
1224 1230
1224 1619
1225 1601
1225 1618
1228 1230
1231 1232
1231 1248
1231 1345
1231 1361
1232 1235
1232 1248
1232 1254
1232 1333
1232 1345
1233 1245
1233 1258
1234 1236
1234 1241
1234 1243
1234 1302
1234 1306
1234 1307
1234 1316
1235 1241
1235 1248
1235 1259
1235 1312
1236 1249
1236 1305
1236 1307
1237 1238
1237 1240
1237 1245
1237 1246
1237 1250
1237 1253
1237 1257
1238 1249
1238 1257
1239 1240
1239 1245
1239 1253
1239 1345
1239 1348
1239 1354
1240 1245
1240 1261
1241 1243
1241 1246
1241 1247
1241 1248
1241 1255
1241 1325
1242 1255
1242 1325
1242 1595
1243 1246
1243 1254
1244 1248
1244 1255
1244 1535
1245 1246
1245 1250
1246 1247
1246 1249
1246 1257
1247 1249
1247 1257
1247 1325
1248 1255
1249 1257
1249 1552
1250 1251
1250 1256
1250 1257
1250 1258
1251 1258
1251 1288
1251 1548
1252 1289
1252 1345
1252 1362
1253 1348
1254 1335
1254 1351
1255 1259
1256 1541
1256 1572
1257 1541
1258 1261
1258 1266
1258 1276
1258 1288
1260 1274
1260 1289
1260 1395
1261 1276
1261 1279
1261 1285
1261 1286
1262 1263
1262 1267
1262 1273
1262 1279
1262 1290
1263 1271
1263 1272
1263 1273
1263 1277
1263 1281
1263 1283
1263 1290
1264 1265
1264 1269
1264 1582
1265 1295
1265 1321
1266 1274
1266 1288
1267 1269
1267 1286
1268 1270
1268 1271
1268 1278
1268 1280
1268 1309
1268 1310
1268 1324
1269 1284
1269 1286
1270 1561
1271 1273
1271 1280
1271 1319
1272 1283
1272 1381
1272 1385
1273 1275
1273 1290
1273 1319
1273 1323
1274 1283
1274 1285
1275 1295
1275 1319
1276 1281
1276 1284
1276 1286
1276 1572
1277 1279
1277 1283
1277 1285
1277 1289
1277 1366
1277 1394
1278 1280
1278 1287
1279 1282
1279 1285
1279 1286
1280 1293
1280 1309
1281 1285
1281 1286
1282 1348
1282 1366
1282 1386
1284 1572
1285 1289
1287 1557
1287 1588
1288 1562
1288 1572
1288 1588
1289 1366
1289 1395
1290 1394
1291 1297
1291 1308
1291 1311
1291 1314
1291 1319
1291 1323
1291 1425
1292 1299
1292 1308
1292 1311
1292 1320
1293 1311
1293 1314
1293 1323
1293 1385
1294 1298
1294 1299
1294 1306
1294 1316
1294 1318
1294 1322
1294 1325
1295 1304
1295 1308
1295 1319
1295 1321
1296 1297
1296 1301
1296 1302
1296 1306
1296 1401
1297 1301
1297 1308
1297 1400
1297 1425
1298 1322
1298 1325
1298 1326
1299 1310
1299 1313
1299 1322
1299 1603
1300 1302
1300 1303
1300 1317
1300 1409
1301 1314
1301 1400
1301 1404
1302 1303
1302 1306
1302 1307
1302 1330
1303 1306
1303 1307
1303 1308
1303 1316
1304 1308
1304 1315
1304 1321
1305 1316
1305 1318
1305 1327
1305 1552
1306 1325
1307 1316
1308 1317
1309 1311
1309 1313
1309 1324
1310 1313
1310 1324
1310 1603
1311 1314
1311 1319
1311 1320
1312 1333
1313 1320
1313 1324
1313 1603
1314 1420
1315 1318
1315 1321
1315 1327
1315 1613
1316 1327
1318 1322
1318 1327
1318 1552
1318 1591
1320 1326
1322 1591
1322 1603
1323 1364
1323 1385
1323 1420
1328 1331
1328 1332
1328 1353
1328 1354
1328 1359
1328 1376
1329 1344
1329 1350
1329 1457
1330 1337
1330 1346
1331 1338
1331 1341
1331 1343
1331 1353
1331 1354
1331 1358
1331 1398
1332 1340
1332 1341
1332 1350
1332 1359
1333 1351
1333 1361
1333 1404
1334 1338
1334 1339
1334 1343
1334 1352
1334 1356
1334 1358
1335 1341
1335 1345
1335 1346
1335 1351
1336 1353
1336 1359
1336 1370
1336 1493
1337 1346
1337 1416
1337 1418
1338 1339
1338 1340
1338 1349
1338 1352
1338 1353
1338 1465
1339 1358
1339 1398
1339 1450
1340 1341
1340 1344
1340 1349
1340 1350
1340 1353
1340 1359
1341 1346
1341 1349
1341 1350
1342 1347
1342 1352
1342 1357
1342 1437
1342 1441
1342 1448
1343 1345
1343 1356
1343 1358
1343 1361
1343 1362
1344 1349
1344 1350
1344 1357
1344 1454
1344 1465
1345 1361
1346 1350
1346 1360
1348 1354
1349 1350
1349 1352
1349 1357
1349 1360
1351 1355
1351 1356
1351 1360
1352 1357
1352 1437
1352 1465
1353 1359
1353 1398
1354 1366
1355 1360
1355 1401
1355 1404
1355 1419
1356 1361
1357 1360
1357 1441
1358 1371
1358 1398
1360 1416
1361 1362
1362 1371
1363 1364
1363 1365
1363 1368
1363 1389
1363 1390
1363 1396
1363 1397
1364 1368
1364 1390
1364 1397
1364 1408
1364 1413
1364 1426
1365 1367
1365 1368
1365 1378
1366 1376
1366 1383
1366 1386
1367 1375
1367 1378
1367 1386
1367 1394
1368 1408
1368 1426
1369 1370
1369 1389
1369 1477
1369 1485
1369 1493
1370 1372
1370 1374
1370 1492
1370 1493
1371 1380
1371 1383
1371 1395
1371 1398
1372 1375
1372 1379
1372 1384
1372 1391
1372 1492
1373 1388
1373 1390
1373 1393
1373 1397
1373 1403
1373 1413
1373 1424
1374 1375
1374 1376
1374 1378
1374 1386
1375 1376
1375 1378
1375 1379
1375 1387
1375 1389
1376 1383
1376 1386
1376 1398
1377 1379
1377 1381
1377 1383
1377 1394
1377 1395
1378 1389
1379 1380
1379 1384
1379 1387
1379 1392
1379 1393
1380 1383
1380 1398
1381 1385
1381 1387
1381 1393
1381 1394
1382 1384
1382 1388
1382 1391
1382 1392
1382 1480
1382 1490
1383 1398
1384 1387
1384 1389
1384 1390
1384 1391
1384 1392
1384 1393
1385 1424
1387 1390
1387 1394
1388 1403
1388 1411
1388 1490
1388 1513
1389 1391
1389 1485
1390 1393
1390 1397
1391 1472
1391 1485
1392 1393
1393 1424
1396 1406
1396 1415
1397 1403
1397 1406
1397 1413
1397 1415
1399 1400
1399 1402
1399 1408
1399 1409
1399 1425
1400 1412
1400 1420
1400 1422
1401 1404
1401 1418
1402 1405
1402 1414
1402 1422
1402 1423
1403 1411
1403 1415
1403 1423
1403 1513
1404 1419
1405 1409
1405 1414
1405 1416
1405 1418
1405 1421
1406 1408
1406 1415
1406 1421
1406 1423
1407 1410
1407 1411
1407 1422
1407 1498
1407 1522
1408 1426
1409 1418
1410 1419
1410 1441
1410 1519
1410 1521
1411 1522
1412 1420
1412 1422
1413 1420
1413 1422
1413 1423
1414 1417
1414 1427
1414 1519
1415 1480
1415 1487
1415 1518
1416 1418
1417 1427
1417 1457
1417 1523
1419 1422
1420 1424
1420 1425
1421 1423
1421 1518
1421 1523
1423 1427
1425 1426
1427 1497
1427 1498
1427 1510
1427 1519
1427 1523
1428 1431
1428 1444
1428 1462
1428 1489
1428 1531
1429 1432
1429 1441
1429 1454
1429 1457
1429 1461
1429 1508
1430 1431
1430 1434
1430 1436
1430 1443
1430 1450
1430 1456
1430 1458
1431 1434
1431 1436
1431 1440
1431 1444
1431 1451
1431 1462
1431 1463
1432 1435
1432 1442
1432 1447
1432 1454
1432 1461
1432 1464
1433 1436
1433 1442
1433 1444
1433 1489
1434 1435
1434 1436
1434 1439
1434 1448
1434 1451
1434 1456
1435 1436
1435 1438
1435 1439
1435 1440
1435 1447
1435 1461
1436 1440
1436 1442
1436 1443
1436 1444
1437 1448
1437 1456
1437 1465
1438 1439
1438 1440
1438 1445
1438 1447
1438 1449
1438 1459
1438 1463
1438 1525
1439 1449
1439 1451
1439 1460
1439 1463
1439 1550
1440 1444
1440 1446
1440 1463
1441 1519
1441 1521
1442 1443
1442 1446
1443 1454
1443 1465
1444 1446
1444 1489
1444 1531
1444 1553
1445 1449
1445 1459
1445 1460
1445 1496
1445 1505
1445 1517
1445 1524
1445 1550
1445 1554
1445 1604
1445 1614
1447 1455
1447 1459
1447 1461
1447 1505
1447 1514
1448 1452
1448 1454
1448 1456
1449 1452
1449 1460
1449 1461
1449 1517
1450 1458
1450 1465
1450 1484
1451 1456
1451 1462
1451 1463
1452 1461
1452 1521
1453 1470
1454 1465
1455 1459
1457 1508
1458 1469
1458 1492
1459 1505
1459 1525
1459 1554
1460 1550
1460 1604
1461 1516
1462 1463
1462 1531
1462 1532
1462 1546
1462 1556
1463 1532
1463 1546
1463 1550
1464 1508
1464 1514
1466 1472
1466 1474
1466 1476
1466 1483
1466 1486
1467 1470
1467 1471
1467 1479
1467 1486
1467 1556
1467 1573
1468 1474
1468 1515
1468 1570
1468 1584
1469 1470
1469 1486
1469 1489
1471 1475
1471 1481
1471 1491
1471 1573
1472 1484
1472 1494
1473 1474
1473 1475
1473 1476
1473 1482
1473 1486
1474 1475
1474 1476
1474 1478
1475 1479
1475 1570
1476 1477
1476 1485
1477 1493
1478 1481
1478 1488
1478 1501
1478 1502
1479 1482
1479 1486
1479 1489
1479 1564
1480 1487
1480 1488
1480 1513
1481 1483
1481 1488
1481 1491
1481 1502
1482 1585
1482 1587
1483 1488
1483 1490
1484 1492
1484 1494
1485 1487
1487 1509
1488 1490
1488 1502
1488 1513
1490 1513
1495 1497
1495 1498
1495 1503
1495 1510
1495 1516
1495 1519
1496 1503
1496 1517
1496 1524
1496 1604
1496 1619
1497 1498
1497 1499
1497 1510
1497 1513
1497 1523
1498 1519
1498 1522
1499 1504
1499 1506
1499 1509
1499 1515
1500 1507
1500 1513
1500 1522
1501 1502
1501 1515
1503 1504
1503 1507
1503 1516
1503 1517
1504 1507
1504 1512
1504 1606
1505 1514
1505 1517
1505 1520
1505 1524
1506 1510
1506 1511
1506 1523
1507 1617
1508 1510
1508 1514
1508 1516
1508 1519
1509 1515
1510 1519
1510 1523
1511 1512
1511 1520
1512 1520
1512 1606
1512 1610
1513 1522
1516 1517
1516 1519
1516 1521
1517 1524
1518 1523
1520 1594
1520 1610
1524 1598
1524 1606
1525 1547
1525 1549
1525 1551
1525 1554
1526 1531
1526 1553
1526 1564
1526 1581
1526 1587
1527 1535
1527 1536
1527 1538
1527 1548
1528 1536
1528 1542
1528 1543
1528 1546
1528 1581
1529 1530
1529 1534
1529 1540
1529 1541
1529 1545
1530 1534
1530 1545
1530 1547
1531 1546
1531 1553
1532 1550
1533 1547
1533 1589
1533 1594
1533 1599
1534 1540
1534 1547
1534 1552
1534 1589
1535 1538
1535 1539
1535 1548
1536 1538
1536 1539
1536 1542
1536 1548
1537 1542
1537 1545
1537 1574
1537 1581
1538 1539
1538 1544
1538 1549
1539 1542
1539 1549
1540 1547
1540 1552
1540 1589
1542 1545
1542 1546
1542 1549
1543 1562
1543 1572
1543 1574
1543 1581
1544 1595
1546 1549
1547 1549
1547 1554
1547 1589
1547 1599
1549 1551
1550 1551
1550 1604
1551 1554
1551 1614
1552 1589
1554 1598
1554 1599
1554 1614
1555 1560
1555 1562
1556 1564
1556 1573
1557 1562
1557 1565
1557 1588
1558 1561
1558 1565
1558 1568
1558 1575
1558 1576
1558 1577
1558 1579
1558 1586
1559 1569
1559 1575
1559 1577
1559 1578
1559 1583
1559 1593
1560 1563
1560 1565
1560 1568
1560 1573
1560 1581
1561 1565
1561 1575
1561 1576
1561 1579
1562 1565
1562 1588
1563 1568
1563 1569
1563 1573
1563 1577
1564 1573
1564 1581
1565 1571
1565 1588
1566 1567
1566 1569
1566 1571
1566 1574
1566 1583
1567 1569
1567 1581
1567 1585
1567 1587
1568 1577
1569 1583
1569 1585
1570 1577
1570 1608
1571 1575
1571 1583
1572 1574
1572 1588
1574 1581
1575 1579
1575 1582
1576 1580
1577 1586
1577 1593
1577 1608
1578 1582
1578 1593
1579 1580
1579 1586
1579 1596
1580 1586
1580 1620
1585 1587
1586 1608
1589 1599
1589 1607
1590 1601
1590 1606
1590 1608
1590 1611
1590 1617
1590 1618
1591 1595
1591 1602
1591 1607
1592 1609
1592 1610
1592 1612
1592 1615
1592 1616
1593 1596
1593 1615
1594 1598
1594 1599
1594 1616
1596 1600
1596 1603
1596 1613
1597 1602
1597 1620
1598 1599
1598 1602
1598 1605
1598 1606
1598 1611
1599 1602
1599 1607
1600 1603
1600 1612
1600 1613
1601 1608
1601 1617
1601 1618
1602 1605
1602 1607
1602 1611
1603 1613
1604 1614
1605 1611
1605 1614
1605 1619
1606 1611
1606 1617
1609 1612
1609 1613
1610 1612
1610 1615
1610 1616
1612 1615
1612 1616
1617 1618
1617 1619
1618 1619
