0.04156000 0.07571000 0.13555000
0.13890000 0.04607000 0.15181000
0.02210000 0.15196000 0.13047000
0.07552000 0.05033000 0.19886000
0.09259000 0.24423000 0.12987000
0.22885000 0.06030000 0.23427000
0.07719000 0.01532000 0.03656000
0.17647000 0.11425000 0.15725000
0.03240000 0.21082000 0.05717000
0.20746000 0.16234000 0.11027000
0.10505000 0.07140000 0.07862000
0.01420000 0.17708000 0.25938000
0.09785000 0.11721000 0.28160000
0.20227000 0.02429000 0.03968000
0.07431000 0.17861000 0.16600000
0.03747000 0.09148000 0.24346000
0.16859000 0.21123000 0.27771000
0.24293000 0.02260000 0.10195000
0.12336000 0.02215000 0.25328000
0.10917000 0.11642000 0.19889000
0.21975000 0.18303000 0.03438000
0.14429000 0.17271000 0.13027000
0.18369000 0.15941000 0.21088000
0.02269000 0.11211000 0.32437000
0.08022000 0.22388000 0.26119000
0.23428000 0.10252000 0.06908000
0.24324000 0.20877000 0.17553000
0.18815000 0.14456000 0.47514000
0.03744000 0.08865000 0.44655000
0.10349000 0.19531000 0.56325000
0.15128000 0.06388000 0.48834000
0.09230000 0.19558000 0.34950000
0.19242000 0.21172000 0.55475000
0.04663000 0.04339000 0.57350000
0.22504000 0.06568000 0.50115000
0.17299000 0.00153000 0.37680000
0.23753000 0.24606000 0.50684000
0.03481000 0.06045000 0.36609000
0.07846000 0.11340000 0.60792000
0.11122000 0.11178000 0.53700000
0.24089000 0.09832000 0.42711000
0.04900000 0.01757000 0.49392000
0.12062000 0.00084000 0.44267000
0.14123000 0.06674000 0.36275000
0.03381000 0.15939000 0.43737000
0.18693000 0.21201000 0.36027000
0.22380000 0.04381000 0.37230000
0.20880000 0.24429000 0.64054000
0.12260000 0.24778000 0.47051000
0.01433000 0.18248000 0.36046000
0.12777000 0.13548000 0.39078000
0.16997000 0.14017000 0.60492000
0.18539000 0.04659000 0.57153000
0.09478000 0.18767000 0.43872000
0.02523000 0.11314000 0.55329000
0.08542000 0.04034000 0.64811000
0.23898000 0.12141000 0.34352000
0.03259000 0.24607000 0.61149000
0.07929000 0.16199000 0.66627000
0.18953000 0.14606000 0.79581000
0.10161000 0.22382000 0.83881000
0.20752000 0.06384000 0.91292000
0.24134000 0.14439000 0.89374000
0.23082000 0.02147000 0.67814000
0.05629000 0.09322000 0.76934000
0.17421000 0.22278000 0.71686000
0.05112000 0.11490000 0.98213000
0.20162000 0.07939000 0.69510000
0.23094000 0.12633000 0.98465000
0.23893000 0.21980000 0.83774000
0.11615000 0.13422000 0.78286000
0.03586000 0.08733000 0.89390000
0.07074000 0.03838000 0.72063000
0.09893000 0.04692000 0.94628000
0.08643000 0.05197000 0.82657000
0.21132000 0.02211000 0.81394000
0.16458000 0.10824000 0.96340000
0.14529000 0.19449000 0.90725000
0.00770000 0.14699000 0.70346000
0.02656000 0.02363000 0.78188000
0.21299000 0.17049000 0.72904000
0.17297000 0.08336000 0.81711000
0.04870000 0.15693000 0.82955000
0.13796000 0.07881000 0.67144000
0.03855000 0.19934000 0.92735000
0.13042000 0.13468000 0.89029000
0.01434000 0.22707000 0.72924000
0.15346000 0.03518000 0.87218000
0.09891000 0.19535000 0.74495000
0.14998000 0.15080000 0.68576000
0.19582000 0.22874000 0.94443000
0.05783000 0.09882000 0.68758000
0.11423000 0.15886000 0.99035000
0.10931000 0.24514000 0.99971000
0.13755000 0.39774000 0.22336000
0.19398000 0.39612000 0.02031000
0.04672000 0.34616000 0.28961000
0.19016000 0.34727000 0.22031000
0.00452000 0.30779000 0.14759000
0.18410000 0.31388000 0.14043000
0.10703000 0.31917000 0.08248000
0.20744000 0.39356000 0.28796000
0.18577000 0.45705000 0.18477000
0.15124000 0.47189000 0.30088000
0.16985000 0.26403000 0.08297000
0.16386000 0.46084000 0.05322000
0.05451000 0.41390000 0.25768000
0.24068000 0.41345000 0.13334000
0.09883000 0.45761000 0.19715000
0.09841000 0.30650000 0.24366000
0.03365000 0.31114000 0.07842000
0.11404000 0.34779000 0.17051000
0.03002000 0.46017000 0.32601000
0.03971000 0.35472000 0.20897000
0.14020000 0.42474000 0.12773000
0.04429000 0.26143000 0.19059000
0.12743000 0.41244000 0.30469000
0.13561000 0.26345000 0.20376000
0.09449000 0.42274000 0.05438000
0.24246000 0.34431000 0.06509000
0.23469000 0.27604000 0.20802000
0.10403000 0.49417000 0.08958000
0.02256000 0.47155000 0.15936000
0.17205000 0.26943000 0.31485000
0.23458000 0.26443000 0.02808000
0.08389000 0.30489000 0.00194000
0.09169000 0.27406000 0.32839000
0.20994000 0.32472000 0.00062000
0.24300000 0.43694000 0.05731000
0.19110000 0.32994000 0.65426000
0.03854000 0.41688000 0.38912000
0.04085000 0.47873000 0.42855000
0.23328000 0.31693000 0.52415000
0.00495000 0.25322000 0.52090000
0.07519000 0.31484000 0.45310000
0.21088000 0.44230000 0.49357000
0.19256000 0.43062000 0.58154000
0.07877000 0.34660000 0.63939000
0.10109000 0.47237000 0.37527000
0.15312000 0.31928000 0.43455000
0.14184000 0.25075000 0.59804000
0.09219000 0.42655000 0.44411000
0.20803000 0.39958000 0.40561000
0.24592000 0.30132000 0.44022000
0.14848000 0.37684000 0.48481000
0.10131000 0.34034000 0.36034000
0.04427000 0.37360000 0.54279000
0.08357000 0.26999000 0.53663000
0.12013000 0.42049000 0.56543000
0.07590000 0.44480000 0.63226000
0.14154000 0.47587000 0.45361000
0.14783000 0.38263000 0.63312000
0.00464000 0.34176000 0.36405000
0.16569000 0.27897000 0.51907000
0.12251000 0.34303000 0.55617000
0.22167000 0.38293000 0.51394000
0.22626000 0.46115000 0.35723000
0.01802000 0.47121000 0.56742000
0.18039000 0.35230000 0.36060000
0.08598000 0.27737000 0.65071000
0.20761000 0.49393000 0.42998000
0.03225000 0.25412000 0.36578000
0.20943000 0.43698000 0.66298000
0.02069000 0.25386000 0.44220000
0.13157000 0.25233000 0.38342000
0.23328000 0.30359000 0.33419000
0.01263000 0.49996000 0.63654000
0.21918000 0.28607000 0.84774000
0.19733000 0.34477000 0.88385000
0.05634000 0.25626000 0.94489000
0.19558000 0.43516000 0.79513000
0.15515000 0.40889000 0.72657000
0.11469000 0.49890000 0.91142000
0.04543000 0.35249000 0.76387000
0.18722000 0.36777000 0.77334000
0.15974000 0.30324000 0.71745000
0.17280000 0.46477000 0.92438000
0.15004000 0.28418000 0.89161000
0.10915000 0.36169000 0.72656000
0.04235000 0.37820000 0.93960000
0.06928000 0.30001000 0.84283000
0.04938000 0.28152000 0.72922000
0.15141000 0.38937000 0.84882000
0.24144000 0.46619000 0.98699000
0.04156000 0.37486000 0.85149000
0.01000000 0.30256000 0.94177000
0.04224000 0.44796000 0.99211000
0.01508000 0.38550000 0.67127000
0.08312000 0.42962000 0.86302000
0.10747000 0.35996000 0.96106000
0.12477000 0.44331000 0.97972000
0.21123000 0.38754000 0.94402000
0.06245000 0.42027000 0.73124000
0.13058000 0.32037000 0.79364000
0.02409000 0.45921000 0.89407000
0.11635000 0.46064000 0.76276000
0.02412000 0.25158000 0.81018000
0.19719000 0.25278000 0.77778000
0.10867000 0.53679000 0.28868000
0.22301000 0.61694000 0.09784000
0.08685000 0.64424000 0.22298000
0.05277000 0.50959000 0.03875000
0.16399000 0.64134000 0.31083000
0.06989000 0.58624000 0.12221000
0.23635000 0.51850000 0.29635000
0.14971000 0.66424000 0.01245000
0.14434000 0.59012000 0.13300000
0.19425000 0.67602000 0.08257000
0.13853000 0.51513000 0.21059000
0.12479000 0.66886000 0.10280000
0.14354000 0.68205000 0.18573000
0.24672000 0.51517000 0.12915000
0.01513000 0.56327000 0.24530000
0.01264000 0.74390000 0.11270000
0.20031000 0.62019000 0.16807000
0.03798000 0.71326000 0.29681000
0.18261000 0.56954000 0.24505000
0.21052000 0.73047000 0.32862000
0.08128000 0.51764000 0.16370000
0.04889000 0.64593000 0.12295000
0.13319000 0.73226000 0.05833000
0.16021000 0.56115000 0.05778000
0.02569000 0.71272000 0.20883000
0.21161000 0.72479000 0.16186000
0.14837000 0.71624000 0.27292000
0.22971000 0.69971000 0.25516000
0.04130000 0.61575000 0.29198000
0.00620000 0.55226000 0.10712000
0.17977000 0.50955000 0.12466000
0.12305000 0.50959000 0.01686000
0.20675000 0.74568000 0.06944000
0.01037000 0.67075000 0.00438000
0.07946000 0.57638000 0.00267000
0.05034000 0.50136000 0.26314000
0.00695000 0.70897000 0.50795000
0.04473000 0.67328000 0.57429000
0.07290000 0.53500000 0.46338000
0.09032000 0.70581000 0.45326000
0.16036000 0.70010000 0.49407000
0.17862000 0.58983000 0.66208000
0.22905000 0.67818000 0.53551000
0.09437000 0.52447000 0.66091000
0.13926000 0.74188000 0.35971000
0.12809000 0.55850000 0.37930000
0.01372000 0.64331000 0.64506000
0.14843000 0.50191000 0.55336000
0.10983000 0.59206000 0.44840000
0.03284000 0.58631000 0.47405000
0.06532000 0.64904000 0.48434000
0.05194000 0.73318000 0.36931000
0.19477000 0.63328000 0.58470000
0.21771000 0.61630000 0.36170000
0.09387000 0.68625000 0.36166000
0.07683000 0.58975000 0.60223000
0.13201000 0.61024000 0.54191000
0.10495000 0.66695000 0.61333000
0.18794000 0.68526000 0.38399000
0.21422000 0.74144000 0.46130000
0.02143000 0.58394000 0.38467000
0.07678000 0.53083000 0.55811000
0.20872000 0.69626000 0.63513000
0.20897000 0.55082000 0.55129000
0.17601000 0.59309000 0.47389000
0.14541000 0.56239000 0.60348000
0.22589000 0.55960000 0.42290000
0.05983000 0.73791000 0.57401000
0.09703000 0.61223000 0.37026000
0.15683000 0.73362000 0.66472000
0.00678000 0.65979000 0.39872000
0.00762000 0.60527000 0.57405000
0.20401000 0.50119000 0.60524000
0.06168000 0.71697000 0.66164000
0.00323000 0.52764000 0.52903000
0.20570000 0.59486000 0.73360000
0.15150000 0.54197000 0.83815000
0.14043000 0.58294000 0.77229000
0.04474000 0.56557000 0.69823000
0.09613000 0.72212000 0.74327000
0.07010000 0.64716000 0.97740000
0.09072000 0.71002000 0.98551000
0.20153000 0.65120000 0.78896000
0.22978000 0.65000000 0.89169000
0.23265000 0.52055000 0.87445000
0.03286000 0.64063000 0.90700000
0.23130000 0.70256000 0.84169000
0.05282000 0.63495000 0.72132000
0.17574000 0.61568000 0.85048000
0.02743000 0.58284000 0.89243000
0.05021000 0.50934000 0.81175000
0.02973000 0.73194000 0.85057000
0.24750000 0.72015000 0.92325000
0.13521000 0.57909000 0.90341000
0.14065000 0.51182000 0.71405000
0.12563000 0.63940000 0.91206000
0.08889000 0.58039000 0.81792000
0.17498000 0.53152000 0.95411000
0.16002000 0.67917000 0.84978000
0.12121000 0.62295000 0.68673000
0.08691000 0.67370000 0.84530000
0.15616000 0.70344000 0.93833000
0.15704000 0.70049000 0.74799000
0.08566000 0.74330000 0.89685000
0.20517000 0.61684000 0.96980000
0.21428000 0.70653000 0.99770000
0.01466000 0.54645000 0.96411000
0.20655000 0.53050000 0.77804000
0.22983000 0.67448000 0.71438000
0.05935000 0.50180000 0.71992000
0.00256000 0.68454000 0.76241000
0.24562000 0.57990000 0.91035000
0.17950000 0.81850000 0.22476000
0.09686000 0.95915000 0.21564000
0.02886000 0.83902000 0.13814000
0.15445000 0.88644000 0.27469000
0.00524000 0.98971000 0.06419000
0.11238000 0.81936000 0.31340000
0.13069000 0.76640000 0.22111000
0.02607000 0.86069000 0.05279000
0.15366000 0.96971000 0.13585000
0.08234000 0.88806000 0.23119000
0.17595000 0.86965000 0.06780000
0.08226000 0.87624000 0.10659000
0.04370000 0.97341000 0.15224000
0.09412000 0.92574000 0.29982000
0.13483000 0.80796000 0.15316000
0.03101000 0.95741000 0.24970000
0.06431000 0.75596000 0.04422000
0.15216000 0.79924000 0.05581000
0.24033000 0.89927000 0.04812000
0.20904000 0.93082000 0.11813000
0.02825000 0.90805000 0.14389000
0.02804000 0.86481000 0.29521000
0.15876000 0.90846000 0.19108000
0.21968000 0.83091000 0.11586000
0.06962000 0.90483000 0.02277000
0.01897000 0.81113000 0.22699000
0.09361000 0.94476000 0.09212000
0.08622000 0.75324000 0.16026000
0.23044000 0.89787000 0.30020000
0.05406000 0.78437000 0.29559000
0.12022000 0.95883000 0.00514000
0.22320000 0.99621000 0.29538000
0.24571000 0.85326000 0.18876000
0.08321000 0.81252000 0.00269000
0.00016000 0.93080000 0.31116000
0.11800000 0.90983000 0.37552000
0.19047000 0.95206000 0.44179000
0.22037000 0.79605000 0.51394000
0.20169000 0.96865000 0.52044000
0.10219000 0.85647000 0.48860000
0.09950000 0.77615000 0.62003000
0.22163000 0.98732000 0.59691000
0.04000000 0.81741000 0.57083000
0.12446000 0.75846000 0.54010000
0.06519000 0.80513000 0.37931000
0.07194000 0.92745000 0.49795000
0.21834000 0.95069000 0.36643000
0.13447000 0.97155000 0.65665000
0.16547000 0.89849000 0.48975000
0.12984000 0.82844000 0.57886000
0.24584000 0.84222000 0.44084000
0.17789000 0.81994000 0.42074000
0.12298000 0.77619000 0.42508000
0.19312000 0.78951000 0.34198000
0.08402000 0.88853000 0.62599000
0.05601000 0.87147000 0.42937000
0.06895000 0.97322000 0.37570000
0.16242000 0.89322000 0.56797000
0.02253000 0.96179000 0.45798000
0.18408000 0.79555000 0.63193000
0.16783000 0.85338000 0.35119000
0.02615000 0.84356000 0.64879000
0.06115000 0.76572000 0.50061000
0.16883000 0.82461000 0.82366000
0.13222000 0.76043000 0.97107000
0.22993000 0.84754000 0.86939000
0.06144000 0.97857000 0.66733000
0.19931000 0.78184000 0.76589000
0.21005000 0.98429000 0.95541000
0.11095000 0.99173000 0.83226000
0.15946000 0.93185000 0.88545000
0.20920000 0.93104000 0.77463000
0.05608000 0.84089000 0.87022000
0.10071000 0.80827000 0.91895000
0.06210000 0.95899000 0.88916000
0.12845000 0.91701000 0.73966000
0.16574000 0.86521000 0.69311000
0.06194000 0.94231000 0.79252000
0.06280000 0.90095000 0.72306000
0.22621000 0.77715000 0.84612000
0.10038000 0.90175000 0.90079000
0.05207000 0.85823000 0.79089000
0.02834000 0.88757000 0.94269000
0.07980000 0.78847000 0.83723000
0.07194000 0.79900000 0.70086000
0.15836000 0.84905000 0.89811000
0.11904000 0.87946000 0.82601000
0.14194000 0.76331000 0.85086000
0.20541000 0.78798000 0.94515000
0.21628000 0.96172000 0.87044000
0.19905000 0.89551000 0.93567000
0.13163000 0.88371000 0.97449000
0.14948000 0.98623000 0.75646000
0.21056000 0.84914000 0.74933000
0.03657000 0.95781000 0.97965000
0.00430000 0.79376000 0.70593000
0.02780000 0.75674000 0.75886000
0.00109000 0.91341000 0.87492000
0.00160000 0.77865000 0.97555000
0.39774000 0.13236000 0.14503000
0.28327000 0.01681000 0.24531000
0.45861000 0.11824000 0.03671000
0.44945000 0.24313000 0.21043000
0.42830000 0.07596000 0.19222000
0.43706000 0.04249000 0.12241000
0.26831000 0.22401000 0.26728000
0.29577000 0.09050000 0.11527000
0.27562000 0.15893000 0.11775000
0.34096000 0.18518000 0.23749000
0.46626000 0.13046000 0.21330000
0.43731000 0.21620000 0.28686000
0.49303000 0.20304000 0.10456000
0.44401000 0.07474000 0.32941000
0.47579000 0.11931000 0.12878000
0.38192000 0.04361000 0.04991000
0.41969000 0.12041000 0.26831000
0.33051000 0.22828000 0.16468000
0.43992000 0.00622000 0.24251000
0.32982000 0.13700000 0.05597000
0.31890000 0.01623000 0.03133000
0.33282000 0.14376000 0.31902000
0.40960000 0.17324000 0.21174000
0.44948000 0.21141000 0.01336000
0.49441000 0.04859000 0.01225000
0.37794000 0.06142000 0.24874000
0.32714000 0.07667000 0.00446000
0.31598000 0.24693000 0.07518000
0.41588000 0.19456000 0.11616000
0.32914000 0.08451000 0.19426000
0.45765000 0.00584000 0.05891000
0.35007000 0.20830000 0.00841000
0.28016000 0.02229000 0.32738000
0.26219000 0.06978000 0.00648000
0.25121000 0.14683000 0.20826000
0.38771000 0.11830000 0.01033000
0.49767000 0.06052000 0.09067000
0.31525000 0.22412000 0.32963000
0.27692000 0.18663000 0.39448000
0.42891000 0.08186000 0.62718000
0.38952000 0.19275000 0.37505000
0.32150000 0.04955000 0.45807000
0.49306000 0.22420000 0.36972000
0.28347000 0.24192000 0.63820000
0.40979000 0.13895000 0.49646000
0.34039000 0.15121000 0.43984000
0.48173000 0.09155000 0.51313000
0.27927000 0.02538000 0.60693000
0.43690000 0.16505000 0.61065000
0.31960000 0.11815000 0.51743000
0.43065000 0.13401000 0.36927000
0.38228000 0.22427000 0.60859000
0.35055000 0.17600000 0.55472000
0.27207000 0.18167000 0.54648000
0.43078000 0.23764000 0.41658000
0.44646000 0.02597000 0.53818000
0.29136000 0.04582000 0.53603000
0.36914000 0.22056000 0.47093000
0.37038000 0.04140000 0.35221000
0.44501000 0.19362000 0.47707000
0.42831000 0.00974000 0.61407000
0.37388000 0.09477000 0.57644000
0.41886000 0.07293000 0.43853000
0.32809000 0.13654000 0.62451000
0.44054000 0.00432000 0.44276000
0.30216000 0.09131000 0.37996000
0.26145000 0.16270000 0.47349000
0.31617000 0.24151000 0.56873000
0.44901000 0.24744000 0.62025000
0.26274000 0.09961000 0.62115000
0.28540000 0.24958000 0.39952000
0.25014000 0.11843000 0.53892000
0.49974000 0.05458000 0.43634000
0.36866000 0.17302000 0.87723000
0.30102000 0.19119000 0.83833000
0.49457000 0.15162000 0.98986000
0.44371000 0.21034000 0.68966000
0.38984000 0.08514000 0.70498000
0.33662000 0.07342000 0.90336000
0.40085000 0.22977000 0.87782000
0.30448000 0.03213000 0.83682000
0.46883000 0.12099000 0.73897000
0.34055000 0.08191000 0.80807000
0.39837000 0.17349000 0.94872000
0.33864000 0.15017000 0.74699000
0.40338000 0.15031000 0.69962000
0.43571000 0.03045000 0.73179000
0.28833000 0.22633000 0.77104000
0.34142000 0.22573000 0.68501000
0.40986000 0.10153000 0.79220000
0.28472000 0.18061000 0.99529000
0.49089000 0.22536000 0.80504000
0.26411000 0.07776000 0.72626000
0.28552000 0.00812000 0.90719000
0.30222000 0.02044000 0.69947000
0.41680000 0.01443000 0.98283000
0.28290000 0.11953000 0.79063000
0.35550000 0.02224000 0.95707000
0.45210000 0.07416000 0.84324000
0.28707000 0.10647000 0.94291000
0.49352000 0.03983000 0.90967000
0.43879000 0.10787000 0.93096000
0.41259000 0.18791000 0.80123000
0.48197000 0.15847000 0.85270000
0.27311000 0.19282000 0.68875000
0.47623000 0.22324000 0.88759000
0.36452000 0.24164000 0.77311000
0.36174000 0.00715000 0.73997000
0.33364000 0.24044000 0.87902000
0.35431000 0.43231000 0.24020000
0.37730000 0.34560000 0.30202000
0.44486000 0.48146000 0.30585000
0.47700000 0.39064000 0.07439000
0.34438000 0.32868000 0.14575000
0.49143000 0.45082000 0.13168000
0.46911000 0.33540000 0.17746000
0.31100000 0.49038000 0.07813000
0.32288000 0.32649000 0.22333000
0.31387000 0.38234000 0.09540000
0.38235000 0.48439000 0.08617000
0.36719000 0.32674000 0.06603000
0.41606000 0.40643000 0.26314000
0.40513000 0.44119000 0.03265000
0.44692000 0.32493000 0.08680000
0.41475000 0.25964000 0.06383000
0.34882000 0.26066000 0.22550000
0.42589000 0.34293000 0.24014000
0.48739000 0.46472000 0.04620000
0.26529000 0.42599000 0.30582000
0.26485000 0.46062000 0.17560000
0.34850000 0.46781000 0.16622000
0.40281000 0.38887000 0.09177000
0.26706000 0.31421000 0.14514000
0.35462000 0.40258000 0.16043000
0.47883000 0.29453000 0.27051000
0.44245000 0.40121000 0.16372000
0.47125000 0.44042000 0.22202000
0.37898000 0.26475000 0.30387000
0.32892000 0.28181000 0.00654000
0.49837000 0.43937000 0.32860000
0.41465000 0.32051000 0.37329000
0.47297000 0.49094000 0.48637000
0.35053000 0.40508000 0.39555000
0.44700000 0.25781000 0.54044000
0.35543000 0.33612000 0.43011000
0.35496000 0.46183000 0.53922000
0.28432000 0.46760000 0.57667000
0.30233000 0.30866000 0.50666000
0.48170000 0.32318000 0.65065000
0.36187000 0.48919000 0.45944000
0.45728000 0.37136000 0.42351000
0.42417000 0.47702000 0.65200000
0.32954000 0.29815000 0.35080000
0.28913000 0.41164000 0.46194000
0.41492000 0.42321000 0.46244000
0.37619000 0.42510000 0.64328000
0.29140000 0.47424000 0.45612000
0.47749000 0.36554000 0.53838000
0.39255000 0.33274000 0.51198000
0.45587000 0.46474000 0.57540000
0.44142000 0.38432000 0.63263000
0.30678000 0.35212000 0.56876000
0.27538000 0.38171000 0.39297000
0.41534000 0.40164000 0.53949000
0.29178000 0.44778000 0.65627000
0.48612000 0.29494000 0.48424000
0.37671000 0.29344000 0.66064000
0.34622000 0.45627000 0.34222000
0.26268000 0.40454000 0.58826000
0.40953000 0.39975000 0.34045000
0.30919000 0.33616000 0.66591000
0.26927000 0.35865000 0.98512000
0.34825000 0.42512000 0.98796000
0.28604000 0.29995000 0.91019000
0.44198000 0.46284000 0.73149000
0.32228000 0.41684000 0.84878000
0.31572000 0.36352000 0.89813000
0.34289000 0.43366000 0.77326000
0.34123000 0.30699000 0.78510000
0.43101000 0.36379000 0.75386000
0.28456000 0.37911000 0.79634000
0.39190000 0.29612000 0.85672000
0.34847000 0.46551000 0.70038000
0.43164000 0.26728000 0.79769000
0.48632000 0.41442000 0.69672000
0.28308000 0.29014000 0.81016000
0.46570000 0.42930000 0.97472000
0.40930000 0.29835000 0.73254000
0.28137000 0.30263000 0.73215000
0.27671000 0.40740000 0.92631000
0.38873000 0.27194000 0.94467000
0.47525000 0.30386000 0.86224000
0.39971000 0.37490000 0.84069000
0.45976000 0.31956000 0.96043000
0.48735000 0.37590000 0.85677000
0.39304000 0.36045000 0.68157000
0.42708000 0.44969000 0.83598000
0.38310000 0.42719000 0.90752000
0.33241000 0.39638000 0.69378000
0.25753000 0.45954000 0.85631000
0.30793000 0.47745000 0.95760000
0.35294000 0.34771000 0.99961000
0.25243000 0.36636000 0.71407000
0.37391000 0.48602000 0.86621000
0.42998000 0.36583000 0.99455000
0.49579000 0.36640000 0.76967000
0.33959000 0.57058000 0.18710000
0.48009000 0.73175000 0.18764000
0.32931000 0.51714000 0.26497000
0.47299000 0.69924000 0.08123000
0.30698000 0.65297000 0.06404000
0.41513000 0.57654000 0.13324000
0.36285000 0.59729000 0.29922000
0.26915000 0.54745000 0.04566000
0.37605000 0.67037000 0.19977000
0.27512000 0.65063000 0.25961000
0.48750000 0.70115000 0.25636000
0.36891000 0.61544000 0.05031000
0.29991000 0.73345000 0.12982000
0.40789000 0.52345000 0.19982000
0.26881000 0.66581000 0.17043000
0.42221000 0.55485000 0.33142000
0.26378000 0.57644000 0.18651000
0.39106000 0.67265000 0.29652000
0.43671000 0.51860000 0.07791000
0.47455000 0.52558000 0.14285000
0.43501000 0.67903000 0.14982000
0.43799000 0.64343000 0.21805000
0.29717000 0.58375000 0.26542000
0.46675000 0.59422000 0.27223000
0.30085000 0.61317000 0.12701000
0.45555000 0.63897000 0.03787000
0.39414000 0.70158000 0.06344000
0.40216000 0.58041000 0.22727000
0.31597000 0.71184000 0.04289000
0.46965000 0.60365000 0.16021000
0.37422000 0.64886000 0.12384000
0.49606000 0.53497000 0.02041000
0.48775000 0.52040000 0.23545000
0.40377000 0.51256000 0.00210000
0.37229000 0.74728000 0.13150000
0.49808000 0.74999000 0.03482000
0.43670000 0.54971000 0.46420000
0.48036000 0.74259000 0.46708000
0.29811000 0.52032000 0.35210000
0.46182000 0.54327000 0.57071000
0.45236000 0.71491000 0.62246000
0.32640000 0.69392000 0.46218000
0.31293000 0.63367000 0.56650000
0.41544000 0.60787000 0.61956000
0.39118000 0.71565000 0.53218000
0.29265000 0.59177000 0.40992000
0.33699000 0.71128000 0.65007000
0.43703000 0.64017000 0.46089000
0.32551000 0.53788000 0.51572000
0.47972000 0.60933000 0.65513000
0.36232000 0.57223000 0.63565000
0.41076000 0.62237000 0.53042000
0.47540000 0.64323000 0.59153000
0.45024000 0.69170000 0.34176000
0.36594000 0.56717000 0.45770000
0.48639000 0.63024000 0.51328000
0.37691000 0.66634000 0.37562000
0.26314000 0.58200000 0.49651000
0.42689000 0.61440000 0.34958000
0.39496000 0.55397000 0.54463000
0.28670000 0.57524000 0.60191000
0.49346000 0.58575000 0.35214000
0.25849000 0.72909000 0.58002000
0.33733000 0.62896000 0.47429000
0.41257000 0.50395000 0.38184000
0.35855000 0.60527000 0.37554000
0.49716000 0.55251000 0.50706000
0.25484000 0.66544000 0.39250000
0.33246000 0.71763000 0.34246000
0.25168000 0.50771000 0.50762000
0.45536000 0.54313000 0.66409000
0.44878000 0.66175000 0.68998000
0.47150000 0.59957000 0.94267000
0.37247000 0.53951000 0.71918000
0.39071000 0.73819000 0.94316000
0.26355000 0.58529000 0.81044000
0.29203000 0.56838000 0.68538000
0.38031000 0.72605000 0.73084000
0.29706000 0.65983000 0.86059000
0.41083000 0.67113000 0.98322000
0.25792000 0.52569000 0.95429000
0.36137000 0.59483000 0.96562000
0.37456000 0.55828000 0.83698000
0.35268000 0.71613000 0.87343000
0.45235000 0.65884000 0.77741000
0.39871000 0.50333000 0.79008000
0.31332000 0.50611000 0.88688000
0.32017000 0.57332000 0.88839000
0.39410000 0.63519000 0.72651000
0.44385000 0.70215000 0.89095000
0.35636000 0.60467000 0.78170000
0.46296000 0.51948000 0.85628000
0.30306000 0.67335000 0.95883000
0.43707000 0.53018000 0.93118000
0.49048000 0.72284000 0.68357000
0.37369000 0.64826000 0.88780000
0.27840000 0.50850000 0.71636000
0.44256000 0.58208000 0.74147000
0.30671000 0.70809000 0.79700000
0.28221000 0.51885000 0.79714000
0.30393000 0.68851000 0.71947000
0.45364000 0.59352000 0.83820000
0.43017000 0.72309000 0.80082000
0.47036000 0.73204000 0.95686000
0.48782000 0.65026000 0.86554000
0.29489000 0.59351000 0.97130000
0.26288000 0.63011000 0.67463000
0.44405000 0.78127000 0.23701000
0.47202000 0.94047000 0.11506000
0.29002000 0.95640000 0.01588000
0.26858000 0.99408000 0.16954000
0.32578000 0.85034000 0.18205000
0.30950000 0.86571000 0.03153000
0.26801000 0.75496000 0.01127000
0.44998000 0.92781000 0.19418000
0.29575000 0.85156000 0.30649000
0.49131000 0.84712000 0.20644000
0.46301000 0.83263000 0.28497000
0.33548000 0.95945000 0.08473000
0.25699000 0.81450000 0.05319000
0.38985000 0.81523000 0.18804000
0.41875000 0.90554000 0.12454000
0.30267000 0.90689000 0.25503000
0.40310000 0.97855000 0.12409000
0.37512000 0.91138000 0.05925000
0.38429000 0.86427000 0.23303000
0.28218000 0.80364000 0.13150000
0.38576000 0.89622000 0.31394000
0.44897000 0.83736000 0.14349000
0.41117000 0.80887000 0.04008000
0.36136000 0.82233000 0.31864000
0.41977000 0.87468000 0.03045000
0.27210000 0.88972000 0.12482000
0.45520000 0.95045000 0.27983000
0.34837000 0.84402000 0.10783000
0.36878000 0.93835000 0.18291000
0.49268000 0.89271000 0.31554000
0.39552000 0.75676000 0.30260000
0.26330000 0.79595000 0.24374000
0.48379000 0.86823000 0.02275000
0.49125000 0.80764000 0.07496000
0.25431000 0.94973000 0.22893000
0.36841000 0.99036000 0.24617000
0.33309000 0.75489000 0.25309000
0.35488000 0.78212000 0.00022000
0.41150000 0.94292000 0.59511000
0.38583000 0.87152000 0.55500000
0.41483000 0.92239000 0.38494000
0.31724000 0.86332000 0.40176000
0.39366000 0.87795000 0.43692000
0.32720000 0.90284000 0.61875000
0.35285000 0.97087000 0.52984000
0.42180000 0.82136000 0.57874000
0.48148000 0.82238000 0.52744000
0.36133000 0.77048000 0.60269000
0.31714000 0.93160000 0.47709000
0.44711000 0.91382000 0.50518000
0.36835000 0.82675000 0.48235000
0.27418000 0.88350000 0.57089000
0.43044000 0.79914000 0.44123000
0.34648000 0.97252000 0.66464000
0.47056000 0.85305000 0.44727000
0.39439000 0.95484000 0.45362000
0.29110000 0.82131000 0.62247000
0.35285000 0.95281000 0.36883000
0.27861000 0.95810000 0.62117000
0.31306000 0.77153000 0.54536000
0.49486000 0.91192000 0.39616000
0.36112000 0.77223000 0.38791000
0.26069000 0.76423000 0.65577000
0.28874000 0.80546000 0.47636000
0.46908000 0.97734000 0.37333000
0.41473000 0.84844000 0.36309000
0.25822000 0.87681000 0.65385000
0.29405000 0.91484000 0.34816000
0.26907000 0.79300000 0.36104000
0.46344000 0.76551000 0.34270000
0.49012000 0.88665000 0.60641000
0.25311000 0.98981000 0.42001000
0.28512000 0.75209000 0.42191000
0.49440000 0.98296000 0.50192000
0.49751000 0.82533000 0.60667000
0.32946000 0.92801000 0.79658000
0.46147000 0.86502000 0.71474000
0.31143000 0.87740000 0.73267000
0.38122000 0.85039000 0.95063000
0.47972000 0.79992000 0.68564000
0.26543000 0.82728000 0.94047000
0.36336000 0.86359000 0.67514000
0.40494000 0.93486000 0.99188000
0.35027000 0.97703000 0.85466000
0.33877000 0.93332000 0.95187000
0.30109000 0.87382000 0.84613000
0.37667000 0.86369000 0.78393000
0.45377000 0.76282000 0.86194000
0.43073000 0.91769000 0.85579000
0.40775000 0.99483000 0.89914000
0.36081000 0.77342000 0.79170000
0.45152000 0.82548000 0.94872000
0.41294000 0.82201000 0.86788000
0.39971000 0.80137000 0.66790000
0.46785000 0.83915000 0.80366000
0.27350000 0.93064000 0.69900000
0.27203000 0.96635000 0.79772000
0.39591000 0.93093000 0.78510000
0.32499000 0.81239000 0.72358000
0.33947000 0.82382000 0.91157000
0.42702000 0.92373000 0.68994000
0.28706000 0.80925000 0.85345000
0.27598000 0.90289000 0.90796000
0.30345000 0.76124000 0.91489000
0.48614000 0.99058000 0.96519000
0.44855000 0.94452000 0.92642000
0.49566000 0.96608000 0.76864000
0.42474000 0.98873000 0.81686000
0.25910000 0.88098000 0.78609000
0.49238000 0.99921000 0.67157000
0.26047000 0.75062000 0.77251000
0.73000000 0.16694000 0.04178000
0.67911000 0.20663000 0.01825000
0.58637000 0.09124000 0.13123000
0.52957000 0.09936000 0.24504000
0.61961000 0.16519000 0.08279000
0.58193000 0.13502000 0.20389000
0.69685000 0.19331000 0.17172000
0.59696000 0.01873000 0.23463000
0.53033000 0.17527000 0.16669000
0.67612000 0.17127000 0.25378000
0.51730000 0.07722000 0.17015000
0.66516000 0.00267000 0.07472000
0.65449000 0.08677000 0.20359000
0.55265000 0.01884000 0.11425000
0.62522000 0.08086000 0.06355000
0.73815000 0.12158000 0.20925000
0.59817000 0.02678000 0.01468000
0.68816000 0.13858000 0.13548000
0.64745000 0.09264000 0.29865000
0.51981000 0.04201000 0.31040000
0.54907000 0.17614000 0.29799000
0.62460000 0.19225000 0.31115000
0.63159000 0.23048000 0.10384000
0.54350000 0.10249000 0.06289000
0.55823000 0.17216000 0.03031000
0.63338000 0.18247000 0.16441000
0.72089000 0.07111000 0.04420000
0.73581000 0.07897000 0.30991000
0.65353000 0.13818000 0.00982000
0.73083000 0.04815000 0.22116000
0.74807000 0.19344000 0.23615000
0.58077000 0.23192000 0.04232000
0.69687000 0.24398000 0.30073000
0.60178000 0.24507000 0.18183000
0.51930000 0.24131000 0.29793000
0.61455000 0.00010000 0.14511000
0.58890000 0.24779000 0.29309000
0.50219000 0.19211000 0.24792000
0.68554000 0.14633000 0.56361000
0.52812000 0.13326000 0.56906000
0.51789000 0.03020000 0.57867000
0.57987000 0.20893000 0.37266000
0.65248000 0.22678000 0.38784000
0.65732000 0.01516000 0.43304000
0.65056000 0.08375000 0.43688000
0.71264000 0.10709000 0.62594000
0.62337000 0.16800000 0.55716000
0.64918000 0.12822000 0.62841000
0.63543000 0.04869000 0.35322000
0.66304000 0.14572000 0.35314000
0.72492000 0.09679000 0.43240000
0.60832000 0.07259000 0.52875000
0.62104000 0.20853000 0.47450000
0.70494000 0.19686000 0.42199000
0.52668000 0.13982000 0.44586000
0.69400000 0.22705000 0.62142000
0.56827000 0.01577000 0.51750000
0.70677000 0.04748000 0.58960000
0.70654000 0.09513000 0.51724000
0.62746000 0.02718000 0.61352000
0.52483000 0.23211000 0.59261000
0.58978000 0.00708000 0.43520000
0.55803000 0.04463000 0.37764000
0.52295000 0.19566000 0.52793000
0.60483000 0.18505000 0.63553000
0.51626000 0.17397000 0.64051000
0.60734000 0.12753000 0.47987000
0.50603000 0.14673000 0.36424000
0.73190000 0.20583000 0.53931000
0.73306000 0.00623000 0.36371000
0.56252000 0.10496000 0.33742000
0.50472000 0.22491000 0.97274000
0.68597000 0.20162000 0.76783000
0.53219000 0.09548000 0.94609000
0.63376000 0.05478000 0.82985000
0.66780000 0.22759000 0.89458000
0.50702000 0.21973000 0.71132000
0.68340000 0.09819000 0.78837000
0.58856000 0.16145000 0.74767000
0.56028000 0.02822000 0.84279000
0.73451000 0.02388000 0.75906000
0.56408000 0.04699000 0.74298000
0.68368000 0.08370000 0.90439000
0.61932000 0.16739000 0.92677000
0.57161000 0.21562000 0.82728000
0.66808000 0.05229000 0.97828000
0.58410000 0.03653000 0.93237000
0.64350000 0.23704000 0.82388000
0.52666000 0.13255000 0.78514000
0.63834000 0.21126000 0.70613000
0.70525000 0.16261000 0.70630000
0.66739000 0.10634000 0.70178000
0.72220000 0.04984000 0.68629000
0.53887000 0.10921000 0.86511000
0.56470000 0.20739000 0.91701000
0.62587000 0.24536000 0.97625000
0.70361000 0.18076000 0.92551000
0.64270000 0.15301000 0.81857000
0.74354000 0.03460000 0.93533000
0.59979000 0.11685000 0.69324000
0.58176000 0.00947000 0.68734000
0.58361000 0.23215000 0.74986000
0.50238000 0.06336000 0.70754000
0.60260000 0.41657000 0.30386000
0.64023000 0.43102000 0.03762000
0.61285000 0.35678000 0.10002000
0.61400000 0.31091000 0.31177000
0.71183000 0.35268000 0.26334000
0.55718000 0.34711000 0.03043000
0.68220000 0.34903000 0.18765000
0.69193000 0.44023000 0.24412000
0.54067000 0.37183000 0.10807000
0.52798000 0.26480000 0.09100000
0.69834000 0.38800000 0.08671000
0.74013000 0.45912000 0.30431000
0.61774000 0.29202000 0.05316000
0.64836000 0.44123000 0.14404000
0.56997000 0.45282000 0.11530000
0.69746000 0.27484000 0.18998000
0.53739000 0.46317000 0.20308000
0.59080000 0.48578000 0.30172000
0.70966000 0.29124000 0.09460000
0.56516000 0.30099000 0.19701000
0.52863000 0.34880000 0.23471000
0.62558000 0.39696000 0.21076000
0.71646000 0.35165000 0.02413000
0.72142000 0.49912000 0.17438000
0.65860000 0.49992000 0.07124000
0.69793000 0.40208000 0.62354000
0.53605000 0.45186000 0.65211000
0.55661000 0.33246000 0.35589000
0.71812000 0.34064000 0.38450000
0.66047000 0.34264000 0.42480000
0.68483000 0.38712000 0.49170000
0.54202000 0.49181000 0.47340000
0.52539000 0.28439000 0.40453000
0.67338000 0.43758000 0.55256000
0.57318000 0.33681000 0.50106000
0.59332000 0.31045000 0.62808000
0.71862000 0.41748000 0.42271000
0.56860000 0.43976000 0.51896000
0.59885000 0.27486000 0.50459000
0.56282000 0.46080000 0.38675000
0.53311000 0.36528000 0.62261000
0.61404000 0.44924000 0.61688000
0.59234000 0.35683000 0.42127000
0.64220000 0.35919000 0.54933000
0.66562000 0.39831000 0.37046000
0.67545000 0.33217000 0.64348000
0.67809000 0.49053000 0.64546000
0.65158000 0.28014000 0.45433000
0.71348000 0.49348000 0.52351000
0.65231000 0.47023000 0.48856000
0.73785000 0.35364000 0.46015000
0.63324000 0.41296000 0.43638000
0.65799000 0.29301000 0.36155000
0.63471000 0.25530000 0.57315000
0.73472000 0.27632000 0.55018000
0.58146000 0.25417000 0.42574000
0.50024000 0.43219000 0.41087000
0.57372000 0.40807000 0.99279000
0.57129000 0.31620000 0.80249000
0.64583000 0.39939000 0.88145000
0.72167000 0.44990000 0.99685000
0.69577000 0.41620000 0.70730000
0.52596000 0.47646000 0.86512000
0.74315000 0.25861000 0.68578000
0.68617000 0.47612000 0.80285000
0.71012000 0.41385000 0.84391000
0.52389000 0.30286000 0.98135000
0.55796000 0.42530000 0.72523000
0.60409000 0.45577000 0.77755000
0.62358000 0.34671000 0.94638000
0.56782000 0.39327000 0.80082000
0.59586000 0.33512000 0.73298000
0.71254000 0.38854000 0.95807000
0.58547000 0.44798000 0.90618000
0.72237000 0.34790000 0.86320000
0.63025000 0.39078000 0.66788000
0.61388000 0.49392000 0.69744000
0.58216000 0.36613000 0.86991000
0.67117000 0.30457000 0.74582000
0.52565000 0.32831000 0.89867000
0.64068000 0.49800000 0.91996000
0.59770000 0.49270000 0.99073000
0.50760000 0.47378000 0.75097000
0.57852000 0.27425000 0.93158000
0.54198000 0.28163000 0.68975000
0.64138000 0.35423000 0.79959000
0.61872000 0.30931000 0.85738000
0.73159000 0.48152000 0.69579000
0.52707000 0.39672000 0.92617000
0.69944000 0.48542000 0.87828000
0.72064000 0.29158000 0.91072000
0.74421000 0.38773000 0.76030000
0.59813000 0.49996000 0.82982000
0.60308000 0.56993000 0.28520000
0.57304000 0.65518000 0.04957000
0.64888000 0.71301000 0.17834000
0.52817000 0.57335000 0.18573000
0.69115000 0.62304000 0.00636000
0.74056000 0.56620000 0.14895000
0.59394000 0.66464000 0.14801000
0.63950000 0.72952000 0.10250000
0.59565000 0.72255000 0.04986000
0.68853000 0.68084000 0.05371000
0.50388000 0.62120000 0.09560000
0.68005000 0.56560000 0.19526000
0.73318000 0.55562000 0.01866000
0.60381000 0.61561000 0.21566000
0.58999000 0.70018000 0.28867000
0.71961000 0.72039000 0.18415000
0.72483000 0.51482000 0.09425000
0.63004000 0.61894000 0.06783000
0.64937000 0.67343000 0.29503000
0.63684000 0.56764000 0.13311000
0.66819000 0.66177000 0.13284000
0.57595000 0.72375000 0.20780000
0.57270000 0.52360000 0.17435000
0.70369000 0.51636000 0.27823000
0.53647000 0.68094000 0.10958000
0.54617000 0.57653000 0.06069000
0.53270000 0.51481000 0.10516000
0.52249000 0.63647000 0.23546000
0.71776000 0.62702000 0.21295000
0.50552000 0.65247000 0.32876000
0.74536000 0.72875000 0.26102000
0.63601000 0.69532000 0.50083000
0.70391000 0.56776000 0.51978000
0.68749000 0.53323000 0.41762000
0.68371000 0.72348000 0.36200000
0.52514000 0.55249000 0.42947000
0.65396000 0.63016000 0.49347000
0.65775000 0.57503000 0.36065000
0.59644000 0.65041000 0.39558000
0.51397000 0.73288000 0.38358000
0.59277000 0.56076000 0.51101000
0.60790000 0.51178000 0.43971000
0.73775000 0.69523000 0.60910000
0.53028000 0.59441000 0.58769000
0.62633000 0.71970000 0.41230000
0.54409000 0.69605000 0.48739000
0.54575000 0.62083000 0.48267000
0.59398000 0.66833000 0.55373000
0.71506000 0.65258000 0.51953000
0.54640000 0.65931000 0.62244000
0.59564000 0.56122000 0.61769000
0.67435000 0.55402000 0.61294000
0.73171000 0.64053000 0.39033000
0.55993000 0.61163000 0.35052000
0.64616000 0.63962000 0.60642000
0.52649000 0.52866000 0.57702000
0.62459000 0.59524000 0.42629000
0.55855000 0.73111000 0.62916000
0.51018000 0.73641000 0.55369000
0.74552000 0.56250000 0.36182000
0.67103000 0.72659000 0.63529000
0.64916000 0.52700000 0.54117000
0.71385000 0.62244000 0.63397000
0.61023000 0.74528000 0.54093000
0.53935000 0.53017000 0.34241000
0.74391000 0.57699000 0.44231000
0.64232000 0.50085000 0.34159000
0.60874000 0.65475000 0.68326000
0.50680000 0.64436000 0.98857000
0.70555000 0.70943000 0.79059000
0.67423000 0.53426000 0.75035000
0.54374000 0.63082000 0.70490000
0.65947000 0.55923000 0.82950000
0.51959000 0.64946000 0.77727000
0.54358000 0.54619000 0.88429000
0.65877000 0.69687000 0.97492000
0.58050000 0.56678000 0.81365000
0.60584000 0.59616000 0.94691000
0.54056000 0.69317000 0.92648000
0.71399000 0.50934000 0.95923000
0.56120000 0.63054000 0.83632000
0.53792000 0.53483000 0.74488000
0.56618000 0.72718000 0.71269000
0.73875000 0.61692000 0.81008000
0.62424000 0.70371000 0.79997000
0.69917000 0.63521000 0.74529000
0.73976000 0.66901000 0.69364000
0.67422000 0.59974000 0.91085000
0.55790000 0.74164000 0.98336000
0.53812000 0.58541000 0.97357000
0.71868000 0.69055000 0.88682000
0.62829000 0.61901000 0.77976000
0.59790000 0.69089000 0.86793000
0.60140000 0.59067000 0.69520000
0.54078000 0.51261000 0.95171000
0.64651000 0.54007000 0.99990000
0.61608000 0.74321000 0.92066000
0.54671000 0.74796000 0.86088000
0.51646000 0.51295000 0.66996000
0.74804000 0.55384000 0.87890000
0.74952000 0.64020000 0.94282000
0.74346000 0.87575000 0.12663000
0.54944000 0.75598000 0.27450000
0.70800000 0.82719000 0.18936000
0.65319000 0.77391000 0.23744000
0.52792000 0.90690000 0.08748000
0.56695000 0.96883000 0.05515000
0.61347000 0.83111000 0.06031000
0.66864000 0.99972000 0.22413000
0.69392000 0.94596000 0.05005000
0.63397000 0.92378000 0.15286000
0.56274000 0.92706000 0.16880000
0.64349000 0.80753000 0.14836000
0.53770000 0.82080000 0.30538000
0.54669000 0.84732000 0.14337000
0.58730000 0.81824000 0.25481000
0.61511000 0.94355000 0.01888000
0.55725000 0.95938000 0.24161000
0.62099000 0.90574000 0.27802000
0.64240000 0.99469000 0.31105000
0.72547000 0.85213000 0.03070000
0.70923000 0.85986000 0.26489000
0.74906000 0.79147000 0.27628000
0.55978000 0.78334000 0.10307000
0.63991000 0.84938000 0.20877000
0.64571000 0.84776000 0.29567000
0.68739000 0.93000000 0.22361000
0.69735000 0.77709000 0.08403000
0.63965000 0.89852000 0.07844000
0.54606000 0.88082000 0.24332000
0.68729000 0.80022000 0.31909000
0.53336000 0.78388000 0.19523000
0.72225000 0.97779000 0.12568000
0.68005000 0.91230000 0.30972000
0.62764000 0.77680000 0.00712000
0.50163000 0.95400000 0.03794000
0.52773000 0.99744000 0.18786000
0.74966000 0.94582000 0.32490000
0.65440000 0.78277000 0.42861000
0.55450000 0.81196000 0.51472000
0.71121000 0.81993000 0.64278000
0.70086000 0.87130000 0.58764000
0.64959000 0.84091000 0.50355000
0.66962000 0.92477000 0.60787000
0.57998000 0.94724000 0.39969000
0.57739000 0.87730000 0.61735000
0.61232000 0.94840000 0.48129000
0.69440000 0.94061000 0.44031000
0.64386000 0.96159000 0.38266000
0.70944000 0.83454000 0.39747000
0.60413000 0.88391000 0.53601000
0.59459000 0.81200000 0.39381000
0.54056000 0.98030000 0.34033000
0.58855000 0.95688000 0.60446000
0.51937000 0.92362000 0.52593000
0.58246000 0.75429000 0.46499000
0.56772000 0.90208000 0.46027000
0.55862000 0.80075000 0.60660000
0.64845000 0.87087000 0.41535000
0.56408000 0.87462000 0.37724000
0.61912000 0.81599000 0.64423000
0.51863000 0.94534000 0.59909000
0.70247000 0.87927000 0.47559000
0.69432000 0.97727000 0.65867000
0.59077000 0.75692000 0.33841000
0.74585000 0.78001000 0.48392000
0.74761000 0.77496000 0.58790000
0.57199000 0.81127000 0.90608000
0.66440000 0.94825000 0.73296000
0.50095000 0.78675000 0.92134000
0.56203000 0.82482000 0.99278000
0.63269000 0.84061000 0.97530000
0.58953000 0.95415000 0.83202000
0.64341000 0.91510000 0.86540000
0.65477000 0.88893000 0.78365000
0.66701000 0.84793000 0.90135000
0.69900000 0.98322000 0.94969000
0.52432000 0.97320000 0.84782000
0.60017000 0.88357000 0.92065000
0.56572000 0.96169000 0.92157000
0.53109000 0.83415000 0.72626000
0.72775000 0.87726000 0.87135000
0.58271000 0.87735000 0.71353000
0.68642000 0.86446000 0.71445000
0.61266000 0.84868000 0.83560000
0.60567000 0.97615000 0.75408000
0.65721000 0.82427000 0.77599000
0.70615000 0.90506000 0.96960000
0.69311000 0.79921000 0.96031000
0.61320000 0.77109000 0.72301000
0.57030000 0.89132000 0.81075000
0.52337000 0.91631000 0.71962000
0.69283000 0.99681000 0.85369000
0.53669000 0.89485000 0.91467000
0.67963000 0.77817000 0.87703000
0.69516000 0.76973000 0.75303000
0.60936000 0.93290000 0.68326000
0.50231000 0.90131000 0.82130000
0.51863000 0.79500000 0.79264000
0.63108000 0.98192000 0.89271000
0.60300000 0.78171000 0.82025000
0.75885000 0.20942000 0.15372000
0.81808000 0.21737000 0.08625000
0.80764000 0.12187000 0.27286000
0.93118000 0.14063000 0.02520000
0.80470000 0.16512000 0.03788000
0.99757000 0.10043000 0.05169000
0.95350000 0.11762000 0.21225000
0.98740000 0.05722000 0.19060000
0.90124000 0.21624000 0.24703000
0.93632000 0.16135000 0.27894000
0.85202000 0.11878000 0.08091000
0.79091000 0.02843000 0.03605000
0.91611000 0.17454000 0.09279000
0.81342000 0.06477000 0.16548000
0.88139000 0.14780000 0.22338000
0.90921000 0.11057000 0.14049000
0.89105000 0.04456000 0.09026000
0.79731000 0.15048000 0.13276000
0.96551000 0.04200000 0.10018000
0.90080000 0.06519000 0.26706000
0.82950000 0.01722000 0.26933000
0.80464000 0.23588000 0.25665000
0.98458000 0.20524000 0.18852000
0.88262000 0.23560000 0.08244000
0.76756000 0.07684000 0.10154000
0.95708000 0.02619000 0.29481000
0.91586000 0.03987000 0.17251000
0.85572000 0.08053000 0.32728000
0.76232000 0.11626000 0.00332000
0.76132000 0.18702000 0.36802000
0.91083000 0.14935000 0.35719000
0.94324000 0.18815000 0.53405000
0.86476000 0.18059000 0.52758000
0.98908000 0.00479000 0.56898000
0.96371000 0.05090000 0.66368000
0.77976000 0.08178000 0.38792000
0.94436000 0.11367000 0.54998000
0.82015000 0.07750000 0.62064000
0.95026000 0.04602000 0.50033000
0.87739000 0.03260000 0.58748000
0.84299000 0.14532000 0.58877000
0.80539000 0.23198000 0.56657000
0.89149000 0.18948000 0.61885000
0.78648000 0.15132000 0.45050000
0.96606000 0.16239000 0.64663000
0.90236000 0.08018000 0.40136000
0.86189000 0.23238000 0.45551000
0.76840000 0.07704000 0.56219000
0.92978000 0.20600000 0.42464000
0.76598000 0.14172000 0.59988000
0.87675000 0.10820000 0.45956000
0.96285000 0.24291000 0.36949000
0.78640000 0.20810000 0.48504000
0.96239000 0.01667000 0.42747000
0.85655000 0.16658000 0.40686000
0.95298000 0.11820000 0.43802000
0.79876000 0.03811000 0.50212000
0.81920000 0.01448000 0.36878000
0.81916000 0.23618000 0.36618000
0.92187000 0.24402000 0.58033000
0.87576000 0.20504000 0.75203000
0.83762000 0.14706000 0.83473000
0.77774000 0.20363000 0.67911000
0.90860000 0.08480000 0.90411000
0.94648000 0.11299000 0.72027000
0.87415000 0.22002000 0.94578000
0.88258000 0.23935000 0.84994000
0.81623000 0.06962000 0.91661000
0.87652000 0.06450000 0.80179000
0.99849000 0.23669000 0.88523000
0.80900000 0.24820000 0.87359000
0.94596000 0.21821000 0.96947000
0.96046000 0.16908000 0.90968000
0.98709000 0.08917000 0.79145000
0.96695000 0.04214000 0.98295000
0.88643000 0.14558000 0.94593000
0.99430000 0.15804000 0.99150000
0.92757000 0.16385000 0.80540000
0.77396000 0.10307000 0.69007000
0.84883000 0.04245000 0.72028000
0.81757000 0.15177000 0.73159000
0.75528000 0.22872000 0.98120000
0.79969000 0.05545000 0.76947000
0.79574000 0.22266000 0.76434000
0.97034000 0.01170000 0.83704000
0.97804000 0.10339000 0.93834000
0.99126000 0.19424000 0.80070000
0.91519000 0.00669000 0.92785000
0.88830000 0.13495000 0.67623000
0.76241000 0.12031000 0.80500000
0.96177000 0.03725000 0.74007000
0.86058000 0.02619000 0.86929000
0.85046000 0.24870000 0.67110000
0.79017000 0.02758000 0.67948000
0.86468000 0.07011000 0.99935000
0.75081000 0.13593000 0.88936000
0.99888000 0.02518000 0.90569000
0.93283000 0.36851000 0.28368000
0.99039000 0.47182000 0.07406000
0.98394000 0.25547000 0.05608000
0.86436000 0.36713000 0.24995000
0.96491000 0.36656000 0.20879000
0.77993000 0.27570000 0.04900000
0.78109000 0.41228000 0.19111000
0.90366000 0.27460000 0.14998000
0.96366000 0.46774000 0.31646000
0.98609000 0.32342000 0.01587000
0.86365000 0.42917000 0.20466000
0.79844000 0.44381000 0.26137000
0.94441000 0.42445000 0.18874000
0.90599000 0.34889000 0.16015000
0.80430000 0.49961000 0.07408000
0.81076000 0.33911000 0.20495000
0.93194000 0.47275000 0.12911000
0.83622000 0.25047000 0.18490000
0.95103000 0.33057000 0.08862000
0.75160000 0.43277000 0.06808000
0.97277000 0.26843000 0.26682000
0.88780000 0.41458000 0.11243000
0.95904000 0.39893000 0.11627000
0.84079000 0.31654000 0.08274000
0.83367000 0.46134000 0.14794000
0.90279000 0.43199000 0.28666000
0.89272000 0.29323000 0.27879000
0.82802000 0.35158000 0.00712000
0.78854000 0.35842000 0.13425000
0.88025000 0.45760000 0.06137000
0.79769000 0.37875000 0.27556000
0.98672000 0.41548000 0.26928000
0.89786000 0.37481000 0.02890000
0.75993000 0.28225000 0.15931000
0.75120000 0.27925000 0.25645000
0.94203000 0.38443000 0.61333000
0.90496000 0.32758000 0.66512000
0.97834000 0.33552000 0.55415000
0.88179000 0.26965000 0.35499000
0.95763000 0.29739000 0.47742000
0.97428000 0.33131000 0.65083000
0.97360000 0.48786000 0.47134000
0.93323000 0.45746000 0.41298000
0.78273000 0.33629000 0.34055000
0.86084000 0.44024000 0.44416000
0.80564000 0.39440000 0.66142000
0.95530000 0.39901000 0.40219000
0.91145000 0.37546000 0.47407000
0.89791000 0.35549000 0.36757000
0.80671000 0.31143000 0.46277000
0.98435000 0.38046000 0.49458000
0.81437000 0.38162000 0.48489000
0.77934000 0.38936000 0.39771000
0.80422000 0.29426000 0.54748000
0.83724000 0.48405000 0.58646000
0.83823000 0.33206000 0.38645000
0.84633000 0.41791000 0.54937000
0.79366000 0.28147000 0.63454000
0.93534000 0.30673000 0.39682000
0.87533000 0.34601000 0.53939000
0.79936000 0.46488000 0.65409000
0.92779000 0.43991000 0.53797000
0.85537000 0.37115000 0.60893000
0.86428000 0.49099000 0.51362000
0.77780000 0.43032000 0.53072000
0.77861000 0.37674000 0.57260000
0.88179000 0.28409000 0.51129000
0.75697000 0.26040000 0.39206000
0.98246000 0.44112000 0.64948000
0.88754000 0.39852000 0.66583000
0.84013000 0.41052000 0.33390000
0.91682000 0.33037000 0.81128000
0.82384000 0.30605000 0.83269000
0.87889000 0.29081000 0.95161000
0.89564000 0.38748000 0.85998000
0.84070000 0.46283000 0.72086000
0.79110000 0.31329000 0.94431000
0.96763000 0.39736000 0.88538000
0.94353000 0.40788000 0.72534000
0.80314000 0.45544000 0.85011000
0.97602000 0.33740000 0.73240000
0.97017000 0.30582000 0.86096000
0.81665000 0.48448000 0.95509000
0.77372000 0.44966000 0.75771000
0.75681000 0.31691000 0.78910000
0.84676000 0.36528000 0.73875000
0.90443000 0.44925000 0.91487000
0.91998000 0.47172000 0.67518000
0.95373000 0.38323000 0.98030000
0.96730000 0.48868000 0.93486000
0.94238000 0.32042000 0.94475000
0.80299000 0.39344000 0.94359000
0.82674000 0.29348000 0.74619000
0.98097000 0.44670000 0.79568000
0.80559000 0.36634000 0.84053000
0.89185000 0.42927000 0.77895000
0.76552000 0.32853000 0.66992000
0.91545000 0.26581000 0.77048000
0.95675000 0.27284000 0.68951000
0.91230000 0.49682000 0.85371000
0.86925000 0.69911000 0.30302000
0.90823000 0.55742000 0.04303000
0.85794000 0.59612000 0.24295000
0.84993000 0.67085000 0.23119000
0.95237000 0.60552000 0.07176000
0.95802000 0.63373000 0.27185000
0.82428000 0.62633000 0.17085000
0.87508000 0.63868000 0.12201000
0.90320000 0.63675000 0.20190000
0.79381000 0.52004000 0.18059000
0.85808000 0.71151000 0.09034000
0.79061000 0.68056000 0.12359000
0.90148000 0.70055000 0.15320000
0.84499000 0.51708000 0.01715000
0.98661000 0.61621000 0.16751000
0.92226000 0.56941000 0.19038000
0.93795000 0.69667000 0.23636000
0.82340000 0.74045000 0.00927000
0.98682000 0.68174000 0.14088000
0.90639000 0.67182000 0.03892000
0.80630000 0.56197000 0.12627000
0.80811000 0.66107000 0.03528000
0.84883000 0.52190000 0.28425000
0.78541000 0.67708000 0.21320000
0.77265000 0.60125000 0.05887000
0.76377000 0.66913000 0.32697000
0.89982000 0.54153000 0.12234000
0.96085000 0.72253000 0.03911000
0.78905000 0.59488000 0.23151000
0.96341000 0.51080000 0.01565000
0.91088000 0.55442000 0.31578000
0.89992000 0.73909000 0.02025000
0.75272000 0.70826000 0.05981000
0.86227000 0.61657000 0.04369000
0.81971000 0.74193000 0.24919000
0.83751000 0.74038000 0.17124000
0.99747000 0.60583000 0.01330000
0.87553000 0.50170000 0.19214000
0.86193000 0.58812000 0.52830000
0.83045000 0.69197000 0.42267000
0.95676000 0.70832000 0.63250000
0.89662000 0.61102000 0.37038000
0.81920000 0.62375000 0.35188000
0.83283000 0.72114000 0.51410000
0.80554000 0.53942000 0.46800000
0.94977000 0.66893000 0.51320000
0.91712000 0.65080000 0.58024000
0.90760000 0.72109000 0.52491000
0.93534000 0.58592000 0.52918000
0.97642000 0.56285000 0.44411000
0.85591000 0.67974000 0.62697000
0.90044000 0.71038000 0.42139000
0.87436000 0.54770000 0.64562000
0.79890000 0.66577000 0.57915000
0.97831000 0.72112000 0.43931000
0.78362000 0.57355000 0.58182000
0.80467000 0.50267000 0.36649000
0.93246000 0.51305000 0.55602000
0.89112000 0.64228000 0.45214000
0.94288000 0.55128000 0.65737000
0.82426000 0.60369000 0.64855000
0.94000000 0.67684000 0.34261000
0.77125000 0.52544000 0.65069000
0.75184000 0.72112000 0.52412000
0.88577000 0.51073000 0.39233000
0.98508000 0.50352000 0.38803000
0.75047000 0.50514000 0.43445000
0.84173000 0.58520000 0.86386000
0.77406000 0.72168000 0.91673000
0.89276000 0.54431000 0.77952000
0.84142000 0.51549000 0.82993000
0.90268000 0.63139000 0.74956000
0.79459000 0.58659000 0.76118000
0.85297000 0.71170000 0.70834000
0.80588000 0.66476000 0.67577000
0.81116000 0.65158000 0.87813000
0.87212000 0.67879000 0.82754000
0.88936000 0.69646000 0.95315000
0.98581000 0.61014000 0.80216000
0.79680000 0.67296000 0.80616000
0.93016000 0.57591000 0.96145000
0.94184000 0.62043000 0.68721000
0.91303000 0.58401000 0.85910000
0.98668000 0.67566000 0.83918000
0.93202000 0.71842000 0.84235000
0.83197000 0.54266000 0.70701000
0.94853000 0.64538000 0.95535000
0.93600000 0.68546000 0.72451000
0.84621000 0.59771000 0.95292000
0.82288000 0.66628000 0.95066000
0.99322000 0.50362000 0.74001000
0.88088000 0.53861000 0.91982000
0.96785000 0.74077000 0.91219000
0.78926000 0.57287000 0.96505000
0.77026000 0.52613000 0.78981000
0.97267000 0.52141000 0.83208000
0.84382000 0.74746000 0.92316000
0.89437000 0.78948000 0.09692000
0.94280000 0.78274000 0.31541000
0.75235000 0.92894000 0.18182000
0.84364000 0.85710000 0.29719000
0.96215000 0.93963000 0.13833000
0.96613000 0.87097000 0.11718000
0.89694000 0.76118000 0.26940000
0.76959000 0.76973000 0.18190000
0.96859000 0.83411000 0.00588000
0.98352000 0.92270000 0.05552000
0.82385000 0.98854000 0.15908000
0.80918000 0.91525000 0.23136000
0.94912000 0.87635000 0.29330000
0.81760000 0.92174000 0.13089000
0.86588000 0.93188000 0.18780000
0.90925000 0.94380000 0.07372000
0.94696000 0.97668000 0.24170000
0.89340000 0.87112000 0.21575000
0.86528000 0.92375000 0.32564000
0.80032000 0.92942000 0.05398000
0.97519000 0.87173000 0.21086000
0.85104000 0.81838000 0.23295000
0.89665000 0.87917000 0.06043000
0.77234000 0.99019000 0.23653000
0.86445000 0.85432000 0.12766000
0.77207000 0.76871000 0.09285000
0.82108000 0.81340000 0.08500000
0.93826000 0.98520000 0.01732000
0.96168000 0.76809000 0.23470000
0.86244000 0.80406000 0.01590000
0.76382000 0.86907000 0.42652000
0.80583000 0.75885000 0.35876000
0.76584000 0.96674000 0.45696000
0.82291000 0.89916000 0.57104000
0.93763000 0.85877000 0.58037000
0.83384000 0.86201000 0.43977000
0.82249000 0.96082000 0.57498000
0.79511000 0.95160000 0.38717000
0.86982000 0.81826000 0.50668000
0.88855000 0.77159000 0.39792000
0.83368000 0.91939000 0.48440000
0.95571000 0.90894000 0.45229000
0.98850000 0.83628000 0.39667000
0.79379000 0.83988000 0.53522000
0.94633000 0.83281000 0.47466000
0.89685000 0.76668000 0.62413000
0.91531000 0.93662000 0.50804000
0.90187000 0.99426000 0.38143000
0.82723000 0.77637000 0.45751000
0.91249000 0.91350000 0.38986000
0.90023000 0.92855000 0.59740000
0.75059000 0.93704000 0.57342000
0.86372000 0.84017000 0.59626000
0.97622000 0.88715000 0.65117000
0.83961000 0.93410000 0.64682000
0.75700000 0.93745000 0.66598000
0.90059000 0.84793000 0.36081000
0.98244000 0.95217000 0.61735000
0.98038000 0.87956000 0.51645000
0.99357000 0.76356000 0.56659000
0.98854000 0.78482000 0.44395000
0.81452000 0.86313000 0.65639000
0.99870000 0.78007000 0.35316000
0.84440000 0.99994000 0.44388000
0.93619000 0.90634000 0.99330000
0.82132000 0.80996000 0.75911000
0.85545000 0.95945000 0.94524000
0.98920000 0.83126000 0.77141000
0.92372000 0.86359000 0.68290000
0.94044000 0.80595000 0.93281000
0.77891000 0.96219000 0.96321000
0.90177000 0.93833000 0.71571000
0.79521000 0.93321000 0.85094000
0.87240000 0.80713000 0.91343000
0.89806000 0.85358000 0.97481000
0.85507000 0.91256000 0.76223000
0.76063000 0.77822000 0.71382000
0.84977000 0.89773000 0.89726000
0.85789000 0.98411000 0.77308000
0.75763000 0.75619000 0.98525000
0.78026000 0.83309000 0.89153000
0.85898000 0.76882000 0.83557000
0.91591000 0.90396000 0.90994000
0.81951000 0.80102000 0.67736000
0.98326000 0.91817000 0.78141000
0.95697000 0.77342000 0.80882000
0.83434000 0.84279000 0.84435000
0.92544000 0.85804000 0.79930000
0.92870000 0.96443000 0.80381000
0.78233000 0.82196000 0.97984000
0.92922000 0.79444000 0.73257000
0.98654000 0.83023000 0.86736000
0.79343000 0.75129000 0.80057000
0.75534000 0.82754000 0.76725000
0.75112000 0.77659000 0.84878000
0.75131000 0.94095000 0.76930000
